# Force      
# CofR       : (0.000000e+00 0.000000e+00 0.000000e+00)
#            
# Time       	(total_x total_y total_z)	(pressure_x pressure_y pressure_z)	(viscous_x viscous_y viscous_z)
0.001        	(3.021236e+02 4.390258e+03 4.173762e-19)	(2.987120e+02 4.390144e+03 4.175356e-19)	(3.411588e+00 1.134776e-01 -1.593812e-22)
0.002        	(-1.028118e+02 -1.674154e+03 -1.313365e-19)	(-1.056117e+02 -1.674303e+03 -1.312311e-19)	(2.799934e+00 1.487853e-01 -1.054619e-22)
0.003        	(1.441555e+00 -3.600452e-01 -1.210036e-19)	(2.300313e-02 -4.537488e-01 -1.209782e-19)	(1.418552e+00 9.370362e-02 -2.545794e-23)
0.004        	(9.336293e-01 -2.477996e-02 -1.196907e-19)	(-1.077023e-01 -9.321929e-02 -1.197334e-19)	(1.041332e+00 6.843933e-02 4.272932e-23)
0.005        	(6.347214e-01 5.630267e-01 -1.209321e-19)	(-3.515202e-01 4.788521e-01 -1.209552e-19)	(9.862416e-01 8.417459e-02 2.314305e-23)
0.006        	(6.890855e-01 2.406330e+00 -1.240182e-19)	(-2.776409e-01 2.322132e+00 -1.240295e-19)	(9.667264e-01 8.419787e-02 1.130749e-23)
0.007        	(1.227406e+00 2.441694e+00 -1.241545e-19)	(2.372280e-01 2.354865e+00 -1.241639e-19)	(9.901778e-01 8.682855e-02 9.401286e-24)
0.008        	(1.550390e+00 2.586578e+00 -1.232831e-19)	(5.728858e-01 2.493442e+00 -1.233334e-19)	(9.775043e-01 9.313625e-02 5.024963e-23)
0.009        	(2.580548e+00 4.046150e+00 -1.170164e-19)	(1.635608e+00 3.957249e+00 -1.169675e-19)	(9.449405e-01 8.890108e-02 -4.888155e-23)
0.01         	(3.192929e+00 3.289090e+00 -1.081175e-19)	(2.242723e+00 3.206663e+00 -1.080084e-19)	(9.502056e-01 8.242687e-02 -1.090195e-22)
0.011        	(3.774356e+00 3.369955e+00 -1.084844e-19)	(2.828075e+00 3.292112e+00 -1.083961e-19)	(9.462808e-01 7.784336e-02 -8.837920e-23)
0.012        	(4.758816e+00 4.392990e+00 -1.070956e-19)	(3.802859e+00 4.313366e+00 -1.070612e-19)	(9.559564e-01 7.962369e-02 -3.439968e-23)
0.013        	(5.757202e+00 4.404870e+00 -1.029291e-19)	(4.809390e+00 4.316669e+00 -1.028912e-19)	(9.478121e-01 8.820130e-02 -3.789171e-23)
0.014        	(6.331661e+00 6.843160e+00 -9.610200e-20)	(5.372814e+00 6.773111e+00 -9.599408e-20)	(9.588464e-01 7.004957e-02 -1.079203e-22)
0.015        	(4.928136e+00 6.520266e+00 -1.066169e-19)	(3.961552e+00 6.470852e+00 -1.064764e-19)	(9.665841e-01 4.941391e-02 -1.404394e-22)
0.016        	(5.317041e+00 5.056446e+00 -1.013936e-19)	(4.329207e+00 5.002644e+00 -1.012759e-19)	(9.878342e-01 5.380258e-02 -1.176311e-22)
0.017        	(5.779025e+00 6.150043e+00 -9.716586e-20)	(4.766950e+00 6.088521e+00 -9.713793e-20)	(1.012076e+00 6.152279e-02 -2.793135e-23)
0.018        	(6.315349e+00 7.655872e+00 -9.841400e-20)	(5.290359e+00 7.593257e+00 -9.849804e-20)	(1.024989e+00 6.261472e-02 8.403623e-23)
0.019        	(6.571974e+00 7.978521e+00 -9.722874e-20)	(5.524849e+00 7.915593e+00 -9.738667e-20)	(1.047125e+00 6.292842e-02 1.579314e-22)
0.02         	(6.477884e+00 8.317986e+00 -1.047788e-19)	(5.401037e+00 8.254383e+00 -1.049103e-19)	(1.076847e+00 6.360302e-02 1.314991e-22)
0.021        	(7.321864e+00 7.670138e+00 -1.022812e-19)	(6.208338e+00 7.602198e+00 -1.023523e-19)	(1.113527e+00 6.794014e-02 7.107555e-23)
0.022        	(7.666039e+00 8.285667e+00 -9.734836e-20)	(6.532836e+00 8.216296e+00 -9.738841e-20)	(1.133203e+00 6.937078e-02 4.005221e-23)
0.023        	(7.795000e+00 8.501096e+00 -9.610199e-20)	(6.649176e+00 8.434779e+00 -9.614675e-20)	(1.145825e+00 6.631696e-02 4.476120e-23)
0.024        	(8.225289e+00 8.792177e+00 -9.195467e-20)	(7.065385e+00 8.732934e+00 -9.207914e-20)	(1.159904e+00 5.924244e-02 1.244743e-22)
0.025        	(8.419778e+00 9.326517e+00 -9.457006e-20)	(7.215948e+00 9.270741e+00 -9.477787e-20)	(1.203830e+00 5.577588e-02 2.078099e-22)
0.026        	(8.153611e+00 9.228209e+00 -1.010480e-19)	(6.925978e+00 9.174422e+00 -1.012696e-19)	(1.227633e+00 5.378751e-02 2.215186e-22)
0.027        	(7.621754e+00 8.295127e+00 -1.080196e-19)	(6.366420e+00 8.244281e+00 -1.083838e-19)	(1.255334e+00 5.084609e-02 3.641501e-22)
0.028        	(7.635643e+00 7.964045e+00 -1.046760e-19)	(6.350025e+00 7.912095e+00 -1.049636e-19)	(1.285619e+00 5.194978e-02 2.875299e-22)
0.029        	(8.165704e+00 9.427679e+00 -9.822727e-20)	(6.827121e+00 9.392026e+00 -9.834034e-20)	(1.338583e+00 3.565310e-02 1.130714e-22)
0.03         	(9.189317e+00 1.213063e+01 -9.587055e-20)	(7.831654e+00 1.210403e+01 -9.595147e-20)	(1.357663e+00 2.660110e-02 8.091228e-23)
0.031        	(9.570482e+00 1.258081e+01 -9.496841e-20)	(8.205385e+00 1.255180e+01 -9.505108e-20)	(1.365097e+00 2.901158e-02 8.266639e-23)
0.032        	(9.656744e+00 1.168992e+01 -9.377769e-20)	(8.251341e+00 1.166192e+01 -9.381228e-20)	(1.405403e+00 2.800882e-02 3.459814e-23)
0.033        	(9.224819e+00 1.219325e+01 -9.768699e-20)	(7.768477e+00 1.218395e+01 -9.785330e-20)	(1.456341e+00 9.303521e-03 1.663086e-22)
0.034        	(8.953861e+00 1.210970e+01 -9.720349e-20)	(7.459349e+00 1.212125e+01 -9.749039e-20)	(1.494512e+00 -1.154621e-02 2.869035e-22)
0.035        	(9.393150e+00 1.041622e+01 -9.361922e-20)	(7.859905e+00 1.042918e+01 -9.372899e-20)	(1.533245e+00 -1.295212e-02 1.097731e-22)
0.036        	(9.980291e+00 1.177667e+01 -9.222330e-20)	(8.428127e+00 1.178085e+01 -9.210389e-20)	(1.552163e+00 -4.180251e-03 -1.194061e-22)
0.037        	(9.452063e+00 1.107446e+01 -9.694498e-20)	(7.871722e+00 1.107859e+01 -9.691125e-20)	(1.580341e+00 -4.125703e-03 -3.373384e-23)
0.038        	(8.982843e+00 1.029516e+01 -9.790184e-20)	(7.390104e+00 1.031030e+01 -9.812069e-20)	(1.592738e+00 -1.513267e-02 2.188474e-22)
0.039        	(9.345064e+00 1.070048e+01 -9.696963e-20)	(7.730321e+00 1.071379e+01 -9.726403e-20)	(1.614743e+00 -1.330918e-02 2.943987e-22)
0.04         	(9.735638e+00 1.214451e+01 -9.016062e-20)	(8.103050e+00 1.214509e+01 -9.004920e-20)	(1.632587e+00 -5.821923e-04 -1.114196e-22)
0.041        	(9.258218e+00 1.138528e+01 -9.562489e-20)	(7.614480e+00 1.140354e+01 -9.524863e-20)	(1.643738e+00 -1.825419e-02 -3.762569e-22)
0.042        	(9.226206e+00 1.041260e+01 -9.618634e-20)	(7.578850e+00 1.043994e+01 -9.590719e-20)	(1.647357e+00 -2.734104e-02 -2.791410e-22)
0.043        	(9.503853e+00 1.023412e+01 -9.449598e-20)	(7.836511e+00 1.025682e+01 -9.440386e-20)	(1.667342e+00 -2.270224e-02 -9.211033e-23)
0.044        	(1.044527e+01 1.243593e+01 -8.793949e-20)	(8.737886e+00 1.245819e+01 -8.795647e-20)	(1.707380e+00 -2.226201e-02 1.697914e-23)
0.045        	(1.130956e+01 1.635375e+01 -8.580926e-20)	(9.582505e+00 1.637449e+01 -8.590784e-20)	(1.727059e+00 -2.074654e-02 9.857953e-23)
0.046        	(1.053057e+01 1.380997e+01 -9.016409e-20)	(8.792467e+00 1.383696e+01 -9.031835e-20)	(1.738101e+00 -2.699484e-02 1.542585e-22)
0.047        	(9.937158e+00 1.212342e+01 -9.454546e-20)	(8.174615e+00 1.215522e+01 -9.471470e-20)	(1.762543e+00 -3.179357e-02 1.692419e-22)
0.048        	(9.651366e+00 1.083460e+01 -9.765069e-20)	(7.858277e+00 1.086849e+01 -9.775986e-20)	(1.793089e+00 -3.389034e-02 1.091774e-22)
0.049        	(1.014499e+01 1.087582e+01 -1.000378e-19)	(8.359136e+00 1.090878e+01 -1.000127e-19)	(1.785857e+00 -3.295294e-02 -2.506480e-23)
0.05         	(1.019864e+01 1.125781e+01 -9.815333e-20)	(8.398821e+00 1.127966e+01 -9.802983e-20)	(1.799823e+00 -2.185194e-02 -1.234986e-22)
0.051        	(1.024738e+01 1.251993e+01 -9.958695e-20)	(8.430907e+00 1.255613e+01 -9.944785e-20)	(1.816477e+00 -3.620422e-02 -1.390997e-22)
0.052        	(1.081820e+01 1.174990e+01 -9.172432e-20)	(9.007393e+00 1.178435e+01 -9.170594e-20)	(1.810807e+00 -3.445174e-02 -1.837812e-23)
0.053        	(1.067504e+01 1.182820e+01 -9.974258e-20)	(8.850985e+00 1.186939e+01 -9.999401e-20)	(1.824057e+00 -4.118469e-02 2.514293e-22)
0.054        	(1.026516e+01 1.133920e+01 -1.112151e-19)	(8.403366e+00 1.139161e+01 -1.115654e-19)	(1.861795e+00 -5.240974e-02 3.503027e-22)
0.055        	(9.919119e+00 9.597038e+00 -1.008879e-19)	(8.023024e+00 9.651422e+00 -1.008071e-19)	(1.896095e+00 -5.438427e-02 -8.079477e-23)
0.056        	(8.736154e+00 9.783775e+00 -8.669582e-20)	(6.840843e+00 9.847311e+00 -8.645192e-20)	(1.895312e+00 -6.353599e-02 -2.438949e-22)
0.057        	(7.998017e+00 1.135307e+01 -8.217178e-20)	(6.148309e+00 1.147315e+01 -8.254258e-20)	(1.849708e+00 -1.200759e-01 3.708044e-22)
0.058        	(4.647663e+00 -4.284853e+00 -6.823967e-20)	(2.785774e+00 -4.150378e+00 -6.909176e-20)	(1.861889e+00 -1.344743e-01 8.520869e-22)
0.059        	(6.926277e+00 1.205413e+00 -9.181074e-20)	(5.062569e+00 1.278696e+00 -9.246192e-20)	(1.863708e+00 -7.328305e-02 6.511806e-22)
0.06         	(5.191560e+00 -7.654788e+00 -7.714110e-20)	(3.342072e+00 -7.559462e+00 -7.726738e-20)	(1.849488e+00 -9.532668e-02 1.262735e-22)
0.061        	(3.918631e+00 -1.639384e+01 -7.765528e-20)	(2.069036e+00 -1.629155e+01 -7.757726e-20)	(1.849595e+00 -1.022944e-01 -7.801585e-23)
0.062        	(4.380516e+00 -1.161284e+01 -9.862252e-20)	(2.471541e+00 -1.153224e+01 -9.834444e-20)	(1.908975e+00 -8.060051e-02 -2.780840e-22)
0.063        	(4.314469e+00 -1.236332e+01 -6.621933e-20)	(2.395603e+00 -1.225283e+01 -6.568598e-20)	(1.918866e+00 -1.104914e-01 -5.333502e-22)
0.064        	(2.288099e+00 -2.246374e+01 -7.021656e-20)	(2.377274e-01 -2.230076e+01 -6.992447e-20)	(2.050371e+00 -1.629853e-01 -2.920969e-22)
0.065        	(6.724452e-01 -1.030090e+01 -1.400800e-19)	(-1.407627e+00 -1.012652e+01 -1.407607e-19)	(2.080072e+00 -1.743758e-01 6.807265e-22)
0.066        	(2.077207e+00 -3.155249e+00 -1.094234e-19)	(-6.770497e-02 -2.966054e+00 -1.109732e-19)	(2.144912e+00 -1.891946e-01 1.549840e-21)
0.067        	(-2.925695e-01 -2.915822e+01 -1.185829e-19)	(-2.731683e+00 -2.869378e+01 -1.213134e-19)	(2.439114e+00 -4.644398e-01 2.730522e-21)
0.068        	(-7.747840e+00 -5.453098e+01 -1.478134e-19)	(-9.939093e+00 -5.390916e+01 -1.502889e-19)	(2.191252e+00 -6.218232e-01 2.475546e-21)
0.069        	(-2.742607e+01 -1.721289e+02 -3.831262e-19)	(-2.954950e+01 -1.712810e+02 -3.843570e-19)	(2.123433e+00 -8.479129e-01 1.230816e-21)
0.07         	(-2.549754e+01 -1.598694e+02 -3.215981e-19)	(-2.858823e+01 -1.589409e+02 -3.284962e-19)	(3.090688e+00 -9.284349e-01 6.898091e-21)
0.071        	(-1.017424e+01 -7.180249e+01 -4.542466e-19)	(-1.294146e+01 -7.092991e+01 -4.521400e-19)	(2.767221e+00 -8.725766e-01 -2.106578e-21)
0.072        	(-1.158297e+01 -8.793055e+01 -1.746026e-19)	(-1.448221e+01 -8.747714e+01 -1.756754e-19)	(2.899238e+00 -4.534062e-01 1.072767e-21)
0.073        	(-1.261534e+01 -9.861563e+01 -1.033449e-19)	(-1.549039e+01 -9.777122e+01 -1.081655e-19)	(2.875051e+00 -8.444118e-01 4.820664e-21)
0.074        	(-1.038972e+01 -8.147347e+01 -1.772547e-19)	(-1.285022e+01 -7.987983e+01 -1.826624e-19)	(2.460500e+00 -1.593637e+00 5.407681e-21)
0.075        	(-9.517392e+00 -6.588508e+01 -5.088533e-20)	(-1.161916e+01 -6.480775e+01 -5.222842e-20)	(2.101769e+00 -1.077327e+00 1.343090e-21)
0.076        	(-1.708578e+01 -1.153113e+02 -1.953530e-20)	(-1.762910e+01 -1.144275e+02 -1.749194e-20)	(5.433194e-01 -8.837922e-01 -2.043364e-21)
0.077        	(-3.210439e+01 -2.187942e+02 -3.001627e-19)	(-3.261931e+01 -2.159803e+02 -3.002017e-19)	(5.149160e-01 -2.813885e+00 3.890583e-23)
0.078        	(-9.466331e+01 -6.228210e+02 -8.018298e-20)	(-9.589808e+01 -6.193853e+02 -7.469509e-20)	(1.234772e+00 -3.435748e+00 -5.487891e-21)
0.079        	(-3.643240e+02 -2.466697e+03 -6.929379e-18)	(-3.693656e+02 -2.462831e+03 -6.925265e-18)	(5.041574e+00 -3.866495e+00 -4.113179e-21)
0.08         	(-2.673544e+03 -1.829905e+04 -1.224070e-16)	(-2.661768e+03 -1.827632e+04 -1.224133e-16)	(-1.177530e+01 -2.273009e+01 6.233734e-21)
0.081        	(2.298621e+02 1.436039e+03 2.381952e-17)	(1.794343e+02 1.303869e+03 2.382640e-17)	(5.042778e+01 1.321702e+02 -6.881599e-21)
0.082        	(-1.639706e+02 -2.207732e+02 3.723018e-17)	(-1.919193e+01 -3.269740e+02 3.750975e-17)	(-1.447786e+02 1.062007e+02 -2.795776e-19)
0.083        	(9.117068e+03 6.382763e+04 3.042934e-16)	(9.346075e+03 6.366423e+04 3.045689e-16)	(-2.290074e+02 1.634069e+02 -2.754489e-19)
0.084        	(1.213064e+04 8.867043e+04 2.887775e-16)	(1.238592e+04 8.854282e+04 2.907932e-16)	(-2.552845e+02 1.276137e+02 -2.015670e-18)
0.085        	(-7.298903e+04 -4.757877e+05 9.768649e-16)	(-7.438537e+04 -4.758928e+05 9.780240e-16)	(1.396340e+03 1.051217e+02 -1.159074e-18)
0.086        	(-9.920960e+05 -6.893750e+06 -8.725504e-15)	(-9.863873e+05 -6.896320e+06 -8.724058e-15)	(-5.708737e+03 2.570020e+03 -1.446219e-18)
0.087        	(1.856545e+08 1.401664e+09 1.421624e-12)	(1.853138e+08 1.401694e+09 1.421699e-12)	(3.406705e+05 -3.005480e+04 -7.516178e-17)
0.088        	(-1.409722e+09 -9.318912e+09 1.626091e-11)	(-1.300152e+09 -9.327805e+09 1.626055e-11)	(-1.095694e+08 8.892686e+06 3.577219e-16)
0.089        	(5.475184e+10 3.768049e+11 2.362311e-09)	(5.475022e+10 3.768026e+11 2.362310e-09)	(1.615465e+06 2.257918e+06 1.365011e-15)
0.09         	(-2.558613e+11 -1.831392e+12 -4.099059e-09)	(-2.558669e+11 -1.831388e+12 -4.099067e-09)	(5.562096e+06 -3.743113e+06 8.334986e-15)
0.091        	(1.459281e+15 1.040478e+16 8.984608e-06)	(1.459277e+15 1.040478e+16 8.984605e-06)	(3.903025e+09 -1.983147e+09 3.552771e-12)
0.092        	(-1.089201e+23 6.267879e+23 -4.209392e+03)	(-1.089201e+23 6.267879e+23 -4.209392e+03)	(1.098446e+16 -4.731654e+15 -2.016835e-04)
0.093        	(1.762995e+31 1.307027e+32 7.656981e+11)	(1.762995e+31 1.307027e+32 7.656981e+11)	(-1.233365e+22 -1.088752e+21 1.532949e+02)
