# Force      
# CofR       : (0.000000e+00 0.000000e+00 0.000000e+00)
#            
# Time       	(total_x total_y total_z)	(pressure_x pressure_y pressure_z)	(viscous_x viscous_y viscous_z)
0.001        	(3.343873e+02 -3.401616e+03 -1.656018e-18)	(3.309242e+02 -3.401517e+03 -1.655921e-18)	(3.463044e+00 -9.964487e-02 -9.723363e-23)
0.002        	(-1.258046e+02 1.226187e+03 3.002115e-19)	(-1.286790e+02 1.226323e+03 3.003162e-19)	(2.874309e+00 -1.358457e-01 -1.046117e-22)
0.003        	(1.551645e+00 2.124857e-01 -1.196985e-19)	(-2.618479e-02 2.961330e-01 -1.195893e-19)	(1.577830e+00 -8.364726e-02 -1.091613e-22)
0.004        	(1.037372e+00 -1.209527e+00 -1.202056e-19)	(-1.252951e-01 -1.156277e+00 -1.201410e-19)	(1.162667e+00 -5.324947e-02 -6.458403e-23)
0.005        	(7.118922e-01 -1.529960e+00 -1.204853e-19)	(-3.637315e-01 -1.467745e+00 -1.204551e-19)	(1.075624e+00 -6.221510e-02 -3.019315e-23)
0.006        	(7.879853e-01 -1.894288e+00 -1.309324e-19)	(-2.183150e-01 -1.841894e+00 -1.308098e-19)	(1.006300e+00 -5.239390e-02 -1.226189e-22)
0.007        	(1.123671e+00 -1.693917e+00 -1.399201e-19)	(6.190016e-02 -1.638632e+00 -1.395573e-19)	(1.061770e+00 -5.528541e-02 -3.627712e-22)
0.008        	(1.321795e+00 -1.657655e+00 -1.424602e-19)	(2.488120e-01 -1.586117e+00 -1.417588e-19)	(1.072983e+00 -7.153888e-02 -7.013628e-22)
0.009        	(2.280439e+00 -2.432558e+00 -1.535175e-19)	(1.204212e+00 -2.363845e+00 -1.526134e-19)	(1.076227e+00 -6.871267e-02 -9.041381e-22)
0.01         	(3.572024e+00 -4.132910e+00 -1.565724e-19)	(2.501196e+00 -4.080050e+00 -1.558945e-19)	(1.070827e+00 -5.286017e-02 -6.778352e-22)
0.011        	(4.623484e+00 -2.460594e+00 -1.518713e-19)	(3.574361e+00 -2.406982e+00 -1.514210e-19)	(1.049123e+00 -5.361281e-02 -4.503264e-22)
0.012        	(4.359573e+00 -2.553588e+00 -1.525966e-19)	(3.311958e+00 -2.498954e+00 -1.522621e-19)	(1.047615e+00 -5.463448e-02 -3.344130e-22)
0.013        	(5.086169e+00 -3.087973e+00 -1.524343e-19)	(4.038016e+00 -3.041895e+00 -1.521504e-19)	(1.048153e+00 -4.607816e-02 -2.838188e-22)
0.014        	(5.645499e+00 -4.098603e+00 -1.560588e-19)	(4.589439e+00 -4.054481e+00 -1.558146e-19)	(1.056061e+00 -4.412242e-02 -2.442422e-22)
0.015        	(5.558797e+00 -5.058310e+00 -1.594203e-19)	(4.496048e+00 -5.015745e+00 -1.592844e-19)	(1.062749e+00 -4.256502e-02 -1.359051e-22)
0.016        	(5.897329e+00 -5.891780e+00 -1.674309e-19)	(4.836582e+00 -5.861433e+00 -1.674477e-19)	(1.060748e+00 -3.034653e-02 1.687903e-23)
0.017        	(6.945804e+00 -4.684484e+00 -1.790524e-19)	(5.865479e+00 -4.653300e+00 -1.791954e-19)	(1.080324e+00 -3.118469e-02 1.429957e-22)
0.018        	(6.342983e+00 -4.273716e+00 -1.709536e-19)	(5.247338e+00 -4.236341e+00 -1.711010e-19)	(1.095645e+00 -3.737533e-02 1.474044e-22)
0.019        	(6.560076e+00 -5.608335e+00 -1.600593e-19)	(5.450854e+00 -5.578466e+00 -1.602030e-19)	(1.109221e+00 -2.986919e-02 1.436653e-22)
0.02         	(7.855666e+00 -7.416887e+00 -1.676804e-19)	(6.737255e+00 -7.395983e+00 -1.678601e-19)	(1.118411e+00 -2.090415e-02 1.797763e-22)
0.021        	(8.182413e+00 -7.890137e+00 -1.729549e-19)	(7.040480e+00 -7.870281e+00 -1.731519e-19)	(1.141933e+00 -1.985680e-02 1.969951e-22)
0.022        	(7.585116e+00 -7.288456e+00 -1.728952e-19)	(6.410404e+00 -7.273276e+00 -1.729658e-19)	(1.174712e+00 -1.518019e-02 7.066443e-23)
0.023        	(7.929896e+00 -7.841385e+00 -1.745176e-19)	(6.746624e+00 -7.828764e+00 -1.744884e-19)	(1.183272e+00 -1.262090e-02 -2.918623e-23)
0.024        	(7.570459e+00 -5.215362e+00 -1.671855e-19)	(6.375998e+00 -5.206862e+00 -1.671066e-19)	(1.194461e+00 -8.500840e-03 -7.893757e-23)
0.025        	(8.138114e+00 -6.050097e+00 -1.654878e-19)	(6.918878e+00 -6.041437e+00 -1.654595e-19)	(1.219236e+00 -8.659673e-03 -2.825383e-23)
0.026        	(8.056699e+00 -6.270849e+00 -1.681340e-19)	(6.809154e+00 -6.268200e+00 -1.681819e-19)	(1.247545e+00 -2.648578e-03 4.782132e-23)
0.027        	(8.220225e+00 -5.517846e+00 -1.732049e-19)	(6.961875e+00 -5.517067e+00 -1.732907e-19)	(1.258349e+00 -7.787330e-04 8.580893e-23)
0.028        	(8.470885e+00 -7.306778e+00 -1.738654e-19)	(7.191254e+00 -7.301261e+00 -1.739723e-19)	(1.279632e+00 -5.517055e-03 1.068404e-22)
0.029        	(8.756691e+00 -9.050798e+00 -1.788688e-19)	(7.456022e+00 -9.038549e+00 -1.789464e-19)	(1.300669e+00 -1.224849e-02 7.763689e-23)
0.03         	(9.180692e+00 -8.394458e+00 -1.779942e-19)	(7.863152e+00 -8.392446e+00 -1.780651e-19)	(1.317540e+00 -2.012600e-03 7.093482e-23)
0.031        	(9.762899e+00 -8.953887e+00 -1.740228e-19)	(8.428594e+00 -8.956994e+00 -1.741227e-19)	(1.334304e+00 3.107422e-03 9.997164e-23)
0.032        	(9.361781e+00 -8.138293e+00 -1.747717e-19)	(7.996350e+00 -8.126839e+00 -1.748752e-19)	(1.365431e+00 -1.145363e-02 1.035950e-22)
0.033        	(8.803824e+00 -8.420212e+00 -1.698884e-19)	(7.419737e+00 -8.418498e+00 -1.699051e-19)	(1.384086e+00 -1.713631e-03 1.675060e-23)
0.034        	(8.808009e+00 -7.670255e+00 -1.617346e-19)	(7.400522e+00 -7.696324e+00 -1.616653e-19)	(1.407487e+00 2.606868e-02 -6.929788e-23)
0.035        	(9.148954e+00 -7.017966e+00 -1.612967e-19)	(7.726597e+00 -7.037930e+00 -1.612466e-19)	(1.422357e+00 1.996407e-02 -5.008251e-23)
0.036        	(9.428708e+00 -5.929288e+00 -1.588106e-19)	(7.978976e+00 -5.930459e+00 -1.588523e-19)	(1.449732e+00 1.171003e-03 4.173723e-23)
0.037        	(9.546124e+00 -6.035402e+00 -1.596093e-19)	(8.063988e+00 -6.047828e+00 -1.597292e-19)	(1.482136e+00 1.242542e-02 1.198985e-22)
0.038        	(9.889276e+00 -5.941401e+00 -1.629721e-19)	(8.362616e+00 -5.962265e+00 -1.630650e-19)	(1.526660e+00 2.086391e-02 9.288336e-23)
0.039        	(9.644651e+00 -6.540237e+00 -1.605578e-19)	(8.079996e+00 -6.544535e+00 -1.605721e-19)	(1.564655e+00 4.298043e-03 1.431551e-23)
0.04         	(9.922784e+00 -8.087694e+00 -1.630762e-19)	(8.303557e+00 -8.071974e+00 -1.631147e-19)	(1.619227e+00 -1.572029e-02 3.846071e-23)
0.041        	(1.043127e+01 -1.045234e+01 -1.646789e-19)	(8.756317e+00 -1.044489e+01 -1.648194e-19)	(1.674950e+00 -7.450990e-03 1.404861e-22)
0.042        	(9.630032e+00 -1.022723e+01 -1.668692e-19)	(7.929077e+00 -1.024636e+01 -1.669415e-19)	(1.700955e+00 1.913000e-02 7.229132e-23)
0.043        	(9.661795e+00 -8.725296e+00 -1.668096e-19)	(7.924724e+00 -8.752004e+00 -1.667227e-19)	(1.737070e+00 2.670789e-02 -8.688906e-23)
0.044        	(9.883707e+00 -8.753672e+00 -1.682337e-19)	(8.127313e+00 -8.777615e+00 -1.680236e-19)	(1.756394e+00 2.394255e-02 -2.100470e-22)
0.045        	(9.587933e+00 -1.068066e+01 -1.639082e-19)	(7.787770e+00 -1.072338e+01 -1.637705e-19)	(1.800163e+00 4.271456e-02 -1.377514e-22)
0.046        	(9.818135e+00 -1.073914e+01 -1.696307e-19)	(7.978946e+00 -1.083815e+01 -1.698013e-19)	(1.839189e+00 9.901061e-02 1.705847e-22)
0.047        	(9.956990e+00 -7.776667e+00 -1.699646e-19)	(8.060915e+00 -7.914792e+00 -1.703525e-19)	(1.896076e+00 1.381246e-01 3.878336e-22)
0.048        	(1.031974e+01 -6.660766e+00 -1.710039e-19)	(8.402892e+00 -6.774123e+00 -1.713633e-19)	(1.916853e+00 1.133574e-01 3.594408e-22)
0.049        	(1.142703e+01 -9.853019e+00 -1.695957e-19)	(9.537143e+00 -9.945698e+00 -1.695099e-19)	(1.889888e+00 9.267875e-02 -8.577579e-23)
0.05         	(1.063689e+01 -9.006762e+00 -1.671445e-19)	(8.739257e+00 -9.110759e+00 -1.671153e-19)	(1.897637e+00 1.039975e-01 -2.915095e-23)
0.051        	(1.069100e+01 -8.774423e+00 -1.707761e-19)	(8.791271e+00 -8.900535e+00 -1.710959e-19)	(1.899730e+00 1.261124e-01 3.197159e-22)
0.052        	(1.072385e+01 -8.395223e+00 -1.741869e-19)	(8.787365e+00 -8.510385e+00 -1.747297e-19)	(1.936484e+00 1.151621e-01 5.428218e-22)
0.053        	(1.078158e+01 -9.136668e+00 -1.667455e-19)	(8.806969e+00 -9.260277e+00 -1.674192e-19)	(1.974614e+00 1.236084e-01 6.736674e-22)
0.054        	(9.491964e+00 -9.305455e+00 -1.538655e-19)	(7.514738e+00 -9.425175e+00 -1.544101e-19)	(1.977226e+00 1.197205e-01 5.446242e-22)
0.055        	(9.096068e+00 -1.119751e+01 -1.641254e-19)	(7.192613e+00 -1.132749e+01 -1.640479e-19)	(1.903455e+00 1.299804e-01 -7.742369e-23)
0.056        	(8.013628e+00 -9.771899e+00 -1.659878e-19)	(6.071395e+00 -9.907494e+00 -1.654388e-19)	(1.942232e+00 1.355951e-01 -5.489285e-22)
0.057        	(7.332670e+00 -1.072420e+01 -1.740107e-19)	(5.388637e+00 -1.084354e+01 -1.738195e-19)	(1.944033e+00 1.193384e-01 -1.912060e-22)
0.058        	(6.919507e+00 -9.630867e+00 -1.880503e-19)	(5.016194e+00 -9.759298e+00 -1.881466e-19)	(1.903313e+00 1.284315e-01 9.627767e-23)
0.059        	(6.840544e+00 -7.691003e+00 -1.880865e-19)	(4.977910e+00 -7.834787e+00 -1.880870e-19)	(1.862634e+00 1.437842e-01 4.497424e-25)
0.06         	(6.245455e+00 -5.033889e+00 -1.974183e-19)	(4.406333e+00 -5.149874e+00 -1.971951e-19)	(1.839122e+00 1.159854e-01 -2.231895e-22)
0.061        	(7.510780e+00 -1.133914e+00 -2.326295e-19)	(5.664559e+00 -1.194582e+00 -2.317201e-19)	(1.846221e+00 6.066809e-02 -9.093972e-22)
0.062        	(8.400066e+00 -5.732736e+00 -2.155682e-19)	(6.541138e+00 -5.783312e+00 -2.144552e-19)	(1.858928e+00 5.057653e-02 -1.113014e-21)
0.063        	(7.947086e+00 -2.103894e+00 -2.227814e-19)	(6.113232e+00 -2.177786e+00 -2.221306e-19)	(1.833855e+00 7.389202e-02 -6.508100e-22)
0.064        	(5.629769e+00 -3.793269e+00 -1.771697e-19)	(3.798121e+00 -3.867411e+00 -1.770894e-19)	(1.831648e+00 7.414207e-02 -8.025182e-23)
0.065        	(4.380422e+00 -3.178513e+00 -1.713077e-19)	(2.568714e+00 -3.162307e+00 -1.724583e-19)	(1.811708e+00 -1.620589e-02 1.150613e-21)
0.066        	(7.322446e+00 -7.511818e+00 -2.064109e-19)	(5.438087e+00 -7.538041e+00 -2.073333e-19)	(1.884358e+00 2.622278e-02 9.224180e-22)
0.067        	(5.134678e+00 -7.846721e-01 -2.425034e-19)	(3.251488e+00 -7.373770e-01 -2.426169e-19)	(1.883191e+00 -4.729506e-02 1.134533e-22)
0.068        	(5.473287e+00 -3.262202e-01 -2.503915e-19)	(3.606959e+00 -2.291411e-01 -2.492443e-19)	(1.866328e+00 -9.707913e-02 -1.147173e-21)
0.069        	(4.818008e+00 1.698649e+01 -2.725554e-19)	(3.010238e+00 1.706324e+01 -2.734222e-19)	(1.807770e+00 -7.675209e-02 8.667712e-22)
0.07         	(3.809617e+00 6.263428e+00 -2.432100e-19)	(2.072415e+00 6.245188e+00 -2.437777e-19)	(1.737202e+00 1.823987e-02 5.677028e-22)
0.071        	(1.813652e+00 1.682917e+01 -2.698435e-19)	(9.502937e-02 1.682533e+01 -2.702251e-19)	(1.718622e+00 3.838063e-03 3.815258e-22)
0.072        	(3.672328e+00 6.578490e+00 -2.575761e-19)	(1.871950e+00 6.545351e+00 -2.574341e-19)	(1.800378e+00 3.313914e-02 -1.420160e-22)
0.073        	(-4.717565e+00 -6.867870e-01 -3.176123e-19)	(-6.791520e+00 -9.015305e-01 -3.169870e-19)	(2.073954e+00 2.147435e-01 -6.252231e-22)
0.074        	(-6.870730e+00 -6.233261e+00 -3.466840e-19)	(-9.690487e+00 -6.298104e+00 -3.458449e-19)	(2.819757e+00 6.484272e-02 -8.391279e-22)
0.075        	(-1.767879e+01 -8.125481e+01 -3.329618e-19)	(-2.108767e+01 -8.087896e+01 -3.351564e-19)	(3.408874e+00 -3.758558e-01 2.194563e-21)
0.076        	(-1.053029e+01 -5.535049e+01 -3.028430e-19)	(-1.351851e+01 -5.363424e+01 -3.072253e-19)	(2.988220e+00 -1.716247e+00 4.382328e-21)
0.077        	(-3.883566e+00 1.519102e+01 -3.418121e-19)	(-5.938758e+00 1.704902e+01 -3.394178e-19)	(2.055193e+00 -1.857997e+00 -2.394394e-21)
0.078        	(-1.174351e+01 2.626987e+01 -3.415912e-19)	(-1.351872e+01 2.680008e+01 -3.354619e-19)	(1.775211e+00 -5.302061e-01 -6.129317e-21)
0.079        	(-1.778947e+01 2.830557e+01 -2.796933e-19)	(-1.971398e+01 2.834282e+01 -2.786716e-19)	(1.924511e+00 -3.724983e-02 -1.021683e-21)
0.08         	(-1.276611e+01 3.120363e+01 -3.458609e-19)	(-1.491190e+01 3.123969e+01 -3.461066e-19)	(2.145784e+00 -3.606965e-02 2.456626e-22)
0.081        	(-1.445320e+01 6.205303e+01 -4.320103e-19)	(-1.659843e+01 6.233969e+01 -4.323483e-19)	(2.145226e+00 -2.866599e-01 3.380738e-22)
0.082        	(-2.213137e+01 1.065490e+02 -4.802864e-19)	(-2.380237e+01 1.072432e+02 -4.810037e-19)	(1.671001e+00 -6.942141e-01 7.172894e-22)
0.083        	(-4.140816e+01 1.493626e+02 -5.789716e-19)	(-4.309138e+01 1.498803e+02 -5.791261e-19)	(1.683211e+00 -5.176784e-01 1.544683e-22)
0.084        	(-4.538272e+01 1.307705e+02 -5.099622e-19)	(-4.705854e+01 1.310734e+02 -5.090900e-19)	(1.675824e+00 -3.029512e-01 -8.722180e-22)
0.085        	(-1.174126e+01 1.712391e+01 -2.743060e-19)	(-1.332705e+01 1.760860e+01 -2.718684e-19)	(1.585791e+00 -4.846836e-01 -2.437552e-21)
0.086        	(-1.241360e+01 4.705372e+01 -3.361357e-19)	(-1.408272e+01 4.748756e+01 -3.347237e-19)	(1.669119e+00 -4.338393e-01 -1.412070e-21)
0.087        	(-4.762047e+00 6.214457e+01 -3.611646e-19)	(-6.279954e+00 6.311318e+01 -3.600278e-19)	(1.517907e+00 -9.686136e-01 -1.136727e-21)
0.088        	(-9.210432e+00 8.361198e+01 -3.900709e-19)	(-1.053300e+01 8.469922e+01 -3.901103e-19)	(1.322566e+00 -1.087245e+00 3.948282e-23)
0.089        	(-1.258623e+01 1.085047e+02 -3.612818e-19)	(-1.387318e+01 1.090629e+02 -3.613075e-19)	(1.286955e+00 -5.582208e-01 2.579090e-23)
0.09         	(-4.830638e+01 3.128957e+02 -4.407904e-19)	(-4.937215e+01 3.133069e+02 -4.402490e-19)	(1.065765e+00 -4.111491e-01 -5.413917e-22)
0.091        	(-1.621997e+01 5.159702e+01 -3.273516e-19)	(-1.739706e+01 5.190431e+01 -3.277373e-19)	(1.177090e+00 -3.072901e-01 3.856508e-22)
0.092        	(-1.975617e+01 1.226138e+02 -4.210494e-19)	(-2.109959e+01 1.228460e+02 -4.218349e-19)	(1.343424e+00 -2.322913e-01 7.855696e-22)
0.093        	(-2.159483e+01 1.321470e+02 -4.392941e-19)	(-2.291610e+01 1.322085e+02 -4.397820e-19)	(1.321271e+00 -6.156792e-02 4.879132e-22)
0.094        	(-2.369369e+01 1.083698e+02 -4.336023e-19)	(-2.499271e+01 1.086649e+02 -4.355165e-19)	(1.299016e+00 -2.950498e-01 1.914241e-21)
0.095        	(-2.641592e+01 1.397078e+02 -4.347313e-19)	(-2.757487e+01 1.402210e+02 -4.366636e-19)	(1.158949e+00 -5.132438e-01 1.932307e-21)
0.096        	(-3.144745e+01 1.817004e+02 -5.054726e-19)	(-3.267798e+01 1.820160e+02 -5.053694e-19)	(1.230534e+00 -3.156201e-01 -1.031621e-22)
0.097        	(-3.459625e+01 2.167003e+02 -5.307021e-19)	(-3.582031e+01 2.170334e+02 -5.288711e-19)	(1.224056e+00 -3.331665e-01 -1.830974e-21)
0.098        	(-3.899141e+01 7.817211e+01 -5.745251e-19)	(-4.047096e+01 7.903659e+01 -5.701064e-19)	(1.479547e+00 -8.644805e-01 -4.418727e-21)
0.099        	(-2.671852e+01 1.237804e+02 -5.547078e-19)	(-2.817359e+01 1.244267e+02 -5.505142e-19)	(1.455068e+00 -6.462374e-01 -4.193574e-21)
0.1          	(-4.591883e+01 2.033092e+02 -6.433965e-19)	(-4.728701e+01 2.038790e+02 -6.417481e-19)	(1.368181e+00 -5.698461e-01 -1.648435e-21)
0.101        	(-2.324401e+02 -6.301151e+02 -1.186921e-18)	(-2.321962e+02 -6.287979e+02 -1.197027e-18)	(-2.438574e-01 -1.317221e+00 1.010677e-20)
0.102        	(-7.517755e+03 -4.221790e+04 -2.922065e-18)	(-7.519452e+03 -4.220354e+04 -2.952558e-18)	(1.696737e+00 -1.436028e+01 3.049270e-20)
0.103        	(2.373963e+03 3.578477e+04 -1.584093e-17)	(2.400033e+03 3.588851e+04 -1.586863e-17)	(-2.607015e+01 -1.037401e+02 2.770709e-20)
0.104        	(-1.018565e+03 1.191926e+02 4.492275e-18)	(-8.685788e+02 -2.420981e+02 4.114900e-18)	(-1.499865e+02 3.612906e+02 3.773754e-19)
0.105        	(-1.614900e+05 -9.938739e+05 1.086564e-16)	(-1.609752e+05 -9.939529e+05 1.090316e-16)	(-5.147675e+02 7.896315e+01 -3.751946e-19)
0.106        	(-7.206811e+05 -4.586087e+06 1.376133e-16)	(-7.188804e+05 -4.583026e+06 1.396750e-16)	(-1.800771e+03 -3.061044e+03 -2.061656e-18)
0.107        	(-3.342557e+06 -2.059237e+07 6.373652e-16)	(-3.340524e+06 -2.059269e+07 6.387119e-16)	(-2.033532e+03 3.116930e+02 -1.346777e-18)
0.108        	(-8.673137e+06 -5.281159e+07 -1.882251e-16)	(-8.674889e+06 -5.280978e+07 -2.121968e-16)	(1.751447e+03 -1.814665e+03 2.397169e-17)
0.109        	(-1.275953e+08 -7.919078e+08 -8.569670e-14)	(-1.276058e+08 -7.918820e+08 -8.591141e-14)	(1.045418e+04 -2.585136e+04 2.147151e-16)
0.11         	(5.389227e+11 1.773209e+12 -4.638033e-10)	(5.388806e+11 1.773201e+12 -4.638296e-10)	(4.205627e+07 8.063423e+06 2.628959e-14)
0.111        	(7.634925e+18 -1.034642e+19 -5.271726e-01)	(7.634929e+18 -1.034642e+19 -5.271725e-01)	(-4.012407e+12 2.654166e+12 -4.096543e-08)
0.112        	(-2.742692e+29 -1.680803e+30 1.244134e+10)	(-2.741972e+29 -1.680760e+30 1.244117e+10)	(-7.204815e+25 -4.354280e+25 1.685802e+05)
