# Force      
# CofR       : (0.000000e+00 0.000000e+00 0.000000e+00)
#            
# Time       	(total_x total_y total_z)	(pressure_x pressure_y pressure_z)	(viscous_x viscous_y viscous_z)
0.001        	(2.760787e+02 -4.095891e+03 -1.930144e-18)	(2.726632e+02 -4.095765e+03 -1.930046e-18)	(3.415548e+00 -1.257119e-01 -9.763384e-23)
0.002        	(-9.445731e+01 1.720495e+03 5.006027e-19)	(-9.724779e+01 1.720650e+03 5.006980e-19)	(2.790481e+00 -1.556006e-01 -9.530828e-23)
0.003        	(1.378201e+00 8.446465e-02 -1.200075e-19)	(-3.959730e-02 1.763964e-01 -1.199279e-19)	(1.417798e+00 -9.193170e-02 -7.963088e-23)
0.004        	(6.206409e-01 -1.614683e+00 -1.224144e-19)	(-3.653869e-01 -1.558003e+00 -1.223986e-19)	(9.860278e-01 -5.668064e-02 -1.577856e-23)
0.005        	(3.899845e-01 -2.076487e+00 -1.219194e-19)	(-5.223795e-01 -2.016596e+00 -1.219378e-19)	(9.123641e-01 -5.989156e-02 1.836535e-23)
0.006        	(3.967210e-01 -9.820368e-01 -1.228289e-19)	(-4.779993e-01 -9.220616e-01 -1.228219e-19)	(8.747203e-01 -5.997521e-02 -6.988442e-24)
0.007        	(8.609705e-01 -1.333738e+00 -1.357945e-19)	(-4.687475e-02 -1.264241e+00 -1.356614e-19)	(9.078452e-01 -6.949708e-02 -1.330903e-22)
0.008        	(1.518755e+00 -1.758219e+00 -1.486376e-19)	(5.945422e-01 -1.675105e+00 -1.482804e-19)	(9.242129e-01 -8.311452e-02 -3.572605e-22)
0.009        	(1.497501e+00 -2.317665e+00 -1.416708e-19)	(5.531337e-01 -2.227405e+00 -1.409993e-19)	(9.443670e-01 -9.026031e-02 -6.715100e-22)
0.01         	(2.675695e+00 -3.949202e+00 -1.424513e-19)	(1.718694e+00 -3.863049e+00 -1.416405e-19)	(9.570002e-01 -8.615383e-02 -8.108030e-22)
0.011        	(3.479205e+00 -3.107405e+00 -1.580492e-19)	(2.536548e+00 -3.018817e+00 -1.573502e-19)	(9.426570e-01 -8.858782e-02 -6.989493e-22)
0.012        	(5.447989e+00 -4.315286e+00 -1.568372e-19)	(4.523164e+00 -4.235615e+00 -1.564693e-19)	(9.248247e-01 -7.967094e-02 -3.678692e-22)
0.013        	(4.652522e+00 -4.654368e+00 -1.463948e-19)	(3.736232e+00 -4.584166e+00 -1.461225e-19)	(9.162901e-01 -7.020194e-02 -2.722767e-22)
0.014        	(4.534754e+00 -4.587949e+00 -1.462509e-19)	(3.614799e+00 -4.526501e+00 -1.459818e-19)	(9.199555e-01 -6.144849e-02 -2.691254e-22)
0.015        	(5.752142e+00 -4.855325e+00 -1.518764e-19)	(4.830509e+00 -4.803621e+00 -1.516260e-19)	(9.216330e-01 -5.170411e-02 -2.504102e-22)
0.016        	(6.517952e+00 -6.315007e+00 -1.635270e-19)	(5.585229e+00 -6.271010e+00 -1.633725e-19)	(9.327228e-01 -4.399754e-02 -1.545388e-22)
0.017        	(6.146483e+00 -7.837098e+00 -1.689056e-19)	(5.198511e+00 -7.798551e+00 -1.688903e-19)	(9.479719e-01 -3.854735e-02 -1.534707e-23)
0.018        	(6.627425e+00 -7.798760e+00 -1.706564e-19)	(5.679455e+00 -7.766402e+00 -1.707121e-19)	(9.479703e-01 -3.235889e-02 5.573383e-23)
0.019        	(5.672605e+00 -6.684168e+00 -1.575453e-19)	(4.709470e+00 -6.648225e+00 -1.576564e-19)	(9.631355e-01 -3.594302e-02 1.110503e-22)
0.02         	(6.315883e+00 -7.136521e+00 -1.580526e-19)	(5.334768e+00 -7.095936e+00 -1.582119e-19)	(9.811150e-01 -4.058521e-02 1.593054e-22)
0.021        	(7.618909e+00 -8.908722e+00 -1.595035e-19)	(6.618748e+00 -8.864372e+00 -1.596537e-19)	(1.000160e+00 -4.435080e-02 1.501898e-22)
0.022        	(8.246629e+00 -1.002863e+01 -1.698557e-19)	(7.227940e+00 -9.992665e+00 -1.699434e-19)	(1.018689e+00 -3.596994e-02 8.773463e-23)
0.023        	(8.522746e+00 -1.001494e+01 -1.742426e-19)	(7.482276e+00 -9.990799e+00 -1.742557e-19)	(1.040470e+00 -2.414199e-02 1.315621e-23)
0.024        	(7.781353e+00 -7.318973e+00 -1.726231e-19)	(6.736304e+00 -7.296421e+00 -1.725622e-19)	(1.045049e+00 -2.255203e-02 -6.095923e-23)
0.025        	(7.630550e+00 -6.707109e+00 -1.682383e-19)	(6.547821e+00 -6.677873e+00 -1.681387e-19)	(1.082728e+00 -2.923524e-02 -9.958696e-23)
0.026        	(8.141101e+00 -8.770861e+00 -1.719326e-19)	(7.022873e+00 -8.746345e+00 -1.719373e-19)	(1.118228e+00 -2.451582e-02 4.675635e-24)
0.027        	(7.536171e+00 -8.558372e+00 -1.658418e-19)	(6.383951e+00 -8.531055e+00 -1.659800e-19)	(1.152220e+00 -2.731722e-02 1.382084e-22)
0.028        	(8.085044e+00 -9.206411e+00 -1.717521e-19)	(6.909842e+00 -9.177830e+00 -1.719554e-19)	(1.175202e+00 -2.858060e-02 2.032924e-22)
0.029        	(9.082263e+00 -1.026205e+01 -1.768340e-19)	(7.875737e+00 -1.023951e+01 -1.770325e-19)	(1.206526e+00 -2.253720e-02 1.984745e-22)
0.03         	(9.426535e+00 -1.040192e+01 -1.778958e-19)	(8.196529e+00 -1.037914e+01 -1.780621e-19)	(1.230006e+00 -2.278105e-02 1.662862e-22)
0.031        	(9.515376e+00 -1.125891e+01 -1.844075e-19)	(8.259945e+00 -1.123963e+01 -1.845470e-19)	(1.255431e+00 -1.927441e-02 1.394748e-22)
0.032        	(9.458336e+00 -1.083839e+01 -1.783831e-19)	(8.182660e+00 -1.082545e+01 -1.784598e-19)	(1.275676e+00 -1.293499e-02 7.668454e-23)
0.033        	(9.442791e+00 -1.031272e+01 -1.738684e-19)	(8.145482e+00 -1.030418e+01 -1.739073e-19)	(1.297309e+00 -8.542854e-03 3.890063e-23)
0.034        	(8.945780e+00 -9.814211e+00 -1.730392e-19)	(7.618479e+00 -9.811300e+00 -1.730826e-19)	(1.327301e+00 -2.910692e-03 4.348655e-23)
0.035        	(8.831358e+00 -1.045898e+01 -1.711590e-19)	(7.471921e+00 -1.045526e+01 -1.712206e-19)	(1.359437e+00 -3.725773e-03 6.167865e-23)
0.036        	(8.664347e+00 -1.043964e+01 -1.705690e-19)	(7.305203e+00 -1.043475e+01 -1.706247e-19)	(1.359144e+00 -4.880625e-03 5.565421e-23)
0.037        	(9.342129e+00 -1.127062e+01 -1.749865e-19)	(7.949164e+00 -1.126955e+01 -1.751285e-19)	(1.392965e+00 -1.064100e-03 1.419959e-22)
0.038        	(9.406780e+00 -1.227313e+01 -1.707702e-19)	(7.986073e+00 -1.228587e+01 -1.709788e-19)	(1.420707e+00 1.273561e-02 2.086129e-22)
0.039        	(9.215338e+00 -1.125219e+01 -1.648392e-19)	(7.757126e+00 -1.126389e+01 -1.649597e-19)	(1.458212e+00 1.170761e-02 1.204999e-22)
0.04         	(9.825942e+00 -1.169466e+01 -1.687001e-19)	(8.335148e+00 -1.169533e+01 -1.687076e-19)	(1.490794e+00 6.688422e-04 7.582879e-24)
0.041        	(9.970049e+00 -1.208318e+01 -1.746707e-19)	(8.454663e+00 -1.207813e+01 -1.747191e-19)	(1.515386e+00 -5.046530e-03 4.846957e-23)
0.042        	(1.029074e+01 -1.420020e+01 -1.661249e-19)	(8.727858e+00 -1.419274e+01 -1.664576e-19)	(1.562887e+00 -7.463190e-03 3.326940e-22)
0.043        	(9.581627e+00 -1.244942e+01 -1.714760e-19)	(7.980473e+00 -1.244820e+01 -1.718927e-19)	(1.601153e+00 -1.219468e-03 4.167193e-22)
0.044        	(9.544892e+00 -1.038323e+01 -1.750571e-19)	(7.923100e+00 -1.038064e+01 -1.751362e-19)	(1.621792e+00 -2.593854e-03 7.914526e-23)
0.045        	(1.025931e+01 -1.088897e+01 -1.792848e-19)	(8.612011e+00 -1.088783e+01 -1.791459e-19)	(1.647300e+00 -1.137509e-03 -1.389051e-22)
0.046        	(1.084467e+01 -1.475084e+01 -1.778999e-19)	(9.150956e+00 -1.476621e+01 -1.778227e-19)	(1.693717e+00 1.536627e-02 -7.714687e-23)
0.047        	(9.682311e+00 -1.583385e+01 -1.742513e-19)	(7.949276e+00 -1.586434e+01 -1.744470e-19)	(1.733035e+00 3.048954e-02 1.956862e-22)
0.048        	(9.859295e+00 -1.573609e+01 -1.720617e-19)	(8.088634e+00 -1.579159e+01 -1.725361e-19)	(1.770661e+00 5.549934e-02 4.744779e-22)
0.049        	(1.034392e+01 -1.723007e+01 -1.730379e-19)	(8.522076e+00 -1.729718e+01 -1.735024e-19)	(1.821842e+00 6.711925e-02 4.645384e-22)
0.05         	(1.002313e+01 -1.345584e+01 -1.765016e-19)	(8.200258e+00 -1.353094e+01 -1.770005e-19)	(1.822872e+00 7.510373e-02 4.988530e-22)
0.051        	(1.083846e+01 -1.694751e+01 -1.796036e-19)	(9.030658e+00 -1.702876e+01 -1.802872e-19)	(1.807798e+00 8.125100e-02 6.835808e-22)
0.052        	(1.089127e+01 -1.201055e+01 -1.794375e-19)	(9.058984e+00 -1.208743e+01 -1.799697e-19)	(1.832289e+00 7.688197e-02 5.321455e-22)
0.053        	(1.168445e+01 -1.484767e+01 -1.793582e-19)	(9.850424e+00 -1.493586e+01 -1.796766e-19)	(1.834027e+00 8.819067e-02 3.184210e-22)
0.054        	(1.106044e+01 -1.155166e+01 -1.726676e-19)	(9.206829e+00 -1.164345e+01 -1.728659e-19)	(1.853608e+00 9.179521e-02 1.982641e-22)
0.055        	(1.194238e+01 -1.416055e+01 -1.717826e-19)	(1.007228e+01 -1.424592e+01 -1.721823e-19)	(1.870103e+00 8.536730e-02 3.997458e-22)
0.056        	(1.153127e+01 -1.398615e+01 -1.757506e-19)	(9.674255e+00 -1.406831e+01 -1.765414e-19)	(1.857010e+00 8.216720e-02 7.907807e-22)
0.057        	(1.080356e+01 -1.592206e+01 -1.771930e-19)	(8.950459e+00 -1.601066e+01 -1.775657e-19)	(1.853098e+00 8.860371e-02 3.727287e-22)
0.058        	(1.038515e+01 -1.317329e+01 -1.802124e-19)	(8.493829e+00 -1.330885e+01 -1.801525e-19)	(1.891316e+00 1.355605e-01 -5.996242e-23)
0.059        	(1.071403e+01 -1.585373e+01 -1.739456e-19)	(8.759369e+00 -1.602175e+01 -1.739605e-19)	(1.954662e+00 1.680169e-01 1.489771e-23)
0.06         	(1.068884e+01 -1.188052e+01 -1.696818e-19)	(8.710992e+00 -1.203545e+01 -1.700709e-19)	(1.977851e+00 1.549274e-01 3.890829e-22)
0.061        	(1.108298e+01 -1.134678e+01 -1.737908e-19)	(9.136984e+00 -1.149598e+01 -1.743853e-19)	(1.945999e+00 1.491952e-01 5.945020e-22)
0.062        	(1.102476e+01 -1.335927e+01 -1.759241e-19)	(9.106282e+00 -1.349821e+01 -1.762802e-19)	(1.918478e+00 1.389328e-01 3.560326e-22)
0.063        	(1.107432e+01 -1.368591e+01 -1.826303e-19)	(9.117959e+00 -1.379189e+01 -1.826682e-19)	(1.956365e+00 1.059802e-01 3.791560e-23)
0.064        	(1.117777e+01 -1.457484e+01 -1.788103e-19)	(9.182623e+00 -1.465421e+01 -1.790026e-19)	(1.995147e+00 7.936270e-02 1.923347e-22)
0.065        	(1.008099e+01 -1.602285e+01 -1.847687e-19)	(8.052375e+00 -1.608753e+01 -1.852461e-19)	(2.028614e+00 6.467516e-02 4.774101e-22)
0.066        	(9.672032e+00 -1.726693e+01 -1.830995e-19)	(7.662384e+00 -1.732311e+01 -1.832945e-19)	(2.009648e+00 5.618588e-02 1.949886e-22)
0.067        	(1.042255e+01 -2.040686e+01 -1.844096e-19)	(8.418435e+00 -2.048814e+01 -1.845064e-19)	(2.004114e+00 8.128421e-02 9.689235e-23)
0.068        	(9.224075e+00 -1.568387e+01 -1.868732e-19)	(7.179198e+00 -1.574594e+01 -1.869954e-19)	(2.044877e+00 6.207191e-02 1.221591e-22)
0.069        	(1.027936e+01 -2.113472e+01 -2.003969e-19)	(8.219722e+00 -2.123132e+01 -2.009171e-19)	(2.059641e+00 9.659920e-02 5.201293e-22)
0.07         	(1.088869e+01 -2.008603e+01 -1.959650e-19)	(8.802421e+00 -2.015691e+01 -1.968371e-19)	(2.086268e+00 7.087780e-02 8.720495e-22)
0.071        	(1.081653e+01 -2.137532e+01 -1.854205e-19)	(8.681255e+00 -2.140477e+01 -1.856699e-19)	(2.135273e+00 2.944850e-02 2.493573e-22)
0.072        	(1.045480e+01 -2.136939e+01 -1.832257e-19)	(8.310633e+00 -2.140452e+01 -1.826805e-19)	(2.144166e+00 3.513223e-02 -5.452149e-22)
0.073        	(1.071211e+01 -1.929646e+01 -1.888054e-19)	(8.607602e+00 -1.934617e+01 -1.882295e-19)	(2.104506e+00 4.971721e-02 -5.759051e-22)
0.074        	(1.023454e+01 -1.499320e+01 -1.945979e-19)	(8.158122e+00 -1.500296e+01 -1.951619e-19)	(2.076414e+00 9.761136e-03 5.639637e-22)
0.075        	(1.008219e+01 -2.008055e+01 -1.951697e-19)	(8.007088e+00 -2.006233e+01 -1.959228e-19)	(2.075098e+00 -1.822183e-02 7.531533e-22)
0.076        	(1.012300e+01 -2.332911e+01 -1.970017e-19)	(8.049990e+00 -2.332463e+01 -1.969282e-19)	(2.073015e+00 -4.476135e-03 -7.344315e-23)
0.077        	(1.060895e+01 -2.052937e+01 -1.871615e-19)	(8.571894e+00 -2.052209e+01 -1.869583e-19)	(2.037051e+00 -7.279484e-03 -2.031288e-22)
0.078        	(1.049950e+01 -2.473258e+01 -1.866219e-19)	(8.471929e+00 -2.476558e+01 -1.866051e-19)	(2.027569e+00 3.300724e-02 -1.681700e-23)
0.079        	(1.031980e+01 -2.346911e+01 -1.829178e-19)	(8.334964e+00 -2.351541e+01 -1.834119e-19)	(1.984833e+00 4.630285e-02 4.940914e-22)
0.08         	(1.004814e+01 -2.500976e+01 -1.923232e-19)	(8.072519e+00 -2.503145e+01 -1.927821e-19)	(1.975617e+00 2.169360e-02 4.588835e-22)
0.081        	(1.039591e+01 -2.991391e+01 -2.006770e-19)	(8.446822e+00 -2.992884e+01 -2.010179e-19)	(1.949085e+00 1.493244e-02 3.409429e-22)
0.082        	(9.355413e+00 -2.989722e+01 -2.069095e-19)	(7.432660e+00 -2.989648e+01 -2.067591e-19)	(1.922753e+00 -7.398520e-04 -1.503749e-22)
0.083        	(8.859350e+00 -3.114993e+01 -2.096127e-19)	(6.922094e+00 -3.115330e+01 -2.092653e-19)	(1.937256e+00 3.364316e-03 -3.473553e-22)
0.084        	(9.090382e+00 -2.869996e+01 -1.893299e-19)	(7.169900e+00 -2.869348e+01 -1.896533e-19)	(1.920482e+00 -6.478456e-03 3.234003e-22)
0.085        	(9.054373e+00 -4.299776e+01 -1.811392e-19)	(7.162786e+00 -4.293969e+01 -1.819222e-19)	(1.891587e+00 -5.806681e-02 7.829864e-22)
0.086        	(9.596980e+00 -3.254201e+01 -1.902630e-19)	(7.695248e+00 -3.246495e+01 -1.912757e-19)	(1.901733e+00 -7.706993e-02 1.012678e-21)
0.087        	(9.460630e+00 -3.454032e+01 -1.821512e-19)	(7.546790e+00 -3.445205e+01 -1.838449e-19)	(1.913840e+00 -8.827753e-02 1.693607e-21)
0.088        	(7.883934e+00 -4.941095e+01 -2.025342e-19)	(5.963837e+00 -4.929590e+01 -2.032556e-19)	(1.920097e+00 -1.150540e-01 7.213879e-22)
0.089        	(7.984912e+00 -4.337416e+01 -2.318907e-19)	(6.061671e+00 -4.324681e+01 -2.312984e-19)	(1.923240e+00 -1.273482e-01 -5.923377e-22)
0.09         	(8.437128e+00 -4.334310e+01 -2.256797e-19)	(6.533481e+00 -4.317365e+01 -2.252260e-19)	(1.903646e+00 -1.694541e-01 -4.536700e-22)
0.091        	(9.568092e+00 -4.018846e+01 -1.941662e-19)	(7.705136e+00 -3.997637e+01 -1.945311e-19)	(1.862956e+00 -2.120837e-01 3.649675e-22)
0.092        	(9.877127e+00 -3.069581e+01 -1.820278e-19)	(8.091665e+00 -3.047228e+01 -1.836020e-19)	(1.785463e+00 -2.235283e-01 1.574180e-21)
0.093        	(9.510957e+00 -3.889376e+01 -1.830025e-19)	(7.762642e+00 -3.871741e+01 -1.850971e-19)	(1.748314e+00 -1.763480e-01 2.094629e-21)
0.094        	(9.605243e+00 -3.510274e+01 -2.021855e-19)	(7.867077e+00 -3.495551e+01 -2.039626e-19)	(1.738166e+00 -1.472310e-01 1.777114e-21)
0.095        	(7.449408e+00 -4.068836e+01 -1.968903e-19)	(5.762737e+00 -4.053286e+01 -1.981912e-19)	(1.686672e+00 -1.554980e-01 1.300888e-21)
0.096        	(3.254498e+00 -6.019046e+01 -1.934398e-19)	(1.510461e+00 -5.998711e+01 -1.943864e-19)	(1.744037e+00 -2.033565e-01 9.466244e-22)
0.097        	(3.745275e+00 -5.427116e+01 -2.133850e-19)	(1.869711e+00 -5.411682e+01 -2.130991e-19)	(1.875564e+00 -1.543400e-01 -2.859073e-22)
0.098        	(4.246317e+00 -2.577056e+01 -2.539287e-19)	(2.302214e+00 -2.563089e+01 -2.534415e-19)	(1.944104e+00 -1.396713e-01 -4.872366e-22)
0.099        	(3.350309e+00 -5.319185e+01 -2.027669e-19)	(1.460909e+00 -5.299182e+01 -2.035844e-19)	(1.889400e+00 -2.000315e-01 8.174980e-22)
0.1          	(-6.223743e+00 -7.532143e+01 -1.876416e-19)	(-8.023412e+00 -7.493744e+01 -1.888159e-19)	(1.799669e+00 -3.839851e-01 1.174334e-21)
0.101        	(-1.197311e+01 -7.742872e+01 -2.229139e-19)	(-1.352793e+01 -7.699878e+01 -2.243092e-19)	(1.554821e+00 -4.299443e-01 1.395225e-21)
0.102        	(-1.891199e+01 -4.441580e+01 -3.732966e-19)	(-2.026360e+01 -4.383761e+01 -3.752344e-19)	(1.351602e+00 -5.781985e-01 1.937754e-21)
0.103        	(-8.176318e+00 -5.955799e+01 -2.897926e-19)	(-9.840367e+00 -5.884079e+01 -2.905066e-19)	(1.664049e+00 -7.172009e-01 7.139783e-22)
0.104        	(-1.773775e+01 -6.011280e+01 -3.261921e-19)	(-1.923820e+01 -5.967741e+01 -3.260896e-19)	(1.500449e+00 -4.353938e-01 -1.024822e-22)
0.105        	(-1.359338e+01 -2.360021e+01 -3.847131e-19)	(-1.516808e+01 -2.328466e+01 -3.846107e-19)	(1.574702e+00 -3.155514e-01 -1.024346e-22)
0.106        	(-1.077952e+01 1.808545e+01 -3.982761e-19)	(-1.231620e+01 1.833697e+01 -3.993930e-19)	(1.536679e+00 -2.515149e-01 1.116813e-21)
0.107        	(-1.097917e+01 1.266952e+01 -4.054607e-19)	(-1.224507e+01 1.294013e+01 -4.084841e-19)	(1.265899e+00 -2.706034e-01 3.023401e-21)
0.108        	(-7.055971e+00 2.015235e+00 -3.224529e-19)	(-8.319183e+00 2.377839e+00 -3.256159e-19)	(1.263211e+00 -3.626039e-01 3.163046e-21)
0.109        	(-6.835691e+00 1.062562e+01 -3.082291e-19)	(-8.258115e+00 1.103336e+01 -3.096983e-19)	(1.422423e+00 -4.077353e-01 1.469202e-21)
0.11         	(-6.444116e+00 8.090353e+00 -2.858549e-19)	(-8.111599e+00 8.906697e+00 -2.847306e-19)	(1.667482e+00 -8.163439e-01 -1.124332e-21)
0.111        	(-6.987922e+00 -2.780856e+01 -2.818403e-19)	(-8.884763e+00 -2.580124e+01 -2.789242e-19)	(1.896842e+00 -2.007325e+00 -2.916109e-21)
0.112        	(-1.419132e+01 -7.244914e+01 -1.078589e-19)	(-1.630732e+01 -6.984963e+01 -1.097224e-19)	(2.115998e+00 -2.599512e+00 1.863495e-21)
0.113        	(-1.712672e+01 -6.098334e+01 -3.408138e-19)	(-1.915627e+01 -5.939358e+01 -3.438041e-19)	(2.029546e+00 -1.589751e+00 2.990236e-21)
0.114        	(-1.694617e+01 -6.083866e+01 -3.569254e-19)	(-1.918333e+01 -5.915982e+01 -3.630722e-19)	(2.237166e+00 -1.678839e+00 6.146824e-21)
0.115        	(-1.830574e+01 -2.959084e+01 -4.250147e-19)	(-2.051632e+01 -2.822243e+01 -4.344114e-19)	(2.210579e+00 -1.368409e+00 9.396702e-21)
0.116        	(-2.507977e+01 -1.902671e+01 -4.448934e-19)	(-2.761460e+01 -1.736176e+01 -4.396019e-19)	(2.534830e+00 -1.664950e+00 -5.291515e-21)
0.117        	(-2.588152e+01 -2.074181e+01 -4.603230e-19)	(-2.796129e+01 -1.790412e+01 -4.488152e-19)	(2.079770e+00 -2.837692e+00 -1.150780e-20)
0.118        	(-2.504744e+01 -5.264734e+01 -6.092578e-19)	(-2.697746e+01 -4.776163e+01 -6.170650e-19)	(1.930026e+00 -4.885715e+00 7.807253e-21)
0.119        	(-2.835145e+01 1.766589e+01 -3.500970e-19)	(-2.966405e+01 2.094554e+01 -3.595139e-19)	(1.312597e+00 -3.279641e+00 9.416947e-21)
0.12         	(-3.024068e+01 -7.391075e+01 -2.169856e-19)	(-3.191523e+01 -7.252049e+01 -2.278850e-19)	(1.674550e+00 -1.390264e+00 1.089943e-20)
0.121        	(-4.096598e+01 -4.571015e+01 -3.226066e-19)	(-4.225738e+01 -4.481494e+01 -3.340226e-19)	(1.291404e+00 -8.952141e-01 1.141602e-20)
0.122        	(-2.447029e+01 -7.245044e+01 -2.598003e-19)	(-2.603472e+01 -7.035030e+01 -2.711108e-19)	(1.564432e+00 -2.100137e+00 1.131050e-20)
0.123        	(-5.512624e+01 -2.054276e+02 -2.153911e-19)	(-5.654350e+01 -2.019645e+02 -2.113030e-19)	(1.417256e+00 -3.463148e+00 -4.088069e-21)
0.124        	(-9.213341e+01 -3.278628e+02 -3.871214e-19)	(-9.319840e+01 -3.236146e+02 -3.983349e-19)	(1.064994e+00 -4.248104e+00 1.121353e-20)
0.125        	(-4.167720e+01 -9.107233e+01 -8.170843e-20)	(-4.374601e+01 -8.846241e+01 -9.267616e-20)	(2.068812e+00 -2.609917e+00 1.096773e-20)
0.126        	(-5.178542e+01 -1.281815e+02 -4.668533e-19)	(-5.391279e+01 -1.273527e+02 -4.701681e-19)	(2.127371e+00 -8.288312e-01 3.314831e-21)
0.127        	(-4.839522e+01 -1.167818e+02 -3.182190e-19)	(-5.015164e+01 -1.158539e+02 -3.255885e-19)	(1.756428e+00 -9.279283e-01 7.369506e-21)
0.128        	(-6.123448e+01 -1.791560e+02 -3.843332e-19)	(-6.317333e+01 -1.780770e+02 -3.915528e-19)	(1.938845e+00 -1.079017e+00 7.219686e-21)
0.129        	(-7.525325e+01 -1.954862e+02 -3.465566e-19)	(-7.702401e+01 -1.951981e+02 -3.553204e-19)	(1.770761e+00 -2.881535e-01 8.763878e-21)
0.13         	(-7.506143e+01 -1.474549e+02 -3.438255e-19)	(-7.750364e+01 -1.449778e+02 -3.532007e-19)	(2.442209e+00 -2.477099e+00 9.375198e-21)
0.131        	(-1.016690e+02 2.066567e+01 -3.726603e-19)	(-1.033193e+02 2.250997e+01 -3.773362e-19)	(1.650337e+00 -1.844298e+00 4.675944e-21)
0.132        	(-8.977199e+01 -1.198360e+02 -2.713513e-19)	(-9.030929e+01 -1.191436e+02 -2.701123e-19)	(5.372984e-01 -6.923939e-01 -1.239027e-21)
0.133        	(-1.135375e+02 8.145010e+00 -2.458659e-19)	(-1.139163e+02 8.698297e+00 -2.494540e-19)	(3.788049e-01 -5.532871e-01 3.588159e-21)
0.134        	(-3.325452e+02 1.638746e+03 5.205758e-19)	(-3.329105e+02 1.639013e+03 5.151270e-19)	(3.652372e-01 -2.671314e-01 5.448837e-21)
0.135        	(-1.178378e+02 2.799169e+02 -1.504890e-19)	(-1.181396e+02 2.803668e+02 -1.554219e-19)	(3.017504e-01 -4.498277e-01 4.932872e-21)
0.136        	(-4.990153e+01 -9.929510e+01 -2.582021e-19)	(-5.022545e+01 -9.934822e+01 -2.660893e-19)	(3.239199e-01 5.312146e-02 7.887128e-21)
0.137        	(-4.952268e+01 -5.852154e+01 -3.035129e-19)	(-4.974232e+01 -5.802452e+01 -3.101956e-19)	(2.196370e-01 -4.970162e-01 6.682707e-21)
0.138        	(-5.026134e+01 -3.612950e+01 -3.469568e-19)	(-5.073605e+01 -3.560998e+01 -3.522324e-19)	(4.747132e-01 -5.195186e-01 5.275561e-21)
0.139        	(-4.598631e+01 5.064607e+00 -2.729390e-19)	(-4.640737e+01 6.273085e+00 -2.774779e-19)	(4.210512e-01 -1.208478e+00 4.538912e-21)
0.14         	(-4.721415e+01 8.821310e+00 -3.823968e-19)	(-4.735744e+01 1.052747e+01 -3.901134e-19)	(1.432897e-01 -1.706158e+00 7.716553e-21)
0.141        	(-3.977025e+01 9.000194e+00 -3.846317e-19)	(-4.010095e+01 1.054003e+01 -3.921631e-19)	(3.307070e-01 -1.539840e+00 7.531326e-21)
0.142        	(-3.688830e+01 6.263773e+01 -3.271402e-19)	(-3.720562e+01 6.380759e+01 -3.307277e-19)	(3.173176e-01 -1.169863e+00 3.587503e-21)
0.143        	(-3.218995e+01 4.017306e+01 -2.971912e-19)	(-3.285283e+01 4.066220e+01 -2.985518e-19)	(6.628800e-01 -4.891335e-01 1.360646e-21)
0.144        	(-3.147952e+01 4.844387e+01 -3.490206e-19)	(-3.245273e+01 4.864587e+01 -3.507999e-19)	(9.732075e-01 -2.019995e-01 1.779249e-21)
0.145        	(-2.967148e+01 4.449400e+01 -2.751575e-19)	(-3.044245e+01 4.503760e+01 -2.766317e-19)	(7.709719e-01 -5.435996e-01 1.474216e-21)
0.146        	(-2.739957e+01 9.563257e+01 -2.734427e-19)	(-2.766024e+01 9.658595e+01 -2.750783e-19)	(2.606705e-01 -9.533779e-01 1.635600e-21)
0.147        	(-2.446864e+01 7.192621e+01 -2.964392e-19)	(-2.463999e+01 7.257772e+01 -2.975153e-19)	(1.713523e-01 -6.515069e-01 1.076146e-21)
0.148        	(-2.824497e+01 1.090194e+02 -2.779731e-19)	(-2.841876e+01 1.093502e+02 -2.784966e-19)	(1.737941e-01 -3.307982e-01 5.234343e-22)
0.149        	(-2.833050e+01 8.567619e+01 -3.030137e-19)	(-2.861467e+01 8.600046e+01 -3.025849e-19)	(2.841747e-01 -3.242648e-01 -4.287291e-22)
0.15         	(-2.545105e+01 1.664003e+02 -2.940438e-19)	(-2.551158e+01 1.669103e+02 -2.934274e-19)	(6.053238e-02 -5.099627e-01 -6.163400e-22)
0.151        	(-2.647074e+01 1.230124e+02 -3.030015e-19)	(-2.624085e+01 1.237162e+02 -3.019522e-19)	(-2.298887e-01 -7.037041e-01 -1.049282e-21)
0.152        	(-3.128727e+01 1.681062e+02 -2.676128e-19)	(-3.103195e+01 1.687705e+02 -2.671901e-19)	(-2.553193e-01 -6.642949e-01 -4.226738e-22)
0.153        	(-3.089225e+01 1.731109e+02 -2.877985e-19)	(-3.085936e+01 1.738049e+02 -2.894976e-19)	(-3.289133e-02 -6.939921e-01 1.699086e-21)
0.154        	(-3.581977e+01 1.957051e+02 -2.845715e-19)	(-3.568387e+01 1.962579e+02 -2.854030e-19)	(-1.358968e-01 -5.527862e-01 8.315652e-22)
0.155        	(-2.834606e+01 1.555555e+02 -2.648305e-19)	(-2.831411e+01 1.558850e+02 -2.643901e-19)	(-3.195139e-02 -3.294364e-01 -4.403669e-22)
0.156        	(-2.852306e+01 1.566171e+02 -2.503744e-19)	(-2.858027e+01 1.568090e+02 -2.502236e-19)	(5.720691e-02 -1.919059e-01 -1.508317e-22)
0.157        	(-2.980605e+01 1.624056e+02 -2.533473e-19)	(-2.988736e+01 1.626895e+02 -2.546024e-19)	(8.131474e-02 -2.838268e-01 1.255103e-21)
0.158        	(-3.073024e+01 1.625808e+02 -2.661185e-19)	(-3.073789e+01 1.629698e+02 -2.697567e-19)	(7.655121e-03 -3.889254e-01 3.638229e-21)
0.159        	(-2.938454e+01 1.743207e+02 -2.633638e-19)	(-2.933981e+01 1.748069e+02 -2.683813e-19)	(-4.472884e-02 -4.862751e-01 5.017476e-21)
0.16         	(-3.125350e+01 1.897064e+02 -2.688473e-19)	(-3.113259e+01 1.901304e+02 -2.726752e-19)	(-1.209055e-01 -4.240363e-01 3.827869e-21)
0.161        	(-2.775635e+01 1.586549e+02 -2.880678e-19)	(-2.761154e+01 1.590125e+02 -2.892181e-19)	(-1.448081e-01 -3.576611e-01 1.150253e-21)
0.162        	(-2.794454e+01 1.597512e+02 -2.742529e-19)	(-2.770756e+01 1.600342e+02 -2.740566e-19)	(-2.369855e-01 -2.830711e-01 -1.963370e-22)
0.163        	(-2.238783e+01 1.976718e+02 -2.615857e-19)	(-2.207562e+01 1.979396e+02 -2.610418e-19)	(-3.122073e-01 -2.677926e-01 -5.439912e-22)
0.164        	(-2.452439e+01 2.040218e+02 -2.581350e-19)	(-2.416761e+01 2.042917e+02 -2.581636e-19)	(-3.567838e-01 -2.699423e-01 2.863175e-23)
0.165        	(-2.777104e+01 2.601612e+02 -2.599481e-19)	(-2.737932e+01 2.604441e+02 -2.616380e-19)	(-3.917238e-01 -2.828459e-01 1.689883e-21)
0.166        	(-4.109012e+01 3.797621e+02 -2.371389e-19)	(-4.061945e+01 3.800052e+02 -2.398551e-19)	(-4.706657e-01 -2.431229e-01 2.716223e-21)
0.167        	(-2.133634e+01 2.084744e+02 -2.665343e-19)	(-2.086992e+01 2.086250e+02 -2.688281e-19)	(-4.664159e-01 -1.505806e-01 2.293852e-21)
0.168        	(-2.439795e+01 2.291345e+02 -2.544146e-19)	(-2.396507e+01 2.292871e+02 -2.555329e-19)	(-4.328825e-01 -1.525049e-01 1.118368e-21)
0.169        	(-2.378632e+01 2.339063e+02 -2.499442e-19)	(-2.334475e+01 2.340495e+02 -2.498827e-19)	(-4.415714e-01 -1.431740e-01 -6.149694e-23)
0.17         	(-2.301174e+01 2.162559e+02 -2.445261e-19)	(-2.245793e+01 2.163868e+02 -2.437041e-19)	(-5.538091e-01 -1.308601e-01 -8.220189e-22)
0.171        	(-2.343891e+01 2.534404e+02 -2.499214e-19)	(-2.292013e+01 2.535415e+02 -2.491485e-19)	(-5.187735e-01 -1.011757e-01 -7.729033e-22)
0.172        	(-2.181862e+01 2.349703e+02 -2.453759e-19)	(-2.135863e+01 2.350577e+02 -2.455084e-19)	(-4.599980e-01 -8.742882e-02 1.325631e-22)
0.173        	(-2.062545e+01 2.298935e+02 -2.354136e-19)	(-2.009148e+01 2.299810e+02 -2.362680e-19)	(-5.339715e-01 -8.748122e-02 8.543766e-22)
0.174        	(-2.068410e+01 2.335945e+02 -2.234953e-19)	(-2.014207e+01 2.336811e+02 -2.243380e-19)	(-5.420391e-01 -8.665725e-02 8.427273e-22)
0.175        	(-1.955094e+01 2.173541e+02 -2.184057e-19)	(-1.903342e+01 2.173968e+02 -2.185673e-19)	(-5.175210e-01 -4.270582e-02 1.616113e-22)
0.176        	(-2.496491e+01 2.622692e+02 -2.169767e-19)	(-2.435516e+01 2.623685e+02 -2.163592e-19)	(-6.097538e-01 -9.928408e-02 -6.174308e-22)
0.177        	(-2.138883e+01 2.545333e+02 -2.155541e-19)	(-2.085022e+01 2.546694e+02 -2.143976e-19)	(-5.386028e-01 -1.361033e-01 -1.156544e-21)
0.178        	(-1.725402e+01 2.162756e+02 -2.119675e-19)	(-1.669579e+01 2.164156e+02 -2.116678e-19)	(-5.582254e-01 -1.400837e-01 -2.996628e-22)
0.179        	(-1.839981e+01 2.214822e+02 -2.107286e-19)	(-1.783986e+01 2.216203e+02 -2.114484e-19)	(-5.599511e-01 -1.381358e-01 7.198179e-22)
0.18         	(-1.803442e+01 2.195941e+02 -2.082665e-19)	(-1.752425e+01 2.196614e+02 -2.097702e-19)	(-5.101705e-01 -6.722945e-02 1.503700e-21)
0.181        	(-2.199506e+01 2.631680e+02 -2.095059e-19)	(-2.146927e+01 2.631213e+02 -2.117572e-19)	(-5.257878e-01 4.666225e-02 2.251287e-21)
0.182        	(-1.942801e+01 2.443834e+02 -2.109242e-19)	(-1.885105e+01 2.442184e+02 -2.125874e-19)	(-5.769578e-01 1.649670e-01 1.663216e-21)
0.183        	(-1.712857e+01 2.784388e+02 -2.100782e-19)	(-1.649674e+01 2.781522e+02 -2.102212e-19)	(-6.318245e-01 2.866103e-01 1.429722e-22)
0.184        	(-2.407784e+01 2.732118e+02 -2.271774e-19)	(-2.336710e+01 2.730299e+02 -2.264779e-19)	(-7.107321e-01 1.819800e-01 -6.995274e-22)
0.185        	(-1.724678e+01 3.161033e+02 -2.213737e-19)	(-1.619756e+01 3.153352e+02 -2.241147e-19)	(-1.049218e+00 7.681001e-01 2.741005e-21)
0.186        	(-2.656483e+01 2.281073e+02 -2.551419e-19)	(-2.543905e+01 2.276734e+02 -2.566546e-19)	(-1.125775e+00 4.339582e-01 1.512677e-21)
0.187        	(-2.505204e+01 2.772750e+02 -2.294742e-19)	(-2.431069e+01 2.772168e+02 -2.294800e-19)	(-7.413469e-01 5.817859e-02 5.738821e-24)
0.188        	(-2.146957e+01 2.544852e+02 -1.454937e-19)	(-1.986396e+01 2.546590e+02 -1.459325e-19)	(-1.605614e+00 -1.737694e-01 4.387536e-22)
0.189        	(-2.574424e+01 2.063909e+02 -2.243956e-19)	(-2.344360e+01 2.053423e+02 -2.273142e-19)	(-2.300640e+00 1.048685e+00 2.918634e-21)
0.19         	(-2.097983e+01 2.472490e+02 -2.425836e-19)	(-2.413354e+01 2.443968e+02 -2.373237e-19)	(3.153711e+00 2.852237e+00 -5.259910e-21)
0.191        	(-2.320228e+01 3.713992e+02 -2.792962e-20)	(-2.321013e+01 3.708955e+02 -2.875619e-20)	(7.847173e-03 5.037674e-01 8.265759e-22)
0.192        	(-1.969299e+01 5.315893e+02 -1.449777e-18)	(-1.775795e+01 5.329574e+02 -1.455268e-18)	(-1.935045e+00 -1.368156e+00 5.491474e-21)
0.193        	(-3.475620e+01 5.706989e+02 -3.320455e-19)	(-2.876225e+01 5.691620e+02 -3.218946e-19)	(-5.993950e+00 1.536924e+00 -1.015087e-20)
0.194        	(-5.814848e+02 -9.477621e+03 3.066657e-17)	(-6.255533e+02 -9.454008e+03 3.055494e-17)	(4.406855e+01 -2.361299e+01 1.116262e-19)
0.195        	(8.483899e+01 2.988962e+03 -7.216903e-18)	(7.075348e+01 2.993840e+03 -7.207037e-18)	(1.408550e+01 -4.877628e+00 -9.865371e-21)
0.196        	(-6.761908e+02 7.978062e+03 1.093579e-17)	(-7.592018e+02 8.021228e+03 1.089643e-17)	(8.301101e+01 -4.316619e+01 3.936625e-20)
0.197        	(-6.808984e+03 -1.099185e+05 2.635061e-17)	(-7.048313e+03 -1.100414e+05 2.638905e-17)	(2.393287e+02 1.229147e+02 -3.843509e-20)
0.198        	(3.415612e+03 1.938322e+05 -2.038961e-16)	(3.058538e+03 1.935784e+05 -2.037242e-16)	(3.570739e+02 2.537657e+02 -1.719122e-19)
0.199        	(-1.090737e+07 8.837770e+07 1.106457e-15)	(-1.091861e+07 8.836760e+07 1.058300e-15)	(1.124078e+04 1.009767e+04 4.815699e-17)
0.2          	(-1.501123e+10 3.510508e+11 -1.036442e-12)	(-1.501139e+10 3.510504e+11 -1.037355e-12)	(1.611063e+05 3.601072e+05 9.125201e-16)
0.201        	(-8.976509e+10 5.188087e+12 1.324842e-10)	(-9.028342e+10 5.187988e+12 1.325356e-10)	(5.183257e+08 9.899161e+07 -5.131244e-14)
0.202        	(-4.556109e+11 1.099830e+14 5.525611e-09)	(-4.556184e+11 1.099830e+14 5.525615e-09)	(7.528631e+06 3.767538e+06 -4.169596e-15)
0.203        	(5.003546e+17 5.221274e+18 2.094665e-02)	(5.003552e+17 5.221270e+18 2.094663e-02)	(-5.526639e+11 3.258125e+12 1.966625e-08)
0.204        	(1.188454e+34 1.299538e+35 -1.594444e+12)	(1.188454e+34 1.299538e+35 -1.594444e+12)	(-1.118707e+23 1.099496e+24 1.297505e+04)
0.205        	(4.842979e+54 3.765909e+55 1.696368e+34)	(4.842979e+54 3.765909e+55 1.696368e+34)	(-1.206803e+40 -8.680267e+39 -1.230203e+19)
