# Force      
# CofR       : (0.000000e+00 0.000000e+00 0.000000e+00)
#            
# Time       	(total_x total_y total_z)	(pressure_x pressure_y pressure_z)	(viscous_x viscous_y viscous_z)
0.001        	(3.796890e+02 -2.599101e+03 -1.304764e-18)	(3.761996e+02 -2.599025e+03 -1.304665e-18)	(3.489427e+00 -7.613282e-02 -9.890380e-23)
0.002        	(-1.458221e+02 8.194117e+02 1.208103e-19)	(-1.487610e+02 8.195249e+02 1.209225e-19)	(2.938982e+00 -1.131830e-01 -1.122112e-22)
0.003        	(1.820712e+00 7.634284e-01 -1.199223e-19)	(7.309145e-02 8.436452e-01 -1.197904e-19)	(1.747621e+00 -8.021678e-02 -1.319031e-22)
0.004        	(1.338464e+00 -1.549582e-01 -1.211416e-19)	(-3.192235e-02 -9.682019e-02 -1.209953e-19)	(1.370386e+00 -5.813805e-02 -1.463023e-22)
0.005        	(9.984557e-01 -8.290394e-01 -1.209025e-19)	(-2.657788e-01 -7.693304e-01 -1.207010e-19)	(1.264235e+00 -5.970901e-02 -2.015515e-22)
0.006        	(7.803816e-01 -1.598083e+00 -1.295709e-19)	(-4.094621e-01 -1.545887e+00 -1.291914e-19)	(1.189844e+00 -5.219533e-02 -3.795782e-22)
0.007        	(1.632531e+00 -1.139544e+00 -1.549339e-19)	(4.207525e-01 -1.095100e+00 -1.542184e-19)	(1.211778e+00 -4.444369e-02 -7.155018e-22)
0.008        	(1.901514e+00 -1.699426e+00 -1.499356e-19)	(6.846939e-01 -1.640983e+00 -1.491996e-19)	(1.216821e+00 -5.844286e-02 -7.360105e-22)
0.009        	(2.885025e+00 -2.085430e+00 -1.523326e-19)	(1.678488e+00 -2.034768e+00 -1.518713e-19)	(1.206537e+00 -5.066226e-02 -4.612597e-22)
0.01         	(3.591468e+00 -3.248309e+00 -1.572980e-19)	(2.403485e+00 -3.214550e+00 -1.569760e-19)	(1.187983e+00 -3.375872e-02 -3.219916e-22)
0.011        	(4.872815e+00 -2.242863e+00 -1.564929e-19)	(3.716403e+00 -2.200025e+00 -1.562034e-19)	(1.156413e+00 -4.283803e-02 -2.895220e-22)
0.012        	(5.338319e+00 -3.163560e+00 -1.533555e-19)	(4.206235e+00 -3.117755e+00 -1.530877e-19)	(1.132083e+00 -4.580454e-02 -2.677723e-22)
0.013        	(5.986921e+00 -2.654311e+00 -1.485518e-19)	(4.863877e+00 -2.625525e+00 -1.483823e-19)	(1.123044e+00 -2.878563e-02 -1.694499e-22)
0.014        	(5.581082e+00 -3.290714e+00 -1.520895e-19)	(4.434780e+00 -3.263276e+00 -1.519592e-19)	(1.146303e+00 -2.743745e-02 -1.303202e-22)
0.015        	(5.588800e+00 -3.658989e+00 -1.506916e-19)	(4.426098e+00 -3.623570e+00 -1.506101e-19)	(1.162702e+00 -3.541940e-02 -8.156813e-23)
0.016        	(6.435130e+00 -4.713728e+00 -1.607085e-19)	(5.263101e+00 -4.685804e+00 -1.606728e-19)	(1.172028e+00 -2.792431e-02 -3.572008e-23)
0.017        	(6.299437e+00 -4.435225e+00 -1.580229e-19)	(5.110006e+00 -4.417182e+00 -1.580554e-19)	(1.189431e+00 -1.804259e-02 3.254710e-23)
0.018        	(6.726057e+00 -3.290274e+00 -1.593082e-19)	(5.512552e+00 -3.274410e+00 -1.594392e-19)	(1.213506e+00 -1.586335e-02 1.310450e-22)
0.019        	(6.685687e+00 -3.086865e+00 -1.597983e-19)	(5.482099e+00 -3.061919e+00 -1.599914e-19)	(1.203589e+00 -2.494552e-02 1.930475e-22)
0.02         	(7.738952e+00 -5.830620e+00 -1.599868e-19)	(6.542250e+00 -5.812482e+00 -1.602265e-19)	(1.196702e+00 -1.813893e-02 2.397738e-22)
0.021        	(7.674884e+00 -5.229997e+00 -1.608122e-19)	(6.461520e+00 -5.221635e+00 -1.610171e-19)	(1.213364e+00 -8.362456e-03 2.048436e-22)
0.022        	(7.870233e+00 -5.537072e+00 -1.644755e-19)	(6.638301e+00 -5.528029e+00 -1.646706e-19)	(1.231932e+00 -9.043024e-03 1.950267e-22)
0.023        	(7.168083e+00 -5.449278e+00 -1.600918e-19)	(5.920870e+00 -5.445080e+00 -1.602470e-19)	(1.247213e+00 -4.198822e-03 1.551920e-22)
0.024        	(7.434557e+00 -4.123330e+00 -1.647367e-19)	(6.170303e+00 -4.121167e+00 -1.648606e-19)	(1.264253e+00 -2.162785e-03 1.239671e-22)
0.025        	(7.421054e+00 -3.141959e+00 -1.637008e-19)	(6.151109e+00 -3.142491e+00 -1.638437e-19)	(1.269945e+00 5.320385e-04 1.429269e-22)
0.026        	(7.604595e+00 -4.182937e+00 -1.608334e-19)	(6.312831e+00 -4.182397e+00 -1.610676e-19)	(1.291764e+00 -5.405225e-04 2.341630e-22)
0.027        	(7.618682e+00 -4.103406e+00 -1.595526e-19)	(6.321307e+00 -4.111269e+00 -1.597911e-19)	(1.297375e+00 7.863112e-03 2.384654e-22)
0.028        	(7.689676e+00 -3.566244e+00 -1.651764e-19)	(6.367122e+00 -3.574358e+00 -1.654116e-19)	(1.322554e+00 8.113929e-03 2.351477e-22)
0.029        	(8.478096e+00 -5.515660e+00 -1.663127e-19)	(7.130474e+00 -5.524793e+00 -1.664994e-19)	(1.347622e+00 9.132990e-03 1.866769e-22)
0.03         	(8.516815e+00 -4.433997e+00 -1.734369e-19)	(7.146027e+00 -4.447805e+00 -1.734566e-19)	(1.370787e+00 1.380841e-02 1.970383e-23)
0.031        	(7.019564e+00 -2.507613e+00 -1.664169e-19)	(5.647900e+00 -2.515442e+00 -1.663322e-19)	(1.371664e+00 7.828734e-03 -8.468283e-23)
0.032        	(8.326801e+00 -3.829933e+00 -1.684485e-19)	(6.948667e+00 -3.841846e+00 -1.683694e-19)	(1.378134e+00 1.191368e-02 -7.910530e-23)
0.033        	(8.078632e+00 -2.292918e+00 -1.727239e-19)	(6.696197e+00 -2.310814e+00 -1.727186e-19)	(1.382435e+00 1.789580e-02 -5.324643e-24)
0.034        	(7.866264e+00 -4.464404e+00 -1.608900e-19)	(6.460290e+00 -4.479198e+00 -1.608783e-19)	(1.405974e+00 1.479470e-02 -1.170442e-23)
0.035        	(7.974578e+00 -5.605059e+00 -1.616266e-19)	(6.562168e+00 -5.618473e+00 -1.614921e-19)	(1.412410e+00 1.341400e-02 -1.345052e-22)
0.036        	(7.701012e+00 -5.051451e+00 -1.703972e-19)	(6.253309e+00 -5.059536e+00 -1.702235e-19)	(1.447703e+00 8.085013e-03 -1.737607e-22)
0.037        	(8.272745e+00 -5.221506e+00 -1.688254e-19)	(6.828647e+00 -5.229052e+00 -1.687082e-19)	(1.444098e+00 7.545637e-03 -1.171966e-22)
0.038        	(6.459652e+00 -6.450790e+00 -1.593923e-19)	(5.028976e+00 -6.467581e+00 -1.593551e-19)	(1.430676e+00 1.679135e-02 -3.719540e-23)
0.039        	(6.826759e+00 -6.387677e+00 -1.647446e-19)	(5.384081e+00 -6.403474e+00 -1.646578e-19)	(1.442677e+00 1.579696e-02 -8.675154e-23)
0.04         	(7.735082e+00 -7.182998e+00 -1.771469e-19)	(6.271662e+00 -7.198474e+00 -1.770263e-19)	(1.463420e+00 1.547588e-02 -1.206166e-22)
0.041        	(6.299276e+00 -2.834492e+00 -1.888719e-19)	(4.803857e+00 -2.848974e+00 -1.888464e-19)	(1.495419e+00 1.448164e-02 -2.554730e-23)
0.042        	(6.226905e+00 -1.521641e+00 -1.952993e-19)	(4.723003e+00 -1.515496e+00 -1.951448e-19)	(1.503901e+00 -6.144673e-03 -1.545486e-22)
0.043        	(5.936456e+00 -8.881410e-01 -1.842590e-19)	(4.428089e+00 -8.746919e-01 -1.841100e-19)	(1.508367e+00 -1.344905e-02 -1.489413e-22)
0.044        	(5.743699e+00 -5.485184e+00 -1.799758e-19)	(4.241848e+00 -5.476491e+00 -1.797225e-19)	(1.501851e+00 -8.692440e-03 -2.532685e-22)
0.045        	(5.574669e+00 1.038276e+00 -1.952660e-19)	(4.052462e+00 1.027236e+00 -1.948296e-19)	(1.522207e+00 1.104026e-02 -4.364559e-22)
0.046        	(6.093644e+00 -1.300355e+00 -2.093579e-19)	(4.526407e+00 -1.318295e+00 -2.091120e-19)	(1.567236e+00 1.794024e-02 -2.459473e-22)
0.047        	(5.474473e+00 3.996026e-01 -2.130733e-19)	(3.865880e+00 3.761768e-01 -2.131843e-19)	(1.608594e+00 2.342575e-02 1.109064e-22)
0.048        	(4.260771e+00 -6.789735e-02 -2.103726e-19)	(2.650248e+00 -1.166002e-01 -2.107556e-19)	(1.610522e+00 4.870289e-02 3.829390e-22)
0.049        	(5.033582e+00 5.963690e+00 -2.117488e-19)	(3.424709e+00 5.920176e+00 -2.122573e-19)	(1.608873e+00 4.351371e-02 5.084459e-22)
0.05         	(5.595704e+00 7.443584e+00 -2.256896e-19)	(3.978364e+00 7.392102e+00 -2.262177e-19)	(1.617340e+00 5.148201e-02 5.280890e-22)
0.051        	(2.986461e+00 1.890669e+01 -2.668491e-19)	(1.401219e+00 1.887627e+01 -2.670430e-19)	(1.585242e+00 3.041893e-02 1.939299e-22)
0.052        	(4.449248e+00 1.020353e+01 -2.305636e-19)	(2.848611e+00 1.017191e+01 -2.306039e-19)	(1.600636e+00 3.162183e-02 4.026227e-23)
0.053        	(3.059756e+00 1.793371e+01 -2.359343e-19)	(1.445097e+00 1.789776e+01 -2.361827e-19)	(1.614659e+00 3.594731e-02 2.484247e-22)
0.054        	(4.153317e+00 1.444474e+01 -2.324210e-19)	(2.539331e+00 1.437371e+01 -2.330807e-19)	(1.613986e+00 7.102929e-02 6.597160e-22)
0.055        	(1.151991e+00 3.357456e+01 -2.794860e-19)	(-4.734929e-01 3.349103e+01 -2.804316e-19)	(1.625484e+00 8.353441e-02 9.456353e-22)
0.056        	(-1.298167e+00 4.483425e+01 -3.322376e-19)	(-2.932064e+00 4.475058e+01 -3.330999e-19)	(1.633897e+00 8.367395e-02 8.622726e-22)
0.057        	(1.133533e+00 3.574587e+01 -3.077197e-19)	(-5.053195e-01 3.569388e+01 -3.079020e-19)	(1.638853e+00 5.199603e-02 1.823371e-22)
0.058        	(-9.703566e-01 4.941146e+01 -3.462210e-19)	(-2.584467e+00 4.937212e+01 -3.459170e-19)	(1.614110e+00 3.934376e-02 -3.039450e-22)
0.059        	(-2.236435e+00 5.595959e+01 -3.571334e-19)	(-3.860706e+00 5.588876e+01 -3.571657e-19)	(1.624271e+00 7.082878e-02 3.228739e-23)
0.06         	(-4.440391e+00 6.519336e+01 -3.869649e-19)	(-6.046887e+00 6.509437e+01 -3.875595e-19)	(1.606496e+00 9.898277e-02 5.946014e-22)
0.061        	(-2.115263e+00 5.408534e+01 -3.701584e-19)	(-3.721664e+00 5.398311e+01 -3.709301e-19)	(1.606401e+00 1.022371e-01 7.717504e-22)
0.062        	(-7.249725e+00 6.910843e+01 -3.953003e-19)	(-8.854001e+00 6.897668e+01 -3.958023e-19)	(1.604276e+00 1.317453e-01 5.020250e-22)
0.063        	(-1.061672e+01 8.374252e+01 -4.103781e-19)	(-1.216433e+01 8.363141e+01 -4.104459e-19)	(1.547617e+00 1.111114e-01 6.781188e-23)
0.064        	(-9.131897e+00 8.656787e+01 -3.934323e-19)	(-1.066671e+01 8.648515e+01 -3.934839e-19)	(1.534809e+00 8.271203e-02 5.158405e-23)
0.065        	(-1.834686e+01 1.512842e+02 -4.286494e-19)	(-1.987905e+01 1.511969e+02 -4.289199e-19)	(1.532191e+00 8.727655e-02 2.704739e-22)
0.066        	(-1.518944e+01 1.459885e+02 -2.798827e-19)	(-1.678606e+01 1.459334e+02 -2.810131e-19)	(1.596623e+00 5.508757e-02 1.130390e-21)
0.067        	(-3.078236e+01 2.452097e+02 -3.285588e-19)	(-3.243751e+01 2.451624e+02 -3.285672e-19)	(1.655144e+00 4.732793e-02 8.433466e-24)
0.068        	(-1.625596e+01 1.526249e+02 -3.245637e-19)	(-1.794998e+01 1.525815e+02 -3.242805e-19)	(1.694021e+00 4.341952e-02 -2.832383e-22)
0.069        	(-4.720078e+00 7.757587e+01 -2.762398e-19)	(-6.360275e+00 7.752575e+01 -2.760425e-19)	(1.640197e+00 5.012212e-02 -1.972461e-22)
0.07         	(-4.265468e+00 6.785841e+01 -2.994189e-19)	(-5.931607e+00 6.778752e+01 -2.993015e-19)	(1.666139e+00 7.088477e-02 -1.174019e-22)
0.071        	(-5.248187e+00 8.573386e+01 -3.189742e-19)	(-6.925906e+00 8.572052e+01 -3.187177e-19)	(1.677718e+00 1.333913e-02 -2.565238e-22)
0.072        	(-7.268287e+00 9.652247e+01 -3.098585e-19)	(-8.922721e+00 9.657309e+01 -3.093291e-19)	(1.654435e+00 -5.061604e-02 -5.294056e-22)
0.073        	(-8.173229e+00 9.441664e+01 -2.876814e-19)	(-9.802751e+00 9.444496e+01 -2.874737e-19)	(1.629523e+00 -2.832927e-02 -2.076454e-22)
0.074        	(-7.375269e+00 7.808246e+01 -2.667140e-19)	(-8.995836e+00 7.813482e+01 -2.677362e-19)	(1.620567e+00 -5.236145e-02 1.022195e-21)
0.075        	(-9.142165e+00 7.500573e+01 -2.825488e-19)	(-1.072879e+01 7.511698e+01 -2.837082e-19)	(1.586627e+00 -1.112476e-01 1.159444e-21)
0.076        	(-1.111360e+01 8.704020e+01 -3.070796e-19)	(-1.270362e+01 8.721674e+01 -3.076410e-19)	(1.590015e+00 -1.765402e-01 5.613095e-22)
0.077        	(-1.352182e+01 9.681618e+01 -3.139803e-19)	(-1.509639e+01 9.698873e+01 -3.134827e-19)	(1.574567e+00 -1.725442e-01 -4.976428e-22)
0.078        	(-1.029405e+01 6.133742e+01 -2.766777e-19)	(-1.185416e+01 6.157167e+01 -2.763448e-19)	(1.560109e+00 -2.342567e-01 -3.329464e-22)
0.079        	(-1.226110e+01 4.073068e+01 -2.604846e-19)	(-1.383723e+01 4.098539e+01 -2.614712e-19)	(1.576127e+00 -2.547060e-01 9.866313e-22)
0.08         	(-1.855535e+01 3.490552e+01 -2.696460e-19)	(-2.007246e+01 3.515895e+01 -2.705999e-19)	(1.517109e+00 -2.534235e-01 9.539377e-22)
0.081        	(-3.854879e+01 8.448108e+01 -3.578396e-19)	(-4.017471e+01 8.491539e+01 -3.584177e-19)	(1.625926e+00 -4.343081e-01 5.780344e-22)
0.082        	(-4.636328e+01 7.169845e+01 -3.474942e-19)	(-4.791784e+01 7.216508e+01 -3.485206e-19)	(1.554562e+00 -4.666316e-01 1.026422e-21)
0.083        	(-4.548670e+01 1.986083e+01 -3.013541e-19)	(-4.669442e+01 2.064846e+01 -3.047465e-19)	(1.207719e+00 -7.876333e-01 3.392455e-21)
0.084        	(-3.987894e+01 1.088385e+02 -3.333365e-19)	(-4.002940e+01 1.095046e+02 -3.332681e-19)	(1.504575e-01 -6.661043e-01 -6.834438e-23)
0.085        	(-3.279937e+01 6.323740e+01 -2.256848e-19)	(-3.286581e+01 6.427764e+01 -2.269248e-19)	(6.644014e-02 -1.040246e+00 1.240078e-21)
0.086        	(-3.013863e+01 1.070496e+02 -2.050819e-19)	(-3.071186e+01 1.080929e+02 -2.094778e-19)	(5.732358e-01 -1.043318e+00 4.395922e-21)
0.087        	(-3.474504e+01 1.540810e+02 -2.712445e-19)	(-3.535826e+01 1.553284e+02 -2.848002e-19)	(6.132211e-01 -1.247378e+00 1.355563e-20)
0.088        	(-4.843107e+01 1.777893e+02 -3.225212e-19)	(-4.866564e+01 1.787741e+02 -3.354608e-19)	(2.345732e-01 -9.847831e-01 1.293962e-20)
0.089        	(-9.103848e+01 2.576859e+02 -3.739029e-19)	(-9.101279e+01 2.583651e+02 -3.793506e-19)	(-2.568808e-02 -6.791398e-01 5.447754e-21)
0.09         	(-9.901999e+01 3.557328e+02 -3.606613e-19)	(-9.824952e+01 3.574343e+02 -3.729775e-19)	(-7.704738e-01 -1.701429e+00 1.231618e-20)
0.091        	(-1.639954e+02 3.777524e+02 -3.528176e-19)	(-1.627255e+02 3.792803e+02 -3.621102e-19)	(-1.269948e+00 -1.527844e+00 9.292527e-21)
0.092        	(-1.616475e+02 4.277910e+02 -3.425182e-19)	(-1.589731e+02 4.282298e+02 -3.527577e-19)	(-2.674411e+00 -4.387853e-01 1.023951e-20)
0.093        	(-2.848459e+02 1.152182e+03 -8.807335e-19)	(-2.789891e+02 1.152345e+03 -9.006950e-19)	(-5.856817e+00 -1.633727e-01 1.996149e-20)
0.094        	(-3.258256e+02 1.189031e+03 -8.212284e-19)	(-3.170611e+02 1.188254e+03 -8.315572e-19)	(-8.764437e+00 7.774511e-01 1.032883e-20)
0.095        	(-2.304687e+02 2.178859e+02 3.572620e-19)	(-2.174602e+02 2.189622e+02 3.502243e-19)	(-1.300850e+01 -1.076295e+00 7.037790e-21)
0.096        	(-3.937871e+02 1.723191e+02 8.728890e-19)	(-3.750204e+02 1.790275e+02 8.583015e-19)	(-1.876676e+01 -6.708322e+00 1.458750e-20)
0.097        	(-7.687841e+02 4.239692e+02 3.924322e-19)	(-7.362762e+02 4.217922e+02 2.645560e-19)	(-3.250792e+01 2.177048e+00 1.278762e-19)
0.098        	(-1.969143e+03 -3.015581e+03 2.353870e-18)	(-1.881881e+03 -3.006146e+03 1.556556e-18)	(-8.726155e+01 -9.435208e+00 7.973144e-19)
0.099        	(4.186571e+03 5.884685e+04 -5.470483e-17)	(5.063750e+03 5.565558e+04 -4.278498e-17)	(-8.771794e+02 3.191273e+03 -1.191986e-17)
0.1          	(2.979317e+04 7.081158e+05 -2.385084e-16)	(2.978535e+04 7.077483e+05 -2.532705e-16)	(7.822340e+00 3.674767e+02 1.476206e-17)
0.101        	(2.902653e+06 -1.638777e+07 2.302454e-14)	(2.897962e+06 -1.639764e+07 2.291708e-14)	(4.691166e+03 9.872410e+03 1.074580e-16)
0.102        	(-1.206052e+08 -6.976938e+08 5.352380e-14)	(-1.206213e+08 -6.977760e+08 5.355092e-14)	(1.606673e+04 8.220728e+04 -2.711928e-17)
0.103        	(3.132409e+09 -1.350419e+10 -4.507134e-11)	(3.294277e+09 -1.326868e+10 -4.674498e-11)	(-1.618680e+08 -2.355111e+08 1.673639e-12)
0.104        	(-4.148098e+10 -2.991975e+11 2.248847e-10)	(-3.892997e+10 -2.975664e+11 1.985379e-10)	(-2.551012e+09 -1.631099e+09 2.634679e-11)
0.105        	(4.810310e+13 -5.200970e+14 6.086882e-07)	(2.660359e+13 -4.991604e+14 5.200462e-07)	(2.149952e+13 -2.093663e+13 8.864201e-08)
0.106        	(1.351703e+23 7.159060e+23 -3.004061e+02)	(1.351703e+23 7.159060e+23 -3.004068e+02)	(1.596469e+16 1.965411e+16 7.175428e-04)
