# Force      
# CofR       : (0.000000e+00 0.000000e+00 0.000000e+00)
#            
# Time       	(total_x total_y total_z)	(pressure_x pressure_y pressure_z)	(viscous_x viscous_y viscous_z)
0.001        	(3.974096e+02 2.085289e+03 1.980288e-19)	(3.939208e+02 2.085234e+03 1.981734e-19)	(3.488824e+00 5.506452e-02 -1.446081e-22)
0.002        	(-1.564092e+02 -7.408900e+02 -1.419220e-19)	(-1.593561e+02 -7.409825e+02 -1.418244e-19)	(2.946883e+00 9.255517e-02 -9.753873e-23)
0.003        	(1.721319e+00 1.315317e-01 -1.176030e-19)	(-6.730639e-02 5.378708e-02 -1.175479e-19)	(1.788625e+00 7.774459e-02 -5.511789e-23)
0.004        	(1.402144e+00 1.401506e+00 -1.212501e-19)	(-3.181491e-02 1.334845e+00 -1.212136e-19)	(1.433959e+00 6.666173e-02 -3.647446e-23)
0.005        	(1.142087e+00 4.731675e-01 -1.232221e-19)	(-1.712298e-01 4.014008e-01 -1.230468e-19)	(1.313317e+00 7.176671e-02 -1.753317e-22)
0.006        	(1.176745e+00 -6.021338e-03 -1.189120e-19)	(-9.337555e-02 -7.597099e-02 -1.185589e-19)	(1.270121e+00 6.994965e-02 -3.530947e-22)
0.007        	(1.879723e+00 1.021609e+00 -1.149578e-19)	(6.179724e-01 9.578635e-01 -1.145104e-19)	(1.261751e+00 6.374581e-02 -4.473812e-22)
0.008        	(2.979381e+00 9.304002e-01 -1.184669e-19)	(1.730856e+00 8.651526e-01 -1.182949e-19)	(1.248525e+00 6.524759e-02 -1.719532e-22)
0.009        	(2.826676e+00 9.791654e-01 -1.168440e-19)	(1.598029e+00 9.113600e-01 -1.167409e-19)	(1.228648e+00 6.780537e-02 -1.031410e-22)
0.01         	(4.341668e+00 1.936668e+00 -1.199991e-19)	(3.130332e+00 1.867352e+00 -1.198183e-19)	(1.211337e+00 6.931569e-02 -1.807778e-22)
0.011        	(5.796979e+00 2.775721e+00 -1.141771e-19)	(4.580716e+00 2.713194e+00 -1.141151e-19)	(1.216264e+00 6.252659e-02 -6.197885e-23)
0.012        	(6.262473e+00 1.576039e+00 -1.369824e-19)	(5.031743e+00 1.518266e+00 -1.370216e-19)	(1.230731e+00 5.777247e-02 3.920478e-23)
0.013        	(5.625175e+00 2.185501e+00 -1.255130e-19)	(4.401195e+00 2.133370e+00 -1.254982e-19)	(1.223979e+00 5.213084e-02 -1.479426e-23)
0.014        	(5.483432e+00 3.196176e+00 -1.135240e-19)	(4.267678e+00 3.155369e+00 -1.134496e-19)	(1.215753e+00 4.080750e-02 -7.437153e-23)
0.015        	(5.746996e+00 3.317548e+00 -1.184099e-19)	(4.526704e+00 3.287813e+00 -1.183688e-19)	(1.220291e+00 2.973476e-02 -4.118294e-23)
0.016        	(5.916527e+00 2.290001e+00 -1.182119e-19)	(4.678395e+00 2.262214e+00 -1.181886e-19)	(1.238132e+00 2.778713e-02 -2.327652e-23)
0.017        	(6.665460e+00 3.006697e+00 -1.189250e-19)	(5.409021e+00 2.970670e+00 -1.189626e-19)	(1.256439e+00 3.602684e-02 3.760648e-23)
0.018        	(7.201184e+00 3.420436e+00 -1.241460e-19)	(5.929852e+00 3.390508e+00 -1.242648e-19)	(1.271332e+00 2.992872e-02 1.188419e-22)
0.019        	(6.947061e+00 1.833786e+00 -1.231327e-19)	(5.647104e+00 1.807677e+00 -1.232872e-19)	(1.299956e+00 2.610890e-02 1.545593e-22)
0.02         	(6.896088e+00 2.713536e+00 -1.173448e-19)	(5.565609e+00 2.687219e+00 -1.174699e-19)	(1.330478e+00 2.631629e-02 1.251750e-22)
0.021        	(7.393109e+00 3.976920e+00 -1.169217e-19)	(6.024492e+00 3.951330e+00 -1.170295e-19)	(1.368617e+00 2.559006e-02 1.077806e-22)
0.022        	(7.456399e+00 3.413374e+00 -1.227288e-19)	(6.074627e+00 3.400708e+00 -1.228349e-19)	(1.381772e+00 1.266582e-02 1.060864e-22)
0.023        	(8.023478e+00 3.126057e+00 -1.163873e-19)	(6.613293e+00 3.120620e+00 -1.164878e-19)	(1.410185e+00 5.436475e-03 1.005631e-22)
0.024        	(8.141008e+00 5.578502e+00 -1.149734e-19)	(6.692800e+00 5.579473e+00 -1.150544e-19)	(1.448208e+00 -9.706701e-04 8.106366e-23)
0.025        	(7.845795e+00 5.690585e+00 -1.101117e-19)	(6.360028e+00 5.695657e+00 -1.100995e-19)	(1.485766e+00 -5.071697e-03 -1.220736e-23)
0.026        	(8.164045e+00 4.110551e+00 -1.152527e-19)	(6.665216e+00 4.123095e+00 -1.151988e-19)	(1.498829e+00 -1.254382e-02 -5.387716e-23)
0.027        	(7.903689e+00 3.119793e+00 -1.166289e-19)	(6.384797e+00 3.135967e+00 -1.167371e-19)	(1.518892e+00 -1.617340e-02 1.082822e-22)
0.028        	(7.787693e+00 1.947212e+00 -1.203245e-19)	(6.242449e+00 1.956766e+00 -1.205854e-19)	(1.545244e+00 -9.554285e-03 2.608075e-22)
0.029        	(8.093305e+00 2.663086e+00 -1.168764e-19)	(6.530973e+00 2.676325e+00 -1.171380e-19)	(1.562332e+00 -1.323850e-02 2.616243e-22)
0.03         	(8.038081e+00 3.265251e+00 -1.112223e-19)	(6.451733e+00 3.277432e+00 -1.113087e-19)	(1.586349e+00 -1.218140e-02 8.644159e-23)
0.031        	(7.380466e+00 3.187654e+00 -1.066224e-19)	(5.758994e+00 3.206700e+00 -1.065733e-19)	(1.621473e+00 -1.904581e-02 -4.907256e-23)
0.032        	(7.561227e+00 1.635252e+00 -1.081363e-19)	(5.915716e+00 1.643154e+00 -1.080852e-19)	(1.645511e+00 -7.901369e-03 -5.105269e-23)
0.033        	(8.132085e+00 2.851586e+00 -1.017607e-19)	(6.462313e+00 2.856249e+00 -1.017543e-19)	(1.669772e+00 -4.663564e-03 -6.437805e-24)
0.034        	(8.738099e+00 3.085818e+00 -1.042430e-19)	(7.053050e+00 3.090061e+00 -1.042639e-19)	(1.685049e+00 -4.242792e-03 2.089366e-23)
0.035        	(9.094058e+00 3.966286e+00 -1.021118e-19)	(7.366741e+00 3.979588e+00 -1.020961e-19)	(1.727316e+00 -1.330204e-02 -1.565189e-23)
0.036        	(8.674452e+00 4.079595e+00 -1.108383e-19)	(6.933216e+00 4.084221e+00 -1.109316e-19)	(1.741236e+00 -4.625649e-03 9.335979e-23)
0.037        	(8.200240e+00 5.279359e+00 -1.124773e-19)	(6.475105e+00 5.261044e+00 -1.126324e-19)	(1.725135e+00 1.831489e-02 1.551113e-22)
0.038        	(8.198960e+00 6.028204e+00 -1.163416e-19)	(6.467944e+00 6.028676e+00 -1.162545e-19)	(1.731016e+00 -4.722045e-04 -8.710886e-23)
0.039        	(8.492638e+00 4.350726e+00 -1.233155e-19)	(6.713735e+00 4.388070e+00 -1.231054e-19)	(1.778903e+00 -3.734415e-02 -2.101189e-22)
0.04         	(8.456834e+00 1.587731e+00 -1.188157e-19)	(6.653463e+00 1.617303e+00 -1.187879e-19)	(1.803371e+00 -2.957214e-02 -2.777645e-23)
0.041        	(8.877792e+00 3.610822e+00 -1.185645e-19)	(7.065783e+00 3.614437e+00 -1.186108e-19)	(1.812009e+00 -3.614798e-03 4.625468e-23)
0.042        	(8.337586e+00 5.305954e+00 -1.239885e-19)	(6.511519e+00 5.305039e+00 -1.238783e-19)	(1.826067e+00 9.152060e-04 -1.101422e-22)
0.043        	(8.481375e+00 7.726086e+00 -1.224222e-19)	(6.653638e+00 7.740614e+00 -1.222167e-19)	(1.827737e+00 -1.452757e-02 -2.054990e-22)
0.044        	(8.020860e+00 5.694517e+00 -1.269580e-19)	(6.186225e+00 5.711923e+00 -1.270481e-19)	(1.834635e+00 -1.740655e-02 9.013625e-23)
0.045        	(7.885681e+00 6.434039e+00 -1.255354e-19)	(6.070858e+00 6.442512e+00 -1.259502e-19)	(1.814822e+00 -8.472940e-03 4.148061e-22)
0.046        	(8.426298e+00 6.669756e+00 -1.249343e-19)	(6.606090e+00 6.683824e+00 -1.251796e-19)	(1.820208e+00 -1.406822e-02 2.453092e-22)
0.047        	(8.399925e+00 6.975078e+00 -1.276835e-19)	(6.572548e+00 6.989082e+00 -1.276253e-19)	(1.827377e+00 -1.400453e-02 -5.817397e-23)
0.048        	(8.313147e+00 6.859794e+00 -1.267867e-19)	(6.514742e+00 6.874471e+00 -1.267135e-19)	(1.798405e+00 -1.467692e-02 -7.327617e-23)
0.049        	(7.814552e+00 3.274058e+00 -1.217633e-19)	(6.005615e+00 3.283472e+00 -1.218011e-19)	(1.808936e+00 -9.413935e-03 3.789028e-23)
0.05         	(8.629304e+00 3.489434e+00 -1.211039e-19)	(6.797108e+00 3.503254e+00 -1.212997e-19)	(1.832196e+00 -1.382002e-02 1.957594e-22)
0.051        	(8.615160e+00 5.171147e+00 -1.155728e-19)	(6.736215e+00 5.201217e+00 -1.158469e-19)	(1.878945e+00 -3.007034e-02 2.740716e-22)
0.052        	(8.821976e+00 4.502938e+00 -1.235285e-19)	(6.920954e+00 4.524714e+00 -1.235773e-19)	(1.901022e+00 -2.177613e-02 4.888739e-23)
0.053        	(8.949404e+00 3.713199e+00 -1.359070e-19)	(7.069448e+00 3.741858e+00 -1.358070e-19)	(1.879956e+00 -2.865932e-02 -9.999669e-23)
0.054        	(7.749472e+00 3.621265e+00 -1.233845e-19)	(5.895950e+00 3.665777e+00 -1.232152e-19)	(1.853522e+00 -4.451268e-02 -1.692939e-22)
0.055        	(7.355899e+00 7.990008e-01 -1.123959e-19)	(5.490236e+00 8.211924e-01 -1.121274e-19)	(1.865664e+00 -2.219162e-02 -2.685177e-22)
0.056        	(6.648544e+00 -6.740090e-01 -1.160708e-19)	(4.750635e+00 -6.691362e-01 -1.158569e-19)	(1.897908e+00 -4.872815e-03 -2.139385e-22)
0.057        	(6.590068e+00 -2.075925e+00 -1.129893e-19)	(4.708963e+00 -2.073244e+00 -1.129122e-19)	(1.881104e+00 -2.680348e-03 -7.700790e-23)
0.058        	(6.603636e+00 1.053645e+00 -1.147957e-19)	(4.741913e+00 1.060049e+00 -1.146624e-19)	(1.861723e+00 -6.403422e-03 -1.333718e-22)
0.059        	(6.902833e+00 3.248333e+00 -1.259928e-19)	(5.091803e+00 3.248465e+00 -1.259005e-19)	(1.811029e+00 -1.323219e-04 -9.222272e-23)
0.06         	(6.825363e+00 8.528626e+00 -1.269987e-19)	(5.017665e+00 8.553963e+00 -1.266085e-19)	(1.807698e+00 -2.533758e-02 -3.901949e-22)
0.061        	(6.760540e+00 -1.762035e+00 -1.211756e-19)	(4.915695e+00 -1.726168e+00 -1.209625e-19)	(1.844845e+00 -3.586638e-02 -2.131072e-22)
0.062        	(7.005454e+00 1.472465e-01 -1.211594e-19)	(5.202853e+00 1.923595e-01 -1.216844e-19)	(1.802601e+00 -4.511305e-02 5.250069e-22)
0.063        	(7.269250e+00 1.261283e+00 -1.249805e-19)	(5.452658e+00 1.301901e+00 -1.256196e-19)	(1.816592e+00 -4.061851e-02 6.390056e-22)
0.064        	(5.915213e+00 -6.489036e+00 -1.305332e-19)	(4.125793e+00 -6.466935e+00 -1.305729e-19)	(1.789420e+00 -2.210102e-02 3.963094e-23)
0.065        	(2.508572e+00 -2.466380e+01 -1.186127e-19)	(7.309616e-01 -2.465411e+01 -1.182068e-19)	(1.777611e+00 -9.698938e-03 -4.059245e-22)
0.066        	(6.283645e+00 -1.178148e+01 -1.241068e-19)	(4.433280e+00 -1.175494e+01 -1.239182e-19)	(1.850365e+00 -2.654096e-02 -1.885457e-22)
0.067        	(7.346679e+00 -6.597117e+00 -1.160719e-19)	(5.511448e+00 -6.594716e+00 -1.163014e-19)	(1.835231e+00 -2.401127e-03 2.294783e-22)
0.068        	(5.687933e+00 -1.384921e+01 -1.159096e-19)	(3.802808e+00 -1.382403e+01 -1.164843e-19)	(1.885125e+00 -2.518088e-02 5.746628e-22)
0.069        	(3.593741e+00 -2.137568e+01 -1.162194e-19)	(1.676863e+00 -2.139408e+01 -1.168536e-19)	(1.916878e+00 1.840271e-02 6.342297e-22)
0.07         	(3.657165e+00 -1.145688e+01 -1.413353e-19)	(1.711429e+00 -1.150426e+01 -1.419037e-19)	(1.945736e+00 4.738272e-02 5.683829e-22)
0.071        	(6.327703e+00 1.308570e+00 -1.374730e-19)	(4.360509e+00 1.302527e+00 -1.374682e-19)	(1.967194e+00 6.043238e-03 -4.800462e-24)
0.072        	(6.536458e+00 -5.011259e+00 -1.225014e-19)	(4.584195e+00 -5.012788e+00 -1.219251e-19)	(1.952263e+00 1.529694e-03 -5.763040e-22)
0.073        	(5.885845e+00 -2.315344e+00 -1.230513e-19)	(3.930364e+00 -2.314235e+00 -1.226524e-19)	(1.955481e+00 -1.109726e-03 -3.989107e-22)
0.074        	(4.315663e+00 -1.170945e+01 -1.388095e-19)	(2.350474e+00 -1.167115e+01 -1.386935e-19)	(1.965189e+00 -3.829533e-02 -1.160303e-22)
0.075        	(5.000910e+00 -2.428490e+00 -1.527005e-19)	(3.073439e+00 -2.414356e+00 -1.525061e-19)	(1.927470e+00 -1.413361e-02 -1.944608e-22)
0.076        	(1.334709e+00 1.163731e+01 -1.847873e-19)	(-5.665025e-01 1.163984e+01 -1.848460e-19)	(1.901212e+00 -2.535991e-03 5.870934e-23)
0.077        	(7.735879e-01 1.833100e+01 -1.605204e-19)	(-1.113124e+00 1.833338e+01 -1.612998e-19)	(1.886712e+00 -2.382437e-03 7.793928e-22)
0.078        	(-1.248947e+00 2.534870e+01 -1.638493e-19)	(-3.140849e+00 2.533449e+01 -1.648801e-19)	(1.891901e+00 1.421371e-02 1.030831e-21)
0.079        	(-1.849773e+00 -4.432123e+00 -1.417085e-19)	(-3.689932e+00 -4.470113e+00 -1.426769e-19)	(1.840159e+00 3.798997e-02 9.683866e-22)
0.08         	(2.526376e+00 1.815765e+01 -1.675064e-19)	(6.434696e-01 1.808883e+01 -1.672149e-19)	(1.882906e+00 6.881569e-02 -2.915126e-22)
0.081        	(3.323774e+00 1.015575e+01 -1.472994e-19)	(1.386030e+00 1.011178e+01 -1.464042e-19)	(1.937744e+00 4.397671e-02 -8.951953e-22)
0.082        	(2.630451e+00 1.056114e+01 -1.442383e-19)	(7.088664e-01 1.045140e+01 -1.438247e-19)	(1.921585e+00 1.097407e-01 -4.136139e-22)
0.083        	(1.064612e-01 5.564590e+00 -1.068759e-19)	(-1.796005e+00 5.493969e+00 -1.064888e-19)	(1.902467e+00 7.062080e-02 -3.871397e-22)
0.084        	(-2.232015e+00 -1.671469e+01 -9.811454e-20)	(-4.102657e+00 -1.673637e+01 -9.702500e-20)	(1.870642e+00 2.167370e-02 -1.089547e-21)
0.085        	(-3.607263e+00 -9.914794e+00 -2.789640e-22)	(-5.570643e+00 -9.910588e+00 1.330959e-21)	(1.963380e+00 -4.206364e-03 -1.609923e-21)
0.086        	(-6.760507e+00 5.041492e+01 2.940662e-19)	(-8.970047e+00 5.028546e+01 2.954126e-19)	(2.209540e+00 1.294687e-01 -1.346419e-21)
0.087        	(-1.581601e+01 1.275366e+02 6.599053e-19)	(-1.790249e+01 1.269282e+02 6.595679e-19)	(2.086476e+00 6.083817e-01 3.373717e-22)
0.088        	(-3.924866e+01 3.131028e+02 1.501274e-18)	(-4.165413e+01 3.120738e+02 1.500549e-18)	(2.405469e+00 1.029009e+00 7.252672e-22)
0.089        	(-4.777350e+01 3.922671e+02 1.611111e-18)	(-5.058569e+01 3.906176e+02 1.608544e-18)	(2.812191e+00 1.649434e+00 2.567295e-21)
0.09         	(-4.214743e+01 2.968836e+02 -1.499211e-19)	(-4.293734e+01 2.954498e+02 -1.527025e-19)	(7.899023e-01 1.433820e+00 2.781389e-21)
0.091        	(-2.692017e+01 1.424381e+02 -2.141267e-19)	(-2.849488e+01 1.426730e+02 -2.034454e-19)	(1.574710e+00 -2.349351e-01 -1.068134e-20)
0.092        	(7.702298e+00 -7.866300e+01 -1.111913e-19)	(5.047531e+00 -7.870150e+01 -1.127706e-19)	(2.654768e+00 3.849849e-02 1.579353e-21)
0.093        	(-3.747871e+01 3.070211e+02 -3.845031e-20)	(-3.931290e+01 3.048120e+02 -4.108346e-20)	(1.834189e+00 2.209115e+00 2.633153e-21)
0.094        	(-5.676737e+01 4.378431e+02 3.272765e-19)	(-5.584582e+01 4.376391e+02 3.176259e-19)	(-9.215542e-01 2.039179e-01 9.650631e-21)
0.095        	(-8.198880e+02 6.498383e+03 8.385131e-18)	(-7.809501e+02 6.452764e+03 8.444244e-18)	(-3.893790e+01 4.561836e+01 -5.911361e-20)
0.096        	(-2.823179e+03 2.320691e+04 6.111682e-18)	(-2.729001e+03 2.321287e+04 6.323834e-18)	(-9.417787e+01 -5.968493e+00 -2.121517e-19)
0.097        	(-3.976853e+03 3.279205e+04 -2.419889e-18)	(-3.886825e+03 3.261382e+04 -3.327353e-18)	(-9.002821e+01 1.782297e+02 9.074643e-19)
0.098        	(-3.349007e+03 2.614691e+04 3.675059e-17)	(-3.212724e+03 2.577038e+04 3.426664e-17)	(-1.362834e+02 3.765393e+02 2.483942e-18)
0.099        	(-2.597771e+04 1.947707e+05 7.402588e-17)	(-2.546142e+04 1.925104e+05 6.797000e-17)	(-5.162956e+02 2.260282e+03 6.055880e-18)
0.1          	(-9.893681e+05 7.508598e+06 8.440532e-15)	(-9.759907e+05 7.441091e+06 8.090730e-15)	(-1.337748e+04 6.750626e+04 3.498015e-16)
0.101        	(-3.564081e+08 2.495923e+09 -2.707466e-13)	(-3.564427e+08 2.495886e+09 -2.711363e-13)	(3.458583e+04 3.684174e+04 3.897486e-16)
0.102        	(-3.919113e+09 2.642820e+10 1.238231e-11)	(-3.919067e+09 2.642794e+10 1.238171e-11)	(-4.532351e+04 2.610368e+05 6.008276e-16)
0.103        	(-1.532729e+15 1.187591e+16 6.263880e-06)	(-1.555915e+15 1.186820e+16 6.265160e-06)	(2.318618e+13 7.702572e+12 -1.280497e-09)
0.104        	(4.886780e+27 -3.507919e+28 3.674111e+06)	(4.886780e+27 -3.507919e+28 3.674111e+06)	(-2.448816e+19 -7.173353e+19 -3.718376e-03)
0.105        	(-2.955593e+44 2.080320e+45 -9.766114e+24)	(-2.955593e+44 2.080320e+45 -9.766114e+24)	(-1.234483e+30 -3.499381e+30 1.432566e+07)
0.106        	(-4.147634e+62 2.032402e+63 1.034608e+43)	(-4.147634e+62 2.032402e+63 1.034608e+43)	(-5.320785e+50 3.454428e+50 -9.614802e+24)
