# Force      
# CofR       : (0.000000e+00 0.000000e+00 0.000000e+00)
#            
# Time       	(total_x total_y total_z)	(pressure_x pressure_y pressure_z)	(viscous_x viscous_y viscous_z)
0.001        	(3.115527e+02 -4.005078e+03 -1.909344e-18)	(3.081118e+02 -4.004964e+03 -1.909245e-18)	(3.440874e+00 -1.140173e-01 -9.938625e-23)
0.002        	(-1.086060e+02 1.457545e+03 3.794455e-19)	(-1.114426e+02 1.457693e+03 3.795294e-19)	(2.836574e+00 -1.477119e-01 -8.384250e-23)
0.003        	(1.520149e+00 5.143587e-01 -1.200360e-19)	(2.687704e-02 6.035146e-01 -1.199434e-19)	(1.493272e+00 -8.915593e-02 -9.259319e-23)
0.004        	(7.384021e-01 -1.450060e+00 -1.208766e-19)	(-3.264949e-01 -1.392439e+00 -1.208574e-19)	(1.064897e+00 -5.762120e-02 -1.918490e-23)
0.005        	(4.223345e-01 -1.986041e+00 -1.217231e-19)	(-5.787818e-01 -1.922422e+00 -1.217522e-19)	(1.001116e+00 -6.361885e-02 2.906491e-23)
0.006        	(5.578831e-01 -1.410996e+00 -1.264148e-19)	(-4.110867e-01 -1.353215e+00 -1.264085e-19)	(9.689698e-01 -5.778101e-02 -6.256740e-24)
0.007        	(1.109706e+00 -2.023218e+00 -1.405036e-19)	(1.083932e-01 -1.961774e+00 -1.403542e-19)	(1.001313e+00 -6.144411e-02 -1.494667e-22)
0.008        	(1.284476e+00 -2.164262e+00 -1.428410e-19)	(2.592121e-01 -2.081235e+00 -1.424161e-19)	(1.025264e+00 -8.302716e-02 -4.248827e-22)
0.009        	(1.928854e+00 -2.196491e+00 -1.587354e-19)	(8.982631e-01 -2.106857e+00 -1.578016e-19)	(1.030591e+00 -8.963452e-02 -9.338545e-22)
0.01         	(3.134972e+00 -2.851687e+00 -1.515959e-19)	(2.131754e+00 -2.769840e+00 -1.505733e-19)	(1.003218e+00 -8.184727e-02 -1.022534e-21)
0.011        	(4.353591e+00 -3.490557e+00 -1.546789e-19)	(3.369357e+00 -3.419656e+00 -1.540970e-19)	(9.842344e-01 -7.090105e-02 -5.819580e-22)
0.012        	(4.394263e+00 -4.055999e+00 -1.526617e-19)	(3.423235e+00 -3.991050e+00 -1.522578e-19)	(9.710280e-01 -6.494927e-02 -4.038948e-22)
0.013        	(4.660222e+00 -4.039212e+00 -1.484477e-19)	(3.686075e+00 -3.982400e+00 -1.480785e-19)	(9.741469e-01 -5.681224e-02 -3.692206e-22)
0.014        	(5.330334e+00 -4.080566e+00 -1.529427e-19)	(4.341880e+00 -4.027585e+00 -1.526188e-19)	(9.884538e-01 -5.298141e-02 -3.239966e-22)
0.015        	(6.063109e+00 -5.369273e+00 -1.573828e-19)	(5.065875e+00 -5.324521e+00 -1.571990e-19)	(9.972345e-01 -4.475259e-02 -1.838233e-22)
0.016        	(6.683749e+00 -6.719566e+00 -1.641663e-19)	(5.678694e+00 -6.682575e+00 -1.641619e-19)	(1.005055e+00 -3.699069e-02 -4.395758e-24)
0.017        	(6.477280e+00 -6.377141e+00 -1.832670e-19)	(5.455700e+00 -6.342497e+00 -1.833991e-19)	(1.021580e+00 -3.464421e-02 1.320752e-22)
0.018        	(5.739445e+00 -5.110438e+00 -1.706300e-19)	(4.709172e+00 -5.073596e+00 -1.707997e-19)	(1.030272e+00 -3.684144e-02 1.697126e-22)
0.019        	(6.329813e+00 -7.010909e+00 -1.623112e-19)	(5.279928e+00 -6.976943e+00 -1.624318e-19)	(1.049885e+00 -3.396662e-02 1.205976e-22)
0.02         	(7.382605e+00 -7.530793e+00 -1.626925e-19)	(6.315580e+00 -7.509208e+00 -1.628072e-19)	(1.067025e+00 -2.158501e-02 1.146323e-22)
0.021        	(8.595561e+00 -7.953605e+00 -1.737907e-19)	(7.517584e+00 -7.932169e+00 -1.739532e-19)	(1.077977e+00 -2.143615e-02 1.625652e-22)
0.022        	(8.544075e+00 -8.637180e+00 -1.712065e-19)	(7.446069e+00 -8.619904e+00 -1.713573e-19)	(1.098006e+00 -1.727662e-02 1.507833e-22)
0.023        	(7.729904e+00 -6.867068e+00 -1.696573e-19)	(6.615593e+00 -6.846741e+00 -1.697270e-19)	(1.114311e+00 -2.032744e-02 6.965679e-23)
0.024        	(7.508173e+00 -6.721284e+00 -1.735079e-19)	(6.379105e+00 -6.703104e+00 -1.734979e-19)	(1.129068e+00 -1.817927e-02 -1.005858e-23)
0.025        	(7.169760e+00 -6.155162e+00 -1.717010e-19)	(6.014451e+00 -6.137263e+00 -1.716786e-19)	(1.155309e+00 -1.789859e-02 -2.237694e-23)
0.026        	(7.518875e+00 -7.422892e+00 -1.700520e-19)	(6.348763e+00 -7.404240e+00 -1.701212e-19)	(1.170112e+00 -1.865246e-02 6.911400e-23)
0.027        	(7.930442e+00 -7.030816e+00 -1.715070e-19)	(6.730875e+00 -7.014461e+00 -1.715861e-19)	(1.199566e+00 -1.635493e-02 7.909616e-23)
0.028        	(8.753803e+00 -8.920075e+00 -1.795502e-19)	(7.535942e+00 -8.910506e+00 -1.795713e-19)	(1.217861e+00 -9.568559e-03 2.113390e-23)
0.029        	(9.263900e+00 -9.207022e+00 -1.815592e-19)	(8.017336e+00 -9.198835e+00 -1.816084e-19)	(1.246564e+00 -8.186884e-03 4.914031e-23)
0.03         	(9.450259e+00 -8.451775e+00 -1.817251e-19)	(8.187090e+00 -8.443111e+00 -1.818467e-19)	(1.263169e+00 -8.664426e-03 1.216069e-22)
0.031        	(9.722176e+00 -9.895541e+00 -1.780746e-19)	(8.448988e+00 -9.883152e+00 -1.781747e-19)	(1.273188e+00 -1.238958e-02 1.000910e-22)
0.032        	(9.534427e+00 -8.911911e+00 -1.744859e-19)	(8.237478e+00 -8.896824e+00 -1.745205e-19)	(1.296948e+00 -1.508710e-02 3.462108e-23)
0.033        	(9.368974e+00 -8.863251e+00 -1.725019e-19)	(8.055488e+00 -8.845420e+00 -1.725414e-19)	(1.313486e+00 -1.783126e-02 3.949097e-23)
0.034        	(9.127028e+00 -1.056013e+01 -1.662226e-19)	(7.772653e+00 -1.055088e+01 -1.663241e-19)	(1.354375e+00 -9.251395e-03 1.015334e-22)
0.035        	(8.704958e+00 -9.512614e+00 -1.676919e-19)	(7.325251e+00 -9.506274e+00 -1.677952e-19)	(1.379707e+00 -6.340061e-03 1.033817e-22)
0.036        	(9.096746e+00 -8.709348e+00 -1.753144e-19)	(7.689456e+00 -8.706054e+00 -1.753914e-19)	(1.407291e+00 -3.294383e-03 7.704049e-23)
0.037        	(9.171775e+00 -9.388190e+00 -1.741542e-19)	(7.726464e+00 -9.389004e+00 -1.741966e-19)	(1.445311e+00 8.141609e-04 4.241838e-23)
0.038        	(9.740330e+00 -9.763106e+00 -1.672434e-19)	(8.272129e+00 -9.757373e+00 -1.672963e-19)	(1.468201e+00 -5.733314e-03 5.284273e-23)
0.039        	(1.004321e+01 -1.022905e+01 -1.717863e-19)	(8.541970e+00 -1.021617e+01 -1.718578e-19)	(1.501241e+00 -1.288334e-02 7.153504e-23)
0.04         	(1.059658e+01 -1.073765e+01 -1.755095e-19)	(9.070008e+00 -1.072549e+01 -1.754979e-19)	(1.526573e+00 -1.216499e-02 -1.159206e-23)
0.041        	(9.633092e+00 -1.016330e+01 -1.732656e-19)	(8.052949e+00 -1.014449e+01 -1.731402e-19)	(1.580142e+00 -1.880886e-02 -1.254173e-22)
0.042        	(9.895177e+00 -1.239449e+01 -1.708345e-19)	(8.281217e+00 -1.237559e+01 -1.707960e-19)	(1.613960e+00 -1.890279e-02 -3.854176e-23)
0.043        	(9.494220e+00 -1.094414e+01 -1.717570e-19)	(7.836153e+00 -1.093725e+01 -1.718672e-19)	(1.658067e+00 -6.893378e-03 1.101933e-22)
0.044        	(1.023422e+01 -1.203133e+01 -1.822911e-19)	(8.546556e+00 -1.203529e+01 -1.823165e-19)	(1.687665e+00 3.958859e-03 2.542525e-23)
0.045        	(9.711785e+00 -1.352873e+01 -1.793834e-19)	(8.013446e+00 -1.354016e+01 -1.793310e-19)	(1.698339e+00 1.142842e-02 -5.243995e-23)
0.046        	(9.381503e+00 -1.361153e+01 -1.765851e-19)	(7.657085e+00 -1.362459e+01 -1.765736e-19)	(1.724418e+00 1.305699e-02 -1.144872e-23)
0.047        	(1.009739e+01 -1.390748e+01 -1.776259e-19)	(8.336990e+00 -1.392884e+01 -1.776298e-19)	(1.760398e+00 2.135442e-02 3.899860e-24)
0.048        	(9.917810e+00 -1.055967e+01 -1.809813e-19)	(8.112110e+00 -1.060357e+01 -1.809156e-19)	(1.805700e+00 4.390794e-02 -6.573584e-23)
0.049        	(1.070116e+01 -1.168850e+01 -1.717885e-19)	(8.876186e+00 -1.174818e+01 -1.718221e-19)	(1.824969e+00 5.968336e-02 3.359014e-23)
0.05         	(9.943738e+00 -1.179153e+01 -1.582480e-19)	(8.123249e+00 -1.184775e+01 -1.586579e-19)	(1.820488e+00 5.622043e-02 4.098892e-22)
0.051        	(1.120430e+01 -1.696555e+01 -1.691751e-19)	(9.378030e+00 -1.702781e+01 -1.696384e-19)	(1.826267e+00 6.225947e-02 4.632718e-22)
0.052        	(1.109090e+01 -1.574159e+01 -1.738895e-19)	(9.238544e+00 -1.581573e+01 -1.739546e-19)	(1.852355e+00 7.414538e-02 6.515751e-23)
0.053        	(1.047845e+01 -1.108693e+01 -1.724444e-19)	(8.650768e+00 -1.116333e+01 -1.722757e-19)	(1.827683e+00 7.639895e-02 -1.686391e-22)
0.054        	(8.988056e+00 -6.072860e+00 -1.641039e-19)	(7.171472e+00 -6.122844e+00 -1.644880e-19)	(1.816584e+00 4.998393e-02 3.841357e-22)
0.055        	(8.933115e+00 -6.830485e+00 -1.798982e-19)	(7.124652e+00 -6.851363e+00 -1.806453e-19)	(1.808463e+00 2.087834e-02 7.471188e-22)
0.056        	(5.578481e+00 4.117708e+00 -2.410702e-19)	(3.761917e+00 4.076097e+00 -2.414026e-19)	(1.816565e+00 4.161074e-02 3.324352e-22)
0.057        	(7.960203e+00 -2.708172e+00 -2.242006e-19)	(6.160493e+00 -2.767364e+00 -2.236815e-19)	(1.799710e+00 5.919233e-02 -5.191030e-22)
0.058        	(7.725697e+00 3.100154e+00 -2.401214e-19)	(5.972837e+00 3.047944e+00 -2.389732e-19)	(1.752860e+00 5.221093e-02 -1.148272e-21)
0.059        	(7.937776e+00 1.843797e-01 -2.236227e-19)	(6.226040e+00 1.324416e-01 -2.233015e-19)	(1.711735e+00 5.193809e-02 -3.211322e-22)
0.06         	(5.428482e+00 1.842127e+01 -2.671788e-19)	(3.728292e+00 1.837729e+01 -2.679465e-19)	(1.700190e+00 4.398403e-02 7.676738e-22)
0.061        	(6.551689e+00 1.452137e+01 -2.359397e-19)	(4.836482e+00 1.447273e+01 -2.364997e-19)	(1.715208e+00 4.863817e-02 5.600593e-22)
0.062        	(8.704428e+00 -1.424463e+00 -2.196247e-19)	(7.002571e+00 -1.468375e+00 -2.195873e-19)	(1.701856e+00 4.391206e-02 -3.746713e-23)
0.063        	(6.300823e+00 6.378289e+00 -2.462507e-19)	(4.608358e+00 6.349261e+00 -2.465332e-19)	(1.692464e+00 2.902726e-02 2.824696e-22)
0.064        	(2.808797e+00 2.792262e+01 -2.997660e-19)	(1.114670e+00 2.788421e+01 -3.003603e-19)	(1.694126e+00 3.840840e-02 5.942454e-22)
0.065        	(4.522313e+00 2.047097e+01 -2.649945e-19)	(2.814797e+00 2.043604e+01 -2.655714e-19)	(1.707516e+00 3.492674e-02 5.769412e-22)
0.066        	(4.459786e+00 2.035130e+01 -2.710466e-19)	(2.792848e+00 2.034932e+01 -2.709690e-19)	(1.666938e+00 1.971485e-03 -7.764955e-23)
0.067        	(-1.230895e+00 5.838187e+01 -3.887256e-19)	(-2.933752e+00 5.838928e+01 -3.884309e-19)	(1.702857e+00 -7.406243e-03 -2.946527e-22)
0.068        	(1.650521e-01 4.359283e+01 -3.409897e-19)	(-1.472476e+00 4.361895e+01 -3.410867e-19)	(1.637529e+00 -2.612449e-02 9.707130e-23)
0.069        	(1.113879e+00 3.746833e+01 -3.271364e-19)	(-4.488343e-01 3.750081e+01 -3.273719e-19)	(1.562714e+00 -3.247852e-02 2.355266e-22)
0.07         	(9.872934e-01 4.452546e+01 -3.492944e-19)	(-6.270911e-01 4.455481e+01 -3.496003e-19)	(1.614385e+00 -2.935093e-02 3.058398e-22)
0.071        	(-1.168207e-01 4.455065e+01 -3.397448e-19)	(-1.745560e+00 4.462717e+01 -3.395746e-19)	(1.628740e+00 -7.651593e-02 -1.702464e-22)
0.072        	(-6.021218e+00 7.440244e+01 -4.258241e-19)	(-7.587412e+00 7.457033e+01 -4.252842e-19)	(1.566195e+00 -1.678957e-01 -5.399236e-22)
0.073        	(-7.428287e+00 8.275968e+01 -4.277056e-19)	(-8.905594e+00 8.296172e+01 -4.283297e-19)	(1.477306e+00 -2.020432e-01 6.240947e-22)
0.074        	(-5.494950e+00 6.471797e+01 -3.992936e-19)	(-6.923487e+00 6.492369e+01 -4.005896e-19)	(1.428536e+00 -2.057197e-01 1.296017e-21)
0.075        	(-5.670686e+00 7.132208e+01 -3.937319e-19)	(-7.085439e+00 7.151390e+01 -3.942965e-19)	(1.414753e+00 -1.918187e-01 5.646440e-22)
0.076        	(-7.844736e+00 8.496148e+01 -4.098769e-19)	(-9.188435e+00 8.515301e+01 -4.097943e-19)	(1.343699e+00 -1.915232e-01 -8.255295e-23)
0.077        	(-8.850359e+00 8.950049e+01 -3.685791e-19)	(-1.012060e+01 8.966590e+01 -3.678496e-19)	(1.270243e+00 -1.654060e-01 -7.294913e-22)
0.078        	(-9.287091e+00 8.889237e+01 -3.639390e-19)	(-1.049297e+01 8.908907e+01 -3.638631e-19)	(1.205883e+00 -1.966964e-01 -7.587229e-23)
0.079        	(-1.189508e+01 9.518602e+01 -3.760557e-19)	(-1.308417e+01 9.539371e+01 -3.771515e-19)	(1.189092e+00 -2.076919e-01 1.095831e-21)
0.08         	(-1.162432e+01 9.880497e+01 -3.631881e-19)	(-1.281290e+01 9.907079e+01 -3.643228e-19)	(1.188579e+00 -2.658214e-01 1.134677e-21)
0.081        	(-1.578689e+01 1.160554e+02 -3.999977e-19)	(-1.691608e+01 1.163750e+02 -4.003960e-19)	(1.129192e+00 -3.196223e-01 3.982438e-22)
0.082        	(-2.023779e+01 1.460804e+02 -3.500640e-19)	(-2.129358e+01 1.463469e+02 -3.496984e-19)	(1.055794e+00 -2.665178e-01 -3.656004e-22)
0.083        	(-1.646090e+01 1.281376e+02 -3.500863e-19)	(-1.747373e+01 1.284061e+02 -3.495510e-19)	(1.012828e+00 -2.685832e-01 -5.352118e-22)
0.084        	(-1.559052e+01 1.140255e+02 -3.665623e-19)	(-1.658426e+01 1.143339e+02 -3.662063e-19)	(9.937422e-01 -3.084424e-01 -3.559476e-22)
0.085        	(-1.787583e+01 1.334912e+02 -3.723640e-19)	(-1.884708e+01 1.338099e+02 -3.718773e-19)	(9.712477e-01 -3.187165e-01 -4.867294e-22)
0.086        	(-1.479717e+01 1.213558e+02 -3.485500e-19)	(-1.570476e+01 1.215955e+02 -3.482409e-19)	(9.075855e-01 -2.396421e-01 -3.090881e-22)
0.087        	(-1.387357e+01 1.204253e+02 -3.367919e-19)	(-1.482282e+01 1.206528e+02 -3.370188e-19)	(9.492519e-01 -2.275292e-01 2.269331e-22)
0.088        	(-1.604651e+01 1.333934e+02 -3.539636e-19)	(-1.707053e+01 1.335875e+02 -3.544650e-19)	(1.024010e+00 -1.940745e-01 5.013758e-22)
0.089        	(-1.235405e+01 9.821107e+01 -3.563156e-19)	(-1.349432e+01 9.860276e+01 -3.546591e-19)	(1.140277e+00 -3.916852e-01 -1.656445e-21)
0.09         	(-2.117563e+01 1.308298e+02 -4.508165e-19)	(-2.220815e+01 1.312059e+02 -4.471506e-19)	(1.032523e+00 -3.760346e-01 -3.665913e-21)
0.091        	(-1.993100e+01 1.085111e+02 -4.505608e-19)	(-2.093200e+01 1.090123e+02 -4.475088e-19)	(1.000999e+00 -5.011840e-01 -3.051991e-21)
0.092        	(-1.995774e+01 8.687515e+01 -4.713004e-19)	(-2.115621e+01 8.732097e+01 -4.714741e-19)	(1.198478e+00 -4.458221e-01 1.737307e-22)
0.093        	(-3.064708e+01 -1.329068e+01 -5.782557e-19)	(-3.148078e+01 -1.280588e+01 -5.788808e-19)	(8.337035e-01 -4.848042e-01 6.250306e-22)
0.094        	(-4.041251e+01 3.260775e+01 -6.331599e-19)	(-4.161507e+01 3.344484e+01 -6.316093e-19)	(1.202559e+00 -8.370913e-01 -1.550667e-21)
0.095        	(-4.399806e+01 7.397454e+01 -8.120133e-19)	(-4.505053e+01 7.480682e+01 -8.076967e-19)	(1.052464e+00 -8.322832e-01 -4.316594e-21)
0.096        	(-4.165980e+01 -1.144689e+01 -9.671261e-19)	(-4.297511e+01 -1.123060e+01 -9.682330e-19)	(1.315305e+00 -2.162879e-01 1.106889e-21)
0.097        	(-5.838438e+01 -1.940212e+02 -1.488246e-18)	(-5.953404e+01 -1.935376e+02 -1.489512e-18)	(1.149668e+00 -4.836132e-01 1.265969e-21)
0.098        	(-1.222138e+02 -4.604742e+02 -2.760202e-18)	(-1.232699e+02 -4.595191e+02 -2.767305e-18)	(1.056151e+00 -9.551667e-01 7.103467e-21)
0.099        	(-1.682112e+02 -1.785460e+02 -2.922446e-18)	(-1.710844e+02 -1.767380e+02 -2.920444e-18)	(2.873195e+00 -1.808048e+00 -2.001886e-21)
0.1          	(-1.688071e+02 -8.968484e+02 -3.556001e-18)	(-1.724371e+02 -8.927455e+02 -3.532788e-18)	(3.630021e+00 -4.102888e+00 -2.321264e-20)
0.101        	(-1.153328e+02 -4.318976e+02 -1.368558e-18)	(-1.152218e+02 -4.257674e+02 -1.387525e-18)	(-1.110239e-01 -6.130166e+00 1.896628e-20)
0.102        	(-1.197887e+02 -4.018366e+02 -2.114556e-18)	(-1.175402e+02 -3.988389e+02 -2.136385e-18)	(-2.248476e+00 -2.997698e+00 2.182908e-20)
0.103        	(-1.469993e+02 -3.769554e+02 -1.534524e-18)	(-1.468301e+02 -3.710112e+02 -1.563027e-18)	(-1.692152e-01 -5.944132e+00 2.850215e-20)
0.104        	(-2.054023e+02 -9.231665e+02 1.642651e-19)	(-2.062538e+02 -9.225650e+02 6.463786e-20)	(8.514387e-01 -6.015390e-01 9.962723e-20)
0.105        	(-5.820908e+02 -3.914055e+03 -6.809707e-18)	(-5.726023e+02 -3.926715e+03 -6.855261e-18)	(-9.488485e+00 1.266013e+01 4.555455e-20)
0.106        	(-2.012890e+03 -1.554755e+04 -7.274421e-17)	(-1.996899e+03 -1.555774e+04 -7.276261e-17)	(-1.599133e+01 1.018561e+01 1.840784e-20)
0.107        	(-5.776624e+02 5.733264e+03 2.331254e-16)	(-8.510305e+02 5.529580e+03 2.362239e-16)	(2.733680e+02 2.036843e+02 -3.098571e-18)
0.108        	(1.536272e+05 1.156606e+06 4.727437e-15)	(1.547242e+05 1.160227e+06 4.722938e-15)	(-1.096969e+03 -3.620941e+03 4.498893e-18)
0.109        	(3.037925e+04 2.604975e+05 -4.910783e-17)	(3.043751e+04 2.601933e+05 -4.892305e-17)	(-5.826547e+01 3.041768e+02 -1.847788e-19)
0.11         	(2.766618e+04 6.837252e+04 -6.290210e-17)	(1.258517e+04 7.878442e+04 1.762696e-17)	(1.508101e+04 -1.041191e+04 -8.052906e-17)
0.111        	(-7.574526e+04 -5.300345e+05 1.230850e-15)	(-7.956417e+04 -5.221359e+05 1.296195e-15)	(3.818908e+03 -7.898620e+03 -6.534492e-17)
0.112        	(1.193896e+07 8.889991e+07 1.040278e-13)	(1.200082e+07 8.889313e+07 1.039922e-13)	(-6.185856e+04 6.778321e+03 3.563677e-17)
0.113        	(3.587787e+06 -1.392875e+07 2.182027e-13)	(-1.165298e+06 -1.207444e+07 2.101202e-13)	(4.753085e+06 -1.854309e+06 8.082436e-15)
0.114        	(-1.194187e+08 -9.888184e+08 -4.200595e-13)	(-1.183776e+08 -9.895414e+08 -4.201531e-13)	(-1.041139e+06 7.230326e+05 9.358762e-17)
0.115        	(-2.247514e+09 -8.642889e+10 -8.785378e-11)	(-1.008057e+10 -9.213010e+10 -9.618083e-12)	(7.833059e+09 5.701210e+09 -7.823569e-11)
0.116        	(-2.620425e+10 -2.517028e+11 -4.926709e-10)	(-2.620796e+10 -2.517629e+11 -4.924919e-10)	(3.707577e+06 6.011529e+07 -1.790435e-13)
0.117        	(2.621120e+12 3.198280e+13 7.207382e-08)	(2.621906e+12 3.198259e+13 7.206672e-08)	(-7.862234e+08 2.086983e+08 7.097479e-12)
0.118        	(-1.286387e+15 -1.165746e+16 1.120945e-06)	(-1.212161e+15 -1.166618e+16 -3.999859e-06)	(-7.422623e+13 8.717743e+12 5.120804e-06)
0.119        	(-8.366047e+25 -8.076514e+26 -2.265921e+06)	(-8.366046e+25 -8.076514e+26 -2.265921e+06)	(-5.105984e+18 -2.092475e+18 2.301102e-02)
0.12         	(4.164449e+35 -1.236246e+36 1.399392e+14)	(3.968024e+34 2.997378e+35 1.047553e+14)	(3.767647e+35 -1.535984e+36 3.518393e+13)
