# Force      
# CofR       : (0.000000e+00 0.000000e+00 0.000000e+00)
#            
# Time       	(total_x total_y total_z)	(pressure_x pressure_y pressure_z)	(viscous_x viscous_y viscous_z)
0.001        	(3.268257e+02 -3.491390e+03 -1.687996e-18)	(3.233686e+02 -3.491288e+03 -1.687897e-18)	(3.457087e+00 -1.019563e-01 -9.844099e-23)
0.002        	(-1.218952e+02 1.290205e+03 3.253945e-19)	(-1.247568e+02 1.290341e+03 3.254937e-19)	(2.861647e+00 -1.367136e-01 -9.921553e-23)
0.003        	(1.560586e+00 3.319874e-01 -1.199540e-19)	(4.854231e-04 4.168983e-01 -1.198451e-19)	(1.560101e+00 -8.491090e-02 -1.088738e-22)
0.004        	(8.321931e-01 -1.655717e+00 -1.196915e-19)	(-3.159835e-01 -1.598858e+00 -1.196360e-19)	(1.148177e+00 -5.685891e-02 -5.546320e-23)
0.005        	(5.311225e-01 -2.404225e+00 -1.200264e-19)	(-5.389789e-01 -2.339707e+00 -1.199911e-19)	(1.070101e+00 -6.451835e-02 -3.531699e-23)
0.006        	(6.493040e-01 -1.516764e+00 -1.292907e-19)	(-3.724745e-01 -1.459546e+00 -1.291910e-19)	(1.021779e+00 -5.721763e-02 -9.968233e-23)
0.007        	(1.114719e+00 -2.692709e+00 -1.396022e-19)	(5.722983e-02 -2.634821e+00 -1.393047e-19)	(1.057490e+00 -5.788826e-02 -2.974584e-22)
0.008        	(1.465066e+00 -2.253299e+00 -1.444375e-19)	(3.917667e-01 -2.177535e+00 -1.437974e-19)	(1.073299e+00 -7.576378e-02 -6.401248e-22)
0.009        	(2.256456e+00 -2.698531e+00 -1.563308e-19)	(1.190898e+00 -2.625657e+00 -1.553944e-19)	(1.065558e+00 -7.287388e-02 -9.364557e-22)
0.01         	(3.295959e+00 -2.981373e+00 -1.570470e-19)	(2.243945e+00 -2.919162e+00 -1.562681e-19)	(1.052014e+00 -6.221142e-02 -7.789907e-22)
0.011        	(4.496920e+00 -2.466548e+00 -1.527367e-19)	(3.454174e+00 -2.404948e+00 -1.522986e-19)	(1.042746e+00 -6.159999e-02 -4.381104e-22)
0.012        	(4.673630e+00 -3.119177e+00 -1.581481e-19)	(3.631791e+00 -3.054529e+00 -1.578507e-19)	(1.041839e+00 -6.464750e-02 -2.974110e-22)
0.013        	(4.860793e+00 -3.782015e+00 -1.549522e-19)	(3.819628e+00 -3.725896e+00 -1.546693e-19)	(1.041165e+00 -5.611820e-02 -2.829068e-22)
0.014        	(5.422641e+00 -4.148226e+00 -1.549502e-19)	(4.376152e+00 -4.091408e+00 -1.546961e-19)	(1.046490e+00 -5.681888e-02 -2.540649e-22)
0.015        	(5.736958e+00 -5.367488e+00 -1.589060e-19)	(4.683521e+00 -5.316904e+00 -1.587493e-19)	(1.053437e+00 -5.058410e-02 -1.566646e-22)
0.016        	(6.203123e+00 -5.320541e+00 -1.617595e-19)	(5.134759e+00 -5.288502e+00 -1.617643e-19)	(1.068363e+00 -3.203861e-02 4.815538e-24)
0.017        	(6.743767e+00 -5.170283e+00 -1.750896e-19)	(5.668975e+00 -5.145056e+00 -1.751689e-19)	(1.074793e+00 -2.522704e-02 7.936802e-23)
0.018        	(6.727926e+00 -4.985138e+00 -1.736562e-19)	(5.644391e+00 -4.953864e+00 -1.737756e-19)	(1.083536e+00 -3.127395e-02 1.193252e-22)
0.019        	(6.692880e+00 -5.817797e+00 -1.610206e-19)	(5.597285e+00 -5.784829e+00 -1.611722e-19)	(1.095595e+00 -3.296785e-02 1.515162e-22)
0.02         	(7.806290e+00 -7.052507e+00 -1.574886e-19)	(6.690033e+00 -7.028655e+00 -1.576826e-19)	(1.116257e+00 -2.385216e-02 1.939980e-22)
0.021        	(7.834596e+00 -7.460741e+00 -1.729303e-19)	(6.697224e+00 -7.439582e+00 -1.731512e-19)	(1.137372e+00 -2.115929e-02 2.209079e-22)
0.022        	(7.977992e+00 -8.248830e+00 -1.710835e-19)	(6.817786e+00 -8.233314e+00 -1.712461e-19)	(1.160206e+00 -1.551565e-02 1.626069e-22)
0.023        	(8.159874e+00 -8.119691e+00 -1.743802e-19)	(6.983935e+00 -8.108161e+00 -1.743996e-19)	(1.175940e+00 -1.153058e-02 1.934186e-23)
0.024        	(7.113668e+00 -6.564556e+00 -1.713172e-19)	(5.921526e+00 -6.552909e+00 -1.712082e-19)	(1.192143e+00 -1.164619e-02 -1.089753e-22)
0.025        	(7.571081e+00 -6.580243e+00 -1.652008e-19)	(6.371848e+00 -6.574157e+00 -1.651205e-19)	(1.199233e+00 -6.085947e-03 -8.029818e-23)
0.026        	(8.235419e+00 -6.983031e+00 -1.634972e-19)	(6.996934e+00 -6.984678e+00 -1.635920e-19)	(1.238485e+00 1.647202e-03 9.484646e-23)
0.027        	(8.187396e+00 -5.560940e+00 -1.645462e-19)	(6.927613e+00 -5.558049e+00 -1.647767e-19)	(1.259783e+00 -2.891166e-03 2.305370e-22)
0.028        	(8.542381e+00 -6.240985e+00 -1.711948e-19)	(7.273050e+00 -6.227383e+00 -1.712915e-19)	(1.269331e+00 -1.360152e-02 9.668673e-23)
0.029        	(9.138498e+00 -6.927310e+00 -1.736700e-19)	(7.861903e+00 -6.908749e+00 -1.736505e-19)	(1.276595e+00 -1.856085e-02 -1.943509e-23)
0.03         	(9.485313e+00 -7.955773e+00 -1.703588e-19)	(8.180151e+00 -7.946977e+00 -1.703434e-19)	(1.305162e+00 -8.795458e-03 -1.538709e-23)
0.031        	(9.534380e+00 -8.521202e+00 -1.686368e-19)	(8.199790e+00 -8.519276e+00 -1.686514e-19)	(1.334591e+00 -1.925735e-03 1.467518e-23)
0.032        	(9.252005e+00 -7.580279e+00 -1.708916e-19)	(7.886793e+00 -7.565908e+00 -1.708810e-19)	(1.365212e+00 -1.437083e-02 -1.065274e-23)
0.033        	(8.957316e+00 -6.743638e+00 -1.752901e-19)	(7.567401e+00 -6.732175e+00 -1.752460e-19)	(1.389916e+00 -1.146272e-02 -4.407251e-23)
0.034        	(8.099435e+00 -5.807304e+00 -1.668966e-19)	(6.685273e+00 -5.809870e+00 -1.668281e-19)	(1.414162e+00 2.565652e-03 -6.846241e-23)
0.035        	(9.168279e+00 -8.808901e+00 -1.609705e-19)	(7.722663e+00 -8.814569e+00 -1.609006e-19)	(1.445616e+00 5.668001e-03 -6.989676e-23)
0.036        	(9.034950e+00 -7.318389e+00 -1.608782e-19)	(7.543516e+00 -7.307485e+00 -1.608542e-19)	(1.491434e+00 -1.090470e-02 -2.396071e-23)
0.037        	(9.510658e+00 -8.847878e+00 -1.674354e-19)	(7.963093e+00 -8.835857e+00 -1.674906e-19)	(1.547565e+00 -1.202134e-02 5.523792e-23)
0.038        	(9.904669e+00 -8.745557e+00 -1.640801e-19)	(8.315453e+00 -8.758977e+00 -1.640303e-19)	(1.589215e+00 1.341994e-02 -4.981606e-23)
0.039        	(1.027726e+01 -9.205085e+00 -1.658605e-19)	(8.651499e+00 -9.233045e+00 -1.656124e-19)	(1.625760e+00 2.796024e-02 -2.481695e-22)
0.04         	(9.373675e+00 -7.972696e+00 -1.626877e-19)	(7.730345e+00 -7.994108e+00 -1.624395e-19)	(1.643329e+00 2.141223e-02 -2.481597e-22)
0.041        	(9.813803e+00 -8.622425e+00 -1.669695e-19)	(8.145119e+00 -8.640447e+00 -1.670725e-19)	(1.668684e+00 1.802225e-02 1.029457e-22)
0.042        	(1.033076e+01 -1.051830e+01 -1.707954e-19)	(8.609234e+00 -1.054458e+01 -1.710509e-19)	(1.721525e+00 2.627571e-02 2.555550e-22)
0.043        	(1.004661e+01 -9.742429e+00 -1.717050e-19)	(8.273190e+00 -9.761657e+00 -1.716145e-19)	(1.773423e+00 1.922873e-02 -9.051901e-23)
0.044        	(1.024755e+01 -7.465955e+00 -1.729961e-19)	(8.445356e+00 -7.469460e+00 -1.725557e-19)	(1.802199e+00 3.505352e-03 -4.403309e-22)
0.045        	(9.337457e+00 -8.763799e+00 -1.641492e-19)	(7.512333e+00 -8.768959e+00 -1.639985e-19)	(1.825124e+00 5.160211e-03 -1.506925e-22)
0.046        	(9.579987e+00 -9.685109e+00 -1.628747e-19)	(7.744380e+00 -9.700536e+00 -1.633376e-19)	(1.835607e+00 1.542721e-02 4.628716e-22)
0.047        	(1.017712e+01 -1.230433e+01 -1.713112e-19)	(8.334768e+00 -1.232627e+01 -1.718246e-19)	(1.842349e+00 2.194147e-02 5.134092e-22)
0.048        	(1.021737e+01 -1.254832e+01 -1.789781e-19)	(8.350180e+00 -1.257931e+01 -1.790639e-19)	(1.867194e+00 3.098896e-02 8.573434e-23)
0.049        	(1.013121e+01 -7.701756e+00 -1.752084e-19)	(8.258919e+00 -7.709677e+00 -1.751546e-19)	(1.872289e+00 7.920933e-03 -5.376143e-23)
0.05         	(1.047197e+01 -1.000782e+01 -1.689446e-19)	(8.607545e+00 -1.001285e+01 -1.690639e-19)	(1.864427e+00 5.025016e-03 1.192795e-22)
0.051        	(1.107773e+01 -1.427737e+01 -1.769479e-19)	(9.197681e+00 -1.430239e+01 -1.771901e-19)	(1.880045e+00 2.502403e-02 2.421232e-22)
0.052        	(1.083974e+01 -1.136036e+01 -1.808890e-19)	(8.972540e+00 -1.141128e+01 -1.812051e-19)	(1.867201e+00 5.092172e-02 3.161442e-22)
0.053        	(1.033073e+01 -1.109521e+01 -1.811332e-19)	(8.458657e+00 -1.115188e+01 -1.813887e-19)	(1.872076e+00 5.667342e-02 2.555927e-22)
0.054        	(1.052027e+01 -1.014700e+01 -1.714814e-19)	(8.612830e+00 -1.018894e+01 -1.715200e-19)	(1.907437e+00 4.194875e-02 3.857197e-23)
0.055        	(9.542498e+00 -8.060028e+00 -1.596412e-19)	(7.631078e+00 -8.106641e+00 -1.594376e-19)	(1.911420e+00 4.661371e-02 -2.036645e-22)
0.056        	(9.502907e+00 -7.758883e+00 -1.695932e-19)	(7.570972e+00 -7.812797e+00 -1.695101e-19)	(1.931935e+00 5.391352e-02 -8.310717e-23)
0.057        	(9.905741e+00 -9.183237e+00 -1.778788e-19)	(7.971337e+00 -9.219675e+00 -1.781885e-19)	(1.934404e+00 3.643771e-02 3.096350e-22)
0.058        	(9.110046e+00 -9.565674e+00 -1.748738e-19)	(7.190947e+00 -9.612290e+00 -1.751005e-19)	(1.919099e+00 4.661638e-02 2.267623e-22)
0.059        	(9.129225e+00 -5.787418e+00 -1.647506e-19)	(7.254237e+00 -5.851492e+00 -1.646540e-19)	(1.874987e+00 6.407399e-02 -9.661145e-23)
0.06         	(8.911621e+00 -3.560573e+00 -1.788954e-19)	(6.995516e+00 -3.632193e+00 -1.786613e-19)	(1.916105e+00 7.162051e-02 -2.341263e-22)
0.061        	(9.612142e+00 -3.013173e+00 -1.910111e-19)	(7.678779e+00 -3.084632e+00 -1.907587e-19)	(1.933363e+00 7.145898e-02 -2.523933e-22)
0.062        	(9.533289e+00 -3.588259e+00 -1.991373e-19)	(7.634863e+00 -3.649563e+00 -1.991049e-19)	(1.898426e+00 6.130358e-02 -3.235630e-23)
0.063        	(7.923006e+00 2.882563e+00 -2.223656e-19)	(6.014292e+00 2.817465e+00 -2.225632e-19)	(1.908714e+00 6.509775e-02 1.976597e-22)
0.064        	(7.872176e+00 2.720069e+00 -2.100519e-19)	(5.929023e+00 2.681457e+00 -2.099905e-19)	(1.943152e+00 3.861207e-02 -6.138583e-23)
0.065        	(8.490429e+00 -5.859511e-01 -1.743754e-19)	(6.546904e+00 -6.092510e-01 -1.739887e-19)	(1.943525e+00 2.329983e-02 -3.866752e-22)
0.066        	(8.291658e+00 -8.789557e-03 -2.009944e-19)	(6.353830e+00 -1.017384e-02 -2.006920e-19)	(1.937828e+00 1.384283e-03 -3.023597e-22)
0.067        	(6.727487e+00 2.528605e+00 -2.299764e-19)	(4.806826e+00 2.531557e+00 -2.299239e-19)	(1.920661e+00 -2.951645e-03 -5.245083e-23)
0.068        	(6.439499e+00 -9.247000e-01 -2.376301e-19)	(4.498870e+00 -9.527758e-01 -2.381366e-19)	(1.940630e+00 2.807572e-02 5.065132e-22)
0.069        	(8.112747e+00 -4.032000e+00 -2.246518e-19)	(6.159710e+00 -4.059209e+00 -2.255175e-19)	(1.953037e+00 2.720844e-02 8.656672e-22)
0.07         	(6.838457e+00 -1.717020e-01 -2.213365e-19)	(4.913709e+00 -1.896590e-01 -2.218843e-19)	(1.924748e+00 1.795702e-02 5.477286e-22)
0.071        	(5.825549e+00 3.209300e+00 -2.215005e-19)	(3.934028e+00 3.198086e+00 -2.217801e-19)	(1.891521e+00 1.121409e-02 2.795665e-22)
0.072        	(5.558581e+00 2.194200e+00 -2.140628e-19)	(3.712955e+00 2.222528e+00 -2.142824e-19)	(1.845626e+00 -2.832804e-02 2.195672e-22)
0.073        	(4.055198e+00 3.998256e+00 -2.252968e-19)	(2.256946e+00 4.082127e+00 -2.250712e-19)	(1.798253e+00 -8.387076e-02 -2.255676e-22)
0.074        	(2.751494e+00 -4.529914e-01 -2.484522e-19)	(8.821365e-01 -3.762550e-01 -2.487538e-19)	(1.869358e+00 -7.673643e-02 3.015648e-22)
0.075        	(2.120529e-02 -6.060886e+00 -2.746949e-19)	(-1.870035e+00 -6.019337e+00 -2.756201e-19)	(1.891241e+00 -4.154939e-02 9.252756e-22)
0.076        	(-4.815270e+00 3.191755e+01 -3.499441e-19)	(-6.641584e+00 3.193425e+01 -3.503082e-19)	(1.826314e+00 -1.670227e-02 3.640560e-22)
0.077        	(-9.256462e-01 1.570080e+01 -2.933231e-19)	(-2.743022e+00 1.559608e+01 -2.923078e-19)	(1.817376e+00 1.047182e-01 -1.015322e-21)
0.078        	(-1.111907e+00 2.048838e+01 -3.306248e-19)	(-3.083494e+00 2.046641e+01 -3.310585e-19)	(1.971587e+00 2.196609e-02 4.336856e-22)
0.079        	(-8.200397e+00 5.845064e+01 -4.737284e-19)	(-1.017362e+01 5.852616e+01 -4.746678e-19)	(1.973223e+00 -7.551822e-02 9.393759e-22)
0.08         	(-2.098727e+01 1.271258e+02 -6.571659e-19)	(-2.296130e+01 1.271696e+02 -6.578514e-19)	(1.974037e+00 -4.381717e-02 6.855120e-22)
0.081        	(-9.738718e-02 1.476978e+01 -3.659033e-19)	(-2.072415e+00 1.483684e+01 -3.661314e-19)	(1.975028e+00 -6.705190e-02 2.281281e-22)
0.082        	(2.913936e+00 8.164929e+00 -2.856147e-19)	(1.028735e+00 8.242285e+00 -2.853516e-19)	(1.885200e+00 -7.735605e-02 -2.630889e-22)
0.083        	(3.476847e+00 3.164356e+00 -2.549910e-19)	(1.665077e+00 3.267770e+00 -2.543053e-19)	(1.811770e+00 -1.034137e-01 -6.856945e-22)
0.084        	(1.830502e+00 1.467742e+01 -2.729979e-19)	(5.839399e-02 1.481635e+01 -2.726307e-19)	(1.772108e+00 -1.389315e-01 -3.671267e-22)
0.085        	(-1.719723e+00 2.106752e+01 -3.145093e-19)	(-3.514835e+00 2.128073e+01 -3.156888e-19)	(1.795112e+00 -2.132036e-01 1.179482e-21)
0.086        	(6.936607e-02 2.209480e+01 -3.087776e-19)	(-1.617415e+00 2.237553e+01 -3.116343e-19)	(1.686781e+00 -2.807350e-01 2.856683e-21)
0.087        	(-3.820755e-01 3.027898e+01 -3.065777e-19)	(-2.095747e+00 3.045048e+01 -3.082151e-19)	(1.713671e+00 -1.714972e-01 1.637481e-21)
0.088        	(-8.414784e+00 5.856448e+01 -4.188294e-19)	(-1.009101e+01 5.866982e+01 -4.189440e-19)	(1.676229e+00 -1.053333e-01 1.146645e-22)
0.089        	(-7.601969e-01 3.438527e+01 -3.359465e-19)	(-2.468729e+00 3.457267e+01 -3.363409e-19)	(1.708532e+00 -1.873983e-01 3.944017e-22)
0.09         	(1.326836e-02 2.797212e+01 -3.198762e-19)	(-1.717212e+00 2.803423e+01 -3.193829e-19)	(1.730480e+00 -6.211675e-02 -4.932616e-22)
0.091        	(-5.431574e+00 5.926613e+01 -3.559810e-19)	(-7.064480e+00 5.941071e+01 -3.566107e-19)	(1.632905e+00 -1.445787e-01 6.297090e-22)
0.092        	(-9.624803e+00 6.176806e+00 -3.251503e-19)	(-1.127766e+01 6.513930e+00 -3.284922e-19)	(1.652855e+00 -3.371239e-01 3.341854e-21)
0.093        	(-1.620587e+01 -7.628449e+01 -3.028945e-19)	(-1.843539e+01 -7.553305e+01 -3.069152e-19)	(2.229520e+00 -7.514381e-01 4.020645e-21)
0.094        	(-1.049736e+01 2.017487e-01 -3.342953e-19)	(-1.325671e+01 7.237451e-01 -3.371665e-19)	(2.759353e+00 -5.219964e-01 2.871244e-21)
0.095        	(-1.624008e+01 5.077486e+00 -3.404686e-19)	(-1.804580e+01 6.014234e+00 -3.410504e-19)	(1.805714e+00 -9.367481e-01 5.817315e-22)
0.096        	(-5.295256e+01 -5.463547e+01 -3.928539e-19)	(-5.510270e+01 -5.310845e+01 -3.933860e-19)	(2.150145e+00 -1.527019e+00 5.321496e-22)
0.097        	(-5.394224e+01 8.687904e+01 -4.355270e-19)	(-5.567083e+01 8.773959e+01 -4.342739e-19)	(1.728594e+00 -8.605533e-01 -1.253113e-21)
0.098        	(-6.104962e+01 -8.044419e+01 -3.170891e-19)	(-6.336027e+01 -7.890461e+01 -3.138026e-19)	(2.310657e+00 -1.539581e+00 -3.286543e-21)
0.099        	(-6.409276e+01 2.167859e+02 -4.009240e-19)	(-6.649166e+01 2.182868e+02 -4.055408e-19)	(2.398904e+00 -1.500853e+00 4.616843e-21)
0.1          	(-3.780417e+01 1.216145e+02 -3.768412e-19)	(-3.885575e+01 1.254038e+02 -3.810817e-19)	(1.051586e+00 -3.789325e+00 4.240588e-21)
0.101        	(-1.154033e+02 3.058672e+02 -6.552101e-19)	(-1.164278e+02 3.079674e+02 -6.533883e-19)	(1.024411e+00 -2.100204e+00 -1.821817e-21)
0.102        	(-2.249512e+02 3.571386e+02 -8.030296e-19)	(-2.250530e+02 3.599245e+02 -8.187125e-19)	(1.017848e-01 -2.785820e+00 1.568289e-20)
0.103        	(-7.822063e+02 -2.869661e+02 -1.470569e-18)	(-7.739420e+02 -2.862974e+02 -1.472447e-18)	(-8.264265e+00 -6.687255e-01 1.878212e-21)
0.104        	(-6.721541e+03 -1.255994e+04 2.122054e-18)	(-6.628444e+03 -1.255846e+04 1.989074e-18)	(-9.309730e+01 -1.480186e+00 1.329794e-19)
0.105        	(-7.080478e+04 -2.200978e+05 1.778744e-16)	(-7.023946e+04 -2.200726e+05 1.770432e-16)	(-5.653179e+02 -2.526606e+01 8.312857e-19)
0.106        	(-8.979443e+05 -3.229864e+06 2.437164e-15)	(-8.920892e+05 -3.227083e+06 2.430966e-15)	(-5.855108e+03 -2.780665e+03 6.197747e-18)
0.107        	(-2.020936e+06 -8.510833e+06 4.577373e-15)	(-2.013484e+06 -8.510533e+06 4.566920e-15)	(-7.452556e+03 -2.991931e+02 1.045318e-17)
0.108        	(-3.145082e+06 -1.467469e+07 1.031670e-14)	(-3.125931e+06 -1.466970e+07 1.030861e-14)	(-1.915097e+04 -4.991831e+03 8.089774e-18)
0.109        	(-3.060457e+07 -1.421056e+08 1.078213e-13)	(-3.055024e+07 -1.421111e+08 1.077745e-13)	(-5.433102e+04 5.498273e+03 4.673952e-17)
0.11         	(-1.189776e+08 -1.229159e+09 -1.054603e-12)	(-1.187015e+08 -1.229424e+09 -1.055104e-12)	(-2.760306e+05 2.645672e+05 5.009988e-16)
0.111        	(-9.384164e+09 -6.734999e+10 -5.089454e-11)	(-9.380745e+09 -6.734671e+10 -5.090391e-11)	(-3.419415e+06 -3.285434e+06 9.365866e-15)
0.112        	(-6.758062e+11 -3.778626e+12 -1.880757e-10)	(-7.092618e+11 -4.384087e+12 -1.879325e-10)	(3.345560e+10 6.054607e+11 -1.432319e-13)
0.113        	(-2.326179e+15 -1.378124e+16 4.740708e-07)	(-2.326179e+15 -1.378124e+16 4.740703e-07)	(-2.768463e+08 -3.472393e+08 5.049646e-13)
0.114        	(3.539741e+17 2.421159e+18 7.693040e-04)	(3.539736e+17 2.421157e+18 7.693042e-04)	(4.380442e+11 1.967314e+12 -1.687894e-10)
0.115        	(-3.759569e+26 -5.619197e+26 -1.156137e+06)	(-3.759569e+26 -5.619197e+26 -1.156137e+06)	(-2.300561e+18 1.024862e+18 -2.293892e-03)
