# Force      
# CofR       : (0.000000e+00 0.000000e+00 0.000000e+00)
#            
# Time       	(total_x total_y total_z)	(pressure_x pressure_y pressure_z)	(viscous_x viscous_y viscous_z)
0.001        	(2.721026e+02 4.184164e+03 4.660993e-19)	(2.687070e+02 4.184046e+03 4.662583e-19)	(3.395538e+00 1.179956e-01 -1.590027e-22)
0.002        	(-9.068965e+01 -1.843222e+03 -1.546853e-19)	(-9.345940e+01 -1.843371e+03 -1.545824e-19)	(2.769749e+00 1.485759e-01 -1.028351e-22)
0.003        	(1.342086e+00 -3.882552e-02 -1.189870e-19)	(-2.792913e-02 -1.312469e-01 -1.189666e-19)	(1.370015e+00 9.242143e-02 -2.033174e-23)
0.004        	(8.339259e-01 3.129604e-01 -1.183632e-19)	(-1.477291e-01 2.475586e-01 -1.183992e-19)	(9.816550e-01 6.540181e-02 3.599553e-23)
0.005        	(5.391672e-01 1.366088e+00 -1.189713e-19)	(-3.838589e-01 1.286629e+00 -1.190083e-19)	(9.230261e-01 7.945975e-02 3.706418e-23)
0.006        	(7.426706e-01 2.131601e+00 -1.229527e-19)	(-1.447162e-01 2.055871e+00 -1.229853e-19)	(8.873868e-01 7.573067e-02 3.266878e-23)
0.007        	(1.197173e+00 1.618829e+00 -1.257403e-19)	(2.969053e-01 1.535421e+00 -1.257592e-19)	(9.002676e-01 8.340729e-02 1.892924e-23)
0.008        	(1.484711e+00 2.202188e+00 -1.231002e-19)	(5.746068e-01 2.108513e+00 -1.231344e-19)	(9.101039e-01 9.367483e-02 3.413272e-23)
0.009        	(2.313026e+00 3.558453e+00 -1.195285e-19)	(1.408269e+00 3.458375e+00 -1.194443e-19)	(9.047575e-01 1.000776e-01 -8.421463e-23)
0.01         	(3.106196e+00 3.865414e+00 -1.084111e-19)	(2.210333e+00 3.779069e+00 -1.083075e-19)	(8.958625e-01 8.634462e-02 -1.036287e-22)
0.011        	(3.642444e+00 3.519738e+00 -1.080545e-19)	(2.734816e+00 3.446979e+00 -1.079787e-19)	(9.076287e-01 7.275919e-02 -7.579797e-23)
0.012        	(4.737302e+00 3.997877e+00 -1.066455e-19)	(3.812056e+00 3.917015e+00 -1.065912e-19)	(9.252463e-01 8.086215e-02 -5.433359e-23)
0.013        	(5.828045e+00 4.994892e+00 -1.004703e-19)	(4.909234e+00 4.902921e+00 -1.004324e-19)	(9.188108e-01 9.197065e-02 -3.783165e-23)
0.014        	(6.241443e+00 7.242767e+00 -9.989477e-20)	(5.317777e+00 7.175412e+00 -9.982228e-20)	(9.236661e-01 6.735592e-02 -7.249233e-23)
0.015        	(4.897423e+00 7.300423e+00 -1.024330e-19)	(3.958649e+00 7.247631e+00 -1.023187e-19)	(9.387735e-01 5.279119e-02 -1.142768e-22)
0.016        	(5.214493e+00 5.153157e+00 -1.016333e-19)	(4.248022e+00 5.099343e+00 -1.015012e-19)	(9.664710e-01 5.381400e-02 -1.320728e-22)
0.017        	(5.864444e+00 5.258121e+00 -9.647660e-20)	(4.871545e+00 5.199293e+00 -9.644960e-20)	(9.928987e-01 5.882760e-02 -2.699313e-23)
0.018        	(5.989874e+00 5.928808e+00 -9.816990e-20)	(4.972097e+00 5.866848e+00 -9.830371e-20)	(1.017776e+00 6.195953e-02 1.338108e-22)
0.019        	(6.445665e+00 8.048293e+00 -9.975478e-20)	(5.396163e+00 7.983533e+00 -9.997617e-20)	(1.049503e+00 6.475983e-02 2.213904e-22)
0.02         	(6.748539e+00 9.243334e+00 -1.041726e-19)	(5.676331e+00 9.178814e+00 -1.043324e-19)	(1.072208e+00 6.452070e-02 1.597462e-22)
0.021        	(6.970011e+00 7.130538e+00 -9.659861e-20)	(5.872244e+00 7.064284e+00 -9.668213e-20)	(1.097767e+00 6.625417e-02 8.352598e-23)
0.022        	(7.525470e+00 6.432322e+00 -1.017248e-19)	(6.392339e+00 6.361678e+00 -1.018628e-19)	(1.133131e+00 7.064423e-02 1.380163e-22)
0.023        	(7.524918e+00 8.115454e+00 -9.856477e-20)	(6.359058e+00 8.041036e+00 -9.871840e-20)	(1.165860e+00 7.441812e-02 1.536285e-22)
0.024        	(8.280726e+00 8.665527e+00 -9.199019e-20)	(7.087522e+00 8.590844e+00 -9.202831e-20)	(1.193205e+00 7.468305e-02 3.811998e-23)
0.025        	(8.357419e+00 9.489299e+00 -8.941979e-20)	(7.129519e+00 9.423254e+00 -8.938802e-20)	(1.227901e+00 6.604497e-02 -3.176542e-23)
0.026        	(8.082888e+00 9.069747e+00 -9.994065e-20)	(6.834945e+00 9.010088e+00 -1.000112e-19)	(1.247943e+00 5.965885e-02 7.054699e-23)
0.027        	(7.743235e+00 8.232567e+00 -1.049740e-19)	(6.461725e+00 8.172231e+00 -1.052486e-19)	(1.281509e+00 6.033656e-02 2.746125e-22)
0.028        	(7.449489e+00 8.513839e+00 -1.017421e-19)	(6.144990e+00 8.445384e+00 -1.020896e-19)	(1.304499e+00 6.845443e-02 3.474372e-22)
0.029        	(7.905422e+00 9.932374e+00 -9.913624e-20)	(6.577861e+00 9.871534e+00 -9.929190e-20)	(1.327561e+00 6.083975e-02 1.556579e-22)
0.03         	(8.655763e+00 9.897601e+00 -9.626739e-20)	(7.306396e+00 9.844241e+00 -9.625132e-20)	(1.349367e+00 5.336046e-02 -1.607445e-23)
0.031        	(9.210288e+00 1.025913e+01 -9.719431e-20)	(7.835384e+00 1.020204e+01 -9.724579e-20)	(1.374904e+00 5.708656e-02 5.148097e-23)
0.032        	(9.580416e+00 1.162570e+01 -9.750046e-20)	(8.153037e+00 1.156371e+01 -9.768487e-20)	(1.427378e+00 6.199367e-02 1.844010e-22)
0.033        	(9.223599e+00 1.117823e+01 -9.557357e-20)	(7.763870e+00 1.112086e+01 -9.569558e-20)	(1.459729e+00 5.736883e-02 1.220107e-22)
0.034        	(8.977009e+00 1.146628e+01 -9.271572e-20)	(7.487475e+00 1.141784e+01 -9.274552e-20)	(1.489534e+00 4.843491e-02 2.980614e-23)
0.035        	(8.972930e+00 1.068223e+01 -9.429272e-20)	(7.453357e+00 1.064580e+01 -9.435849e-20)	(1.519574e+00 3.642456e-02 6.577735e-23)
0.036        	(9.519005e+00 1.205591e+01 -9.177728e-20)	(7.957975e+00 1.202994e+01 -9.194071e-20)	(1.561030e+00 2.596479e-02 1.634270e-22)
0.037        	(9.831753e+00 1.315791e+01 -9.302085e-20)	(8.248229e+00 1.314557e+01 -9.326120e-20)	(1.583524e+00 1.233659e-02 2.403484e-22)
0.038        	(9.383140e+00 1.031896e+01 -9.592292e-20)	(7.781369e+00 1.030736e+01 -9.608250e-20)	(1.601771e+00 1.160017e-02 1.595810e-22)
0.039        	(9.439964e+00 1.118926e+01 -9.212779e-20)	(7.800491e+00 1.117452e+01 -9.236864e-20)	(1.639473e+00 1.474562e-02 2.408408e-22)
0.04         	(9.493674e+00 1.307238e+01 -9.099450e-20)	(7.829684e+00 1.305478e+01 -9.123313e-20)	(1.663991e+00 1.759822e-02 2.386291e-22)
0.041        	(9.620538e+00 1.388496e+01 -8.532053e-20)	(7.925478e+00 1.388353e+01 -8.548557e-20)	(1.695060e+00 1.432451e-03 1.650340e-22)
0.042        	(9.798712e+00 1.299421e+01 -9.086575e-20)	(8.105135e+00 1.299745e+01 -9.096650e-20)	(1.693577e+00 -3.244241e-03 1.007504e-22)
0.043        	(9.516515e+00 1.266888e+01 -9.058816e-20)	(7.820729e+00 1.266590e+01 -9.067606e-20)	(1.695786e+00 2.986011e-03 8.789997e-23)
0.044        	(9.694941e+00 1.212235e+01 -9.162192e-20)	(7.963328e+00 1.211354e+01 -9.168619e-20)	(1.731613e+00 8.811420e-03 6.426987e-23)
0.045        	(1.033096e+01 1.462093e+01 -8.695799e-20)	(8.568936e+00 1.461708e+01 -8.699068e-20)	(1.762021e+00 3.853318e-03 3.268993e-23)
0.046        	(1.067604e+01 1.470563e+01 -8.612322e-20)	(8.914213e+00 1.470179e+01 -8.615684e-20)	(1.761829e+00 3.845539e-03 3.361266e-23)
0.047        	(1.040666e+01 1.613019e+01 -9.090740e-20)	(8.623718e+00 1.613175e+01 -9.112867e-20)	(1.782939e+00 -1.566149e-03 2.212742e-22)
0.048        	(1.040790e+01 1.432364e+01 -8.622896e-20)	(8.629455e+00 1.432581e+01 -8.649150e-20)	(1.778440e+00 -2.164082e-03 2.625473e-22)
0.049        	(9.568923e+00 1.267999e+01 -9.175859e-20)	(7.796439e+00 1.267677e+01 -9.177938e-20)	(1.772484e+00 3.212917e-03 2.079492e-23)
0.05         	(9.905015e+00 1.401652e+01 -9.621539e-20)	(8.127261e+00 1.402145e+01 -9.607820e-20)	(1.777754e+00 -4.932655e-03 -1.371902e-22)
0.051        	(1.086797e+01 1.562372e+01 -9.638381e-20)	(9.083283e+00 1.564632e+01 -9.639969e-20)	(1.784685e+00 -2.260735e-02 1.587213e-23)
0.052        	(1.053076e+01 1.460450e+01 -9.430954e-20)	(8.729725e+00 1.463259e+01 -9.455893e-20)	(1.801037e+00 -2.809710e-02 2.493883e-22)
0.053        	(1.063993e+01 1.655072e+01 -8.469340e-20)	(8.844846e+00 1.656683e+01 -8.497512e-20)	(1.795085e+00 -1.611159e-02 2.817247e-22)
0.054        	(1.093518e+01 1.443051e+01 -8.666132e-20)	(9.134458e+00 1.444488e+01 -8.666133e-20)	(1.800724e+00 -1.436570e-02 1.497701e-26)
0.055        	(1.094982e+01 1.419866e+01 -9.374700e-20)	(9.132390e+00 1.422146e+01 -9.349754e-20)	(1.817428e+00 -2.280507e-02 -2.494649e-22)
0.056        	(1.115145e+01 1.480136e+01 -9.418934e-20)	(9.319761e+00 1.483939e+01 -9.409767e-20)	(1.831684e+00 -3.802250e-02 -9.167092e-23)
0.057        	(1.053193e+01 1.397542e+01 -9.054158e-20)	(8.667389e+00 1.401685e+01 -9.067616e-20)	(1.864545e+00 -4.143514e-02 1.345820e-22)
0.058        	(1.025344e+01 1.476384e+01 -9.605721e-20)	(8.371050e+00 1.479366e+01 -9.631535e-20)	(1.882386e+00 -2.982601e-02 2.581378e-22)
0.059        	(1.029511e+01 1.445053e+01 -9.262885e-20)	(8.409537e+00 1.445912e+01 -9.280914e-20)	(1.885572e+00 -8.589550e-03 1.802928e-22)
0.06         	(1.020522e+01 1.598341e+01 -9.785524e-20)	(8.293342e+00 1.600293e+01 -9.798099e-20)	(1.911874e+00 -1.951386e-02 1.257418e-22)
0.061        	(1.015945e+01 1.565088e+01 -9.543948e-20)	(8.211605e+00 1.569222e+01 -9.605664e-20)	(1.947849e+00 -4.133977e-02 6.171554e-22)
0.062        	(1.069441e+01 2.006225e+01 -8.732089e-20)	(8.729742e+00 2.012188e+01 -8.797619e-20)	(1.964665e+00 -5.962707e-02 6.552947e-22)
0.063        	(9.695010e+00 2.309477e+01 -8.582556e-20)	(7.745581e+00 2.317039e+01 -8.588292e-20)	(1.949429e+00 -7.562488e-02 5.735210e-23)
0.064        	(9.172873e+00 1.649132e+01 -1.017263e-19)	(7.197556e+00 1.656569e+01 -1.013033e-19)	(1.975316e+00 -7.437495e-02 -4.230026e-22)
0.065        	(9.505442e+00 2.089448e+01 -1.153391e-19)	(7.501762e+00 2.098668e+01 -1.152913e-19)	(2.003681e+00 -9.219966e-02 -4.780246e-23)
0.066        	(9.836350e+00 1.352660e+01 -1.133382e-19)	(7.822120e+00 1.359932e+01 -1.136903e-19)	(2.014230e+00 -7.272235e-02 3.520973e-22)
0.067        	(9.771520e+00 1.838149e+01 -1.177345e-19)	(7.736643e+00 1.845002e+01 -1.182341e-19)	(2.034877e+00 -6.853666e-02 4.996757e-22)
0.068        	(1.013588e+01 1.712075e+01 -1.007017e-19)	(8.075458e+00 1.720908e+01 -1.008835e-19)	(2.060420e+00 -8.832476e-02 1.817896e-22)
0.069        	(7.992531e+00 1.502255e+01 -6.861130e-20)	(5.858195e+00 1.506580e+01 -6.847886e-20)	(2.134336e+00 -4.325394e-02 -1.324406e-22)
0.07         	(5.767569e+00 3.151479e+01 -8.991053e-20)	(3.566948e+00 3.156010e+01 -8.967968e-20)	(2.200622e+00 -4.530178e-02 -2.308456e-22)
0.071        	(5.969568e+00 3.311652e+01 -9.295844e-20)	(3.722646e+00 3.318882e+01 -9.320060e-20)	(2.246923e+00 -7.230103e-02 2.421682e-22)
0.072        	(5.302313e+00 3.783584e+01 -1.111891e-19)	(3.002884e+00 3.785507e+01 -1.124229e-19)	(2.299429e+00 -1.923915e-02 1.233782e-21)
0.073        	(6.759441e+00 3.742273e+01 -9.717040e-20)	(4.558024e+00 3.749005e+01 -9.938528e-20)	(2.201417e+00 -6.731281e-02 2.214881e-21)
0.074        	(9.082459e+00 1.498018e+01 -6.032551e-20)	(6.910454e+00 1.504804e+01 -6.261174e-20)	(2.172006e+00 -6.786176e-02 2.286224e-21)
0.075        	(7.930657e+00 1.852987e+01 -9.760734e-20)	(5.846482e+00 1.851261e+01 -9.807732e-20)	(2.084175e+00 1.725963e-02 4.699871e-22)
0.076        	(9.153235e+00 2.032903e+01 -9.732635e-20)	(7.081145e+00 2.038625e+01 -9.647439e-20)	(2.072090e+00 -5.721778e-02 -8.519547e-22)
0.077        	(8.755578e+00 1.566520e+01 -8.768554e-20)	(6.704489e+00 1.578390e+01 -8.768416e-20)	(2.051089e+00 -1.187031e-01 -1.385455e-24)
0.078        	(8.840937e+00 1.695340e+01 -8.670020e-20)	(6.889379e+00 1.709002e+01 -8.694091e-20)	(1.951558e+00 -1.366173e-01 2.407089e-22)
0.079        	(3.917030e+00 2.657672e+01 -5.846105e-20)	(1.999966e+00 2.666666e+01 -5.915704e-20)	(1.917065e+00 -8.993598e-02 6.959923e-22)
0.08         	(4.779761e+00 9.627662e+00 -7.296602e-20)	(2.769565e+00 9.798118e+00 -7.388512e-20)	(2.010196e+00 -1.704552e-01 9.190905e-22)
0.081        	(5.198405e+00 -1.532448e+01 -7.439720e-20)	(3.189001e+00 -1.508277e+01 -7.524255e-20)	(2.009405e+00 -2.417039e-01 8.453441e-22)
0.082        	(7.402700e+00 5.457433e-01 -8.459314e-20)	(5.459278e+00 7.416658e-01 -8.470731e-20)	(1.943423e+00 -1.959225e-01 1.141743e-22)
0.083        	(7.734992e+00 -9.501185e-01 -9.252242e-20)	(5.878006e+00 -6.929245e-01 -9.219634e-20)	(1.856986e+00 -2.571940e-01 -3.260809e-22)
0.084        	(9.831994e+00 9.764342e+00 -8.967349e-20)	(7.999931e+00 9.994614e+00 -8.890763e-20)	(1.832063e+00 -2.302717e-01 -7.658665e-22)
0.085        	(9.814211e+00 7.243083e+00 -8.947390e-20)	(7.949570e+00 7.506440e+00 -8.950742e-20)	(1.864641e+00 -2.633570e-01 3.352246e-23)
0.086        	(9.194916e+00 4.641527e+00 -8.983526e-20)	(7.404392e+00 4.926223e+00 -9.070204e-20)	(1.790525e+00 -2.846958e-01 8.667860e-22)
0.087        	(9.677402e+00 6.645858e+00 -8.739998e-20)	(7.860926e+00 6.894272e+00 -8.856267e-20)	(1.816476e+00 -2.484144e-01 1.162690e-21)
0.088        	(9.647665e+00 7.811712e+00 -9.043010e-20)	(7.823877e+00 8.062989e+00 -9.091544e-20)	(1.823788e+00 -2.512769e-01 4.853454e-22)
0.089        	(1.032468e+01 1.233076e+01 -8.182574e-20)	(8.562902e+00 1.257109e+01 -8.165510e-20)	(1.761775e+00 -2.403307e-01 -1.706325e-22)
0.09         	(9.969032e+00 1.147848e+01 -7.662592e-20)	(8.245300e+00 1.163904e+01 -7.632853e-20)	(1.723732e+00 -1.605626e-01 -2.973872e-22)
0.091        	(8.853149e+00 6.848063e+00 -6.813489e-20)	(7.162060e+00 7.007398e+00 -6.899963e-20)	(1.691089e+00 -1.593347e-01 8.647376e-22)
0.092        	(8.852189e+00 1.241560e+01 -8.418008e-20)	(7.110558e+00 1.254373e+01 -8.501641e-20)	(1.741630e+00 -1.281233e-01 8.363358e-22)
0.093        	(7.843824e+00 1.972211e+01 -7.491151e-20)	(6.152899e+00 1.988448e+01 -7.508607e-20)	(1.690924e+00 -1.623724e-01 1.745648e-22)
0.094        	(7.624472e+00 2.033514e+01 -9.931509e-20)	(5.941553e+00 2.045098e+01 -9.916117e-20)	(1.682920e+00 -1.158370e-01 -1.539176e-22)
0.095        	(8.158586e+00 1.992949e+01 -1.080070e-19)	(6.455842e+00 2.000776e+01 -1.081506e-19)	(1.702745e+00 -7.826193e-02 1.435503e-22)
0.096        	(7.756448e+00 1.761721e+01 -1.000651e-19)	(5.987224e+00 1.765239e+01 -1.008364e-19)	(1.769224e+00 -3.518493e-02 7.713329e-22)
0.097        	(8.793576e+00 2.057427e+01 -9.544959e-20)	(7.012334e+00 2.062264e+01 -9.610896e-20)	(1.781242e+00 -4.836523e-02 6.593702e-22)
0.098        	(8.840190e+00 1.614488e+01 -9.483706e-20)	(7.085905e+00 1.612592e+01 -9.491761e-20)	(1.754285e+00 1.895766e-02 8.054950e-23)
0.099        	(9.349170e+00 1.823979e+01 -1.029894e-19)	(7.669500e+00 1.819104e+01 -1.033537e-19)	(1.679670e+00 4.874951e-02 3.642415e-22)
0.1          	(1.019110e+01 1.976303e+01 -1.034071e-19)	(8.567270e+00 1.974828e+01 -1.039256e-19)	(1.623827e+00 1.475417e-02 5.185458e-22)
0.101        	(9.884260e+00 1.785397e+01 -9.685633e-20)	(8.289940e+00 1.796000e+01 -9.827671e-20)	(1.594321e+00 -1.060370e-01 1.420381e-21)
0.102        	(3.269758e+01 -1.652889e+02 -1.755852e-19)	(2.918895e+01 -1.645755e+02 -1.843271e-19)	(3.508632e+00 -7.133808e-01 8.741939e-21)
0.103        	(-1.429521e+03 -6.269381e+03 1.234370e-17)	(-1.349682e+03 -6.250398e+03 1.221419e-17)	(-7.983854e+01 -1.898215e+01 1.295034e-19)
0.104        	(-1.398989e+05 -5.544737e+05 1.516790e-15)	(-1.397331e+05 -5.542403e+05 1.514818e-15)	(-1.658682e+02 -2.333615e+02 1.971580e-18)
0.105        	(3.915807e+04 -7.060071e+06 3.888327e-15)	(4.475994e+04 -7.059616e+06 3.894363e-15)	(-5.601869e+03 -4.552564e+02 -6.035977e-18)
0.106        	(-1.311534e+07 -6.687320e+07 1.799881e-13)	(-1.308221e+07 -6.687182e+07 1.799407e-13)	(-3.312936e+04 -1.384562e+03 4.734536e-17)
0.107        	(6.757611e+07 3.745365e+08 -5.192271e-12)	(6.769245e+07 3.745296e+08 -5.192741e-12)	(-1.163356e+05 6.951896e+03 4.695797e-16)
0.108        	(-2.362974e+16 -1.056944e+17 -3.450650e-04)	(-2.363074e+16 -1.056957e+17 -3.450594e-04)	(1.007884e+12 1.298522e+12 -5.651105e-09)
0.109        	(-1.739727e+34 -3.241251e+34 4.443408e+14)	(-1.739727e+34 -3.241251e+34 4.443408e+14)	(3.345982e+25 -5.448845e+25 4.559430e+05)
