# Force      
# CofR       : (0.000000e+00 0.000000e+00 0.000000e+00)
#            
# Time       	(total_x total_y total_z)	(pressure_x pressure_y pressure_z)	(viscous_x viscous_y viscous_z)
0.001        	(2.986324e+02 -3.857782e+03 -1.835614e-18)	(2.951963e+02 -3.857667e+03 -1.835516e-18)	(3.436158e+00 -1.149037e-01 -9.834354e-23)
0.002        	(-1.070080e+02 1.533120e+03 4.153205e-19)	(-1.098355e+02 1.533267e+03 4.154093e-19)	(2.827534e+00 -1.470666e-01 -8.882017e-23)
0.003        	(1.511323e+00 5.457725e-01 -1.200492e-19)	(3.319193e-02 6.353795e-01 -1.199578e-19)	(1.478131e+00 -8.960702e-02 -9.147833e-23)
0.004        	(7.453013e-01 -1.372065e+00 -1.208529e-19)	(-3.098373e-01 -1.314029e+00 -1.208333e-19)	(1.055139e+00 -5.803646e-02 -1.957514e-23)
0.005        	(4.547993e-01 -1.743085e+00 -1.206847e-19)	(-5.308734e-01 -1.678089e+00 -1.206975e-19)	(9.856727e-01 -6.499624e-02 1.276128e-23)
0.006        	(5.097970e-01 -1.542583e+00 -1.246618e-19)	(-4.444893e-01 -1.484386e+00 -1.246360e-19)	(9.542863e-01 -5.819700e-02 -2.572969e-23)
0.007        	(1.155436e+00 -2.087227e+00 -1.389841e-19)	(1.769550e-01 -2.026456e+00 -1.388134e-19)	(9.784806e-01 -6.077114e-02 -1.706623e-22)
0.008        	(1.212337e+00 -2.082700e+00 -1.411429e-19)	(2.119344e-01 -2.000170e+00 -1.407356e-19)	(1.000403e+00 -8.253017e-02 -4.072900e-22)
0.009        	(1.893500e+00 -2.406607e+00 -1.519172e-19)	(8.935468e-01 -2.320615e+00 -1.510608e-19)	(9.999529e-01 -8.599209e-02 -8.563962e-22)
0.01         	(2.772945e+00 -2.771716e+00 -1.497114e-19)	(1.796400e+00 -2.695117e+00 -1.486869e-19)	(9.765450e-01 -7.659907e-02 -1.024498e-21)
0.011        	(4.471164e+00 -3.228834e+00 -1.494234e-19)	(3.509189e+00 -3.160307e+00 -1.488640e-19)	(9.619757e-01 -6.852778e-02 -5.593758e-22)
0.012        	(4.408706e+00 -3.719449e+00 -1.495168e-19)	(3.456145e+00 -3.651189e+00 -1.491877e-19)	(9.525612e-01 -6.825991e-02 -3.291361e-22)
0.013        	(4.892726e+00 -3.314657e+00 -1.509041e-19)	(3.952719e+00 -3.254323e+00 -1.506342e-19)	(9.400070e-01 -6.033483e-02 -2.699170e-22)
0.014        	(5.314343e+00 -4.333457e+00 -1.542477e-19)	(4.374040e+00 -4.284141e+00 -1.539829e-19)	(9.403024e-01 -4.931653e-02 -2.648076e-22)
0.015        	(5.568388e+00 -5.194565e+00 -1.541280e-19)	(4.611437e+00 -5.151353e+00 -1.539423e-19)	(9.569507e-01 -4.321230e-02 -1.856730e-22)
0.016        	(6.125106e+00 -5.735440e+00 -1.602130e-19)	(5.156450e+00 -5.699756e+00 -1.602007e-19)	(9.686556e-01 -3.568374e-02 -1.237866e-23)
0.017        	(6.330155e+00 -6.257832e+00 -1.798977e-19)	(5.362430e+00 -6.224641e+00 -1.800303e-19)	(9.677256e-01 -3.319071e-02 1.325610e-22)
0.018        	(6.220291e+00 -6.970818e+00 -1.726825e-19)	(5.234073e+00 -6.936351e+00 -1.728357e-19)	(9.862183e-01 -3.446791e-02 1.531992e-22)
0.019        	(6.218334e+00 -7.274699e+00 -1.585898e-19)	(5.219101e+00 -7.245618e+00 -1.586814e-19)	(9.992336e-01 -2.908147e-02 9.154557e-23)
0.02         	(7.085873e+00 -8.485025e+00 -1.582639e-19)	(6.075077e+00 -8.459316e+00 -1.583635e-19)	(1.010796e+00 -2.570855e-02 9.953887e-23)
0.021        	(7.676896e+00 -7.763271e+00 -1.657826e-19)	(6.640470e+00 -7.743499e+00 -1.659206e-19)	(1.036426e+00 -1.977154e-02 1.379717e-22)
0.022        	(8.289726e+00 -8.056229e+00 -1.741992e-19)	(7.222038e+00 -8.034967e+00 -1.743171e-19)	(1.067688e+00 -2.126250e-02 1.179035e-22)
0.023        	(8.424235e+00 -9.501552e+00 -1.785021e-19)	(7.338663e+00 -9.476048e+00 -1.785395e-19)	(1.085573e+00 -2.550403e-02 3.737687e-23)
0.024        	(6.951993e+00 -7.533249e+00 -1.683559e-19)	(5.859732e+00 -7.520286e+00 -1.682707e-19)	(1.092262e+00 -1.296304e-02 -8.515111e-23)
0.025        	(7.370659e+00 -8.391859e+00 -1.715206e-19)	(6.256218e+00 -8.380728e+00 -1.714803e-19)	(1.114442e+00 -1.113059e-02 -4.031426e-23)
0.026        	(7.129368e+00 -7.386099e+00 -1.665417e-19)	(5.998301e+00 -7.364938e+00 -1.666109e-19)	(1.131067e+00 -2.116136e-02 6.918937e-23)
0.027        	(7.919220e+00 -9.348834e+00 -1.671185e-19)	(6.767906e+00 -9.334593e+00 -1.672160e-19)	(1.151314e+00 -1.424149e-02 9.752154e-23)
0.028        	(8.489343e+00 -1.041655e+01 -1.776852e-19)	(7.311585e+00 -1.041179e+01 -1.777107e-19)	(1.177758e+00 -4.758864e-03 2.555866e-23)
0.029        	(8.809661e+00 -1.069665e+01 -1.825331e-19)	(7.606669e+00 -1.068725e+01 -1.825685e-19)	(1.202992e+00 -9.395196e-03 3.537295e-23)
0.03         	(9.297442e+00 -9.622509e+00 -1.819217e-19)	(8.084403e+00 -9.620425e+00 -1.820396e-19)	(1.213039e+00 -2.084562e-03 1.179795e-22)
0.031        	(9.511554e+00 -1.018070e+01 -1.760041e-19)	(8.274508e+00 -1.018806e+01 -1.761841e-19)	(1.237046e+00 7.360741e-03 1.799375e-22)
0.032        	(9.267561e+00 -9.778186e+00 -1.740777e-19)	(8.017059e+00 -9.778731e+00 -1.741263e-19)	(1.250503e+00 5.450285e-04 4.863813e-23)
0.033        	(9.383629e+00 -1.034748e+01 -1.770968e-19)	(8.116235e+00 -1.033505e+01 -1.770073e-19)	(1.267395e+00 -1.243513e-02 -8.946275e-23)
0.034        	(8.659859e+00 -1.007354e+01 -1.747700e-19)	(7.363987e+00 -1.007208e+01 -1.747410e-19)	(1.295872e+00 -1.459223e-03 -2.893542e-23)
0.035        	(8.096945e+00 -9.158101e+00 -1.751103e-19)	(6.761198e+00 -9.179996e+00 -1.752785e-19)	(1.335746e+00 2.189480e-02 1.682808e-22)
0.036        	(8.620431e+00 -9.285408e+00 -1.709809e-19)	(7.274870e+00 -9.304007e+00 -1.711968e-19)	(1.345561e+00 1.859945e-02 2.159383e-22)
0.037        	(8.783489e+00 -8.905422e+00 -1.734748e-19)	(7.419986e+00 -8.907832e+00 -1.736165e-19)	(1.363502e+00 2.410946e-03 1.416931e-22)
0.038        	(8.944194e+00 -1.033200e+01 -1.727040e-19)	(7.573217e+00 -1.033471e+01 -1.727227e-19)	(1.370977e+00 2.706391e-03 1.875326e-23)
0.039        	(9.449707e+00 -1.140133e+01 -1.668681e-19)	(8.072792e+00 -1.140173e+01 -1.667585e-19)	(1.376915e+00 3.960008e-04 -1.096234e-22)
0.04         	(9.994018e+00 -1.029213e+01 -1.701015e-19)	(8.586762e+00 -1.028519e+01 -1.700089e-19)	(1.407256e+00 -6.935083e-03 -9.260085e-23)
0.041        	(9.874666e+00 -9.598669e+00 -1.728925e-19)	(8.424673e+00 -9.591574e+00 -1.729374e-19)	(1.449993e+00 -7.094748e-03 4.486304e-23)
0.042        	(1.010768e+01 -1.291674e+01 -1.740415e-19)	(8.598925e+00 -1.291233e+01 -1.741376e-19)	(1.508758e+00 -4.413439e-03 9.608122e-23)
0.043        	(9.942136e+00 -1.342138e+01 -1.702535e-19)	(8.389683e+00 -1.341653e+01 -1.702137e-19)	(1.552453e+00 -4.856302e-03 -3.988056e-23)
0.044        	(9.246415e+00 -9.697644e+00 -1.669615e-19)	(7.651622e+00 -9.693377e+00 -1.667780e-19)	(1.594793e+00 -4.266410e-03 -1.834540e-22)
0.045        	(9.805383e+00 -1.140479e+01 -1.722990e-19)	(8.186665e+00 -1.139523e+01 -1.720942e-19)	(1.618718e+00 -9.561744e-03 -2.048274e-22)
0.046        	(9.625140e+00 -1.210402e+01 -1.693467e-19)	(7.975822e+00 -1.209289e+01 -1.693197e-19)	(1.649318e+00 -1.113287e-02 -2.700445e-23)
0.047        	(9.809868e+00 -1.377361e+01 -1.732826e-19)	(8.107604e+00 -1.376439e+01 -1.732761e-19)	(1.702264e+00 -9.220328e-03 -6.437292e-24)
0.048        	(9.658736e+00 -1.432451e+01 -1.717966e-19)	(7.933293e+00 -1.432283e+01 -1.717269e-19)	(1.725443e+00 -1.676481e-03 -6.963998e-23)
0.049        	(9.889960e+00 -1.117322e+01 -1.695074e-19)	(8.156176e+00 -1.119575e+01 -1.695405e-19)	(1.733784e+00 2.252918e-02 3.313442e-23)
0.05         	(1.070262e+01 -1.334596e+01 -1.717632e-19)	(8.963643e+00 -1.339183e+01 -1.720291e-19)	(1.738979e+00 4.586893e-02 2.659648e-22)
0.051        	(1.111725e+01 -1.551888e+01 -1.776788e-19)	(9.367151e+00 -1.557852e+01 -1.779293e-19)	(1.750101e+00 5.964392e-02 2.504884e-22)
0.052        	(1.103525e+01 -1.284329e+01 -1.819050e-19)	(9.277454e+00 -1.288019e+01 -1.818516e-19)	(1.757794e+00 3.689860e-02 -5.340970e-23)
0.053        	(1.103736e+01 -1.273529e+01 -1.757825e-19)	(9.276661e+00 -1.276596e+01 -1.756552e-19)	(1.760698e+00 3.066901e-02 -1.273388e-22)
0.054        	(1.091348e+01 -1.024783e+01 -1.742601e-19)	(9.126746e+00 -1.029136e+01 -1.743480e-19)	(1.786738e+00 4.353362e-02 8.786972e-23)
0.055        	(1.081582e+01 -1.219818e+01 -1.682639e-19)	(8.994351e+00 -1.226790e+01 -1.686955e-19)	(1.821472e+00 6.972502e-02 4.315969e-22)
0.056        	(1.088990e+01 -1.415973e+01 -1.787178e-19)	(9.052219e+00 -1.425227e+01 -1.792405e-19)	(1.837683e+00 9.254457e-02 5.226915e-22)
0.057        	(1.018955e+01 -1.650029e+01 -1.860799e-19)	(8.324525e+00 -1.663571e+01 -1.864400e-19)	(1.865027e+00 1.354110e-01 3.601403e-22)
0.058        	(9.948046e+00 -1.380077e+01 -1.739328e-19)	(8.057081e+00 -1.395112e+01 -1.742795e-19)	(1.890966e+00 1.503525e-01 3.466895e-22)
0.059        	(1.124227e+01 -1.346169e+01 -1.669138e-19)	(9.325651e+00 -1.357892e+01 -1.672720e-19)	(1.916621e+00 1.172274e-01 3.582450e-22)
0.06         	(1.048415e+01 -9.305660e+00 -1.600544e-19)	(8.565868e+00 -9.409151e+00 -1.602577e-19)	(1.918287e+00 1.034907e-01 2.033119e-22)
0.061        	(1.088598e+01 -1.122494e+01 -1.627730e-19)	(8.992952e+00 -1.132980e+01 -1.628472e-19)	(1.893025e+00 1.048693e-01 7.425174e-23)
0.062        	(1.067173e+01 -8.464701e+00 -1.775836e-19)	(8.764266e+00 -8.572114e+00 -1.776051e-19)	(1.907466e+00 1.074128e-01 2.149156e-23)
0.063        	(1.048756e+01 -9.630901e+00 -1.906832e-19)	(8.535765e+00 -9.709551e+00 -1.911436e-19)	(1.951797e+00 7.864961e-02 4.603889e-22)
0.064        	(1.013417e+01 -1.031895e+01 -1.857688e-19)	(8.133364e+00 -1.039321e+01 -1.865198e-19)	(2.000801e+00 7.425980e-02 7.510551e-22)
0.065        	(1.044284e+01 -8.948190e+00 -1.897035e-19)	(8.454244e+00 -9.006388e+00 -1.896469e-19)	(1.988593e+00 5.819838e-02 -5.654515e-23)
0.066        	(1.002999e+01 -9.193174e+00 -1.772001e-19)	(8.057530e+00 -9.230962e+00 -1.766278e-19)	(1.972462e+00 3.778804e-02 -5.722686e-22)
0.067        	(9.356140e+00 -7.613934e+00 -1.662786e-19)	(7.380619e+00 -7.620011e+00 -1.661460e-19)	(1.975521e+00 6.077254e-03 -1.325874e-22)
0.068        	(9.631480e+00 -8.534147e+00 -1.768680e-19)	(7.583870e+00 -8.539224e+00 -1.774756e-19)	(2.047610e+00 5.076473e-03 6.075606e-22)
0.069        	(9.802468e+00 -9.516058e+00 -1.822857e-19)	(7.735785e+00 -9.543445e+00 -1.826877e-19)	(2.066683e+00 2.738745e-02 4.020145e-22)
0.07         	(9.465713e+00 -4.949184e+00 -1.819659e-19)	(7.401243e+00 -4.971281e+00 -1.815421e-19)	(2.064470e+00 2.209745e-02 -4.238134e-22)
0.071        	(1.019590e+01 -1.600516e+01 -1.924138e-19)	(8.169106e+00 -1.602960e+01 -1.915584e-19)	(2.026791e+00 2.444691e-02 -8.553846e-22)
0.072        	(9.264762e+00 -1.430126e+01 -1.916788e-19)	(7.268502e+00 -1.433198e+01 -1.905593e-19)	(1.996259e+00 3.072414e-02 -1.119441e-21)
0.073        	(8.983497e+00 -1.583359e+01 -1.744414e-19)	(6.966135e+00 -1.585538e+01 -1.735206e-19)	(2.017363e+00 2.179423e-02 -9.207464e-22)
0.074        	(8.177798e+00 -1.986038e+01 -1.773141e-19)	(6.159161e+00 -1.984876e+01 -1.774373e-19)	(2.018637e+00 -1.162086e-02 1.231490e-22)
0.075        	(8.054164e+00 -2.011813e+01 -1.880630e-19)	(6.020244e+00 -2.004454e+01 -1.892628e-19)	(2.033920e+00 -7.359525e-02 1.199835e-21)
0.076        	(7.422053e+00 -2.717288e+01 -1.757100e-19)	(5.442595e+00 -2.710818e+01 -1.766160e-19)	(1.979459e+00 -6.470160e-02 9.060065e-22)
0.077        	(7.977301e+00 -2.215694e+01 -1.519980e-19)	(6.030567e+00 -2.205857e+01 -1.521514e-19)	(1.946733e+00 -9.837752e-02 1.533993e-22)
0.078        	(8.693275e+00 -2.475373e+01 -1.668066e-19)	(6.782993e+00 -2.466195e+01 -1.663997e-19)	(1.910282e+00 -9.178048e-02 -4.068958e-22)
0.079        	(8.575141e+00 -1.825470e+01 -2.074993e-19)	(6.677886e+00 -1.813865e+01 -2.074620e-19)	(1.897255e+00 -1.160498e-01 -3.726399e-23)
0.08         	(8.692657e+00 -1.646196e+01 -2.113574e-19)	(6.810080e+00 -1.628585e+01 -2.120883e-19)	(1.882577e+00 -1.761165e-01 7.308614e-22)
0.081        	(7.699888e+00 -1.441772e+01 -2.019013e-19)	(5.851358e+00 -1.425924e+01 -2.022210e-19)	(1.848530e+00 -1.584816e-01 3.196460e-22)
0.082        	(7.014627e+00 -6.147447e+00 -2.116871e-19)	(5.203704e+00 -5.979775e+00 -2.113485e-19)	(1.810923e+00 -1.676720e-01 -3.385402e-22)
0.083        	(1.796690e+00 3.917866e+00 -2.586045e-19)	(-4.040922e-02 4.158727e+00 -2.595326e-19)	(1.837099e+00 -2.408614e-01 9.280538e-22)
0.084        	(-2.908105e+00 -4.423936e+01 -2.125416e-19)	(-4.875585e+00 -4.382197e+01 -2.150581e-19)	(1.967480e+00 -4.173910e-01 2.516562e-21)
0.085        	(-1.603024e-01 -1.955829e+01 -2.673798e-19)	(-2.302362e+00 -1.940258e+01 -2.714359e-19)	(2.142059e+00 -1.557037e-01 4.056140e-21)
0.086        	(-3.555600e+00 -2.757944e+00 -2.798840e-19)	(-5.753834e+00 -2.614788e+00 -2.837671e-19)	(2.198234e+00 -1.431565e-01 3.883075e-21)
0.087        	(-3.467292e+00 -4.923051e+01 -9.729319e-20)	(-5.665175e+00 -4.891765e+01 -1.009762e-19)	(2.197883e+00 -3.128663e-01 3.683058e-21)
0.088        	(-4.490427e+00 -7.031611e+01 -5.254410e-20)	(-6.791326e+00 -6.935634e+01 -5.818487e-20)	(2.300899e+00 -9.597631e-01 5.640772e-21)
0.089        	(-5.615579e-01 -4.841166e+01 -2.053414e-19)	(-2.774167e+00 -4.775067e+01 -2.061125e-19)	(2.212610e+00 -6.609930e-01 7.710469e-22)
0.09         	(1.244376e+01 4.368442e+01 -2.364109e-19)	(1.079596e+01 4.417893e+01 -2.369595e-19)	(1.647799e+00 -4.945057e-01 5.485389e-22)
0.091        	(-1.371891e+00 -8.755098e+00 -3.033877e-19)	(-2.769600e+00 -8.537006e+00 -3.051710e-19)	(1.397709e+00 -2.180913e-01 1.783322e-21)
0.092        	(-1.090111e+00 -1.360187e+01 -1.998189e-19)	(-1.802875e+00 -1.318177e+01 -2.016055e-19)	(7.127645e-01 -4.200938e-01 1.786565e-21)
0.093        	(1.684345e+00 3.973179e+01 -4.871588e-19)	(1.381959e+00 4.020498e+01 -4.860885e-19)	(3.023854e-01 -4.731951e-01 -1.070333e-21)
0.094        	(-5.128628e+00 4.273019e+01 -4.376208e-19)	(-6.460343e+00 4.284136e+01 -4.378664e-19)	(1.331715e+00 -1.111753e-01 2.456007e-22)
0.095        	(-5.861329e+00 1.311599e+00 -3.607113e-19)	(-7.015968e+00 1.331431e+00 -3.601963e-19)	(1.154638e+00 -1.983171e-02 -5.150814e-22)
0.096        	(-7.185652e+00 -1.371291e+01 -3.319642e-19)	(-8.121852e+00 -1.406933e+01 -3.328836e-19)	(9.362009e-01 3.564198e-01 9.193948e-22)
0.097        	(-1.463955e+01 1.403738e+01 -4.379193e-19)	(-1.291024e+01 1.150486e+01 -4.405813e-19)	(-1.729304e+00 2.532515e+00 2.661997e-21)
0.098        	(-2.778232e+01 -3.602461e+01 -2.395362e-19)	(-1.950716e+01 -3.358228e+01 -2.428329e-19)	(-8.275155e+00 -2.442331e+00 3.296754e-21)
0.099        	(-1.751830e+01 -3.547499e+01 -4.328111e-19)	(-8.792941e+00 -2.522290e+01 -4.415661e-19)	(-8.725355e+00 -1.025209e+01 8.754979e-21)
0.1          	(-2.558308e+01 -6.099950e+01 -7.726716e-19)	(-1.776653e+01 -5.082361e+01 -7.824436e-19)	(-7.816550e+00 -1.017589e+01 9.772004e-21)
0.101        	(-3.965259e+01 -1.662834e+02 -1.051975e-18)	(-3.260657e+01 -1.567908e+02 -1.064349e-18)	(-7.046024e+00 -9.492589e+00 1.237464e-20)
0.102        	(-9.984182e+01 -5.715264e+02 -1.738478e-18)	(-9.639987e+01 -5.614246e+02 -1.749080e-18)	(-3.441953e+00 -1.010174e+01 1.060261e-20)
0.103        	(-2.098667e+02 -1.306964e+03 -3.891574e-18)	(-2.053297e+02 -1.294926e+03 -3.895157e-18)	(-4.536978e+00 -1.203836e+01 3.582516e-21)
0.104        	(-2.784233e+02 -1.776248e+03 -6.708625e-18)	(-2.691006e+02 -1.770715e+03 -6.707009e-18)	(-9.322763e+00 -5.532899e+00 -1.616640e-21)
0.105        	(-1.660959e+02 -9.495865e+02 -2.230338e-18)	(-1.559288e+02 -9.447752e+02 -2.237471e-18)	(-1.016715e+01 -4.811273e+00 7.132739e-21)
0.106        	(-8.668363e+01 -3.922199e+02 -7.939241e-19)	(-7.604020e+01 -3.844511e+02 -8.075362e-19)	(-1.064342e+01 -7.768772e+00 1.361210e-20)
0.107        	(-1.808820e+02 -9.390915e+02 -1.062511e-18)	(-1.590833e+02 -9.237304e+02 -1.115393e-18)	(-2.179868e+01 -1.536104e+01 5.288212e-20)
0.108        	(-3.131984e+02 -1.630801e+03 -2.319616e-18)	(-2.908528e+02 -1.637276e+03 -2.383396e-18)	(-2.234553e+01 6.475810e+00 6.378044e-20)
0.109        	(-9.158193e+02 -5.246085e+03 -5.430961e-18)	(-8.767244e+02 -5.169304e+03 -5.636463e-18)	(-3.909485e+01 -7.678138e+01 2.055025e-19)
0.11         	(-9.619499e+02 -5.672960e+03 -7.174824e-18)	(-9.403944e+02 -5.560612e+03 -7.788760e-18)	(-2.155549e+01 -1.123483e+02 6.139368e-19)
0.111        	(-1.584017e+03 -9.906156e+03 -6.723937e-18)	(-1.529902e+03 -9.991139e+03 -6.820505e-18)	(-5.411533e+01 8.498333e+01 9.656795e-20)
0.112        	(6.460957e+03 5.063713e+04 1.702092e-18)	(6.839997e+03 5.020042e+04 2.700643e-18)	(-3.790401e+02 4.367145e+02 -9.985515e-19)
0.113        	(1.074391e+02 7.611563e+03 -2.710763e-17)	(-2.339456e+02 8.127043e+03 -3.469525e-17)	(3.413847e+02 -5.154799e+02 7.587622e-18)
0.114        	(-2.145735e+04 -8.590062e+04 -1.091470e-16)	(-2.248780e+04 -8.627858e+04 -1.107283e-16)	(1.030446e+03 3.779596e+02 1.581272e-18)
0.115        	(-6.254922e+05 -5.826716e+06 -4.131546e-15)	(-6.276026e+05 -5.821766e+06 -4.130022e-15)	(2.110405e+03 -4.950174e+03 -1.524245e-18)
0.116        	(-2.870404e+07 -2.400056e+08 -2.473726e-13)	(-2.870917e+07 -2.399875e+08 -2.475047e-13)	(5.138448e+03 -1.812210e+04 1.321100e-16)
0.117        	(-3.474030e+09 -2.760248e+10 -3.947085e-11)	(-3.473732e+09 -2.760208e+10 -3.947512e-11)	(-2.977627e+05 -3.960734e+05 4.272886e-15)
0.118        	(-1.856773e+11 -1.525416e+12 -1.987578e-09)	(-1.857139e+11 -1.525459e+12 -1.987783e-09)	(3.654051e+07 4.322686e+07 2.050090e-13)
0.119        	(-6.048981e+14 -4.967321e+15 -8.006682e-06)	(-6.048966e+14 -4.967321e+15 -8.006683e-06)	(-1.506817e+09 7.355387e+06 3.897526e-13)
0.12         	(-2.155975e+17 -1.665596e+18 -2.114741e-03)	(-2.155975e+17 -1.665596e+18 -2.114741e-03)	(1.317863e+09 -5.252951e+08 -5.333462e-12)
0.121        	(-7.406408e+19 -5.475252e+20 -7.199172e-01)	(-7.406408e+19 -5.475252e+20 -7.199172e-01)	(-1.220154e+11 -1.909386e+10 7.487306e-11)
0.122        	(6.394605e+27 4.593647e+28 5.157341e+07)	(6.394605e+27 4.593647e+28 5.157341e+07)	(-2.700993e+17 3.556051e+15 3.619419e-04)
