0  2  1  0  11007.5  0  0  1
1  1  2  2  10834.2  1.986  -0.00361091  1
2  1  2  -2  10840.8  2.01067  0.0166516  1
3  3  -2  -2  10872.7  1.99992  0.017946  1
4  3  -2  2  10789.5  2.00036  0.0182832  1
10  1  2  1.6  10841.7  1.97934  -0.0113659  1
11  1  2  1.2  10841.7  1.9738  -0.0223208  1
12  1  2  0.8  10841.7  1.96973  -0.0354174  1
13  1  2  0.4  10841.7  1.96772  -0.0521145  1
14  1  2  5.50449e-12  10841.7  1.99781  -0.0379473  1
15  1  2  -0.4  10841.7  2.03126  -0.0064569  1
16  1  2  -0.8  10841.7  2.02849  0.00548152  1
17  1  2  -1.2  10841.7  2.02413  0.0118288  1
18  1  2  -1.6  10841.7  2.02259  0.0142536  1
19  0  1.6  -2  10842.5  1.99992  0.017946  1
20  0  1.2  -2  10846.8  1.99992  0.017946  1
21  0  0.8  -2  10850.1  1.99992  0.017946  1
22  0  0.4  -2  10854.3  1.99992  0.017946  1
23  0  5.50449e-12  -2  10860.8  1.99992  0.017946  1
24  0  -0.4  -2  10866.6  1.99992  0.017946  1
25  0  -0.8  -2  10869.6  1.99992  0.017946  1
26  0  -1.2  -2  10871.4  1.99992  0.017946  1
27  0  -1.6  -2  10872.4  1.99992  0.017946  1
28  3  -2  -1.6  10872.7  1.99992  0.017946  1
29  3  -2  -1.2  10872  1.99992  0.017946  1
30  3  -2  -0.8  10869.9  1.99992  0.017946  1
31  3  -2  -0.4  10864.4  1.99992  0.017946  1
32  3  -2  -5.50449e-12  10853.7  1.99992  0.017946  1
33  3  -2  0.4  10839  1.99992  0.017946  1
34  3  -2  0.8  10822.3  1.99992  0.017946  1
35  3  -2  1.2  10807.4  1.99992  0.017946  1
36  3  -2  1.6  10795.9  1.99992  0.017946  1
37  0  -1.6  2  10784.4  2.00243  0.019612  1
38  0  -1.2  2  10774.6  2.0074  0.0221979  1
39  0  -0.8  2  10761.3  2.0131  0.0276999  1
40  0  -0.4  2  10755.3  2.01513  0.0334954  1
41  0  -5.50449e-12  2  10762.2  2.01281  0.0319635  1
42  0  0.4  2  10779.3  2.00908  0.0152863  1
43  0  0.8  2  10780.3  2.01098  0.00359176  1
44  0  1.2  2  10788.7  2.00698  0.00257818  1
45  0  1.6  2  10817.2  1.99533  8.73961e-07  1
46  2  0.978575  0.00435731  10919.5  -3.01181e-16  5.13527e-17  1
47  2  0.957182  0.00894556  10893.2  -1.23189e-16  2.62197e-17  1
48  2  0.935677  0.0129738  10873.2  -6.96474e-17  8.11245e-18  1
49  2  0.914112  0.0166736  10851.9  2.74412e-16  -3.92304e-17  1
50  2  0.89253  0.0202709  10807.7  -2.62252e-16  3.73942e-17  1
51  2  0.870952  0.0238936  10813.9  -4.93038e-32  0  1
52  2  0.84938  0.0275471  10798.2  1.53289e-16  -2.21909e-17  1
53  2  0.827815  0.031246  10735.1  -1.45773e-17  -2.66777e-19  1
54  2  0.806258  0.0349921  10727.2  -8.02269e-17  1.1477e-17  1
55  2  0.78471  0.0387902  10691.5  -3.11064e-16  4.63518e-17  1
56  2  0.76317  0.0426272  10654.3  1.68257e-16  -2.39382e-17  1
57  2  0.741635  0.0465003  10633.7  -1.59184e-16  2.82136e-17  1
58  2  0.720106  0.0503998  10600.2  0  0  1
59  2  0.69858  0.0543212  10552.7  -3.61975e-16  5.50436e-17  1
60  2  0.677057  0.0582571  10512.2  0  0  1
61  2  0.655533  0.0621847  10475.1  0  0  1
62  2  0.634008  0.0661092  10429.1  -4.93038e-32  1.2326e-32  1
63  2  0.612477  0.0699991  10369.9  -1.75708e-16  2.47803e-17  1
64  2  0.59094  0.0738587  10310.1  0  0  1
65  2  0.569393  0.0776637  10272.6  0  0  1
66  2  0.547834  0.0813972  10181.8  0  0  1
67  2  0.526262  0.0850551  10142  -8.58842e-17  8.65539e-18  1
68  2  0.50467  0.0885917  10067.5  -9.1409e-16  1.17417e-16  1
69  2  0.48306  0.092014  9998.24  2.39149e-16  -2.71611e-17  1
70  2  0.461424  0.0952735  9928.79  5.68333e-17  -1.0857e-17  1
71  2  0.439764  0.0983649  9841.13  4.93038e-32  -6.16298e-33  1
72  2  0.418075  0.101246  9762.37  0  0  1
73  2  0.396354  0.103882  9674.47  2.638e-16  -1.90675e-17  1
74  2  0.374602  0.106241  9609.92  6.84439e-16  -5.83093e-17  1
75  2  0.352816  0.108261  9496.29  0  0  1
76  2  0.330998  0.109904  9384.16  1.8628e-16  -7.6617e-18  1
77  2  0.30915  0.111061  9266.02  1.81049e-16  -3.01688e-18  1
78  2  0.287279  0.111669  9156.15  0  0  1
79  2  0.265401  0.111559  9082.33  -1.8066e-16  -2.78952e-19  1
80  2  0.24354  0.110679  9026.12  5.49472e-16  4.82136e-17  1
81  2  0.221731  0.108938  8977.47  -1.78651e-16  -8.57272e-18  1
82  2  0.200007  0.106338  9020.08  -1.73705e-16  -1.2293e-17  1
83  2  0.178411  0.102836  9087.04  -7.17692e-16  -1.35555e-16  1
84  2  0.156982  0.098426  9136.35  1.56089e-16  2.9668e-17  1
85  2  0.135775  0.0930499  9312.49  0  0  1
86  2  0.114851  0.0866609  9432.9  0  0  1
87  2  0.0942934  0.0791791  9538.55  4.82614e-16  1.84197e-16  1
88  2  0.0742271  0.0704671  9900.19  2.41307e-16  9.20984e-17  1
89  2  0.0548394  0.0603375  10297.5  9.86076e-32  0  1
90  2  0.0364437  0.0485089  10902.2  -1.52287e-16  -9.42192e-17  1
91  2  0.019648  0.0345169  11752.5  2.90953e-16  1.17211e-16  1
92  2  0.00584964  0.0176103  12220.5  -3.7404e-17  -4.65918e-17  1
93  2  0.000388598  -0.00304236  11252.3  -1.41529e-16  8.31241e-17  1
94  2  0.0189083  -0.012952  10025.1  9.16721e-17  -9.44337e-17  1
95  2  0.0404199  -0.0169149  10136.2  -1.03207e-16  1.18598e-17  1
96  2  0.0621475  -0.0194798  10424  -4.54021e-16  5.40676e-17  1
97  2  0.0839411  -0.0214146  10463.9  1.28526e-16  -1.58632e-17  1
98  2  0.105759  -0.0230588  10537.3  0  0  1
99  2  0.127589  -0.0245347  10571.4  4.42087e-16  -3.7437e-17  1
100  2  0.149425  -0.0259192  10594.9  0  0  1
101  2  0.171266  -0.0272236  10598.1  1.53147e-16  -1.20501e-17  1
102  2  0.19311  -0.0284669  10606.9  -2.49836e-16  1.60338e-17  1
103  2  0.214959  -0.0296417  10612.2  -4.09332e-16  2.2038e-17  1
104  2  0.23681  -0.0307527  10609.7  1.95176e-16  -9.92054e-18  1
105  2  0.258666  -0.0317891  10618.6  2.13026e-16  -1.07923e-17  1
106  2  0.280525  -0.0327422  10591.3  3.65933e-16  -1.8176e-17  1
107  2  0.302387  -0.0336176  10592.7  -1.60344e-16  9.49837e-18  1
108  2  0.324252  -0.0344101  10597.5  4.24944e-16  -1.70638e-17  1
109  2  0.346121  -0.0351249  10585.8  -1.53806e-16  5.39538e-18  1
110  2  0.367991  -0.0357549  10562.4  0  0  1
111  2  0.389864  -0.0363026  10563.6  1.5853e-16  -3.30396e-18  1
112  2  0.411739  -0.0367708  10562.2  2.09039e-16  -5.96436e-18  1
113  2  0.433615  -0.0371625  10560.3  0  0  1
114  2  0.455493  -0.037475  10561.5  0  0  1
115  2  0.477372  -0.0377  10550.8  -4.21893e-16  5.26617e-18  1
116  2  0.499251  -0.0378393  10537.1  2.10947e-16  -2.63309e-18  1
117  2  0.521131  -0.0378926  10543.9  0  0  1
118  2  0.543011  -0.0378604  10542.9  4.27034e-16  -8.29091e-20  1
119  2  0.56489  -0.0377367  10521.6  5.62684e-17  1.04364e-18  1
120  2  0.586769  -0.0375138  10515.4  -2.4153e-16  4.74063e-18  1
121  2  0.608646  -0.0371904  10526.6  -1.50171e-16  -9.29557e-19  1
122  2  0.630522  -0.0367557  10540.5  7.31499e-16  1.14608e-17  1
123  2  0.652395  -0.0362067  10534.3  1.94769e-16  5.38671e-18  1
124  2  0.674264  -0.0355278  10549.6  0  0  1
125  2  0.696129  -0.0347117  10530.7  0  0  1
126  2  0.717987  -0.0337365  10533.8  3.60293e-16  1.51054e-17  1
127  2  0.739836  -0.0325881  10540  2.00499e-16  9.12121e-18  1
128  2  0.761673  -0.031218  10551.8  1.54666e-16  1.26188e-17  1
129  2  0.78349  -0.0295584  10556.4  4.07956e-17  -1.23905e-18  1
130  2  0.805274  -0.0275245  10579.7  0  0  1
131  2  0.826999  -0.0249322  10638.7  -3.41104e-16  -2.96187e-17  1
132  2  0.848659  -0.0218397  10681.6  1.36635e-16  1.64131e-17  1
133  2  0.870235  -0.0182043  10773.3  -1.43582e-16  -1.38972e-17  1
134  2  0.891765  -0.0143144  10853.4  -2.75366e-16  -3.12418e-17  1
135  2  0.913312  -0.0105232  10903.1  1.24117e-16  1.51473e-17  1
136  2  0.935026  -0.0078349  10972.3  1.38407e-16  1.37701e-17  1
137  2  0.956686  -0.00481083  10998.4  0  0  1
138  2  0.978163  -0.00103679  11044.8  0  0  1
268  0  0.981372  -0.453161  10842  2.02354  0.0318046  1
269  0  0.203125  -0.972008  10848.1  2.01403  -0.000576466  1
270  0  0.485108  -0.540642  10787.5  2.04436  -0.00296142  1
271  0  -0.00646213  -0.507374  10870.1  1.99911  -0.0313839  1
272  0  0.994669  -0.184993  10895.5  1.98883  0.0794209  1
273  0  -0.904381  0.708866  10817  2.00375  0.0472705  1
274  0  0.0390762  1.06705  10709.6  2.04956  0.0420386  1
275  0  1.03506  0.982877  10753  2.02417  -0.038939  1
276  0  -0.953244  -0.262804  10888  1.98654  0.027721  1
277  0  0.522168  0.642303  10581.9  2.11431  -0.0312923  1
278  0  0.960718  0.531608  10734.3  2.0424  -0.095998  1
279  0  -0.289691  0.539781  10777.8  2.02357  0.101283  1
280  0  -0.454311  0.149501  10924.7  1.96081  0.0782562  1
281  0  0.787006  -0.239082  10751.1  2.05884  0.0648742  1
282  0  0.120064  0.498331  10540.3  2.13595  0.111476  1
283  0  0.555278  -0.272608  10700.3  2.08974  0.00571861  1
284  0  0.280363  -0.310218  10753.4  2.0602  -0.049247  1
285  0  0.0540754  -0.254609  10858  2.00126  -0.0929672  1
286  0  0.388561  0.385823  10316.7  2.24673  -0.0193426  1
287  0  0.676216  0.350285  10539.3  2.13531  -0.144753  1
288  0  0.900594  0.268791  10739.3  2.03369  -0.173191  1
289  0  1.33935  0.26837  10874.3  1.99151  -0.0851959  1
290  0  -0.0554626  0.304357  10691.9  2.05795  0.23076  1
291  0  0.8739  -1.07728  10840.9  2.02112  0.0119254  1
292  0  -0.682889  -1.09208  10877.2  1.99805  0.011182  1
293  0  0.129447  0.286488  10305  2.24089  0.240966  1
294  0  -0.303151  -0.187117  10996.5  1.93015  0.000579449  1
295  0  -0.13037  0.119426  11108.6  1.84939  0.22118  1
296  0  0.417883  -0.185687  10661  2.09807  -0.0324663  1
297  0  0.294203  -0.170491  10682.2  2.0864  -0.0699075  1
298  0  0.150578  -0.160752  10741.1  2.05345  -0.115713  1
299  0  -0.0669904  -0.161811  11023.5  1.91121  -0.101576  1
300  0  1.36017  -0.0920867  10931.3  1.91537  -0.0140355  1
301  0  0.276119  0.263694  10047.1  2.35786  0.0778172  1
302  0  0.667397  -0.176101  10659  2.10151  0.0471873  1
303  0  0.521315  0.263641  10301.8  2.24597  -0.156308  1
304  0  0.647982  0.204993  10462.6  2.17779  -0.228476  1
305  0  0.778272  0.175912  10641.9  2.09463  -0.235412  1
306  0  1.01216  0.170821  10879.9  1.99466  -0.170585  1
307  0  0.556736  -0.152244  10626  2.12604  0.00899675  1
308  0  0.87965  -0.139922  10807.1  2.05607  0.115955  1
309  0  0.0335607  0.20088  10540.5  2.10819  0.390329  1
310  0  0.399087  0.230495  10029.9  2.37998  -0.0920783  1
311  0  0.877905  0.126344  10778.2  2.12066  -0.251924  1
312  0  0.774983  -0.137527  10688.2  2.12468  0.0954079  1
313  0  0.0644566  -0.117179  10791  2.01603  -0.17976  1
314  0  0.123699  0.185202  10063.6  2.34653  0.417862  1
315  0  -0.166986  -0.0146666  11189.8  1.81406  0.0412333  1
316  0  0.350561  -0.119606  10631.9  2.12929  -0.066323  1
317  0  0.221182  -0.113197  10666.9  2.09552  -0.106774  1
318  0  0.204162  0.184429  9727.15  2.51273  0.254069  1
319  0  0.624855  -0.120182  10606.9  2.18153  0.0335774  1
320  0  0.488772  -0.116311  10599.9  2.18282  -0.0196855  1
321  0  0.952467  -0.100499  10914  2.04975  0.129493  1
322  0  1.06693  -0.0872472  11018  1.95689  0.0669473  1
323  0  1.16379  0.0589946  10976.1  1.76331  -0.115213  1
324  0  0.27597  0.185086  9702.56  2.54787  0.0821623  1
325  0  0.69246  -0.449346  10781.2  2.05183  0.0201717  1
326  0  0.559757  0.18624  10288.4  2.28587  -0.236567  1
327  0  0.709889  -0.103007  10618  2.21418  0.0778723  1
328  0  0.347938  0.180756  9802.37  2.51385  -0.0700694  1
329  0  -0.475642  -0.648218  10896.7  1.98653  0.00454481  1
330  0  0.463341  0.17903  10075.7  2.38835  -0.205193  1
331  0  0.421631  -0.101468  10611  2.20434  -0.0457981  1
332  0  0.00224654  0.123521  10869.5  1.90989  0.530091  1
333  0  0.700107  0.138376  10543.8  2.26588  -0.291675  1
334  0  0.288893  -0.100468  10644.5  2.15471  -0.0881971  1
335  0  -0.481717  0.998991  10768  2.02149  0.0532521  1
336  0  0.535282  1.18646  10718.5  2.04286  0.00157278  1
337  0  1.40551  -0.849958  10851.4  2.0186  0.0115059  1
338  0  0.940041  0.0919754  10881.1  2.07186  -0.254171  1
339  0  0.613667  0.142593  10391.3  2.33293  -0.292876  1
340  0  -0.0407311  0.0700098  11452.1  1.60204  0.372194  1
341  0  1.00913  0.0633159  10996.8  1.80102  -0.235845  1
342  0  -0.968035  0.279406  10857.8  1.99276  0.0443446  1
343  0  1.23356  -0.280154  10905.5  1.98898  0.0183018  1
344  0  0.857756  -0.756813  10830.4  2.02494  0.0146463  1
345  0  -0.130462  -0.328076  10936.5  1.96267  -0.0421398  1
346  0  0.237245  -0.554706  10816  2.02714  -0.0225351  1
347  0  -0.292317  0.272405  10890.4  1.97004  0.131265  1
348  0  0.808584  0.116023  10701.2  2.18306  -0.274946  1
349  0  0.135133  -0.0904548  10678.8  2.11505  -0.150472  1
350  0  -0.987246  1.44686  10781  2.00858  0.0325382  1
351  0  0.42457  -0.340747  10732.5  2.0728  -0.0201473  1
352  0  -1.39312  -0.856064  10874.6  1.99799  0.0189968  1
353  0  0.823279  -0.0860804  10687.5  2.15904  0.148557  1
354  0  1.32198  0.697079  10801.9  1.99848  -0.0589378  1
355  0  0.543639  -0.877005  10829.6  2.02433  0.00492859  1
356  0  0.443296  -1.31814  10847.8  2.01671  0.00894322  1
357  0  0.891596  -0.0793088  10823.3  2.08504  0.165219  1
358  0  0.910397  -0.257029  10828.6  2.02357  0.0678029  1
359  0  -0.613998  0.445288  10841.3  1.99661  0.0687961  1
360  0  0.0841307  0.139087  10134.4  2.28254  0.610403  1
361  0  -0.155111  -0.841701  10871.2  2.0017  -0.00536338  1
362  0  -0.23877  -1.35595  10865.1  2.00575  0.00753522  1
363  0  -0.0298961  -0.0760023  11135.3  1.81814  -0.233276  1
364  0  -1.48594  0.554381  10833.2  1.99951  0.0299963  1
365  0  0.67942  -0.300477  10734.4  2.0759  0.0318567  1
366  0  0.553492  -0.0960278  10574.6  2.24104  0.00184904  1
367  0  1.38466  -1.43143  10844.7  2.0211  0.0134339  1
368  0  1.08595  0.31677  10820.8  1.99719  -0.125898  1
369  0  0.991384  -0.050502  11027.2  1.80782  0.134588  1
370  0  -0.0579975  0.758435  10687.7  2.06399  0.0751509  1
371  0  0.755929  -0.076877  10579  2.14439  0.110032  1
372  0  0.143919  -0.413496  10821.5  2.02552  -0.0454329  1
373  0  0.665807  -0.0831958  10562.8  2.18823  0.0544835  1
374  0  -0.272968  1.39984  10751.8  2.02377  0.0399541  1
375  0  -1.38019  0.0439562  10860  1.99618  0.0291344  1
376  0  0.413544  0.154733  9852.96  2.54883  -0.187512  1
377  0  0.50273  0.138601  10096.5  2.45218  -0.271968  1
378  0  -0.648959  -0.163234  10918.8  1.96938  0.0311525  1
379  0  0.740074  0.0992632  10590.4  2.07196  -0.295522  1
380  0  0.231771  0.7551  10620.1  2.09718  0.0378125  1
381  0  0.091267  -0.0697825  10628.4  2.14796  -0.202569  1
382  0  0.182764  -0.0667216  10630.4  2.17385  -0.134509  1
383  0  0.732138  0.588804  10636.1  2.08914  -0.0767786  1
384  0  1.04619  -0.300442  10879.1  2.00211  0.0457795  1
385  0  0.870214  0.0845228  10784.8  2.01761  -0.268817  1
386  0  0.566718  0.124934  10257.8  2.31174  -0.300457  1
387  0  0.653347  0.111187  10439.5  2.1709  -0.302622  1
388  0  0.0407733  -0.0606116  10711.1  2.08962  -0.313397  1
389  0  -0.0433627  0.0178021  11811.7  1.45225  0.0942408  1
390  0  0.548975  0.411775  10458.1  2.17785  -0.0872915  1
391  0  0.167931  -0.269947  10784.5  2.04131  -0.0770847  1
392  0  0.9266  -0.046794  10924.4  1.78508  0.166989  1
393  0  -1.19861  -1.39184  10873.8  1.99949  0.0169591  1
394  0  0.844105  -0.387399  10805.3  2.04188  0.0388441  1
395  0  -0.0669045  0.525561  10676.8  2.06998  0.123508  1
396  0  0.161192  0.142558  9548.42  2.61693  0.477869  1
397  0  0.224665  0.394294  10348  2.23058  0.101586  1
398  0  1.38206  1.3884  10797.5  1.99993  -0.0191155  1
399  0  0.333281  -0.0779032  10598.8  2.19286  -0.0851099  1
400  0  0.377858  -0.0787511  10579.6  2.18555  -0.0644822  1
401  0  1.23133  -0.603387  10857.9  2.01474  0.0166849  1
402  0  1.54445  -0.407627  10876.4  2.01571  0.00027066  1
403  0  -1.2785  1.00182  10807.4  2.00274  0.0332831  1
404  0  0.310586  0.572874  10515.5  2.14852  0.0286089  1
405  0  0.947416  1.48213  10765.9  2.016  -0.0105215  1
406  0  0.243606  -0.0687974  10627.9  2.17249  -0.113602  1
407  0  0.179243  1.44927  10740.4  2.02977  0.0262188  1
408  0  0.646114  -0.67632  10812.8  2.03142  0.00896697  1
409  0  0.073096  -0.748812  10854  2.01012  -0.0119469  1
410  0  -0.909386  -0.673658  10885.7  1.99204  0.0174799  1
411  0  0.487175  -0.178286  10646  2.10458  -0.0123706  1
412  0  0.764603  0.882717  10698.8  2.0527  -0.0351361  1
413  0  0.59831  -0.0780733  10549  2.15523  0.0260213  1
414  0  0.512547  -0.0761656  10558.8  2.16999  -0.015256  1
415  0  0.463862  -0.0762177  10572.4  2.1773  -0.0358637  1
416  0  0.790161  0.31209  10637.1  2.08553  -0.165811  1
417  0  0.0394045  0.107917  10606.4  1.98888  0.723003  1
418  0  0.542698  -0.428793  10761.7  2.06028  0.00233224  1
419  0  0.876574  -1.57252  10847.5  2.01849  0.0134655  1
420  0  -0.271108  0.103655  11016.8  1.91137  0.108641  1
421  0  -0.245291  -0.563675  10900.3  1.984  -0.011847  1
422  0  -1.48219  1.48673  10792.6  2.00272  0.0251744  1
423  0  -0.0536765  0.188388  10863.3  1.96024  0.317908  1
424  0  0.334744  -0.244977  10710  2.08132  -0.0489006  1
425  0  0.837215  -0.564233  10817.9  2.0315  0.0214047  1
426  0  1.05491  -0.639174  10844.5  2.01916  0.0196866  1
427  0  0.371474  -0.729156  10821.7  2.02645  -0.00418819  1
428  0  0.229323  0.15131  9436.35  2.70456  0.229834  1
429  0  0.219141  -0.182424  10713.1  2.07239  -0.0878098  1
430  0  -0.513413  0.703158  10791.9  2.01545  0.0681162  1
431  0  -0.00176249  0.0734325  11324.1  1.59709  0.635103  1
432  0  0.050084  0.408453  10547.7  2.13314  0.163608  1
433  0  0.29932  0.151104  9496.5  2.69655  0.00736742  1
434  0  0.327263  -0.444535  10785.7  2.04569  -0.0253068  1
435  0  -1.37227  -0.418681  10872.8  1.99619  0.0228274  1
436  0  1.07514  -0.972397  10843.1  2.02121  0.0138765  1
437  0  0.695001  0.0955633  10545.9  2.02072  -0.294207  1
438  0  0.778493  0.0790311  10684.2  1.89264  -0.272431  1
439  0  0.825715  0.0693338  10739.3  1.78268  -0.260555  1
440  0  0.456253  0.13647  9961.34  2.50086  -0.249042  1
441  0  0.741522  -0.163312  10685.2  2.09644  0.0753215  1
442  0  -0.593167  -1.60994  10869.1  2.00273  0.0138253  1
443  0  0.364554  0.148008  9696.58  2.62972  -0.132058  1
444  0  0.95558  0.0482715  10905.7  1.61285  -0.237634  1
445  0  -0.491487  -0.439801  10918.7  1.97319  0.0071293  1
446  0  0.907992  0.0564656  10823.7  1.68352  -0.233994  1
447  0  -0.150012  0.241634  10880.3  1.97027  0.202045  1
448  0  1.67222  0.164284  10869.5  1.96466  -0.0569331  1
449  0  1.16902  0.216189  10892.4  1.99092  -0.112686  1
450  0  0.0344831  0.29152  10535.7  2.13408  0.264892  1
451  0  0.70864  -0.0696813  10576.3  2.12437  0.0773751  1
452  0  0.824375  -0.187712  10757.7  2.04924  0.0871221  1
453  0  1.0814  0.030892  11080.1  1.51769  -0.121547  1
454  0  0.865148  -0.0538568  10762.9  1.89952  0.180826  1
455  0  1.05932  -0.0262822  11099.2  1.43018  0.0413448  1
456  0  0.94192  0.718316  10726  2.03913  -0.0640604  1
457  0  0.419597  1.00109  10685.3  2.06247  0.00634255  1
458  0  0.598972  -0.215928  10673.8  2.09407  0.0198181  1
459  0  0.793386  0.462524  10648.1  2.08761  -0.111718  1
460  0  0.801456  -0.0643599  10629.8  2.05898  0.147577  1
461  0  -0.122052  0.0521089  11283.9  1.75804  0.139756  1
462  0  0.46664  -0.276655  10702.4  2.0882  -0.01555  1
463  0  -0.231171  0.797537  10733.6  2.04121  0.0729374  1
464  0  -0.0420814  -0.0331135  11440.4  1.64584  -0.249671  1
465  0  -0.708276  0.0907977  10895.5  1.97697  0.0493599  1
466  0  0.113743  0.123511  9849.64  2.46944  0.660943  1
467  0  0.442271  0.529639  10501.8  2.15731  -0.0200372  1
468  0  -0.173665  0.380888  10777.9  2.02484  0.154461  1
469  0  0.290101  -0.0671986  10626  2.16638  -0.0965271  1
470  0  0.442687  0.322089  10280.3  2.25773  -0.0755711  1
471  0  0.340418  0.311593  10171.5  2.30686  0.0087144  1
472  0  -0.815216  1.08498  10787.8  2.01054  0.042548  1
473  0  0.136339  -0.0611674  10633.1  2.17095  -0.163267  1
474  0  0.201244  0.260834  10096.2  2.33208  0.1792  1
475  0  0.010477  -0.385728  10872.5  1.99944  -0.0509431  1
476  0  0.422082  -0.0726826  10586.2  2.16141  -0.0498439  1
477  0  0.715986  0.201585  10561  2.12816  -0.228555  1
478  0  1.66943  0.495271  10844  1.97323  -0.0554101  1
479  0  0.960706  0.168585  10845.9  2.01455  -0.198172  1
480  0  0.608144  0.108562  10379.2  2.17595  -0.304874  1
481  0  0.0876401  -0.1927  10812.7  2.02355  -0.117673  1
482  0  1.12049  -0.220416  10929.6  1.97886  0.0401381  1
483  0  -0.391501  -0.0834735  10985.3  1.93105  0.034621  1
484  0  1.60815  1.05639  10816.3  1.98787  -0.0329059  1
485  0  0.116435  -1.37706  10856.1  2.01192  0.00704218  1
486  0  0.939718  -0.151757  10870.6  2.01714  0.103856  1
487  0  0.00177872  -0.163442  10917.2  1.96421  -0.1416  1
488  0  -0.0617413  -0.255184  10949.3  1.95392  -0.0759661  1
489  0  0.841283  0.210582  10697.3  2.05154  -0.207548  1
490  0  0.450649  -0.155181  10638.1  2.11187  -0.0258127  1
491  0  -0.536945  1.39714  10764.6  2.01727  0.0392728  1
492  0  0.628561  -0.0738777  10559.1  2.15552  0.0421154  1
493  0  -0.416795  -1.138  10872.9  2.00085  0.00690145  1
494  0  0.609498  0.288132  10441.8  2.1782  -0.164658  1
495  0  0.515234  1.6402  10761.5  2.01766  0.0102415  1
496  0  0.718333  -0.244007  10721.1  2.07639  0.0487753  1
497  0  0.213122  -0.0659151  10641  2.18243  -0.120873  1
498  0  0.192426  0.151959  9537.34  2.6432  0.350872  1
499  0  0.0420384  0.149693  10513.7  2.10169  0.538265  1
500  0  -1.14563  0.520587  10835.6  1.99885  0.0396497  1
501  0  1.16361  -0.452362  10868.9  2.01127  0.0232311  1
502  0  -0.0980856  -0.0835487  11182.7  1.80346  -0.0956062  1
503  0  0.341939  0.236045  9971.96  2.40286  -0.0183008  1
504  0  1.19942  0.564007  10795.5  2.00758  -0.0774225  1
505  0  0.262393  0.155318  9461.82  2.70401  0.115743  1
506  0  0.339387  -0.184001  10678.1  2.09059  -0.0580752  1
507  0  -0.423548  0.432022  10831.1  2.00036  0.0910161  1
508  0  -0.79192  -0.378427  10898.2  1.98272  0.022605  1
509  0  0.270897  -0.246966  10729  2.07102  -0.0628388  1
510  0  0.520266  0.116127  10115.1  2.05835  -0.2644  1
511  0  -0.057899  0.125679  11079.8  1.83951  0.360731  1
512  0  -0.00898999  0.0403109  11857.3  1.31034  0.527872  1
513  0  1.21622  -0.0847876  10998.7  1.92061  0.00464857  1
514  0  0.00150194  -0.0554529  11006.2  1.91247  -0.361726  1
515  0  0.0213241  -0.105286  10883.4  1.96466  -0.216632  1
516  0  1.02323  -0.103918  10984.5  2.01573  0.0885543  1
517  0  0.839155  -0.148727  10758  2.07292  0.109017  1
518  0  0.331764  0.150548  9604.12  2.66568  -0.071775  1
519  0  -1.56333  -1.18808  10873.3  1.99936  0.0180055  1
520  0  0.39414  -0.15913  10642.2  2.10349  -0.0431134  1
521  0  0.299238  -1.62023  10853.8  2.01385  0.0110071  1
522  0  0.690516  0.266243  10529.9  2.13373  -0.188429  1
523  0  0.0804491  0.23849  10400.8  2.17846  0.32542  1
524  0  1.13555  -0.0327506  11027.6  1.66954  -0.00687455  1
525  0  0.986226  0.240971  10811  1.99774  -0.163613  1
526  0  -0.180599  1.13648  10736.8  2.03459  0.0475892  1
527  0  0.993509  0.0353633  10970.9  1.42212  -0.244408  1
528  0  0.0242233  -1.13449  10858  2.00925  0.00167828  1
529  0  0.754871  -0.360443  10775  2.05666  0.0352142  1
530  0  0.664801  -0.131228  10615.3  2.15969  0.0488897  1
531  0  0.553994  -0.0645839  10531.4  1.92319  -0.000373389  1
532  0  0.456603  0.250698  10179.3  2.30334  -0.122457  1
533  0  -0.0974453  -0.663391  10874.5  1.99776  -0.0155608  1
534  0  0.949486  -0.0323217  10976.4  1.36537  0.130908  1
535  0  0.611633  0.561193  10582.6  2.11688  -0.0645869  1
536  0  0.0723436  0.101054  10057.4  2.1735  0.829549  1
537  0  0.259873  1.18379  10713.9  2.04598  0.0220761  1
538  0  -0.178778  -0.158825  11059.1  1.89322  -0.0330587  1
539  0  0.0304568  0.0751906  10788.8  1.77599  0.895027  1
540  0  0.178236  -0.121561  10691.9  2.07181  -0.118292  1
541  0  0.50883  0.17622  10168.9  2.36215  -0.22842  1
542  0  0.356318  -0.0610638  10574.3  1.9523  -0.0687142  1
543  0  -1.01661  -1.00222  10877.8  1.99697  0.0161763  1
544  0  1.36913  0.0872808  10921.7  1.88515  -0.0678443  1
545  0  1.067  0.102253  10979.2  1.96221  -0.167518  1
546  0  0.549404  -0.214824  10667.7  2.09618  0.00594539  1
547  0  0.898306  -0.0515543  10854.7  1.87545  0.179263  1
548  0  1.61823  -1.16853  10845.7  2.02111  0.0120394  1
549  0  -0.0927837  -0.00386998  11425.1  1.67283  0.0185284  1
550  0  0.834146  -0.0605585  10685.8  2.01724  0.169094  1
551  0  1.13851  -1.20914  10844.5  2.02018  0.0130017  1
552  0  0.847176  0.35536  10682.4  2.06847  -0.145718  1
553  0  0.96546  0.36849  10754.1  2.03393  -0.132375  1
554  0  0.488153  -0.0625798  10547.9  1.90004  -0.0237167  1
555  0  0.0706751  -0.0471339  10553.4  2.04473  -0.243499  1
556  0  -0.211327  0.186961  10967  1.92946  0.162442  1
557  0  0.238441  0.222243  9876.25  2.43885  0.148508  1
558  0  -1.62955  0.869528  10817.9  2.00017  0.0261774  1
559  0  0.413614  -1.08874  10841.9  2.01805  0.00476437  1
560  0  0.603911  -0.161332  10636.2  2.12001  0.0238423  1
561  0  0.504589  -0.33481  10730.6  2.07592  -0.00442019  1
562  0  -0.296449  -0.371114  10937.8  1.96254  -0.011284  1
563  0  0.655659  0.146542  10457.4  2.28015  -0.285301  1
564  0  1.05409  -0.153476  10947.9  1.98896  0.0674065  1
565  0  -1.54706  -1.5956  10872.8  1.9999  0.0176775  1
566  0  0.0215503  0.608791  10638.6  2.08891  0.0945195  1
567  0  -0.531907  0.291965  10876.6  1.98149  0.0769704  1
568  0  0.600482  -0.346503  10736.8  2.07407  0.0132301  1
569  0  0.10609  -0.138395  10763.5  2.03596  -0.144474  1
570  0  -1.66579  -0.180237  10862.2  1.99844  0.0226417  1
571  0  0.734701  -0.957733  10834.8  2.02344  0.00998717  1
572  0  -0.742405  1.6177  10768.1  2.01292  0.032934  1
573  0  0.858737  -0.084462  10755.9  2.12272  0.161093  1
574  0  0.864516  0.0514066  10797.9  1.38071  -0.199878  1
575  0  -1.05453  0.0202033  10873.2  1.98969  0.0350425  1
576  0  -1.66669  -0.632326  10869.7  1.99914  0.0198674  1
577  0  0.16311  0.221258  10063.6  2.34295  0.291983  1
578  0  -0.413497  -0.900349  10879.8  1.99686  0.00345482  1
579  0  0.433048  0.126825  9839.83  2.27061  -0.215709  1
580  0  0.47585  0.120253  10017  2.15407  -0.244646  1
581  0  -0.0158658  0.241415  10679.9  2.05357  0.309412  1
582  0  1.30779  -0.420609  10877.7  2.00599  0.0144091  1
583  0  0.671263  0.0857185  10483.6  1.68502  -0.250595  1
584  0  -0.106248  0.926026  10716.6  2.04806  0.0588081  1
585  0  0.713645  0.0791844  10585.6  1.63019  -0.247894  1
586  0  -1.66393  0.261397  10847  1.99913  0.024712  1
587  0  0.899547  -0.197288  10823.9  2.02061  0.089666  1
588  0  0.588694  0.227176  10363.4  2.21678  -0.203237  1
589  0  0.58547  -0.111868  10589  2.20865  0.0161424  1
590  0  0.982418  0.119032  10914.3  2.0484  -0.216396  1
591  0  0.520323  -0.106286  10591.4  2.22194  -0.00960365  1
592  0  0.368466  -0.54794  10797.3  2.03779  -0.0135494  1
593  0  0.238783  -0.398571  10789.1  2.04292  -0.0408779  1
594  0  0.258625  -0.138738  10673.3  2.08747  -0.0869601  1
595  0  0.096905  -0.330165  10836.9  2.01629  -0.0647259  1
596  0  0.756558  0.0690924  10642.2  1.51553  -0.215616  1
597  0  0.799632  0.060421  10710.8  1.40091  -0.20875  1
598  0  0.387796  0.129957  9707.6  2.3761  -0.171745  1
599  0  0.730323  -0.0563355  10561.4  1.80593  0.0821566  1
600  0  0.315624  -0.137284  10652.9  2.09805  -0.0712425  1
601  0  0.686395  -0.0586038  10539.3  1.83314  0.0545181  1
602  0  -0.841014  0.479129  10839.2  1.99748  0.0526686  1
603  0  0.602449  -0.501862  10782.5  2.04869  0.00847797  1
604  0  0.634598  -1.1196  10840.2  2.02017  0.00915793  1
605  0  0.80555  1.16085  10737.1  2.03376  -0.0169237  1
606  0  0.445052  -0.443659  10766.8  2.05674  -0.0118396  1
607  0  0.929018  0.0388574  10861.9  1.23584  -0.176678  1
608  0  1.60994  -0.137276  10883  1.97675  -0.0192535  1
609  0  1.03819  0.0220568  11099.7  1.25381  -0.122361  1
610  0  0.914976  -0.111697  10854.4  2.0723  0.134886  1
611  0  0.140695  0.118159  9464.54  2.47905  0.598088  1
612  0  0.076899  0.185326  10307.1  2.22716  0.442225  1
613  0  0.513495  -0.686259  10814.6  2.03024  0.00221017  1
614  0  0.116569  -0.524031  10839.4  2.01514  -0.0304018  1
615  0  0.946411  -0.352993  10837.8  2.02588  0.0458793  1
616  0  0.77464  -0.0528299  10572.5  1.76056  0.1025  1
617  0  0.134309  0.378147  10418.8  2.19206  0.152424  1
618  0  -0.472255  -0.222027  10947.1  1.95648  0.0194874  1
619  0  -0.55595  -0.00384978  10934.2  1.95781  0.0488707  1
620  0  0.384571  0.178349  9872.9  2.483  -0.12491  1
621  0  -0.151381  0.634403  10717.4  2.05097  0.0970497  1
622  0  0.27979  0.338264  10240.1  2.28001  0.0623657  1
623  0  0.137929  -0.221029  10781.7  2.0415  -0.0998623  1
624  0  0.312525  -0.0559394  10612.9  1.91378  -0.0768483  1
625  0  0.229014  0.956292  10676.1  2.06737  0.0295268  1
626  0  0.26864  -0.0541804  10602.5  1.91877  -0.097208  1
627  0  0.988765  -0.0233913  11042.5  1.16032  0.099093  1
628  0  0.115318  -0.0471306  10592.7  1.99098  -0.168601  1
629  0  0.306284  0.430819  10384  2.21629  0.0381193  1
630  0  -0.265073  -0.0760688  11057.8  1.8884  0.0257124  1
631  0  0.159182  -0.0486174  10620.7  1.95495  -0.136159  1
632  0  0.44368  -0.0592493  10572.7  1.8693  -0.0364044  1
633  0  0.400336  -0.0582927  10574.1  1.88286  -0.0537222  1
634  0  1.71052  -0.618323  10855.8  2.0216  0.00350069  1
635  0  0.831441  0.154722  10712.6  2.10936  -0.243515  1
636  0  1.40576  0.500147  10831.3  1.98233  -0.0707013  1
637  0  -0.689693  -0.823214  10885.5  1.99297  0.0112622  1
638  0  0.584451  0.0987175  10310.3  1.81617  -0.250114  1
639  0  0.627207  0.0913228  10417.8  1.72858  -0.26088  1
640  0  0.785399  -0.0952318  10650.7  2.18555  0.124025  1
641  0  0.984661  -0.252439  10867  2.00348  0.0631912  1
642  0  0.773828  0.111143  10645.1  2.17191  -0.288809  1
643  0  0.73906  0.144218  10596.3  2.2003  -0.270437  1
644  0  0.405034  -0.254918  10698.3  2.08831  -0.031693  1
645  0  -1.18106  0.257523  10854  1.99582  0.036163  1
646  0  0.838291  -0.303219  10792.9  2.0474  0.0539679  1
647  0  0.0986689  0.104381  9741.33  2.3032  0.765379  1
648  0  1.30622  1.14343  10786.7  2.00661  -0.0319955  1
649  0  0.359888  -0.313988  10734.8  2.07036  -0.0349183  1
650  0  -0.334891  0.182945  10944.8  1.94774  0.109081  1
651  0  0.657764  -0.230408  10693.3  2.08708  0.0358331  1
652  0  0.679331  0.460959  10577.4  2.12309  -0.103859  1
653  0  -0.728641  0.261007  10869.8  1.98651  0.0573763  1
654  0  0.387049  -0.113254  10617.6  2.16248  -0.0545697  1
655  0  0.456273  -0.111294  10606.2  2.1878  -0.0325709  1
656  0  0.777548  -0.179483  10719.6  2.06854  0.0803439  1
657  0  0.576037  -0.0579928  10535.6  1.78559  0.00835332  1
658  0  0.529967  -0.0589544  10568.6  1.81356  -0.00867904  1
659  0  -0.00706243  0.170299  10763.3  2.00013  0.415027  1
660  0  0.743178  -0.113915  10641.3  2.18561  0.0896967  1
661  0  0.166627  0.607867  10573.4  2.1201  0.0675142  1
662  0  -0.816164  -0.0703116  10896.5  1.97844  0.0373477  1
663  0  0.220159  -0.706718  10834.1  2.01994  -0.0100101  1
664  0  -0.193232  0.087901  11111.6  1.85959  0.131067  1
665  0  0.543531  0.108425  10163.3  1.95758  -0.25737  1
666  0  -0.00311392  -0.0252401  10970.1  1.72384  -0.646846  1
667  0  -0.957203  -1.67494  10871.6  2.00083  0.0165202  1
668  0  -1.18666  1.65291  10782.3  2.00588  0.0270058  1
669  0  0.92616  -0.0263751  10936.3  1.11795  0.136435  1
670  0  0.163898  0.119553  9265.3  2.48563  0.504347  1
671  0  -1.09452  -0.46733  10882.1  1.99203  0.022712  1
672  0  0.838969  0.100818  10748.1  2.11218  -0.275414  1
673  0  -0.674995  0.882321  10790.4  2.0127  0.0525077  1
674  0  -0.0565224  0.404251  10679  2.07055  0.167479  1
675  0  0.515732  -0.142563  10618.9  2.13232  -0.00692171  1
676  0  1.44762  -0.586752  10863.1  2.01333  0.00999992  1
677  0  0.0484192  -0.0372489  10528.6  1.99965  -0.312039  1
678  0  0.0244848  -0.0347367  10541.2  2.00804  -0.462583  1
679  0  1.66019  -1.66248  10842  2.02111  0.0146581  1
680  0  0.600672  -1.63919  10849.6  2.01582  0.0128874  1
681  0  0.75248  -0.0499697  10535.1  1.64303  0.0897866  1
682  0  0.947922  -0.207406  10857.5  2.00362  0.0810712  1
683  0  0.663932  -0.05528  10559.3  1.75433  0.0485192  1
684  0  0.428455  0.195191  10022.6  2.39572  -0.159795  1
685  0  0.972421  0.0278325  10916.9  1.079  -0.17223  1
686  0  0.334558  -0.0539826  10587.5  1.81462  -0.0650515  1
687  0  0.378474  -0.054033  10558.4  1.78093  -0.0573444  1
688  0  0.246542  -0.0466606  10629.4  1.75799  -0.0893563  1
689  0  -1.12786  0.780427  10816.9  2.00213  0.0391717  1
690  0  0.959417  -0.0620333  10962.9  1.9553  0.149329  1
691  0  -0.850088  -1.35683  10873.7  1.99989  0.0147945  1
692  0  0.18166  -0.0444797  10592.5  1.80212  -0.112704  1
693  0  0.887389  0.0420823  10815.9  1.18108  -0.168409  1
694  0  0.839908  0.0499435  10761.4  1.23497  -0.1909  1
695  0  1.13899  0.749865  10768.5  2.01497  -0.0605403  1
696  0  0.0933975  -0.0415116  10549.9  1.94185  -0.189176  1
697  0  0.497315  0.111117  10046  1.94867  -0.250873  1
698  0  0.409764  0.123329  9750.38  2.19535  -0.196253  1
699  0  -0.282735  0.38261  10821.2  2.00453  0.124303  1
700  0  0.332894  -0.877953  10835.8  2.01974  -0.00154374  1
701  0  -0.694302  0.633333  10814.7  2.00615  0.059524  1
702  0  0.311777  0.184677  9736.2  2.53693  -0.00112888  1
703  0  0.18603  0.329445  10279.9  2.25964  0.163022  1
704  0  0.541809  0.341132  10397.2  2.20165  -0.116388  1
705  0  0.734404  0.068888  10584.5  1.39667  -0.214493  1
706  0  0.790021  -0.46881  10800.8  2.04234  0.0265847  1
707  0  0.699372  -0.560173  10801.6  2.03873  0.0148334  1
708  0  0.648271  0.0833045  10437.4  1.52023  -0.24323  1
709  0  0.905916  0.0876434  10820.1  2.04469  -0.261433  1
710  0  0.561877  0.0983719  10241.4  1.70777  -0.232885  1
711  0  0.0825493  0.858937  10677  2.06888  0.0516407  1
712  0  0.597363  0.182658  10373.6  2.24693  -0.245629  1
713  0  -0.142056  -0.474406  10899.7  1.98336  -0.0249689  1
714  0  0.00277122  1.28378  10734.9  2.03418  0.0358938  1
715  0  0.662819  0.723436  10642.8  2.08243  -0.0446241  1
716  0  0.540929  0.143404  10198.9  2.40753  -0.279607  1
717  0  0.802158  -1.3361  10845  2.01931  0.0118713  1
718  0  0.854631  -0.229547  10790  2.0374  0.0760243  1
719  0  0.76813  0.24275  10619.9  2.09125  -0.197447  1
720  0  0.534416  0.214994  10263.7  2.26587  -0.197998  1
721  0  1.22657  1.68317  10791.7  2.00247  -0.00577923  1
722  0  -0.0940018  1.65222  10753.4  2.01987  0.0333085  1
723  0  -0.698844  -0.536242  10898.8  1.98434  0.0148719  1
724  0  0.890939  -0.465842  10822.6  2.03221  0.0312182  1
725  0  1.04002  -0.222353  10903.8  1.98232  0.0594646  1
726  0  1.37609  -0.252727  10902  2.00558  0.000675741  1
727  0  0.383003  0.699983  10587.8  2.11151  0.00375964  1
728  0  0.0544759  0.0831641  10371.1  1.99132  0.948103  1
729  0  -1.53407  1.17105  10803.4  2.00155  0.0261048  1
730  0  1.21392  0.389633  10833.8  1.99077  -0.0968369  1
731  0  1.61154  0.767894  10821.5  1.98513  -0.0490866  1
732  0  1.17988  -0.777686  10847.7  2.01892  0.0155328  1
733  0  0.61662  -0.282643  10708.6  2.0864  0.0208009  1
734  0  0.897957  0.185204  10778.9  2.03311  -0.208723  1
735  0  -0.0152879  0.0124278  12187.8  0.857891  -0.0375397  1
736  0  0.97934  -0.132082  10927.4  2.01005  0.0991369  1
737  0  1.15608  -1.68781  10846.6  2.01846  0.0144315  1
738  0  -0.303264  -1.70578  10865.1  2.00583  0.0127849  1
739  0  1.65492  1.66658  10818.5  1.98941  -0.00892202  1
740  0  0.59794  -0.0531305  10536.5  1.62794  0.0189532  1
741  0  0.510191  -0.0552673  10536.2  1.70602  -0.0124713  1
742  0  0.465862  -0.0551574  10560.1  1.73487  -0.0252515  1
743  0  -0.42179  0.58332  10796.3  2.01505  0.0830353  1
744  0  -1.75588  0.577061  10831.8  1.99977  0.0235594  1
745  0  -1.25547  1.32028  10793.5  2.00461  0.030219  1
746  0  -1.20902  -0.202227  10874.2  1.99278  0.0272787  1
747  0  0.126721  0.151161  9862.67  2.43673  0.522595  1
748  0  0.0400706  -0.622374  10855.7  2.00697  -0.0215972  1
749  0  1.07064  0.219849  10862.2  1.98334  -0.142541  1
750  0  0.221023  -0.229608  10741.3  2.06344  -0.0773181  1
751  0  0.230044  1.68429  10758.5  2.01764  0.0235821  1
752  0  0.290408  0.219542  9864.72  2.45004  0.0592978  1
753  0  -0.299695  -0.70236  10887.2  1.99195  -0.00465965  1
754  0  0.231396  0.125223  9159.11  2.4746  0.217135  1
755  0  0.441505  -0.0841824  10586.6  2.21404  -0.0435609  1
756  0  0.0247034  -0.926478  10857.5  2.00887  -0.00426499  1
757  0  0.20863  0.126346  9182.84  2.56146  0.313339  1
758  0  0.617644  -0.0554313  10534  1.72084  0.0255035  1
759  0  0.850745  0.577444  10687.2  2.06348  -0.0860881  1
760  0  1.01718  -0.0184399  11076  1.16222  0.0518837  1
761  0  0.239739  0.186024  9663.48  2.55038  0.169744  1
762  0  0.638158  -0.152879  10634.6  2.12006  0.0382676  1
763  0  0.00921527  -1.69411  10859.3  2.00955  0.0113314  1
764  0  -0.0208383  0.0968926  11162.8  1.74313  0.507955  1
765  0  1.72669  1.36674  10822.9  1.986  -0.0189512  1
766  0  -0.37428  -0.523933  10908  1.97935  -0.003724  1
767  0  -0.974452  0.941331  10802.2  2.00614  0.0417579  1
768  0  0.955104  -0.54556  10834.6  2.02424  0.024491  1
769  0  0.205472  -0.333509  10790  2.041  -0.0564065  1
770  0  1.13232  -0.126215  10990.3  1.9861  0.0333845  1
771  0  0.226358  -0.0480023  10619.9  1.84347  -0.0992501  1
772  0  0.969724  -0.0202915  11009.9  1.03506  0.10624  1
773  0  0.102907  -0.099783  10707.2  2.06737  -0.168087  1
774  0  0.401791  -0.0848896  10597.1  2.20795  -0.0564207  1
775  0  0.199054  -0.091365  10659.3  2.13953  -0.121175  1
776  0  0.691109  0.0746089  10532.5  1.39556  -0.217056  1
777  0  0.0168652  0.489314  10613  2.10092  0.13161  1
778  0  0.453268  0.115437  9912.88  2.00797  -0.216978  1
779  0  0.212647  0.482433  10468.2  2.17119  0.0800818  1
780  0  0.669031  -0.377256  10757.1  2.06456  0.0226304  1
781  0  -0.248665  0.0257813  11076.6  1.87803  0.0720845  1
782  0  1.09526  1.23154  10767.9  2.0169  -0.022715  1
783  0  0.184094  0.124932  9275.9  2.54619  0.419292  1
784  0  0.204392  -0.146806  10702  2.0697  -0.101366  1
785  0  0.923209  -0.0788553  10890.4  2.04942  0.158497  1
786  0  0.298596  0.126206  9299.46  2.35987  -0.0128956  1
787  0  0.16673  0.181156  9824.88  2.45529  0.36023  1
788  0  0.888639  -0.899778  10836  2.02377  0.0128648  1
789  0  -0.0847524  0.0827496  11280.8  1.7439  0.262968  1
790  0  0.201996  -0.0472045  10622.8  1.85632  -0.111168  1
791  0  0.46769  0.391958  10396  2.2082  -0.0617508  1
792  0  0.253098  -0.098818  10646.6  2.14107  -0.102337  1
793  0  0.268868  -0.0778924  10626.5  2.19279  -0.104852  1
794  0  0.309516  -0.0816731  10621.9  2.2012  -0.0918256  1
795  0  0.32423  -0.104208  10628.7  2.17222  -0.0781273  1
796  0  0.276249  0.12954  9252.21  2.50317  0.0549301  1
797  0  -1.28797  -1.1128  10874.9  1.99853  0.0176457  1
798  0  0.640791  -0.0545916  10552.4  1.71824  0.0340208  1
799  0  0.0161996  0.0557328  11368.6  1.51269  0.88411  1
800  0  0.664915  1.42592  10748.2  2.02616  -0.00135274  1
801  0  0.817272  -0.0432157  10625.8  1.5362  0.133391  1
802  0  -0.450757  1.70196  10758.8  2.01645  0.0343215  1
803  0  0.299143  -0.208881  10701.5  2.0824  -0.0628791  1
804  0  0.320571  -0.371525  10763.8  2.0562  -0.0347326  1
805  0  -0.556342  -1.31056  10871.6  2.00148  0.010991  1
806  0  0.253756  0.128844  9207.12  2.53055  0.139263  1
807  0  -0.176412  0.478653  10741.7  2.04096  0.129099  1
808  0  1.335  -1.08535  10846.6  2.02009  0.0131211  1
809  0  0.776776  0.0580779  10674.7  1.21563  -0.186727  1
810  0  0.819924  0.0495866  10720  1.10816  -0.172286  1
811  0  0.507835  -0.231039  10675.6  2.09645  -0.00640787  1
812  0  0.531322  0.831221  10649.2  2.07967  -0.0145437  1
813  0  0.969506  0.0778881  10931  1.96508  -0.251769  1
814  0  0.906263  0.0356522  10833.5  1.02028  -0.156763  1
815  0  -0.400702  0.286658  10883.1  1.97704  0.10087  1
816  0  -0.0755859  0.0445501  11486.1  1.62569  0.177769  1
817  0  0.344407  0.128176  9512.29  2.37238  -0.116055  1
818  0  0.0843938  0.334836  10473.7  2.16698  0.208931  1
819  0  0.701426  -0.141648  10646.8  2.13786  0.0652466  1
820  0  0.949927  0.0278362  10875.9  0.962836  -0.148149  1
821  0  0.234794  0.31269  10195.7  2.2977  0.120649  1
822  0  0.720389  -0.798202  10826.2  2.02671  0.010505  1
823  0  0.906652  -0.0301889  10891.6  1.24014  0.140701  1
824  0  0.752017  0.376455  10609.8  2.10405  -0.139423  1
825  0  0.365325  0.124682  9618.68  2.24623  -0.147719  1
826  0  0.320983  0.127655  9417.09  2.40336  -0.064934  1
827  0  -0.204947  -0.250229  10984.2  1.93711  -0.0277513  1
828  0  1.50166  0.0425911  10911.8  1.90539  -0.0457677  1
829  0  1.47375  0.183266  10904.4  1.97575  -0.0728402  1
830  0  0.367279  0.210075  9925.53  2.4348  -0.0737698  1
831  0  0.155673  -0.0726755  10649.3  2.17472  -0.150719  1
832  0  0.376545  -0.201586  10674.7  2.09501  -0.0447512  1
833  0  0.773186  -0.66207  10819.3  2.02929  0.0148054  1
834  0  -1.70563  1.70563  10790.6  2.00104  0.0208915  1
835  0  0.458437  -0.217284  10669.2  2.09706  -0.0206171  1
836  0  0.795285  0.142475  10658.8  2.17332  -0.261429  1
837  0  0.206365  -0.47022  10812  2.03071  -0.0328908  1
838  0  -0.128584  -0.230825  10988.5  1.93365  -0.0597539  1
839  0  1.02334  -0.0608537  11062.8  1.87802  0.104908  1
840  0  -0.086126  0.246795  10814.5  1.99751  0.249643  1
841  0  0.533853  -0.0822226  10567.8  2.20484  -0.00922615  1
842  0  0.573778  -0.0817947  10552.6  2.20118  0.0134914  1
843  0  0.729592  -0.083963  10590.9  2.20164  0.0902092  1
844  0  -0.016061  -0.314005  10897.6  1.98431  -0.0664976  1
845  0  1.33699  0.899589  10791.7  2.00154  -0.0452722  1
846  0  0.927491  0.129797  10838.3  2.08034  -0.23586  1
847  0  0.690145  -0.0842235  10582.6  2.20822  0.0660138  1
848  0  0.141612  -0.123357  10708.2  2.05817  -0.1348  1
849  0  -0.0245274  -0.124065  11050.2  1.88898  -0.163967  1
850  0  0.0607536  0.124254  10341  2.14154  0.675963  1
851  0  0.910668  -0.656339  10831.3  2.02451  0.0186085  1
852  0  0.994499  -0.783698  10839.4  2.022  0.0159719  1
853  0  0.879965  -0.106805  10801.8  2.10616  0.142915  1
854  0  0.488231  -0.089869  10576.6  2.22886  -0.025641  1
855  0  0.643558  -0.0964962  10588.7  2.22652  0.0465427  1
856  0  0.707805  -0.0503583  10542.8  1.61731  0.0608024  1
857  0  0.755584  -0.289445  10754.6  2.0665  0.0468659  1
858  0  -1.26172  -1.70185  10872.4  2.00021  0.017348  1
859  0  0.179863  -0.199787  10743.7  2.05947  -0.0949819  1
860  0  0.745156  -0.205704  10711.1  2.07085  0.0640328  1
861  0  -1.73399  -0.94039  10872.1  1.9994  0.0185603  1
862  0  0.0944182  0.722107  10639.6  2.08764  0.066093  1
863  0  0.116193  -0.0736637  10652.9  2.1504  -0.174979  1
864  0  1.26267  0.00975673  10961.8  1.73409  -0.0464214  1
865  0  0.882352  -0.0338897  10810.8  1.31066  0.150712  1
866  0  -1.74438  1.43268  10798.1  2.001  0.0219025  1
867  0  0.0622725  -0.444522  10849.2  2.01073  -0.0438363  1
868  0  0.60916  0.385458  10488.8  2.1621  -0.11506  1
869  0  0.832058  0.275005  10680.5  2.06288  -0.178492  1
870  0  0.00256542  0.347002  10595.1  2.10729  0.207921  1
871  0  0.108271  -0.266529  10817.4  2.02234  -0.0878611  1
872  0  0.354883  -0.0924642  10605.2  2.20544  -0.0725749  1
873  0  0.595966  1.00028  10695.8  2.05594  -0.0121013  1
874  0  -1.7757  -1.41898  10872.8  1.99989  0.0179494  1
875  0  0.861275  -0.0332468  10739  1.2307  0.147836  1
876  0  0.80622  1.72185  10771.3  2.0131  0.00109435  1
877  0  -0.588746  0.155693  10902.4  1.97227  0.0624613  1
878  0  0.380682  -0.392199  10757.5  2.06031  -0.023927  1
879  0  0.84225  -0.0396083  10684.3  1.45072  0.144807  1
880  0  0.397432  1.42832  10739.3  2.03074  0.0133074  1
881  0  -0.0079777  -0.225574  10917.3  1.97039  -0.101614  1
882  0  0.578021  0.150093  10318.1  2.3608  -0.282722  1
883  0  -1.33349  0.745349  10821.9  2.00063  0.0336718  1
884  0  0.0652626  -0.0841811  10727.1  2.06704  -0.221752  1
885  0  0.813302  -0.123618  10708.3  2.13494  0.117712  1
886  0  1.0716  -1.4474  10845.5  2.02029  0.0132356  1
887  0  0.394882  0.289457  10167.4  2.30683  -0.0557988  1
888  0  0.80406  0.0877816  10704.1  2.03507  -0.278466  1
889  0  0.681943  0.115017  10508.2  2.25217  -0.307814  1
890  0  -1.41815  0.304908  10845.9  1.99834  0.0317196  1
891  0  0.5902  0.12498  10344.4  2.33278  -0.306013  1
892  0  0.978393  0.0518246  10947.1  1.71047  -0.250478  1
893  0  0.119639  0.225114  10216.6  2.2689  0.341238  1
894  0  0.54635  -0.121798  10601.2  2.17959  0.00250406  1
895  0  0.631605  0.120042  10410.6  2.2859  -0.306612  1
896  0  1.08056  0.46412  10781.1  2.0201  -0.10146  1
897  0  1.05791  0.614215  10757.6  2.02536  -0.0794361  1
898  0  0.796426  -0.0434977  10575.9  1.49676  0.112599  1
899  0  1.77012  -1.40232  10843.1  2.02266  0.0130198  1
900  0  0.200772  0.221975  9926.75  2.40795  0.234478  1
901  0  -0.0214537  -0.00783243  11790.8  1.3092  -0.461639  1
902  0  1.23981  -0.176064  10936.6  1.99741  0.0060911  1
903  0  0.358941  0.848736  10645.3  2.08354  0.0127309  1
904  0  0.241429  -1.16871  10850.3  2.01396  0.00414059  1
905  0  -0.177067  -0.0849376  11120.6  1.84971  -0.00367605  1
906  0  0.13757  -0.0414739  10603.7  1.84256  -0.141376  1
907  0  0.604644  0.0884921  10351.2  1.51926  -0.230376  1
908  0  0.571204  -0.184683  10648.6  2.10229  0.01235  1
909  0  1.06214  -0.400171  10862.3  2.01462  0.0336271  1
910  0  1.07474  -0.515636  10852.3  2.01742  0.0246798  1
911  0  0.290854  -0.0482476  10610.4  1.74499  -0.0788175  1
912  0  0.120816  0.104757  9611.97  2.32038  0.691604  1
913  0  0.986428  -0.0831962  10977.1  2.02165  0.119633  1
914  0  0.232307  -0.280284  10759.8  2.05587  -0.0642489  1
915  0  0.1743  -0.841891  10844.7  2.01511  -0.00626804  1
916  0  0.16494  -0.0961991  10675.3  2.11627  -0.133891  1
917  0  -1.03811  1.17275  10792.3  2.00707  0.036274  1
918  0  0.0339837  0.243311  10546.4  2.11555  0.319959  1
919  0  0.692013  0.16861  10527.8  2.17691  -0.259214  1
920  0  0.969984  -0.0410263  11016.8  1.66931  0.142204  1
921  0  0.619198  -0.42632  10763.2  2.06001  0.0129915  1
922  0  0.679996  -0.10663  10600.4  2.21431  0.0604063  1
923  0  1.75562  -0.934278  10846.5  2.02206  0.00973723  1
924  0  0.00990142  0.0953906  10965.6  1.78558  0.650451  1
925  0  0.42229  -0.0528316  10569.7  1.70431  -0.0403339  1
926  0  0.861625  -0.179116  10787.9  2.03724  0.0954479  1
927  0  0.711638  0.111937  10575.6  2.22131  -0.303622  1
928  0  0.47465  0.151701  10056.3  2.4974  -0.241827  1
929  0  0.443744  0.157984  9971.53  2.51592  -0.217709  1
930  0  0.847865  0.071205  10754.1  1.85301  -0.264546  1
931  0  -0.773669  -0.232699  10902.8  1.97886  0.028091  1
932  0  0.0511711  -0.15914  10844  2.00077  -0.151309  1
933  0  0.0373375  -0.199093  10873.7  1.99253  -0.120073  1
934  0  0.332281  0.366281  10286.5  2.26068  0.0209412  1
935  0  1.77697  -0.314413  10859.5  2.02496  -0.00967693  1
936  0  0.934272  0.065594  10876.1  1.87542  -0.250948  1
937  0  0.260505  -0.196185  10706.2  2.0776  -0.0748516  1
938  0  0.387616  0.152762  9785.38  2.60133  -0.15788  1
939  0  0.360551  -0.152477  10649.7  2.09988  -0.0553886  1
940  0  0.60591  -0.759447  10820.4  2.028  0.00660934  1
941  0  -0.777244  1.30542  10777.7  2.01213  0.0381045  1
942  0  0.849015  -0.114936  10753.9  2.12018  0.133763  1
943  0  -0.11253  0.188892  10952.4  1.92442  0.250156  1
944  0  1.25255  0.131876  10905.9  1.91577  -0.0968882  1
945  0  -0.305904  0.982545  10747  2.03203  0.0576163  1
946  0  0.631277  -0.189396  10659.8  2.09857  0.032315  1
947  0  -0.855128  0.11622  10878.6  1.98541  0.0446048  1
948  0  0.7032  -0.197343  10688  2.08446  0.0558543  1
949  0  -1.15718  -0.68359  10879  1.99537  0.019611  1
950  0  0.15966  -0.622952  10837.3  2.01626  -0.0186528  1
951  0  1.40817  -1.78646  10844.3  2.01879  0.014944  1
952  0  -0.61657  1.14304  10773.8  2.01606  0.0450399  1
953  0  -0.40317  1.18007  10756.8  2.02371  0.0468153  1
954  0  -0.13168  0.311837  10781.1  2.01792  0.192522  1
955  0  -0.206956  0.296056  10851.9  1.98641  0.160979  1
956  0  -1.43825  1.75156  10784.9  2.00337  0.0228264  1
957  0  0.493512  0.314015  10307.7  2.242  -0.109168  1
958  0  0.884376  0.456897  10700.7  2.06204  -0.115255  1
959  0  0.100172  0.165096  10137  2.30723  0.493876  1
960  0  -0.422053  0.844535  10766.9  2.02503  0.0641954  1
961  0  0.616784  -0.0944272  10576.1  2.24024  0.0338454  1
962  0  -1.42053  -0.182044  10866.9  1.99598  0.0256975  1
963  0  0.478993  -0.142031  10617.6  2.12865  -0.0192737  1
964  0  1.49309  0.345595  10860.7  1.97966  -0.0680389  1
965  0  0.564084  -0.598444  10800.6  2.03721  0.00441534  1
966  0  0.385428  0.466449  10428.5  2.19483  -0.00653035  1
967  0  -1.77184  -1.77184  10872.7  1.99991  0.0179129  1
968  0  0.887205  0.0644241  10813.4  1.79962  -0.250361  1
969  0  1.04803  0.0574796  11083.1  1.75233  -0.205654  1
970  0  0.790445  0.698143  10680  2.0633  -0.0597423  1
971  0  0.761153  0.0904801  10651.4  2.03152  -0.292162  1
972  0  -0.962372  1.77329  10772  2.00973  0.0276638  1
973  0  0.628097  0.169669  10416.5  2.23867  -0.258911  1
974  0  0.432657  -0.623403  10806.5  2.0329  -0.00480692  1
975  0  -0.632441  -0.318926  10914.7  1.97417  0.0211845  1
976  0  0.530007  -0.17978  10646.4  2.10445  0.000278556  1
977  0  -0.33825  0.683789  10764  2.02846  0.081442  1
978  0  0.805873  -0.155413  10727.5  2.08062  0.0974754  1
979  0  0.225613  -0.0864956  10648.2  2.16095  -0.115461  1
980  0  0.779326  -0.0728461  10612.5  2.14697  0.131176  1
981  0  0.421271  -0.137669  10627.1  2.12645  -0.0390155  1
982  0  1.13486  -0.336765  10888.9  2.0001  0.0298728  1
983  0  0.64853  -0.0726882  10578.1  2.13859  0.0508159  1
984  0  -0.204807  -1.03015  10868.3  2.00341  0.00121627  1
985  0  -0.0711999  -0.409972  10895.7  1.98648  -0.0424938  1
986  0  0.482094  0.211419  10164.3  2.31387  -0.178501  1
987  0  0.595826  0.461974  10526  2.14917  -0.0849101  1
988  0  0.992189  0.0164436  10929.8  0.781198  -0.153629  1
989  0  1.01182  0.0186192  11001.4  1.03765  -0.171679  1
990  0  0.298277  -0.630813  10818.9  2.0261  -0.0125232  1
991  0  0.531427  0.499807  10507.2  2.15604  -0.0578289  1
992  0  0.508586  -0.278778  10702.4  2.08957  -0.00548769  1
993  0  -0.552117  0.571423  10814.3  2.00722  0.0735387  1
994  0  -0.364578  0.0461733  10992.1  1.92542  0.06863  1
995  0  -0.908869  -0.476991  10890.2  1.98813  0.0208711  1
996  0  0.730717  0.313458  10586  2.10892  -0.166952  1
