0  2  1  0  11684.4  4.02935e-16  -3.4641e-17  1
1  1  2  2  11556.8  2.00046  -0.0907202  1
2  1  2  -2  11554.8  1.95545  -0.0927046  1
3  3  -2  -2  11556.4  1.99825  -0.0880614  1
4  3  -2  2  11604.2  1.99802  -0.0889337  1
10  1  2  1.6  11556.7  2.00196  -0.0946995  1
11  1  2  1.2  11556.7  2.00055  -0.0991816  1
12  1  2  0.8  11556.7  1.99999  -0.101094  1
13  1  2  0.4  11556.7  2.0016  -0.0934085  1
14  1  2  5.50449e-12  11556.7  1.98513  -0.0735122  1
15  1  2  -0.4  11556.7  1.95634  -0.0583713  1
16  1  2  -0.8  11556.7  1.94942  -0.0632814  1
17  1  2  -1.2  11556.7  1.95364  -0.0774292  1
18  1  2  -1.6  11556.7  1.95404  -0.0874869  1
19  0  1.6  -2  11555.1  1.95865  -0.0968064  1
20  0  1.2  -2  11553.7  1.96362  -0.105925  1
21  0  0.8  -2  11554  1.96768  -0.117868  1
22  0  0.4  -2  11558.2  1.96961  -0.139025  1
23  0  5.50449e-12  -2  11557.8  1.98098  -0.151446  1
24  0  -0.4  -2  11564.6  1.99675  -0.114876  1
25  0  -0.8  -2  11559.6  2.00166  -0.0868966  1
26  0  -1.2  -2  11549.8  2.00018  -0.0912264  1
27  0  -1.6  -2  11553.6  1.99891  -0.0889039  1
28  3  -2  -1.6  11560.1  1.99802  -0.0889337  1
29  3  -2  -1.2  11568.1  1.99802  -0.0889337  1
30  3  -2  -0.8  11580.3  1.99802  -0.0889337  1
31  3  -2  -0.4  11592.7  1.99802  -0.0889337  1
32  3  -2  -5.50449e-12  11602.5  1.99802  -0.0889337  1
33  3  -2  0.4  11608.2  1.99802  -0.0889337  1
34  3  -2  0.8  11609.5  1.99802  -0.0889337  1
35  3  -2  1.2  11607.6  1.99802  -0.0889337  1
36  3  -2  1.6  11605.6  1.99802  -0.0889337  1
37  0  -1.6  2  11602.1  1.99802  -0.0889337  1
38  0  -1.2  2  11598.6  1.99802  -0.0889337  1
39  0  -0.8  2  11591.8  1.99802  -0.0889337  1
40  0  -0.4  2  11580.7  1.99802  -0.0889337  1
41  0  -5.50449e-12  2  11569.1  1.99802  -0.0889337  1
42  0  0.4  2  11560.7  1.99802  -0.0889337  1
43  0  0.8  2  11557.4  1.99802  -0.0889337  1
44  0  1.2  2  11556.2  1.99802  -0.0889337  1
45  0  1.6  2  11556.1  1.99802  -0.0889337  1
46  2  0.981483  0.00310768  11737.7  0  3.08149e-33  1
47  2  0.959734  0.00598743  11748.2  0  0  1
48  2  0.938046  0.0093435  11710.6  -3.0113e-16  4.07477e-17  1
49  2  0.916371  0.0127841  11684.1  -7.34307e-17  9.90124e-18  1
50  2  0.894708  0.0163057  11666.3  0  0  1
51  2  0.873058  0.0199025  11643.9  -9.04113e-17  1.32905e-17  1
52  2  0.85142  0.0235699  11618.5  6.74523e-16  -9.76576e-17  1
53  2  0.829793  0.0273002  11591.7  -7.65805e-17  1.15422e-17  1
54  2  0.808176  0.0310892  11570  0  0  1
55  2  0.786568  0.0349297  11545.7  -1.01352e-16  1.58786e-17  1
56  2  0.764967  0.0388132  11514.4  0  0  1
57  2  0.743373  0.0427319  11481.6  -7.89119e-17  1.16688e-17  1
58  2  0.721784  0.0466774  11451.8  2.59505e-17  -4.81303e-18  1
59  2  0.700198  0.0506395  11417.9  0  0  1
60  2  0.678613  0.0546069  11385.3  -6.23035e-16  9.64128e-17  1
61  2  0.657027  0.0585671  11326.1  -1.30001e-16  2.07929e-17  1
62  2  0.635437  0.0625082  11313  -4.09221e-16  6.1698e-17  1
63  2  0.613841  0.0664148  11264.6  3.69218e-16  -5.11059e-17  1
64  2  0.592235  0.0702706  11219.2  0  0  1
65  2  0.570618  0.0740581  11171.6  0  0  1
66  2  0.548985  0.0777568  11110.5  0  0  1
67  2  0.527334  0.0813451  11074.3  -4.33627e-16  5.90654e-17  1
68  2  0.505661  0.0847981  11008.8  3.6855e-17  -7.80884e-18  1
69  2  0.483962  0.0880892  10932.8  0  0  1
70  2  0.462235  0.0911863  10849.5  7.41219e-17  -5.70608e-18  1
71  2  0.440477  0.094058  10785.6  0  0  1
72  2  0.418686  0.096667  10730.3  1.60504e-16  -1.1853e-17  1
73  2  0.396861  0.0989729  10684.2  0  0  1
74  2  0.375002  0.100929  10630.6  9.00367e-17  -9.60808e-18  1
75  2  0.353111  0.102488  10562.7  -5.23752e-16  1.48103e-17  1
76  2  0.331193  0.1036  10556.2  3.65514e-16  -9.92941e-18  1
77  2  0.309256  0.104205  10519.9  0  0  1
78  2  0.28731  0.104248  10433.3  0  0  1
79  2  0.265371  0.103669  10438.6  0  0  1
80  2  0.243462  0.102412  10416.1  2.62477e-16  1.68148e-17  1
81  2  0.221607  0.10042  10464.5  0  0  1
82  2  0.199837  0.0976466  10596.5  1.04047e-16  2.35682e-17  1
83  2  0.178189  0.0940501  10656  2.50706e-16  3.98216e-17  1
84  2  0.156698  0.0896047  10774.9  0  0  1
85  2  0.135405  0.084296  10935.8  3.19718e-16  9.65568e-17  1
86  2  0.114345  0.078125  11093.9  2.22646e-16  6.4398e-17  1
87  2  0.0935673  0.0710646  11334.3  0  0  1
88  2  0.0731472  0.0630291  11605  2.19114e-16  4.12286e-17  1
89  2  0.0532216  0.0538389  11921.1  0  0  1
90  2  0.0340665  0.0431433  12301.6  0  0  1
91  2  0.0163583  0.0302182  12819.9  4.70156e-17  5.34889e-17  1
92  2  0.00249996  0.0133784  13113.7  2.22318e-16  2.54565e-17  1
93  2  0.00269007  -0.00761809  11718.4  0  0  1
94  2  0.0188339  -0.0221245  9945.26  -1.86519e-16  1.08503e-16  1
95  2  0.0388771  -0.0309879  9503.29  0  0  1
96  2  0.0599375  -0.0371328  9635.4  -5.30294e-16  1.71478e-16  1
97  2  0.0814033  -0.0416865  9894.89  -9.86076e-32  -1.2326e-32  1
98  2  0.10307  -0.0451728  10032.2  0  0  1
99  2  0.124848  -0.0478828  10163.5  0  0  1
100  2  0.146692  -0.0499926  10251.2  -1.8165e-16  2.40481e-17  1
101  2  0.168578  -0.0516206  10329.2  1.81074e-16  -1.65633e-17  1
102  2  0.19049  -0.05285  10424.7  2.8495e-16  -2.272e-17  1
103  2  0.212418  -0.0537431  10479.7  4.07075e-16  -2.29366e-17  1
104  2  0.234356  -0.0543466  10561.2  2.4377e-16  -1.04524e-17  1
105  2  0.2563  -0.0546954  10595.2  0  0  1
106  2  0.278246  -0.0548208  10629.8  -4.27918e-16  1.32558e-17  1
107  2  0.300193  -0.054745  10683.3  4.06835e-16  -3.00551e-18  1
108  2  0.322138  -0.054488  10721.9  -1.72751e-16  1.80969e-18  1
109  2  0.344081  -0.0540684  10781.3  0  0  1
110  2  0.36602  -0.0534971  10820.2  0  0  1
111  2  0.387955  -0.0527884  10832.5  0  0  1
112  2  0.409886  -0.0519507  10892.3  3.57621e-16  8.87919e-18  1
113  2  0.431812  -0.0509953  10929.9  0  0  1
114  2  0.453732  -0.0499285  10942.8  3.5325e-16  1.20931e-17  1
115  2  0.475648  -0.0487591  11006.4  1.77211e-16  7.36086e-18  1
116  2  0.497558  -0.0474922  11042  -5.70293e-16  -2.3309e-17  1
117  2  0.519462  -0.046134  11078.6  0  0  1
118  2  0.541362  -0.04469  11112.3  0  0  1
119  2  0.563255  -0.0431629  11107.9  1.61846e-16  1.31928e-17  1
120  2  0.585143  -0.0415591  11150.1  1.47555e-16  4.94962e-18  1
121  2  0.607025  -0.0398806  11173  0  0  1
122  2  0.628902  -0.0381319  11176.2  1.58346e-16  9.25502e-18  1
123  2  0.650774  -0.0363165  11230.9  6.21944e-18  -2.94094e-18  1
124  2  0.67264  -0.0344362  11255.4  1.68681e-16  7.64192e-18  1
125  2  0.6945  -0.0324954  11287  0  0  1
126  2  0.716356  -0.0304956  11321.1  3.21809e-16  2.63201e-17  1
127  2  0.738206  -0.0284382  11350.6  -1.43595e-16  -1.07176e-17  1
128  2  0.760051  -0.0263268  11373.3  0  0  1
129  2  0.78189  -0.0241629  11403  0  6.16298e-33  1
130  2  0.803725  -0.0219479  11433.4  -3.34523e-16  -2.56857e-17  1
131  2  0.825555  -0.0196849  11456.8  0  0  1
132  2  0.847379  -0.0173746  11487.1  3.13524e-16  2.79988e-17  1
133  2  0.869199  -0.015018  11507.6  0  0  1
134  2  0.891014  -0.0126178  11530.3  0  0  1
135  2  0.912825  -0.0101748  11560.3  0  0  1
136  2  0.934633  -0.00771889  11592.5  0  0  1
137  2  0.95646  -0.00542333  11620.4  2.6145e-16  2.25538e-17  1
138  2  0.978281  -0.00307694  11644.7  -2.6145e-16  -2.25538e-17  1
268  0  -0.785715  -0.836464  11562.5  2.00946  -0.107169  1
269  0  0.184798  -1.00823  11473.1  2.04028  -0.14001  1
270  0  1.08963  -0.897475  11519.7  1.99896  -0.0670859  1
271  0  -0.842548  -0.0112232  11637.8  1.98017  -0.108898  1
272  0  -0.384656  0.95648  11602.3  2.00327  -0.0637841  1
273  0  0.472945  1.06213  11532.2  2.03129  -0.08925  1
274  0  1.09913  0.702334  11548.6  2.01483  -0.121826  1
275  0  -0.212377  -0.584688  11490.4  2.04868  -0.15636  1
276  0  0.262665  -0.548618  11335.7  2.12139  -0.137853  1
277  0  0.702749  -0.504782  11411.3  2.07424  -0.0339059  1
278  0  0.0571478  0.621724  11546.2  2.03102  -0.0345576  1
279  0  -0.407294  0.36474  11697.1  1.95459  -0.0600507  1
280  0  0.52377  0.573364  11440.7  2.07554  -0.103386  1
281  0  0.864032  0.405042  11516  2.0314  -0.162431  1
282  0  0.253206  0.393612  11362.5  2.11534  -0.00942695  1
283  0  -0.0373263  0.354808  11656.3  1.97307  0.0364012  1
284  0  0.036769  -0.36611  11307.5  2.13232  -0.227263  1
285  0  -0.143631  -0.203037  11561.6  2.0024  -0.294176  1
286  0  1.03815  -0.34501  11553.7  1.99101  0.00530222  1
287  0  0.260401  -0.277439  11081.2  2.24183  -0.142604  1
288  0  0.524568  -0.305791  11240.7  2.16051  -0.0121242  1
289  0  0.478107  0.309042  11241  2.16921  -0.13531  1
290  0  0.683628  0.25771  11391.5  2.08113  -0.214928  1
291  0  0.751613  -0.259653  11395.9  2.07576  0.045148  1
292  0  -0.209664  0.0120736  11898.6  1.84545  -0.190461  1
293  0  0.849518  0.203396  11545  1.99905  -0.220077  1
294  0  1.01929  0.171634  11640.7  1.96141  -0.184608  1
295  0  0.914926  -0.206529  11526.6  2.01815  0.0644656  1
296  0  0.3496  0.249952  11092.8  2.24321  -0.0526483  1
297  0  0.186142  0.256044  11272.6  2.15715  0.114231  1
298  0  0.0410568  0.217898  11679.9  1.95716  0.176197  1
299  0  0.140972  -0.193066  10942.7  2.29015  -0.263714  1
300  0  0.0113572  -0.167621  11168.1  2.17276  -0.41829  1
301  0  0.381615  -0.196382  11042.2  2.25646  -0.039897  1
302  0  -0.0435158  0.134917  12100.5  1.70375  0.114671  1
303  0  0.558529  0.216444  11233.4  2.14818  -0.214092  1
304  0  0.507796  -0.166953  11124  2.24658  0.037793  1
305  0  0.627073  -0.176814  11257.3  2.16919  0.0641587  1
306  0  0.737889  -0.142127  11367.2  2.15082  0.101071  1
307  0  0.445018  0.201217  11054.2  2.24144  -0.166082  1
308  0  0.252686  -0.159509  10861.1  2.35815  -0.129039  1
309  0  -0.574087  -0.326322  11604.9  1.9952  -0.130878  1
310  0  1.51107  -0.0308381  11622.9  1.92732  -0.0642049  1
311  0  -0.0625932  -0.0943028  11626.3  1.93571  -0.48811  1
312  0  -0.957726  0.593382  11628.2  1.9891  -0.0853821  1
313  0  0.638191  0.160787  11315.8  2.15738  -0.269096  1
314  0  0.726297  0.137061  11445.1  2.15438  -0.286542  1
315  0  0.804299  0.12696  11528.6  2.11126  -0.27444  1
316  0  0.893101  0.111927  11615.9  2.07087  -0.253627  1
317  0  0.981673  0.0881085  11702.3  2.02121  -0.223673  1
318  0  1.12102  0.0671897  11701  1.80663  -0.154428  1
319  0  1.312  0.389198  11607.6  1.98378  -0.12182  1
320  0  1.17284  -0.141345  11699.8  1.89027  0.00500593  1
321  0  1.00272  -0.121354  11650.2  2.01041  0.0825101  1
322  0  0.273908  0.196144  10950.5  2.2912  0.0485981  1
323  0  0.826008  -0.110719  11453  2.11185  0.123007  1
324  0  0.904696  -0.102902  11545.9  2.05813  0.122962  1
325  0  0.202821  0.168003  10975.4  2.26929  0.209922  1
326  0  0.130139  0.16255  11294.3  2.10962  0.310688  1
327  0  0.176375  -0.123482  10677.9  2.49389  -0.23118  1
328  0  0.110629  -0.118007  10682  2.45455  -0.360879  1
329  0  0.313025  -0.126779  10854  2.4445  -0.0595086  1
330  0  -1.32214  -0.554915  11588  1.99793  -0.100396  1
331  0  -0.27356  -1.1072  11517.6  2.02542  -0.116426  1
332  0  0.378597  -0.122897  10930.5  2.40348  -0.00226228  1
333  0  0.447579  -0.116252  11016.5  2.36521  0.0390934  1
334  0  0.557649  -0.120504  11138.5  2.2914  0.0814793  1
335  0  0.0195872  1.16426  11565.4  2.02005  -0.074148  1
336  0  1.01388  1.41032  11549.6  2.0158  -0.0964484  1
337  0  0.506342  0.157695  11090.9  2.30484  -0.249984  1
338  0  0.568433  0.142966  11201.7  2.26244  -0.282266  1
339  0  0.525777  -0.810556  11442.4  2.05228  -0.0985729  1
340  0  0.623259  -0.105254  11216.9  2.23441  0.107283  1
341  0  0.368395  0.170935  10873.5  2.35378  -0.0965784  1
342  0  -1.09963  1.32822  11605.3  1.99895  -0.0848984  1
343  0  1.4482  -0.52261  11563.9  1.96795  -0.0429633  1
344  0  0.654486  -1.41663  11523.6  1.99687  -0.116884  1
345  0  -0.513316  0.0879239  11705.4  1.94739  -0.105148  1
346  0  -0.0974433  -0.0127393  12090.2  1.71608  -0.353585  1
347  0  0.0500086  0.136167  11773.8  1.84691  0.352603  1
348  0  -1.46078  0.202885  11612.8  1.99554  -0.0918075  1
349  0  -1.23912  -1.16592  11563.7  2.00272  -0.0975649  1
350  0  -0.397344  -0.146656  11669.1  1.96191  -0.157166  1
351  0  0.00710123  -0.0811189  11002.7  2.19529  -0.738693  1
352  0  0.767966  0.707542  11505.6  2.03985  -0.117989  1
353  0  0.0390795  -0.569509  11386  2.09776  -0.172879  1
354  0  -0.755522  0.317991  11654.7  1.97524  -0.0876979  1
355  0  0.689296  -0.0979571  11296.8  2.19091  0.123966  1
356  0  0.288318  0.63172  11474.9  2.06316  -0.0624425  1
357  0  0.603807  0.414208  11392.4  2.09629  -0.144907  1
358  0  -0.206512  0.553473  11638.3  1.98628  -0.0332737  1
359  0  -0.691582  -1.35089  11547.2  2.01087  -0.0912721  1
360  0  0.493634  -0.505344  11340.3  2.11504  -0.0726431  1
361  0  0.018513  0.0895193  12196.2  1.63691  0.439442  1
362  0  -0.0415888  0.0637835  12493.2  1.44643  0.0705186  1
363  0  0.318317  0.145155  10725.3  2.4855  -0.0179124  1
364  0  -0.310456  -0.362972  11560.1  2.0139  -0.17465  1
365  0  0.217907  -0.10028  10634.7  2.52079  -0.163683  1
366  0  0.400362  -0.332839  11195.3  2.18618  -0.0715751  1
367  0  0.41312  0.148417  10846.9  2.429  -0.170924  1
368  0  0.0581547  -0.0888011  10562.8  2.46789  -0.57628  1
369  0  0.67564  0.10634  11362.2  2.14464  -0.307943  1
370  0  -0.239107  0.212  11823.4  1.8883  -0.0453642  1
371  0  0.761608  0.0886147  11487.5  2.01886  -0.294217  1
372  0  0.847549  0.0729809  11588.5  1.91764  -0.268648  1
373  0  0.774613  -0.0797362  11376.6  1.9912  0.137871  1
374  0  0.937771  0.0567038  11693  1.80185  -0.230267  1
375  0  0.117749  0.376197  11482.1  2.0587  0.0410285  1
376  0  0.61132  0.11475  11258.2  2.21056  -0.307482  1
377  0  0.514068  -0.0967207  11079.3  2.24396  0.0806249  1
378  0  -0.00279128  -1.48632  11528.3  2.00697  -0.135145  1
379  0  -0.934964  -0.375224  11599.3  1.99688  -0.114048  1
380  0  0.271436  -0.0984982  10701.8  2.44896  -0.0821171  1
381  0  0.461475  0.135592  10935.2  2.37786  -0.243949  1
382  0  1.23765  -1.42384  11538.7  1.9787  -0.0913363  1
383  0  0.302176  1.468  11556.1  2.02084  -0.0855456  1
384  0  -0.120877  -0.378509  11448.8  2.06563  -0.220218  1
385  0  -0.387552  1.4745  11585.5  2.0097  -0.0780055  1
386  0  0.251632  0.151569  10757  2.4172  0.121455  1
387  0  1.47089  1.06398  11556.5  2.0067  -0.103564  1
388  0  -0.508967  -0.64012  11550.5  2.01809  -0.122529  1
389  0  0.864127  -0.0702439  11492.1  1.88999  0.129291  1
390  0  0.997678  0.045222  11740.9  1.70903  -0.216803  1
391  0  0.301224  -0.205184  10987  2.27396  -0.0968818  1
392  0  0.951931  -0.0584638  11614.2  1.7311  0.131126  1
393  0  0.18003  -0.403163  11247.6  2.16338  -0.172521  1
394  0  0.593516  0.321017  11339.7  2.118  -0.171339  1
395  0  -0.0887691  -0.8425  11477.4  2.04722  -0.139771  1
396  0  0.732763  -0.0741708  11350.2  1.97429  0.135386  1
397  0  0.994168  -0.0468616  11686.2  1.60773  0.137249  1
398  0  1.10855  -0.0293382  11752.2  1.58783  -0.01454  1
399  0  -1.43081  0.858422  11612.7  1.99668  -0.0869533  1
400  0  0.409169  0.448796  11361.7  2.11636  -0.0826331  1
401  0  0.94514  0.311527  11562.3  2.00654  -0.174535  1
402  0  -0.599099  0.636251  11638.5  1.98434  -0.0672669  1
403  0  1.27061  -0.0183945  11702.3  1.83854  -0.0574956  1
404  0  1.48263  -0.265889  11600.9  1.94444  -0.0348998  1
405  0  -0.0553233  -0.268721  11385.7  2.09145  -0.284746  1
406  0  0.198279  0.90284  11536.6  2.03258  -0.0713653  1
407  0  0.824285  -0.0674869  11460.2  1.86612  0.133303  1
408  0  0.885012  -0.355347  11486.2  2.03077  0.0154843  1
409  0  0.961655  -0.580971  11501.1  2.01957  -0.0329653  1
410  0  -1.22019  -0.108896  11610.9  1.99318  -0.101755  1
411  0  -0.176681  0.848037  11590.4  2.00957  -0.0560332  1
412  0  0.267371  0.285944  11209.5  2.19119  0.0192814  1
413  0  -0.0166862  -0.0465146  11471.9  1.91379  -0.90703  1
414  0  0.215463  -0.777078  11427  2.068  -0.140787  1
415  0  0.486656  0.793346  11498.1  2.04736  -0.0900162  1
416  0  1.52592  -1.0279  11546.5  1.97192  -0.0710821  1
417  0  -0.150875  0.0972032  12035.5  1.75105  -0.0835531  1
418  0  0.822128  1.06578  11534.8  2.02538  -0.101536  1
419  0  0.158996  -0.091284  10498.2  2.56482  -0.265126  1
420  0  0.718787  0.0911287  11433.9  2.02792  -0.299973  1
421  0  -1.08768  0.257474  11626.9  1.98897  -0.0951888  1
422  0  -0.0501424  -0.000630375  12443.3  1.51294  -0.482968  1
423  0  0.182341  0.136009  10908.3  2.35748  0.323841  1
424  0  1.20053  0.250946  11633.9  1.97575  -0.130568  1
425  0  0.333864  -0.0937176  10800  2.34055  -0.0167351  1
426  0  0.804828  0.0749624  11549.2  1.90396  -0.277592  1
427  0  0.518889  0.122735  11067.3  2.29941  -0.284904  1
428  0  0.890826  0.0598914  11641.9  1.80131  -0.244368  1
429  0  1.06468  0.029225  11761.4  1.5519  -0.137166  1
430  0  1.08123  0.529879  11560.1  2.00841  -0.134118  1
431  0  0.161076  -0.302486  11153.8  2.20529  -0.203583  1
432  0  0.57718  -0.0830458  11149.4  2.08467  0.0995745  1
433  0  0.116293  0.12287  11273  2.14783  0.462972  1
434  0  0.7533  0.218399  11456.1  2.04248  -0.229123  1
435  0  -0.831621  0.943731  11615.1  1.99515  -0.0781232  1
436  0  0.636616  -0.28496  11312.1  2.12065  0.0207846  1
437  0  0.385368  0.355438  11273.7  2.15554  -0.0734935  1
438  0  0.0640835  -0.24037  11151.9  2.20345  -0.294848  1
439  0  0.930801  0.182703  11601.9  1.97428  -0.20759  1
440  0  -0.354428  0.0543808  11775.7  1.90847  -0.123138  1
441  0  0.563229  -0.191835  11202.6  2.18649  0.0444079  1
442  0  0.366625  0.139689  10765.5  2.48833  -0.110206  1
443  0  0.400302  -0.0885258  10903.5  2.25198  0.0319499  1
444  0  1.06718  0.0843617  11739  1.96112  -0.177581  1
445  0  0.192405  0.532758  11475.9  2.06543  -0.0325818  1
446  0  -0.159033  -0.0919185  11770.9  1.89762  -0.302044  1
447  0  0.285634  -0.405028  11238.1  2.1675  -0.132489  1
448  0  -0.369459  -0.794485  11524.4  2.02955  -0.119606  1
449  0  1.46868  1.54951  11554.4  2.00858  -0.095683  1
450  0  1.49269  0.751878  11566  2.0016  -0.107939  1
451  0  0.909354  -0.0582766  11561.1  1.77624  0.12827  1
452  0  0.46249  -0.250283  11164.3  2.19479  -0.0174923  1
453  0  0.214967  -0.227131  10995.8  2.2781  -0.174169  1
454  0  0.46402  -0.088106  11003.7  2.2038  0.0652775  1
455  0  0.497775  0.222598  11157.2  2.1868  -0.18578  1
456  0  -0.0834309  -0.174539  11502.2  2.0258  -0.354933  1
457  0  0.751603  -0.754142  11464.6  2.03722  -0.0712165  1
458  0  0.731167  -1.14175  11504.1  2.01376  -0.101673  1
459  0  0.427226  0.278463  11173.3  2.2027  -0.114592  1
460  0  -0.00463626  0.502729  11581.6  2.01508  -0.00952202  1
461  0  0.807072  -0.208641  11435  2.05961  0.0697806  1
462  0  0.640122  -0.0756428  11213.8  1.98589  0.115184  1
463  0  -0.132912  0.258128  11809.4  1.89836  0.0122416  1
464  0  -1.5516  1.37206  11606.5  1.99819  -0.0869176  1
465  0  0.590318  1.40963  11548.6  2.02119  -0.090643  1
466  0  0.0929525  0.301692  11511.6  2.04408  0.0971614  1
467  0  -1.1789  -0.776265  11575.4  2.00134  -0.102857  1
468  0  -0.668134  -0.154429  11636.5  1.97969  -0.120252  1
469  0  0.758466  0.560917  11485.9  2.04761  -0.133183  1
470  0  0.781326  0.336896  11473.7  2.05115  -0.182879  1
471  0  0.110099  -0.0845861  10418.3  2.59048  -0.402937  1
472  0  1.25  -0.56784  11548.9  1.98326  -0.0392415  1
473  0  0.703292  0.200604  11401.6  2.06812  -0.243125  1
474  0  -0.954064  -1.16085  11555.6  2.00732  -0.0982861  1
475  0  -1.15923  -1.54923  11555.9  2.00146  -0.0948087  1
476  0  -1.69816  -0.197541  11599.7  1.99752  -0.092003  1
477  0  0.0677264  0.104009  11697.8  1.91878  0.539559  1
478  0  0.565399  0.111856  11181.3  2.23004  -0.304498  1
479  0  0.271672  -1.40087  11520.1  2.00636  -0.138297  1
480  0  0.596919  -0.441714  11348.4  2.10797  -0.036285  1
481  0  -0.346795  -1.45944  11538.2  2.01381  -0.107982  1
482  0  1.17164  1.04192  11549.4  2.01333  -0.105526  1
483  0  1.03416  -0.253997  11582.3  1.97408  0.0258666  1
484  0  0.189262  -0.0917597  10582.9  2.55247  -0.204408  1
485  0  0.0843079  -0.184292  10996.7  2.26129  -0.328581  1
486  0  -0.286116  -0.149852  11680.8  1.95273  -0.201563  1
487  0  -0.0548847  -0.0459006  11904.7  1.75999  -0.593162  1
488  0  0.287786  0.142894  10718  2.49973  0.0481735  1
489  0  0.217687  0.140513  10786  2.40332  0.228389  1
490  0  -1.35162  0.464271  11617.5  1.99418  -0.0901785  1
491  0  -0.24744  0.391854  11698.7  1.95413  -0.0303948  1
492  0  -0.711099  -0.493521  11582.8  2.00485  -0.11902  1
493  0  0.150792  0.20803  11289.3  2.14253  0.204788  1
494  0  0.62369  0.90046  11515.4  2.03693  -0.0986319  1
495  0  0.377044  -0.720984  11407.7  2.0768  -0.11909  1
496  0  0.149482  0.131204  11090.5  2.25676  0.393622  1
497  0  0.651696  0.0904733  11302.8  1.84297  -0.277863  1
498  0  0.621285  0.229745  11317.4  2.1122  -0.219396  1
499  0  -1.50989  -0.828292  11577.4  1.99938  -0.0952978  1
500  0  0.0395438  -0.0625938  10245  2.38823  -0.772269  1
501  0  0.300653  -0.0926221  10775.2  2.39315  -0.0466526  1
502  0  0.489008  0.124661  11023.9  2.33784  -0.270155  1
503  0  1.69249  0.369929  11579.9  1.99099  -0.100686  1
504  0  -0.0347191  1.50641  11570.6  2.01661  -0.080706  1
505  0  0.365255  -0.0951836  10853.2  2.34588  0.00642132  1
506  0  0.508271  0.422283  11360.2  2.11409  -0.117545  1
507  0  -0.620431  1.28472  11597.6  2.00354  -0.0768552  1
508  0  0.913827  0.566549  11527.3  2.02646  -0.136488  1
509  0  0.424087  -0.181908  11062.6  2.255  -0.00804015  1
510  0  -1.58355  -1.49643  11561.5  1.9996  -0.0905125  1
511  0  0.431617  -0.0913  10955.3  2.26828  0.0503081  1
512  0  0.00537247  0.0621355  12503.3  1.35273  0.426726  1
513  0  0.514232  -1.02729  11478.8  2.0332  -0.113923  1
514  0  0.953379  0.0366766  11715.9  1.35617  -0.183511  1
515  0  0.686685  -0.0689278  11287.5  1.89041  0.130087  1
516  0  0.318891  0.207673  10979.1  2.27884  -0.0179265  1
517  0  -0.592466  -1.16459  11543  2.01583  -0.0951012  1
518  0  -0.0269085  -0.452282  11393.7  2.09449  -0.201423  1
519  0  0.311314  0.50895  11416.6  2.09229  -0.0541508  1
520  0  1.0987  0.156546  11679.9  1.98285  -0.155099  1
521  0  0.210791  0.332742  11338.1  2.12966  0.0370883  1
522  0  -0.0374961  0.225315  11825.6  1.88581  0.0980893  1
523  0  0.532124  -0.0720002  11065.2  1.71611  0.0829329  1
524  0  0.19  -0.186203  10905.3  2.31127  -0.202945  1
525  0  0.356156  -0.261259  11106.4  2.22939  -0.0746857  1
526  0  -0.0542418  -1.05361  11495.2  2.03291  -0.134361  1
527  0  0.245238  1.13996  11547.2  2.02641  -0.0806912  1
528  0  0.60824  -0.0813195  11181.4  2.07564  0.111248  1
529  0  -0.406837  0.753621  11622.1  1.99357  -0.0576306  1
530  0  0.394867  -0.445035  11271.9  2.14989  -0.09527  1
531  0  0.401072  0.233354  11079.6  2.23959  -0.111022  1
532  0  1.27349  -0.3447  11590.2  1.96428  -0.023171  1
533  0  0.245012  -0.0813249  10603.2  2.19569  -0.0941472  1
534  0  -0.768231  1.53915  11595.9  2.00338  -0.0828173  1
535  0  1.05308  -0.0282782  11786.4  1.36265  0.0663996  1
536  0  0.433201  0.122459  10820.7  2.23538  -0.205273  1
537  0  1.05552  0.27472  11609.5  1.97549  -0.163437  1
538  0  0.60524  0.693163  11482.4  2.05377  -0.105881  1
539  0  -0.0119142  0.0393628  12923.2  1.00123  0.114646  1
540  0  -0.458956  0.20449  11721.7  1.94059  -0.0793661  1
541  0  0.350443  -0.157991  10945.1  2.34453  -0.0435499  1
542  0  1.26661  0.120612  11687.7  1.90695  -0.119556  1
543  0  0.693414  -0.201964  11330.5  2.12507  0.0675918  1
544  0  1.64127  -1.41479  11549.8  1.96457  -0.0834312  1
545  0  0.77756  0.164858  11491  2.04779  -0.251098  1
546  0  -0.37608  -0.518786  11540.7  2.02504  -0.146001  1
547  0  -0.324056  -0.0486171  11744.3  1.92666  -0.166151  1
548  0  0.537759  0.272828  11257.3  2.15499  -0.173976  1
549  0  0.69469  0.0797587  11405.5  1.75543  -0.26589  1
550  0  0.73721  0.0700444  11479.1  1.65529  -0.253559  1
551  0  0.598811  0.181111  11265.2  2.15194  -0.248999  1
552  0  -0.742315  -0.301151  11609.7  1.99292  -0.120004  1
553  0  -0.10029  0.446564  11646.5  1.98266  -0.00530086  1
554  0  0.8153  1.58671  11552.4  2.01619  -0.0918498  1
555  0  0.87664  0.152481  11582.8  2.01383  -0.234819  1
556  0  0.0142787  -0.0454018  10493.4  2.1718  -1.05396  1
557  0  0.063189  -0.136169  10888.7  2.31339  -0.419302  1
558  0  0.751652  -0.0534987  11352.5  1.45222  0.125625  1
559  0  -0.712728  0.138832  11662.7  1.9697  -0.0997638  1
560  0  -0.0192919  -0.122925  11281.6  2.09564  -0.515882  1
561  0  -1.69003  0.658627  11611.4  1.9972  -0.0883919  1
562  0  0.223135  0.225333  11131.4  2.22408  0.105323  1
563  0  0.708421  -0.373754  11385.8  2.08582  -9.62888e-05  1
564  0  0.780705  0.0631399  11521.4  1.60137  -0.242912  1
565  0  0.823387  0.0543142  11588.2  1.52293  -0.226071  1
566  0  1.74758  -0.171488  11584.7  1.95279  -0.052914  1
567  0  0.866889  0.0479192  11621.8  1.48229  -0.213401  1
568  0  0.909754  0.0407035  11677.3  1.42466  -0.195223  1
569  0  0.00522775  0.172239  11853.6  1.85212  0.211929  1
570  0  0.135812  -0.151222  10785.3  2.35888  -0.290727  1
571  0  1.01702  -1.68513  11543.3  1.97332  -0.106659  1
572  0  0.874453  -0.151467  11507.5  2.07205  0.0987412  1
573  0  -0.909484  -0.660679  11576.6  2.00398  -0.11046  1
574  0  0.796492  -0.0516573  11422.6  1.50656  0.115678  1
575  0  0.839218  -0.0445131  11478.4  1.34615  0.114073  1
576  0  -0.230892  -0.244373  11585.3  1.99888  -0.224675  1
577  0  0.97817  0.896154  11541.2  2.01955  -0.110324  1
578  0  0.941614  0.105541  11661.9  2.05786  -0.237881  1
579  0  -0.388607  1.18608  11592  2.00761  -0.0709863  1
580  0  0.970275  -0.0312679  11628.8  1.17746  0.101573  1
581  0  0.343001  0.126312  10635.2  2.35877  -0.0666997  1
582  0  0.349427  -0.904472  11453  2.04878  -0.127607  1
583  0  0.166636  -0.50864  11329.3  2.12595  -0.163274  1
584  0  0.677726  0.337541  11410.8  2.08334  -0.180214  1
585  0  0.387956  0.124504  10743.2  2.29898  -0.144507  1
586  0  -1.11231  0.866128  11616.2  1.9946  -0.0851148  1
587  0  1.02523  -1.17448  11522.3  1.9967  -0.0873077  1
588  0  -0.231852  0.0981541  11898.2  1.83726  -0.108563  1
589  0  0.655144  -0.13759  11267.3  2.20837  0.0939663  1
590  0  0.861457  0.310281  11522.4  2.02619  -0.185532  1
591  0  0.0523787  0.0807763  11859.8  1.73245  0.608879  1
592  0  0.439629  -1.62135  11536.1  1.98524  -0.133113  1
593  0  0.882933  -0.0395029  11517.5  1.28849  0.10208  1
594  0  0.926618  -0.0346005  11588.6  1.21493  0.103908  1
595  0  0.0825019  -0.438737  11320.5  2.13009  -0.192601  1
596  0  -1.36129  1.69222  11602.4  1.99944  -0.0870607  1
597  0  0.485229  -0.119869  11068.3  2.33376  0.051946  1
598  0  0.0882139  -0.0676828  10251.4  2.39935  -0.467149  1
599  0  0.022649  0.280488  11650.2  1.97719  0.0988183  1
600  0  0.0963452  0.096994  11354.3  2.00542  0.580045  1
601  0  0.134064  -0.071738  10340  2.32031  -0.292062  1
602  0  0.0283627  -0.115117  10964.8  2.2553  -0.543684  1
603  0  0.48785  -0.0721136  11048.1  1.77028  0.0718241  1
604  0  0.328316  0.311608  11211.7  2.18791  -0.0331609  1
605  0  1.44043  0.227264  11618.4  1.97241  -0.105099  1
606  0  -0.105287  -0.684908  11465.7  2.05719  -0.150941  1
607  0  0.276288  -0.134282  10821.6  2.45346  -0.0986829  1
608  0  0.737573  0.435248  11459.5  2.06088  -0.154846  1
609  0  0.0325215  0.801046  11557.3  2.02447  -0.0557234  1
610  0  0.541606  0.101249  11102  1.95288  -0.266007  1
611  0  0.585074  0.09514  11218.8  1.88733  -0.279045  1
612  0  -0.585604  -0.841779  11547.9  2.01774  -0.108739  1
613  0  0.409127  0.554532  11427.1  2.08502  -0.0816683  1
614  0  0.469881  0.172832  11054.5  2.28787  -0.213464  1
615  0  0.210452  -0.140341  10774.3  2.41636  -0.180627  1
616  0  0.628895  0.538525  11450.6  2.06815  -0.126184  1
617  0  0.97636  0.0285155  11739.8  1.28298  -0.160903  1
618  0  0.993867  0.020178  11725.5  1.09026  -0.129348  1
619  0  0.253095  0.126069  10545.8  2.36418  0.151455  1
620  0  -1.65155  -0.510655  11589.2  1.99779  -0.0933803  1
621  0  1.02513  0.0162185  11758  1.20977  -0.104006  1
622  0  0.642296  -0.63963  11426.3  2.06345  -0.065657  1
623  0  0.177775  0.749396  11523.4  2.03982  -0.0591009  1
624  0  0.166858  0.168998  11125.8  2.19615  0.263454  1
625  0  0.477081  -0.386035  11277  2.14561  -0.0506988  1
626  0  1.3407  -0.79127  11541.4  1.98193  -0.0574309  1
627  0  0.856849  -0.26168  11472.3  2.03395  0.0461138  1
628  0  0.956601  -0.284703  11534.4  2.00228  0.030161  1
629  0  0.627217  0.0909577  11288.6  1.84243  -0.282365  1
630  0  -0.590624  0.437742  11662.4  1.9731  -0.0711179  1
631  0  0.402776  0.182131  10955.6  2.3011  -0.137318  1
632  0  0.779535  -0.125131  11408.1  2.14708  0.117472  1
633  0  -0.386634  0.545921  11654.2  1.9776  -0.0511297  1
634  0  0.66355  -0.0568142  11248.2  1.46332  0.095322  1
635  0  0.707371  -0.053563  11323.5  1.44725  0.112429  1
636  0  0.54436  0.172402  11173.7  2.21751  -0.245631  1
637  0  0.09126  0.15021  11509  1.99524  0.341754  1
638  0  0.992669  -0.0202182  11648.3  0.971982  0.0921876  1
639  0  0.0654506  -0.0595794  10103.1  2.36072  -0.598719  1
640  0  0.642156  0.123429  11304.7  2.21885  -0.301677  1
641  0  0.222831  -0.0742805  10562.7  2.03503  -0.0933035  1
642  0  0.0331758  0.066669  12209.8  1.5052  0.600986  1
643  0  -0.901247  0.187528  11640.7  1.98132  -0.098327  1
644  0  -0.552018  -1.70418  11553.7  2.00621  -0.0904082  1
645  0  -0.192248  -1.73205  11546.2  1.99787  -0.131527  1
646  0  0.267158  -0.0749731  10610.2  1.92717  -0.0596989  1
647  0  -1.00909  -0.157347  11615.7  1.98974  -0.109804  1
648  0  0.45401  0.112731  10824.5  2.0397  -0.216609  1
649  0  -0.525211  -0.0715358  11673.2  1.96283  -0.126125  1
650  0  0.967556  0.134052  11652.5  1.99918  -0.210016  1
651  0  -0.107621  0.683301  11592.8  2.00818  -0.0414347  1
652  0  0.685825  0.15246  11380.5  2.14172  -0.278396  1
653  0  0.0965309  0.201583  11479.9  2.04668  0.230804  1
654  0  0.23023  -0.339146  11166.9  2.19918  -0.156786  1
655  0  0.320388  0.122087  10617.9  2.29079  -0.0247464  1
656  0  0.554595  -0.0649302  11124  1.59516  0.0716397  1
657  0  -0.0239729  -0.0192469  12044.8  1.53858  -0.950673  1
658  0  -0.141936  -0.276328  11497.2  2.04306  -0.255126  1
659  0  0.409965  0.118204  10751.7  2.17125  -0.175146  1
660  0  0.347019  -0.1223  10871.4  2.43413  -0.024853  1
661  0  -0.776963  0.517602  11641.1  1.98296  -0.0801735  1
662  0  0.000224197  -0.232792  11259.1  2.14458  -0.327424  1
663  0  -0.42649  -0.287504  11611.1  1.99115  -0.152985  1
664  0  1.13667  1.67686  11554.1  2.01139  -0.0936084  1
665  0  0.595669  -0.142769  11206.9  2.2419  0.0803942  1
666  0  -1.05066  0.0505883  11625  1.98781  -0.102943  1
667  0  -1.67327  -1.12184  11570.1  1.99928  -0.0917597  1
668  0  0.671533  0.0779491  11357.3  1.64988  -0.25441  1
669  0  0.412642  -0.119669  10964.8  2.38929  0.021727  1
670  0  0.396412  -0.154847  10994.1  2.32371  -0.0116993  1
671  0  0.297372  0.242842  11090.5  2.24383  0.0031099  1
672  0  0.71458  0.0682085  11426.5  1.50565  -0.234676  1
673  0  1.06993  -0.0931752  11774.9  1.8801  0.0729552  1
674  0  0.757672  0.0603648  11491.4  1.44622  -0.231408  1
675  0  0.800834  0.0524915  11547.2  1.358  -0.208404  1
676  0  0.887118  0.0375769  11645.6  1.24289  -0.180177  1
677  0  0.931064  0.0312423  11692.8  1.21784  -0.176789  1
678  0  0.843964  0.0448991  11598.3  1.31267  -0.203041  1
679  0  0.606405  0.0872117  11245.1  1.70813  -0.272146  1
680  0  0.439113  0.669973  11470.6  2.0623  -0.0866255  1
681  0  0.510212  -0.0668921  11062  1.58929  0.0875263  1
682  0  0.508204  -0.219678  11176.2  2.18769  0.0123231  1
683  0  0.177819  -0.629843  11384.3  2.09741  -0.151281  1
684  0  -0.0371009  -0.354135  11370.5  2.10252  -0.241082  1
685  0  0.324742  0.77533  11505  2.04692  -0.0758078  1
686  0  0.123549  -0.250304  11087.9  2.23774  -0.252847  1
687  0  0.772945  -0.0451697  11373.1  1.32004  0.110661  1
688  0  0.452409  0.375229  11302.7  2.13964  -0.10827  1
689  0  -0.109806  -0.125452  11633  1.95389  -0.367838  1
690  0  0.259293  -0.205921  10974.7  2.28416  -0.129868  1
691  0  0.817855  -0.041058  11443.5  1.24125  0.110378  1
692  0  0.72927  -0.0480333  11338.9  1.27489  0.123612  1
693  0  -0.137461  -0.491903  11459.7  2.06369  -0.183207  1
694  0  0.032101  -0.709179  11434.7  2.07035  -0.153179  1
695  0  0.0657083  -0.880822  11461.6  2.05017  -0.143748  1
696  0  1.4311  -1.70063  11548.7  1.96511  -0.0956602  1
697  0  1.75264  0.623856  11566.6  1.99847  -0.103345  1
698  0  -0.105219  -0.0670062  11833.1  1.84869  -0.390195  1
699  0  1.25423  0.576773  11573.9  2.00042  -0.120391  1
700  0  0.523173  -0.132131  11106.6  2.30839  0.0588952  1
701  0  0.860571  -0.0373305  11487.5  1.21764  0.104112  1
702  0  1.74069  0.112633  11588.8  1.97668  -0.0834992  1
703  0  -0.427754  -0.0252823  11713.5  1.94376  -0.134264  1
704  0  0.458038  0.248897  11151.1  2.20307  -0.146475  1
705  0  0.904549  -0.0310345  11544.6  1.11242  0.0946467  1
706  0  1.70022  1.32289  11556.3  2.00477  -0.0981344  1
707  0  1.2899  1.28377  11552  2.01133  -0.0995741  1
708  0  1.15369  0.395869  11590.3  1.99086  -0.138816  1
709  0  0.974455  0.235647  11600  1.978  -0.184897  1
710  0  0.947983  -0.0274949  11599.8  1.09279  0.102355  1
711  0  0.749417  -0.106025  11371.7  2.16255  0.123009  1
712  0  0.963097  -0.427719  11513.5  2.01506  -0.0048767  1
713  0  -0.20731  1.74215  11576.6  2.01154  -0.0827935  1
714  0  -0.53805  -0.478039  11572.7  2.01115  -0.129827  1
715  0  0.300398  -0.166063  10922  2.33083  -0.087417  1
716  0  0.109625  -0.361474  11247.7  2.16192  -0.209134  1
717  0  0.246361  -0.120661  10730.7  2.4904  -0.13359  1
718  0  -0.933212  0.38737  11636.4  1.985  -0.0901418  1
719  0  0.318903  -0.330577  11166.2  2.20107  -0.111632  1
720  0  0.610128  -0.228608  11268.2  2.14055  0.0415215  1
721  0  0.186429  0.43077  11435  2.0832  0.000714818  1
722  0  -0.00199775  -0.0290713  10989.6  1.79341  -1.23941  1
723  0  0.948574  -0.143532  11566  2.03869  0.0905188  1
724  0  0.655121  -0.0995492  11256.5  2.21326  0.118994  1
725  0  1.00224  0.413931  11560.9  2.00864  -0.15197  1
726  0  0.0854581  0.122469  11534.9  1.97826  0.458662  1
727  0  -1.70644  0.0771115  11607  1.99728  -0.0910033  1
728  0  0.131617  -0.0969511  10519.6  2.58637  -0.339006  1
729  0  0.379335  -0.569149  11348.6  2.1122  -0.109807  1
730  0  0.043421  0.347069  11580.5  2.00936  0.0586809  1
731  0  0.295668  0.171694  10847.6  2.35988  0.024106  1
732  0  -1.1594  -0.326624  11600.2  1.99568  -0.10654  1
733  0  0.0987857  -1.22743  11506  2.02314  -0.137506  1
734  0  0.440606  0.162703  10945.8  2.35304  -0.192746  1
735  0  0.315391  0.403434  11334.9  2.12904  -0.0410077  1
736  0  -0.12418  0.17198  11957.1  1.80952  -0.00113528  1
737  0  0.895673  0.249839  11556.1  2.00089  -0.19759  1
738  0  0.275845  0.122758  10576.1  2.37504  0.0873395  1
739  0  -0.0181146  0.00654336  12875.6  0.901746  -0.485577  1
740  0  1.25205  -1.05222  11535.2  1.98432  -0.0754954  1
741  0  0.177389  -0.0712467  10443.8  2.13693  -0.174189  1
742  0  0.23581  0.184022  10971.9  2.28428  0.123418  1
743  0  1.73607  0.960435  11559  2.00198  -0.102294  1
744  0  0.606041  0.143936  11262.8  2.23642  -0.285912  1
745  0  0.546308  0.125442  11137.2  2.30322  -0.294441  1
746  0  -0.166258  -1.26057  11520.1  2.02057  -0.123588  1
747  0  0.206381  0.118075  10678.5  2.34946  0.30046  1
748  0  0.299817  0.123558  10577.3  2.35563  0.0142974  1
749  0  -0.883755  -1.70285  11553  2.00265  -0.0895952  1
750  0  0.163835  1.74059  11564.7  2.01522  -0.0852553  1
751  0  0.157144  -0.0671764  10322.9  2.08481  -0.20435  1
752  0  1.64187  -0.765545  11556.2  1.96451  -0.0583751  1
753  0  0.185969  0.113578  10736.4  2.25816  0.358681  1
754  0  0.549717  -0.0889122  11099.2  2.17615  0.0964724  1
755  0  -0.702573  -0.687784  11564.8  2.01023  -0.112944  1
756  0  0.528978  0.352435  11315.6  2.13236  -0.141733  1
757  0  0.511938  1.70082  11556.2  2.01608  -0.0883657  1
758  0  0.826155  0.160357  11535.9  2.03007  -0.244116  1
759  0  0.58854  0.264072  11300.1  2.13022  -0.196202  1
760  0  0.333387  -0.0689562  10756.8  1.65769  0.00982209  1
761  0  0.575562  -0.0603922  11139.1  1.40347  0.0796126  1
762  0  0.518516  0.0993926  11049.3  1.8196  -0.249684  1
763  0  -0.0289016  -0.0775761  11493.9  1.96172  -0.647219  1
764  0  -0.610523  0.241377  11684.1  1.95994  -0.0848808  1
765  0  1.28188  0.853077  11556.5  2.00858  -0.111194  1
766  0  -1.67814  1.67814  11604.2  1.9985  -0.0879816  1
767  0  -1.67168  1.02855  11609.6  1.99775  -0.0873743  1
768  0  0.150459  -1.72419  11543.5  1.983  -0.147453  1
769  0  -0.820131  0.734661  11626  1.98969  -0.07811  1
770  0  0.232311  0.123176  10562  2.39225  0.214603  1
771  0  -1.34745  1.09933  11610  1.99742  -0.085985  1
772  0  0.37659  0.91401  11522.1  2.03699  -0.0841067  1
773  0  0.201438  -0.0730859  10512.5  2.1218  -0.131819  1
774  0  0.119667  0.0989826  11108.9  2.06543  0.547383  1
775  0  0.086057  -0.0990492  10585.5  2.51003  -0.460471  1
776  0  0.498589  0.104361  11010  1.93749  -0.252092  1
777  0  0.313252  -0.0727208  10749.8  1.83222  -0.0135356  1
778  0  0.381309  0.292764  11180.2  2.20156  -0.0800373  1
779  0  0.140225  0.106064  11005.3  2.166  0.491499  1
780  0  0.163803  0.109429  10838.3  2.24359  0.421722  1
781  0  0.966978  0.0561204  11721.9  1.84168  -0.227  1
782  0  -0.827488  -0.167614  11620.8  1.98691  -0.115614  1
783  0  1.18677  0.0219921  11734.8  1.75717  -0.0983823  1
784  0  0.812668  0.255483  11499.3  2.02868  -0.207615  1
785  0  0.760115  -0.185527  11388.1  2.10052  0.081261  1
786  0  0.63553  1.12731  11535.7  2.02744  -0.0941018  1
787  0  1.34763  -0.122735  11636.6  1.89585  -0.0314078  1
788  0  0.834805  -0.451762  11458.2  2.04615  -0.0117925  1
789  0  0.81014  -0.608452  11460  2.04365  -0.0446555  1
790  0  -0.530366  1.7451  11586.9  2.00694  -0.083522  1
791  0  -0.613697  0.845536  11619.3  1.99387  -0.0691273  1
792  0  -0.076002  0.0316016  12386.7  1.5378  -0.215313  1
793  0  -0.132863  0.33897  11722.8  1.94088  0.00472649  1
794  0  0.548194  0.487383  11407.6  2.09097  -0.119379  1
795  0  -0.159254  -0.0326218  11903.8  1.83402  -0.276028  1
796  0  0.150245  0.304281  11401.6  2.09736  0.0852663  1
797  0  0.412091  -0.247629  11125.4  2.21729  -0.0373806  1
798  0  0.631613  0.280324  11355  2.10718  -0.195754  1
799  0  0.289073  -0.0725595  10686.8  1.89891  -0.0447664  1
800  0  -0.330259  -0.238271  11619.4  1.98488  -0.181838  1
801  0  0.449241  1.2414  11544  2.02534  -0.0884366  1
802  0  0.475501  0.10649  10937.1  1.99014  -0.231463  1
803  0  0.73588  0.17413  11446  2.07025  -0.257732  1
804  0  0.146792  -0.123112  10670.2  2.4769  -0.291258  1
805  0  0.125373  0.25266  11415.2  2.0909  0.146827  1
806  0  0.0950155  0.48079  11517.4  2.04516  -0.00256878  1
807  0  -0.232666  -0.451056  11507.6  2.04011  -0.177962  1
808  0  0.379094  -0.0715499  10845.5  1.74056  0.0214816  1
809  0  0.921943  0.137341  11622.2  2.00734  -0.227788  1
810  0  1.01777  -0.0230191  11729.6  1.14289  0.110532  1
811  0  -0.229982  -0.061561  11786.4  1.90029  -0.22204  1
812  0  0.353617  -0.0728288  10798.8  1.7953  0.00896166  1
813  0  1.49075  0.489816  11583.7  1.99315  -0.109095  1
814  0  0.211438  -0.281555  11092.4  2.23643  -0.17612  1
815  0  0.762465  0.128737  11483.9  2.13327  -0.283472  1
816  0  0.587253  0.12173  11223.8  2.26613  -0.301519  1
817  0  -1.45132  -0.0289376  11607.7  1.99593  -0.0945505  1
818  0  1.10626  -0.463357  11546.4  1.99258  -0.0215585  1
819  0  0.365139  0.118784  10675.1  2.21907  -0.105606  1
820  0  0.455318  -0.304515  11200.1  2.1822  -0.0404734  1
821  0  0.698922  -0.137054  11326.3  2.17847  0.0993695  1
822  0  -1.41301  -1.75223  11555.6  1.99982  -0.0902742  1
823  0  0.867321  -0.108833  11505.5  2.09242  0.122429  1
824  0  0.444718  -0.0690009  10952.3  1.65139  0.0545732  1
825  0  0.419647  -0.0700929  10914.2  1.67328  0.0439972  1
826  0  0.620473  -0.0576347  11192.3  1.42626  0.0833618  1
827  0  0.481676  0.147695  11027.2  2.35322  -0.245751  1
828  0  0.346863  0.152072  10768.2  2.45423  -0.0689339  1
829  0  0.0992699  1.32221  11563  2.02034  -0.0796705  1
830  0  0.80734  -0.340439  11440  2.0551  0.0202539  1
831  0  -0.336562  -0.647312  11520.8  2.03188  -0.135311  1
832  0  0.506214  -0.65573  11393.8  2.08338  -0.0887229  1
833  0  -1.41713  -0.287928  11599.1  1.99653  -0.0975836  1
834  0  0.289579  -0.113474  10786.2  2.49286  -0.0738678  1
835  0  0.174092  0.635177  11507.3  2.04994  -0.047443  1
836  0  0.850125  0.114656  11572.4  2.09042  -0.266011  1
837  0  0.275015  0.345468  11291.7  2.15233  -0.00591968  1
838  0  0.387774  0.153135  10843.7  2.42602  -0.130407  1
839  0  0.461085  -0.154749  11068.9  2.28918  0.0228405  1
840  0  -0.0136501  0.0963011  12303.6  1.56074  0.241186  1
841  0  -0.0965167  -0.225321  11466.7  2.04937  -0.310267  1
842  0  0.595604  -0.0606387  11150.4  1.49007  0.079879  1
843  0  0.399377  -0.0669816  10872.6  1.53195  0.0392689  1
844  0  -1.10143  -0.533017  11587.6  1.99926  -0.1077  1
845  0  1.06194  -0.171757  11651.5  1.976  0.0328369  1
846  0  0.0413982  0.106757  11927.7  1.75839  0.447483  1
847  0  0.813201  1.29438  11544.9  2.02061  -0.0957733  1
848  0  0.74173  0.281205  11444.9  2.05966  -0.203597  1
849  0  1.1355  -0.283496  11603.3  1.96933  -0.00157114  1
850  0  0.678808  -0.926431  11476.2  2.03112  -0.0914782  1
851  0  1.71266  1.71822  11555.9  2.0051  -0.0935387  1
852  0  0.559978  -0.24603  11236.6  2.15588  0.0197621  1
853  0  0.173667  -0.240124  11026.2  2.2646  -0.212916  1
854  0  0.0415396  -0.20305  11108  2.2101  -0.35664  1
855  0  -0.445033  -0.394725  11578.3  2.00856  -0.144985  1
856  0  0.932752  0.735788  11528.1  2.02693  -0.119554  1
857  0  0.00489361  0.125079  12033.5  1.70261  0.27909  1
858  0  0.427657  0.323352  11235.6  2.17127  -0.102074  1
859  0  0.362687  0.207127  10974.7  2.27528  -0.0766405  1
860  0  -1.64177  0.360579  11611.4  1.99664  -0.0897691  1
861  0  0.465194  -0.0655816  10984.1  1.51381  0.066017  1
862  0  -0.653355  0.00464596  11662.1  1.96832  -0.111252  1
863  0  0.706997  -0.0800499  11316.5  2.0605  0.133141  1
864  0  0.0825858  -0.302455  11207.9  2.17799  -0.243967  1
865  0  0.534257  0.146087  11128.9  2.2946  -0.273273  1
866  0  -0.0919882  0.556351  11604.1  2.00327  -0.0253288  1
867  0  0.243687  -0.466851  11287  2.14518  -0.145709  1
868  0  0.197626  -0.113289  10677.4  2.52845  -0.200062  1
869  0  0.640764  -0.052908  11203.7  1.26193  0.0873321  1
870  0  1.12196  -0.693763  11525.4  1.9993  -0.0475909  1
871  0  -0.355848  0.166413  11773.5  1.91126  -0.0863434  1
872  0  0.900839  -1.41198  11527.8  1.99076  -0.104249  1
873  0  0.866511  -0.940048  11498.5  2.01556  -0.0784155  1
874  0  -0.97567  -0.94328  11564.4  2.00551  -0.103595  1
875  0  0.592206  -0.110778  11175.9  2.26163  0.0991867  1
876  0  0.192009  0.208979  11136.6  2.21536  0.167084  1
877  0  1.0251  0.0629677  11748.2  1.87679  -0.207018  1
878  0  0.984508  -0.0801749  11659.6  1.95922  0.124409  1
879  0  1.02171  -0.068778  11746.5  1.8034  0.124564  1
880  0  0.479706  0.497272  11398.3  2.09693  -0.101304  1
881  0  0.656574  0.197541  11349.4  2.0962  -0.243072  1
882  0  0.718868  -0.105631  11333.2  2.18192  0.119746  1
883  0  1.02056  0.115491  11693.3  2.00725  -0.19426  1
884  0  0.335137  0.175776  10869.9  2.34135  -0.0438522  1
885  0  0.076633  0.0831746  11582.7  1.83441  0.63399  1
886  0  0.515377  0.188394  11141.5  2.20895  -0.220046  1
887  0  -0.166417  1.0739  11581  2.01352  -0.0668592  1
888  0  -0.193243  -0.146032  11671.2  1.95081  -0.267777  1
889  0  0.0152064  -0.294097  11285.9  2.13971  -0.269777  1
890  0  0.112059  -0.0634125  10210.4  2.22377  -0.345485  1
891  0  0.705351  0.116243  11420.5  2.1708  -0.30345  1
892  0  0.701995  -1.68918  11543.1  1.97793  -0.118668  1
893  0  -0.873053  1.17178  11606.3  1.99897  -0.0806919  1
894  0  0.0568168  0.17562  11671.6  1.94547  0.264971  1
895  0  0.316161  -0.481756  11295.2  2.13977  -0.122714  1
896  0  0.740335  0.109822  11467.8  2.14447  -0.301383  1
897  0  0.494917  0.262854  11206.9  2.18043  -0.161335  1
898  0  1.73841  -1.73841  11552.1  1.9586  -0.0912211  1
899  0  0.246852  0.462465  11412.3  2.09398  -0.0278104  1
900  0  -1.27038  0.139564  11617.6  1.9929  -0.0959505  1
901  0  0.588933  -0.353484  11309.5  2.12576  -0.0146893  1
902  0  -0.0608759  -0.142379  11474.4  2.02715  -0.423044  1
903  0  0.470006  -0.199916  11119  2.22108  0.00338577  1
904  0  0.488157  -0.0947203  11064.8  2.2682  0.0719724  1
905  0  -0.0395524  0.0281322  12738.2  1.23025  -0.177972  1
906  0  0.915014  0.0772322  11659.1  1.99517  -0.251211  1
907  0  0.106982  -0.156551  10854.3  2.32209  -0.332484  1
908  0  1.72005  -0.487589  11567.2  1.95271  -0.0476757  1
909  0  -0.224945  -0.745255  11495.8  2.04206  -0.135897  1
910  0  0.0189888  0.418026  11583.1  2.01321  0.0197077  1
911  0  0.103228  -0.217008  11048.6  2.25358  -0.285817  1
912  0  0.802245  0.200464  11502.7  2.01781  -0.230419  1
913  0  0.666955  -0.0797782  11269.7  2.06679  0.128972  1
914  0  -0.518253  -0.197289  11638.7  1.97745  -0.136078  1
915  0  0.305327  -0.250735  11059.6  2.25093  -0.10531  1
916  0  0.337574  -0.201839  11010.8  2.26761  -0.0721519  1
917  0  0.79081  0.0983586  11518  2.09563  -0.291823  1
918  0  0.824555  0.0927056  11569.4  2.0638  -0.283143  1
919  0  -1.74454  -1.75766  11557.1  1.9989  -0.0882246  1
920  0  0.562336  0.092012  11157.9  1.72471  -0.255645  1
921  0  -0.418943  -1.22944  11533.7  2.01894  -0.102024  1
922  0  0.816708  -0.160989  11442.5  2.09354  0.0932829  1
923  0  0.167321  -0.157724  10804.5  2.36052  -0.237199  1
924  0  0.877029  0.0843625  11607.6  2.02248  -0.266457  1
925  0  -0.207365  -0.342648  11519.6  2.032  -0.20827  1
926  0  -0.0393652  -0.191775  11357.8  2.08864  -0.372481  1
927  0  -1.12014  0.450245  11625.1  1.99061  -0.0901181  1
928  0  1.37308  0.0570593  11650.7  1.89896  -0.0878683  1
929  0  -0.319774  0.271719  11748.2  1.92725  -0.0541953  1
930  0  -0.247262  -0.926927  11507.4  2.03449  -0.123091  1
931  0  -0.763338  -1.05429  11551.9  2.01255  -0.0993347  1
932  0  -1.04583  1.71192  11598.4  2.00119  -0.0865023  1
933  0  1.40713  -1.24432  11541.8  1.97544  -0.0810749  1
934  0  -0.0684755  -0.582078  11436.7  2.07401  -0.169954  1
935  0  0.308134  -1.15122  11490.9  2.02929  -0.13312  1
936  0  0.230623  0.264498  11212  2.18679  0.0655117  1
937  0  1.79441  -1.02733  11553.8  1.96102  -0.0703935  1
938  0  0.549966  -0.152488  11165.4  2.25299  0.0613601  1
939  0  -0.464376  -1.01696  11532.6  2.02326  -0.104946  1
940  0  0.948633  -0.0971653  11598.1  2.02524  0.119449  1
941  0  0.0761829  0.251566  11543.8  2.0291  0.151236  1
942  0  -0.148146  0.0336736  12066.2  1.74199  -0.180323  1
943  0  0.0332906  -0.0869078  10713.6  2.36093  -0.666092  1
944  0  -0.0895754  0.0840093  12202.8  1.64929  -0.0473938  1
945  0  1.00205  1.16653  11545.7  2.01782  -0.101672  1
946  0  0.486553  -1.29318  11509.2  2.01298  -0.124309  1
947  0  0.858107  -0.20308  11479.1  2.04422  0.0721371  1
948  0  0.0379771  0.987303  11561.7  2.02189  -0.067986  1
949  0  -0.271431  0.0213669  11830.4  1.88008  -0.158827  1
950  0  0.986487  -0.196979  11589.5  1.99012  0.0569525  1
951  0  -0.214419  0.294534  11763  1.91977  -0.023014  1
952  0  1.39913  1.79346  11554  2.00782  -0.0926536  1
953  0  -0.254506  0.67884  11620.8  1.99475  -0.0468059  1
954  0  0.60313  -0.531506  11384.7  2.09014  -0.0569172  1
955  0  0.806114  0.86922  11524  2.0299  -0.108999  1
956  0  0.258648  0.230482  11081.9  2.24426  0.0587498  1
957  0  0.950437  0.0780998  11695.7  2.0241  -0.243916  1
958  0  -0.624724  1.06008  11606.1  2.00014  -0.0728381  1
959  0  0.818474  0.491939  11498.2  2.03961  -0.146943  1
960  0  -0.963139  -1.38731  11554.9  2.005  -0.0960646  1
961  0  0.22548  -0.183821  10896.8  2.31467  -0.163396  1
962  0  -0.143073  1.28789  11576.4  2.01493  -0.0742718  1
963  0  0.289344  -0.639912  11379.8  2.09737  -0.132761  1
964  0  0.803163  -0.0889579  11427.7  2.06008  0.136735  1
965  0  1.17871  0.129667  11688.1  1.93193  -0.142749  1
966  0  0.226988  0.161027  10858.9  2.31101  0.163761  1
967  0  0.686633  0.624798  11480.3  2.05243  -0.120687  1
968  0  0.428361  -0.145485  11019.4  2.32815  0.0123849  1
969  0  0.933584  -0.745809  11495.2  2.01815  -0.0572853  1
970  0  0.684949  -0.0492473  11272.9  1.21093  0.0957392  1
971  0  -0.0692116  0.291648  11739.6  1.93262  0.0482577  1
