0  2  1  0  16245.5  2.46519e-32  -7.70372e-34  1
1  1  2  2  16121.7  1.98742  -0.00057128  1
2  1  2  -2  16127.8  2.01029  0.00551192  1
3  3  -2  -2  16153.9  1.99998  0.0082  1
4  3  -2  2  16075.8  2.0004  0.0088833  1
10  1  2  1.6  16126.7  1.97375  -0.0147511  1
11  1  2  1.2  16126.7  1.97157  -0.0270068  1
12  1  2  0.8  16126.7  1.96766  -0.0448037  1
13  1  2  0.4  16126.7  1.96571  -0.0621035  1
14  1  2  5.50449e-12  16126.7  1.97993  -0.050068  1
15  1  2  -0.4  16126.7  2.01842  -0.0305502  1
16  1  2  -0.8  16126.7  2.03517  -0.0180355  1
17  1  2  -1.2  16126.7  2.02541  -0.00355859  1
18  1  2  -1.6  16126.7  2.02232  0.00117977  1
19  0  1.6  -2  16131.1  1.99998  0.0082  1
20  0  1.2  -2  16136.9  1.99998  0.0082  1
21  0  0.8  -2  16142  1.99998  0.0082  1
22  0  0.4  -2  16145.9  1.99998  0.0082  1
23  0  5.50449e-12  -2  16149.1  1.99998  0.0082  1
24  0  -0.4  -2  16151.1  1.99998  0.0082  1
25  0  -0.8  -2  16152.8  1.99998  0.0082  1
26  0  -1.2  -2  16153.8  1.99998  0.0082  1
27  0  -1.6  -2  16154  1.99998  0.0082  1
28  3  -2  -1.6  16153.5  1.99998  0.0082  1
29  3  -2  -1.2  16152.4  1.99998  0.0082  1
30  3  -2  -0.8  16149.4  1.99998  0.0082  1
31  3  -2  -0.4  16143.4  1.99998  0.0082  1
32  3  -2  -5.50449e-12  16133.6  1.99998  0.0082  1
33  3  -2  0.4  16120.5  1.99998  0.0082  1
34  3  -2  0.8  16105.5  1.99998  0.0082  1
35  3  -2  1.2  16091.4  1.99998  0.0082  1
36  3  -2  1.6  16081.1  1.99998  0.0082  1
37  0  -1.6  2  16072.1  2.00218  0.00981101  1
38  0  -1.2  2  16064.5  2.00569  0.0112765  1
39  0  -0.8  2  16052.2  2.01066  0.014522  1
40  0  -0.4  2  16040.4  2.01555  0.018642  1
41  0  -5.50449e-12  2  16037.1  2.01673  0.0200678  1
42  0  0.4  2  16042.8  2.01459  0.0164339  1
43  0  0.8  2  16053.9  2.00983  0.0106333  1
44  0  1.2  2  16077.1  1.99868  0.00452848  1
45  0  1.6  2  16105  1.99552  0.00472998  1
46  2  0.978381  0.00339743  16108.2  0  0  1
47  2  0.956843  0.00733477  16096.4  0  0  1
48  2  0.935287  0.0111692  16058.8  0  0  1
49  2  0.913697  0.0148039  16052.2  3.04101e-16  -4.0433e-17  1
50  2  0.89208  0.0182823  16010.8  0  0  1
51  2  0.870454  0.0217013  15984.1  1.42952e-16  -1.84499e-17  1
52  2  0.848822  0.0250813  15946.9  0  0  1
53  2  0.827186  0.0284354  15899.2  0  0  1
54  2  0.805547  0.0317695  15919.5  7.33811e-17  -9.13007e-18  1
55  2  0.783905  0.035086  15876.2  0  0  1
56  2  0.762259  0.0383759  15835.3  5.24334e-16  -6.57985e-17  1
57  2  0.74061  0.0416418  15792.2  0  0  1
58  2  0.718956  0.044876  15761  0  0  1
59  2  0.697297  0.0480816  15726  0  0  1
60  2  0.675633  0.0512473  15688.1  -1.60039e-16  2.16887e-17  1
61  2  0.653963  0.0543782  15665.4  0  0  1
62  2  0.632286  0.0574547  15630.1  0  0  1
63  2  0.6106  0.0604672  15588.9  0  0  1
64  2  0.588904  0.0634119  15549.6  -1.75555e-16  1.65126e-17  1
65  2  0.567197  0.0662718  15492.6  0  0  1
66  2  0.54548  0.0690492  15440.4  -1.74623e-16  1.80711e-17  1
67  2  0.523745  0.0716911  15395.6  0  0  1
68  2  0.501996  0.0742072  15337.1  0  0  1
69  2  0.480225  0.0765281  15291.8  0  0  1
70  2  0.458432  0.0786265  15238.1  0  0  1
71  2  0.436616  0.0804774  15172.6  0  0  1
72  2  0.414777  0.082032  15112.7  0  0  1
73  2  0.392918  0.0832822  15096.8  0  0  1
74  2  0.371042  0.0841832  15039.7  0  0  1
75  2  0.349155  0.0847211  14975.2  0  0  1
76  2  0.327261  0.0848564  14921  3.22897e-16  9.62843e-19  1
77  2  0.305369  0.084567  14896.4  0  0  1
78  2  0.283487  0.0838292  14900.1  0  0  1
79  2  0.261627  0.0826138  14914.9  0  0  1
80  2  0.2398  0.0809074  14937.9  0  0  1
81  2  0.218019  0.0786853  14952.2  0  2.46519e-32  1
82  2  0.196293  0.0759752  15017.1  0  0  1
83  2  0.174639  0.0727414  15036.1  0  0  1
84  2  0.153076  0.0689527  15065  0  0  1
85  2  0.131627  0.0645604  15131.5  -1.4902e-16  -2.58555e-17  1
86  2  0.110332  0.059479  15167.1  0  0  1
87  2  0.0892429  0.0536005  15337.3  0  0  1
88  2  0.068452  0.0467455  15503.6  0  0  1
89  2  0.048118  0.0386402  15695  -3.98098e-16  -1.48559e-16  1
90  2  0.0285733  0.0287963  16141  0  0  1
91  2  0.0107295  0.0161764  16882.9  4.93313e-17  2.73038e-17  1
92  2  0.000281243  -0.00203921  17255.7  0  0  1
93  2  0.017602  -0.0144472  16135.7  9.08955e-17  -3.40919e-17  1
94  2  0.0385317  -0.0208076  15252.3  0  0  1
95  2  0.060009  -0.0250393  15536.1  0  0  1
96  2  0.0816851  -0.0281121  15635.4  2.39479e-16  -2.87125e-17  1
97  2  0.103456  -0.0304229  15607.6  0  0  1
98  2  0.12528  -0.0321774  15627.4  0  0  1
99  2  0.147134  -0.0335133  15646  0  0  1
100  2  0.169005  -0.0345128  15666.3  2.3756e-16  -1.15331e-17  1
101  2  0.190887  -0.0352329  15689.4  0  0  1
102  2  0.212776  -0.0357208  15726.2  -6.24595e-16  1.973e-17  1
103  2  0.234669  -0.0360085  15750.1  0  0  1
104  2  0.256563  -0.0361162  15751.5  7.49015e-17  1.39256e-18  1
105  2  0.278457  -0.0360616  15754.8  0  0  1
106  2  0.300351  -0.035851  15795.8  2.20549e-16  2.11433e-19  1
107  2  0.322242  -0.0354972  15805.9  0  0  1
108  2  0.344131  -0.0349938  15798.5  0  0  1
109  2  0.366015  -0.0343209  15826.8  0  0  1
110  2  0.387894  -0.0334991  15864.3  0  0  1
111  2  0.409768  -0.0325549  15904.5  0  0  1
112  2  0.431636  -0.031484  15920.2  -4.20982e-16  -1.42708e-17  1
113  2  0.453501  -0.0303418  15920.4  0  0  1
114  2  0.475362  -0.0291395  15955.1  0  0  1
115  2  0.497221  -0.0278873  16006.3  -2.11873e-16  -1.26309e-17  1
116  2  0.519078  -0.0266136  16030.6  0  0  1
117  2  0.540934  -0.0253111  16035.4  0  0  1
118  2  0.562789  -0.0239981  16062.5  0  0  1
119  2  0.584644  -0.0226744  16081.7  0  0  1
120  2  0.606498  -0.0213464  16090.7  0  0  1
121  2  0.628352  -0.0200244  16119.9  0  0  1
122  2  0.650207  -0.0187055  16140.5  3.38468e-16  1.50129e-17  1
123  2  0.672062  -0.0173971  16149.1  0  0  1
124  2  0.693918  -0.0160986  16143.3  0  0  1
125  2  0.715775  -0.0148156  16175.3  -1.59027e-16  -2.99655e-18  1
126  2  0.737633  -0.0135522  16208.6  0  0  1
127  2  0.759492  -0.0123081  16218.7  0  0  1
128  2  0.781352  -0.0110858  16240.3  1.82346e-16  6.81007e-18  1
129  2  0.803214  -0.00988695  16242.4  0  0  1
130  2  0.825077  -0.00871546  16233.4  0  0  1
131  2  0.846942  -0.00757146  16248.9  0  0  1
132  2  0.868808  -0.00645592  16271.3  -1.57992e-16  -7.77275e-18  1
133  2  0.890674  -0.00535505  16292.7  0  0  1
134  2  0.912541  -0.00425578  16314.5  0  0  1
135  2  0.934405  -0.00309315  16360.5  0  0  1
136  2  0.956264  -0.00184606  16394.6  -1.27978e-16  -1.92736e-18  1
137  2  0.978124  -0.000617148  16401.3  0  0  1
266  0  1.01114  -0.782961  16153.3  2.00756  -0.00172944  1
267  0  0.0687601  -0.978896  16147.4  2.00507  -0.00414132  1
268  0  0.490417  -0.588638  16123.2  2.02004  1.64419e-05  1
269  0  0.0488532  -0.484474  16136.6  2.01088  -0.0289399  1
270  0  -0.608764  0.928325  16069.3  2.01411  0.0384573  1
271  0  0.293243  0.989946  15978.3  2.05693  0.0198093  1
272  0  1.06465  0.828303  16030.5  2.02871  -0.0491468  1
273  0  0.860388  -0.411576  16168.1  2.00256  0.0117662  1
274  0  -0.103565  0.599114  16008.1  2.04874  0.078682  1
275  0  -0.416119  0.234731  16171.9  1.97467  0.0725535  1
276  0  0.330931  0.542644  15838.9  2.12984  0.0283912  1
277  0  0.775467  0.508433  15922.9  2.0855  -0.0748145  1
278  0  -0.426947  -0.315093  16205.4  1.96943  0.00353874  1
279  0  0.586086  -0.32804  16107.7  2.03023  0.0245581  1
280  0  0.315094  -0.324519  16051.6  2.05446  -0.0137353  1
281  0  0.0915653  -0.249514  16086.1  2.02851  -0.0807843  1
282  0  -0.124401  -0.194381  16267.4  1.93294  -0.0577903  1
283  0  0.119924  0.360934  15818.2  2.14353  0.138662  1
284  0  0.545883  0.347496  15730.2  2.18502  -0.0698615  1
285  0  -0.058258  0.223883  16093.3  2.00541  0.217428  1
286  0  0.314276  0.288277  15572.6  2.25579  0.0588334  1
287  0  0.75679  -0.204914  16172.5  1.98273  0.0453542  1
288  0  0.981024  -0.212453  16232  1.95659  0.00923929  1
289  0  0.735219  0.259498  15829.7  2.12589  -0.15283  1
290  0  1.04644  0.311389  16047  2.02275  -0.123095  1
291  0  0.451579  -0.203393  16024.7  2.05676  0.0304275  1
292  0  0.582184  -0.154604  16085.3  2.02091  0.0593319  1
293  0  -0.118109  0.101503  16376.1  1.86001  0.178997  1
294  0  0.225201  -0.181218  15954  2.08908  -0.0507991  1
295  0  0.885899  0.188607  15972.7  2.05835  -0.184002  1
296  0  0.189363  0.219964  15555.8  2.25372  0.201266  1
297  0  0.0680877  0.18072  15808.3  2.12658  0.317979  1
298  0  0.86247  -0.136153  16233.5  1.98749  0.0420471  1
299  0  0.335091  -0.151695  15936.4  2.08805  0.00580333  1
300  0  0.437331  0.232491  15517.2  2.27555  -0.0504348  1
301  0  0.563103  0.215509  15623.3  2.21923  -0.133971  1
302  0  -1.18763  0.0421301  16143.9  1.99406  0.0217207  1
303  0  1.00452  0.150939  16102.2  2.02273  -0.166525  1
304  0  0.0244033  -0.149133  16138.2  1.99284  -0.153067  1
305  0  -0.810202  -1.1041  16158  1.99729  0.00680839  1
306  0  0.138589  -0.132575  15928.1  2.09006  -0.120038  1
307  0  0.292775  0.18762  15339.1  2.34666  0.0937894  1
308  0  0.692707  -0.126443  16151.2  2.03604  0.0656692  1
309  0  1.48035  -0.161941  16164.2  1.96103  -0.0385784  1
310  0  0.580486  -1.1065  16142.7  2.01027  -0.000787916  1
311  0  0.778442  -0.103247  16205.9  2.07219  0.0646557  1
312  0  -0.401964  -0.786589  16164.8  1.99363  -0.000835859  1
313  0  0.950676  -0.0961042  16287.4  2.03607  0.0257686  1
314  0  1.10458  -0.141482  16243.8  1.97788  -0.0235869  1
315  0  1.27483  -0.522712  16169.1  2.0017  -0.0111548  1
316  0  1.16268  0.0670957  16198.5  1.80636  -0.11608  1
317  0  -0.0526867  -0.0886701  16404.9  1.8545  -0.137062  1
318  0  -0.0352068  0.0998545  16331.9  1.85525  0.353462  1
319  0  0.659377  0.160781  15712.9  2.21256  -0.197109  1
320  0  0.776738  0.155807  15862.9  2.14829  -0.210075  1
321  0  0.49654  -0.117872  16016.8  2.10959  0.0624603  1
322  0  0.266547  -0.115227  15877.6  2.14287  -0.0308075  1
323  0  0.403183  -0.113457  15942.7  2.15647  0.0423007  1
324  0  0.500739  0.161381  15467.7  2.33261  -0.138089  1
325  0  -1.00659  -0.541774  16160.9  1.99321  0.0121953  1
326  0  0.62123  -0.094942  16102.7  2.13087  0.0792531  1
327  0  -0.891698  0.473685  16118.3  1.99841  0.0358534  1
328  0  0.362834  0.157471  15269.1  2.43694  -0.00218569  1
329  0  0.200331  -0.102826  15857.7  2.17556  -0.0749143  1
330  0  0.557037  -0.0904649  16063.3  2.17647  0.0829856  1
331  0  -0.191911  -0.0544654  16371.8  1.87524  0.010408  1
332  0  0.150551  0.15085  15459  2.28165  0.316806  1
333  0  0.221065  0.150519  15290.5  2.38527  0.225955  1
334  0  0.430565  0.149657  15337.9  2.42159  -0.088477  1
335  0  -0.164897  1.06598  16026.5  2.03297  0.0359335  1
336  0  -1.39468  1.02168  16091.9  2.00237  0.0187758  1
337  0  0.563427  0.135451  15544  2.36085  -0.195604  1
338  0  -0.764699  0.00757953  16168.1  1.98183  0.0300383  1
339  0  0.942745  0.0932568  16075.2  2.05741  -0.234936  1
340  0  0.823949  0.101707  15915  2.14317  -0.242116  1
341  0  1.12794  -1.39734  16140.6  2.01478  0.000149774  1
342  0  0.0347053  0.109555  15957.9  2.02034  0.465265  1
343  0  0.599569  0.818372  15954.8  2.06847  -0.0176825  1
344  0  0.807823  1.37577  16035.2  2.02329  -0.00623624  1
345  0  -0.0913073  -0.00204005  16655.7  1.69958  0.0309879  1
346  0  1.51082  0.412823  16109.2  1.98748  -0.0771184  1
347  0  -0.216381  -0.446789  16186.5  1.98249  -0.0189303  1
348  0  1.00043  0.064353  16205.2  1.91292  -0.232945  1
349  0  -0.430918  0.566301  16088.4  2.01117  0.0636148  1
350  0  0.284637  -0.559583  16115.7  2.0229  -0.0114785  1
351  0  -0.471322  -0.0143628  16215.5  1.9588  0.0377036  1
352  0  -0.315318  -1.26145  16153.5  2.00088  0.00263724  1
353  0  0.0867909  -0.086527  15907.5  2.14449  -0.216962  1
354  0  0.883018  -0.0710051  16271.4  2.03878  0.0556326  1
355  0  0.758595  -0.668341  16145.4  2.01056  0.0035578  1
356  0  -0.218169  0.390045  16091.3  2.01172  0.108258  1
357  0  0.456172  -0.357908  16078.7  2.04363  0.00897679  1
358  0  -0.308153  0.0926238  16254.1  1.93372  0.0745994  1
359  0  -0.229754  0.220168  16191.6  1.96044  0.120374  1
360  0  0.120474  0.577731  15914.1  2.09399  0.0712295  1
361  0  1.46078  -0.915708  16144.4  2.0151  -0.00812709  1
362  0  0.711463  0.099301  15766.9  2.19756  -0.244691  1
363  0  0.335382  -0.0941499  15875.2  2.2586  0.014415  1
364  0  0.663063  -0.208364  16129.6  2.00542  0.0485514  1
365  0  0.720053  -0.335894  16145.1  2.01306  0.0253672  1
366  0  0.726968  -0.0639887  16172.9  2.05989  0.0798763  1
367  0  0.817069  -0.0604124  16227.5  2.0075  0.0728766  1
368  0  -0.0501785  0.0375681  16755.7  1.6164  0.226619  1
369  0  0.325817  -0.82235  16136.3  2.01162  -0.00516571  1
370  0  -1.37333  -0.939691  16154.4  1.9983  0.00947639  1
371  0  0.109529  0.110254  15471.5  2.29216  0.463496  1
372  0  0.0112801  -0.0728664  16238.2  1.92546  -0.289839  1
373  0  -0.0376597  -0.34068  16167.4  1.99045  -0.0521045  1
374  0  -0.546645  1.49197  16051.4  2.01563  0.0244846  1
375  0  0.445215  -0.0815776  15958.3  2.24168  0.0657178  1
376  0  0.184966  -0.407335  16095.2  2.03138  -0.0302722  1
377  0  0.169757  -1.46116  16147.3  2.0062  0.00217639  1
378  0  0.99063  -0.0559004  16357.8  1.91955  0.0187587  1
379  0  0.66406  -0.0669104  16144  2.13122  0.0882475  1
380  0  0.269788  0.13303  15109.1  2.51744  0.165845  1
381  0  -1.37741  0.512099  16115.7  1.99924  0.0216247  1
382  0  0.858627  -0.258859  16194.8  1.98269  0.0259978  1
383  0  0.117116  1.41534  16025.5  2.02826  0.0211298  1
384  0  1.41419  1.38484  16083.3  1.99583  -0.0190354  1
385  0  0.155882  -0.0818693  15777.6  2.26403  -0.139163  1
386  0  0.509087  -0.0676625  16004.9  2.15016  0.0831776  1
387  0  -0.0494387  0.404471  15989.2  2.05898  0.12764  1
388  0  0.320153  0.129265  15103.7  2.52242  0.0558827  1
389  0  0.924424  -0.0458972  16324.4  1.83257  0.0516566  1
390  0  0.111634  -0.718682  16140.2  2.00802  -0.0118559  1
391  0  0.605432  0.107889  15582.6  2.251  -0.223813  1
392  0  0.888335  0.0699891  15984.4  1.92992  -0.24057  1
393  0  0.772858  -0.0552626  16205.7  1.97804  0.0740905  1
394  0  0.784681  0.0846807  15853.2  2.06077  -0.247568  1
395  0  -0.138814  -0.670336  16160.6  1.99633  -0.011037  1
396  0  0.646892  -0.476111  16131.5  2.01847  0.0115848  1
397  0  0.0360123  0.829252  15986.4  2.05548  0.0464138  1
398  0  0.649159  0.0984351  15645.8  2.16832  -0.236249  1
399  0  0.56713  0.562076  15866.7  2.11452  -0.036639  1
400  0  1.0819  -0.0389071  16302.1  1.61023  -0.0149501  1
401  0  1.07525  0.0287265  16311.3  1.49245  -0.12509  1
402  0  0.405976  0.354426  15673.5  2.21265  -0.00166298  1
403  0  -1.48639  -0.376323  16148  1.99801  0.0126861  1
404  0  0.240558  0.411395  15766.4  2.16833  0.0764102  1
405  0  1.05589  -0.377955  16190.6  1.99367  -0.00147291  1
406  0  0.877796  0.350308  15956.5  2.07096  -0.122992  1
407  0  1.02191  0.517862  16014.2  2.03842  -0.0872894  1
408  0  -0.647694  -0.571505  16172.5  1.98825  0.00626421  1
409  0  -0.00872287  0.0595458  16549.9  1.68807  0.478375  1
410  0  0.295367  0.76864  15935.2  2.08013  0.024921  1
411  0  0.473043  0.121503  15322.1  2.41962  -0.14908  1
412  0  0.518418  0.115235  15405.4  2.35173  -0.189584  1
413  0  0.566309  -0.811323  16138.1  2.01232  -0.000598414  1
414  0  0.242862  -0.0745293  15804.1  2.2981  -0.0504158  1
415  0  0.292247  -0.0746301  15819.4  2.27986  -0.0128519  1
416  0  0.378502  -0.0751078  15886.3  2.23069  0.0460748  1
417  0  -1.19784  -1.46819  16154.7  1.99947  0.00805591  1
418  0  -0.927841  1.2362  16072.9  2.00834  0.0254404  1
419  0  0.176972  0.113487  15220.3  2.45253  0.357131  1
420  0  0.200401  -0.28542  16043.8  2.05495  -0.0443566  1
421  0  0.813888  -0.925156  16145.4  2.01038  -0.000546339  1
422  0  -0.0103473  0.173013  16066.5  2.00138  0.296649  1
423  0  -0.0123188  -0.0423562  16518.6  1.7963  -0.361349  1
424  0  -0.28191  0.801198  16042.4  2.03007  0.0540681  1
425  0  -0.319475  -0.219333  16238.1  1.94844  -0.00188251  1
426  0  0.60035  -0.0590674  16086.8  2.06162  0.08926  1
427  0  -0.74586  -0.301345  16176.3  1.98303  0.0159932  1
428  0  0.373864  -0.239655  16016.7  2.06771  0.0055178  1
429  0  0.0321828  0.284261  15919.9  2.08995  0.206136  1
430  0  0.703716  -1.54785  16143  2.01138  0.00222879  1
431  0  0.21044  0.328777  15703.5  2.1967  0.117925  1
432  0  -0.673918  0.269066  16146.3  1.98778  0.0466341  1
433  0  0.380865  0.124491  15168.3  2.49242  -0.0407502  1
434  0  1.28851  0.29429  16101.7  1.99992  -0.0937655  1
435  0  0.534944  -0.23248  16074  2.03922  0.0373002  1
436  0  0.285272  -0.223267  15994.5  2.07906  -0.0222752  1
437  0  0.95365  0.0518908  16083.7  1.77017  -0.228176  1
438  0  0.980846  -0.601817  16161.7  2.00466  0.000167285  1
439  0  -1.39378  1.53078  16076.6  2.00212  0.0148649  1
440  0  -1.01839  0.803525  16096.5  2.00385  0.0291541  1
441  0  1.0251  -0.148738  16272.3  1.97399  -0.00732067  1
442  0  -0.683479  -1.514  16154.3  2.00018  0.00658037  1
443  0  1.15709  0.18954  16120.3  2.00076  -0.115478  1
444  0  -0.0160474  -0.251412  16178.9  1.98344  -0.0786814  1
445  0  0.644627  0.282655  15757.8  2.16499  -0.12947  1
446  0  0.947735  -0.357706  16186.7  1.99494  0.00830012  1
447  0  0.347238  -0.445523  16093.8  2.03483  -0.00875497  1
448  0  1.04364  -1.13487  16144.4  2.01206  -0.00156944  1
449  0  0.845661  0.0695071  15952.3  1.92125  -0.237807  1
450  0  0.0628031  0.0906781  15731.7  2.12861  0.566488  1
451  0  1.57862  0.844322  16094.6  1.99111  -0.0493138  1
452  0  -0.0499112  -0.00832799  16858.8  1.55591  -0.0360423  1
453  0  0.503538  0.236522  15585  2.24301  -0.0904134  1
454  0  1.1203  -0.272452  16200.2  1.9815  -0.00877045  1
455  0  0.859675  -0.0423054  16264.3  1.82468  0.0661303  1
456  0  0.152547  -0.204464  16005.4  2.06599  -0.0824391  1
457  0  0.660604  0.438668  15851.9  2.12264  -0.0769179  1
458  0  0.657601  1.12891  16008.2  2.03911  -0.00781077  1
459  0  0.395618  -0.173631  15984.5  2.06865  0.0216771  1
460  0  0.114578  0.249887  15741.6  2.17096  0.220251  1
461  0  1.65723  -1.45686  16132.4  2.02091  -0.000543342  1
462  0  0.350498  0.241691  15491.5  2.28938  0.0281487  1
463  0  0.066574  -0.0591622  15853.3  2.23656  -0.316002  1
464  0  0.635639  -0.153333  16115.6  2.01259  0.0612798  1
465  0  0.111092  -0.0636394  15770.5  2.29929  -0.216974  1
466  0  -0.0994975  0.159551  16244.2  1.92919  0.207482  1
467  0  0.224941  0.117466  15142.3  2.50959  0.263516  1
468  0  0.057077  -0.375187  16132.5  2.011  -0.0451991  1
469  0  0.354116  -1.1226  16143.5  2.00881  -0.00141936  1
470  0  -1.6753  0.1393  16130.7  1.99908  0.0136051  1
471  0  1.4167  0.0599301  16149.5  1.87399  -0.0728722  1
472  0  0.813736  -0.169182  16205  1.97349  0.0450796  1
473  0  -0.44759  0.427285  16115.9  2.00041  0.0682631  1
474  0  1.71993  -0.541012  16150.8  2.02774  -0.0249216  1
475  0  0.759007  -0.462467  16150.1  2.01009  0.0123601  1
476  0  0.69047  0.0812922  15735.1  1.96482  -0.229605  1
477  0  0.732554  0.0794289  15777  1.98185  -0.241952  1
478  0  0.863409  0.789075  15995.3  2.04818  -0.0423003  1
479  0  1.31632  -0.0920428  16218.7  1.89487  -0.0394811  1
480  0  0.440354  -0.152154  15991.9  2.05982  0.0411479  1
481  0  0.201028  -0.0719426  15786.6  2.30017  -0.0857974  1
482  0  0.554264  -0.0603837  16059.7  2.08372  0.0888125  1
483  0  0.0776922  -0.188301  16073.2  2.02831  -0.117538  1
484  0  0.560692  0.103967  15511.4  2.24653  -0.212585  1
485  0  0.491214  0.4833  15807.7  2.14595  -0.0222079  1
486  0  -0.867929  0.236121  16142.3  1.99119  0.034767  1
487  0  0.428257  0.118114  15247.7  2.44447  -0.106985  1
488  0  0.706634  -0.0459079  16178.3  1.91775  0.0940671  1
489  0  0.941198  -0.175858  16241.4  1.95188  0.0203842  1
490  0  0.411984  0.702968  15910.5  2.09328  0.00608898  1
491  0  0.733042  -0.145403  16170.6  2.00272  0.0593065  1
492  0  -0.125162  -0.0767815  16420.3  1.84902  -0.0497403  1
493  0  -0.129146  -0.933085  16153.4  2.00123  -0.0036416  1
494  0  0.41427  -0.0688701  15918.8  2.21135  0.0587092  1
495  0  -1.00881  -0.155263  16156.5  1.99057  0.020316  1
496  0  0.475114  -0.0683856  15970.9  2.18318  0.0813887  1
497  0  0.254234  0.251853  15532.5  2.27146  0.112753  1
498  0  0.634068  -0.055499  16115.3  2.03427  0.0875191  1
499  0  -0.268321  0.571954  16057.4  2.02604  0.0759482  1
500  0  0.521083  -0.17558  16058.6  2.03231  0.0502014  1
501  0  -0.633283  -0.866994  16163.1  1.99442  0.00462719  1
502  0  0.91786  1.06326  16024.7  2.03095  -0.025881  1
503  0  -0.713408  0.673176  16095.7  2.00605  0.0416999  1
504  0  -0.172636  -1.70799  16150.3  2.00338  0.00543399  1
505  0  -0.053446  -0.160451  16281.8  1.92185  -0.108825  1
506  0  0.145644  0.108835  15324.2  2.40631  0.415636  1
507  0  -0.464028  -0.502131  16182.8  1.98331  0.000753603  1
508  0  -0.0165601  -1.2936  16149.5  2.00383  0.00112704  1
509  0  0.705419  0.168929  15764.2  2.17534  -0.200474  1
510  0  1.29301  -0.754875  16155.5  2.00896  -0.00847306  1
511  0  0.0240635  0.0570758  16085.1  1.79287  0.669049  1
512  0  -0.17714  0.0074702  16408.6  1.8484  0.0563523  1
513  0  1.31179  0.5315  16078.2  2.00238  -0.0762942  1
514  0  0.0487986  0.459948  15916.5  2.09341  0.110839  1
515  0  0.350348  1.31842  16015.7  2.03388  0.0130292  1
516  0  -0.180712  -0.315812  16217  1.96337  -0.031719  1
517  0  -0.237901  1.44272  16038.6  2.02188  0.0256173  1
518  0  0.62082  0.16149  15658.9  2.24152  -0.187932  1
519  0  0.630941  0.212105  15695.3  2.18595  -0.158526  1
520  0  0.349521  0.122177  15151.1  2.51133  0.00358712  1
521  0  -1.03635  -0.863807  16158.5  1.99605  0.00909116  1
522  0  0.810897  0.218677  15896.3  2.09185  -0.176395  1
523  0  0.337088  0.389081  15719.1  2.19257  0.0364931  1
524  0  -0.548626  0.140189  16180.1  1.97353  0.0497387  1
525  0  0.994333  0.0355898  16190.7  1.58565  -0.24045  1
526  0  0.0378214  -0.105327  16101.1  2.00461  -0.214303  1
527  0  0.179418  -0.153664  15936  2.09392  -0.0815798  1
528  0  -0.354734  -0.0469045  16258.5  1.93576  0.0317824  1
529  0  1.32349  -0.297004  16195.3  2.01158  -0.0292358  1
530  0  0.788294  -0.284329  16170.6  1.99916  0.0290908  1
531  0  0.972787  0.223293  16034.4  2.02451  -0.15635  1
532  0  -0.581997  0.440076  16120.5  1.99826  0.055392  1
533  0  0.0704675  0.128697  15734.1  2.13848  0.428739  1
534  0  -0.438008  1.20935  16049.1  2.02009  0.0319494  1
535  0  0.0686168  1.19529  16015.3  2.03634  0.0273033  1
536  0  0.333938  -0.0622941  15807.2  2.05758  0.0161784  1
537  0  0.906756  0.0424394  16018.9  1.36955  -0.182094  1
538  0  -0.136395  0.306465  16088.4  2.01029  0.147354  1
539  0  0.548051  -0.397901  16106.6  2.03079  0.0140954  1
540  0  0.819757  -0.107262  16220.5  2.05181  0.0568797  1
541  0  -1.72149  -1.41424  16153.5  1.99983  0.00842497  1
542  0  0.96891  -0.0317578  16360.1  1.50048  0.0242037  1
543  0  0.578728  1.66463  16040.5  2.0181  0.00875543  1
544  0  0.847722  -1.2953  16143.1  2.01209  0.000207651  1
545  0  0.238793  0.2021  15431.9  2.30865  0.158777  1
546  0  -0.230764  0.0956765  16298.2  1.91196  0.0971939  1
547  0  -0.173027  0.148738  16272.2  1.91935  0.142874  1
548  0  0.893622  -0.0432222  16296.1  1.85327  0.0621313  1
549  0  0.798763  0.0593434  15871.5  1.50495  -0.195218  1
550  0  0.696667  -0.0793559  16158  2.12063  0.0789561  1
551  0  0.36953  -0.671179  16126.3  2.01701  -0.00519959  1
552  0  0.291066  -0.171995  15947.6  2.08865  -0.0161809  1
553  0  -0.859959  1.54999  16061.8  2.00974  0.0205354  1
554  0  0.293526  0.11094  15001.7  2.35496  0.10893  1
555  0  -0.0774964  -0.485517  16163.4  1.99679  -0.0255348  1
556  0  0.750305  -0.0406229  16190.6  1.69357  0.0756512  1
557  0  0.793536  -0.0372016  16233.5  1.64243  0.0613397  1
558  0  0.93843  0.141653  16049.9  2.06175  -0.200177  1
559  0  0.884948  0.137983  15979.2  2.1003  -0.215078  1
560  0  0.0717356  -0.137161  16033.9  2.04412  -0.15994  1
561  0  -0.0193082  0.0211715  17083  1.23451  0.277634  1
562  0  0.597257  -0.22211  16100.9  2.02484  0.0430765  1
563  0  0.786284  0.395224  15901.1  2.09741  -0.105067  1
564  0  0.680557  0.12104  15721.5  2.26364  -0.232677  1
565  0  0.267573  -0.0611992  15775.9  2.08658  -0.0258161  1
566  0  0.0200752  -0.0413161  15964.9  2.00391  -0.532502  1
567  0  0.536322  -0.131858  16051.5  2.06749  0.0637891  1
568  0  -1.60209  0.778576  16104.8  2.00045  0.0163413  1
569  0  0.493863  0.101185  15333.6  2.07927  -0.159781  1
570  0  1.14992  1.624  16069.4  2.0022  -0.00632779  1
571  0  0.43156  -0.274926  16048.1  2.05535  0.0148168  1
572  0  0.717153  -0.269826  16149.8  2.00655  0.0369009  1
573  0  -0.606589  -0.164471  16194  1.97166  0.0215035  1
574  0  0.622688  -0.625521  16134.3  2.01547  0.00340417  1
575  0  0.62498  0.0844264  15608  1.83407  -0.204322  1
576  0  -0.336486  -0.985399  16157.5  1.99839  0.000399511  1
577  0  -1.29398  -0.626103  16154.5  1.99682  0.0115995  1
578  0  0.227204  -0.133814  15897.6  2.10919  -0.0528278  1
579  0  0.701117  -0.177955  16148.8  1.98988  0.05467  1
580  0  1.72329  0.279398  16132.2  1.96957  -0.0749691  1
581  0  0.900829  -0.112169  16262.8  2.02654  0.0383074  1
582  0  -1.62991  1.30717  16084.8  2.00103  0.0135836  1
583  0  0.454845  -1.35628  16144.4  2.00915  0.000784749  1
584  0  0.725647  -0.103546  16172  2.0813  0.0684435  1
585  0  0.586562  -0.117116  16084.8  2.08693  0.0711789  1
586  0  0.148637  -0.573768  16128.2  2.0154  -0.018078  1
587  0  0.0923554  0.0809729  15412.2  2.16272  0.566322  1
588  0  -0.071269  0.0776614  16491.3  1.78808  0.237907  1
589  0  1.02455  -0.0413813  16380.6  1.72482  0.0131075  1
590  0  0.401456  0.188028  15384.6  2.33944  -0.0380289  1
591  0  0.848652  -0.552851  16156.3  2.00697  0.0058314  1
592  0  0.445513  -0.43833  16098.1  2.03378  0.00279217  1
593  0  0.303596  -0.109475  15880.6  2.18877  -0.00547503  1
594  0  0.370501  -0.101672  15907.3  2.22113  0.0300333  1
595  0  1.13782  -0.665127  16161  2.00552  -0.00487533  1
596  0  -1.11006  0.379251  16125.7  1.99698  0.0280144  1
597  0  0.427041  0.861066  15954.7  2.06907  0.00381112  1
598  0  0.44383  -0.0550658  15935.1  1.89594  0.06427  1
599  0  0.10877  0.204572  15703.7  2.1795  0.273422  1
600  0  0.566226  0.279022  15686.9  2.19974  -0.10202  1
601  0  1.36252  -1.67169  16135.5  2.01656  0.00207249  1
602  0  0.27121  -0.384096  16075.5  2.04266  -0.0201874  1
603  0  0.863402  0.0474784  15960.7  1.39043  -0.196914  1
604  0  -1.60409  -0.700029  16151  1.99892  0.010226  1
605  0  0.248596  0.105921  15032.1  2.35149  0.206248  1
606  0  1.01308  -1.70292  16140.4  2.01309  0.00301837  1
607  0  0.835538  -0.0448881  16250.9  1.88623  0.0733307  1
608  0  0.204125  0.0999943  15066.2  2.33057  0.30361  1
609  0  0.395015  0.279188  15568.8  2.25729  -0.00167371  1
610  0  0.45638  0.295533  15622.2  2.23332  -0.0425951  1
611  0  -0.144025  0.223092  16168.3  1.9686  0.161285  1
612  0  1.30549  -1.16507  16142.1  2.01444  -0.00316294  1
613  0  0.0157897  0.684908  15972.2  2.06477  0.063705  1
614  0  0.0902033  -0.050896  15719.9  2.15704  -0.25862  1
615  0  0.834232  0.145696  15930.3  2.12259  -0.216629  1
616  0  0.657334  -0.105549  16128.8  2.08677  0.0735953  1
617  0  0.661794  -0.0413192  16139.1  1.6606  0.0753384  1
618  0  0.716531  0.652881  15939.8  2.07701  -0.0441318  1
619  0  -0.00958176  -0.115718  16253.2  1.93257  -0.182093  1
620  0  0.242673  0.624617  15895.2  2.1027  0.0426048  1
621  0  0.134567  -0.0555235  15710.9  2.16851  -0.167301  1
622  0  -0.419792  -0.149513  16230.7  1.94963  0.0160884  1
623  0  0.0493623  -0.0431198  15771.8  2.12019  -0.40675  1
624  0  1.05427  0.0929001  16200.7  1.94703  -0.170302  1
625  0  -0.299052  0.303433  16142.9  1.98709  0.0960759  1
626  0  0.848279  -0.0728964  16237.9  2.05568  0.0608284  1
627  0  0.642992  -0.382994  16126.8  2.02174  0.0206443  1
628  0  0.0504242  0.0637069  15748.1  1.96424  0.668773  1
629  0  -0.830307  -0.711793  16164.5  1.99257  0.00853669  1
630  0  -0.168208  -0.130357  16325.1  1.90057  -0.0299071  1
631  0  -0.291718  -0.32938  16213.5  1.96642  -0.0121151  1
632  0  0.179414  -0.0583534  15723.5  2.13975  -0.103881  1
633  0  0.14937  0.445245  15845.3  2.1288  0.0949702  1
634  0  0.222805  -0.0579986  15771.8  2.09065  -0.0587966  1
635  0  -0.260807  0.0104557  16316.5  1.904  0.053225  1
636  0  0.129618  -0.102572  15884.7  2.13079  -0.148282  1
637  0  0.859254  -0.19865  16212.7  1.96303  0.0341193  1
638  0  1.29607  1.05648  16065.2  2.00811  -0.0356251  1
639  0  0.575156  -0.0449104  16075  1.70427  0.076543  1
640  0  0.531288  -0.0474649  16031.1  1.76348  0.071776  1
641  0  -1.20578  -0.340463  16153.8  1.99442  0.0155286  1
642  0  0.405123  0.104964  15142.3  2.18735  -0.072813  1
643  0  0.449412  0.101808  15254.5  2.10822  -0.127297  1
644  0  0.537291  0.0924079  15444.3  1.91293  -0.173849  1
645  0  0.186801  0.1758  15431.2  2.3005  0.24381  1
646  0  0.580733  0.0879533  15545.3  1.84665  -0.195237  1
647  0  -0.0759888  -0.0447331  16569.5  1.76349  -0.0772814  1
648  0  0.112966  0.155517  15608.4  2.21335  0.346848  1
649  0  0.13185  -0.326105  16089.7  2.03301  -0.0500245  1
650  0  0.668072  0.0748086  15680.7  1.64968  -0.183844  1
651  0  0.754706  0.0634258  15827.1  1.59007  -0.207736  1
652  0  0.71022  0.0681034  15753.8  1.55939  -0.193457  1
653  0  0.237011  -0.235048  16003  2.07417  -0.0396922  1
654  0  0.755736  0.10593  15818.7  2.17756  -0.241044  1
655  0  -0.0164763  -0.612206  16148.9  2.00313  -0.0170853  1
656  0  0.516038  -0.300687  16082.2  2.04138  0.0227602  1
657  0  0.398085  -0.540389  16111.8  2.02604  -0.00315751  1
658  0  -0.0491458  0.31065  16013.6  2.04515  0.168843  1
659  0  -1.11433  -1.16424  16155.9  1.99836  0.00821189  1
660  0  0.464575  0.188072  15460.1  2.30572  -0.0929176  1
661  0  -0.289684  -0.607871  16172.3  1.98943  -0.00734096  1
662  0  -0.145453  0.478573  16039.5  2.03563  0.100207  1
663  0  -0.131553  0.756881  16011.1  2.04504  0.0590282  1
664  0  -0.513666  0.319733  16145.6  1.98711  0.0612874  1
665  0  0.228735  0.515366  15845.3  2.12756  0.0596334  1
666  0  0.355705  -0.0552205  15839.7  1.91557  0.0302236  1
667  0  0.309545  -0.0569967  15841.8  1.98653  0.00190442  1
668  0  0.0170303  0.217315  15953.2  2.07036  0.262189  1
669  0  0.456447  -0.947717  16140.1  2.01083  -0.00221344  1
670  0  0.324205  0.166133  15266.5  2.42127  0.0504533  1
671  0  1.15625  0.421104  16054.7  2.01814  -0.0951534  1
672  0  1.18146  -0.0465169  16224.4  1.73096  -0.0415035  1
673  0  0.961466  -0.473373  16172.8  2.00061  0.00389955  1
674  0  0.316044  0.105206  14941.6  2.20218  0.0609315  1
675  0  -0.485188  0.746304  16072.3  2.01621  0.0504929  1
676  0  0.542513  0.173956  15542.5  2.282  -0.153342  1
677  0  0.0313734  0.354114  15917.9  2.09234  0.156938  1
678  0  0.116517  0.0799331  15257.1  2.14056  0.503155  1
679  0  0.858776  -0.329359  16180.1  1.99743  0.0182982  1
680  0  0.725796  -0.0343209  16198  1.53194  0.0852313  1
681  0  0.771532  -0.03154  16214.9  1.46516  0.0636755  1
682  0  0.924423  -0.0232839  16335.5  1.30606  0.0646605  1
683  0  -0.427265  0.118915  16211.1  1.95744  0.0615935  1
684  0  0.182521  0.0914075  15119.7  2.20528  0.336182  1
685  0  -0.0894619  -0.271517  16210.4  1.96706  -0.0561056  1
686  0  0.878596  0.267086  15960  2.06352  -0.153448  1
687  0  0.27146  0.102956  14976.4  2.25602  0.151666  1
688  0  0.927981  0.033715  16064  1.26361  -0.161833  1
689  0  0.167922  0.27858  15698.2  2.19705  0.174629  1
690  0  0.642971  -0.287216  16124.4  2.02105  0.0329101  1
691  0  0.68796  -0.0346545  16148.1  1.48558  0.0724589  1
692  0  0.971455  0.0265014  16112  1.18759  -0.161928  1
693  0  -0.596208  -0.39629  16184.4  1.98056  0.00913325  1
694  0  0.157181  -0.0534375  15684.6  2.08281  -0.126916  1
695  0  0.289621  -0.0535675  15778.7  1.90618  -0.00517158  1
696  0  0.165302  -0.112861  15869.1  2.13361  -0.106534  1
697  0  0.509143  -0.0455471  16006.4  1.63671  0.0738991  1
698  0  0.819493  0.0503929  15927.9  1.38046  -0.170078  1
699  0  -0.581296  -1.21679  16156.4  1.99873  0.00497024  1
700  0  1.16686  -0.913256  16149.4  2.01036  -0.00420546  1
701  0  1.63955  1.63955  16105.7  1.98448  -0.0106427  1
702  0  -0.0988716  1.70362  16036.4  2.02  0.0214132  1
703  0  0.471192  0.0969372  15275.6  1.9401  -0.144603  1
704  0  0.0071658  0.0382389  16582.3  1.45068  0.651665  1
705  0  0.944219  -0.0281644  16350.7  1.47111  0.0466256  1
706  0  0.515091  0.0921372  15360.9  1.83384  -0.159176  1
707  0  0.602344  0.081036  15564.3  1.65438  -0.193205  1
708  0  -1.40531  -0.0904163  16142.2  1.99679  0.0165091  1
709  0  0.9984  -0.0225835  16361.7  1.33411  -0.00692582  1
710  0  0.798994  0.302619  15896.6  2.09942  -0.139021  1
711  0  0.377124  -0.317395  16051.6  2.05488  -0.0010012  1
712  0  0.645836  0.0750203  15627.9  1.56643  -0.179679  1
713  0  0.884328  0.0393502  15984.1  1.25297  -0.175542  1
714  0  1.71502  0.558454  16111.5  1.97863  -0.0622694  1
715  0  0.874602  -0.708021  16151.5  2.0079  0.00125817  1
716  0  -0.348841  0.944376  16046.9  2.02449  0.0433128  1
717  0  0.776863  0.0561823  15842.5  1.38939  -0.196516  1
718  0  1.02373  0.0301135  16271.5  1.39178  -0.215035  1
719  0  -1.25234  0.782464  16101.4  2.00178  0.023472  1
720  0  0.260358  0.159368  15263.9  2.39958  0.153493  1
721  0  1.03345  -0.0858284  16317.8  1.99868  -0.0129789  1
722  0  0.4729  -0.0953976  15987.5  2.19148  0.0652688  1
723  0  -0.70936  1.14384  16067.6  2.01221  0.0305048  1
724  0  0.949424  0.0281352  16076.1  1.08661  -0.148191  1
725  0  -0.982944  -1.72214  16154  2.00018  0.00773809  1
726  0  -1.42316  -1.66331  16154  1.99987  0.0082463  1
727  0  -1.74504  -0.190688  16140.9  1.99916  0.0115852  1
728  0  0.482551  -0.16049  16027.7  2.04629  0.0498193  1
729  0  0.955596  -0.0625287  16325.5  1.96984  0.0312599  1
730  0  0.235789  -0.701328  16131.4  2.01334  -0.00983924  1
731  0  1.2209  -0.200214  16219.7  1.9927  -0.0306216  1
732  0  0.0321478  -0.213035  16133.8  2.00036  -0.102351  1
733  0  0.744466  0.938746  15986.9  2.05166  -0.0232793  1
734  0  -0.104781  -0.130128  16340.9  1.89119  -0.0761445  1
735  0  1.05721  0.206434  16086.9  2.0071  -0.138344  1
736  0  -1.68094  0.462202  16117.4  1.99948  0.0146747  1
737  0  -0.313573  0.185402  16203.3  1.95791  0.0889143  1
738  0  -0.0308073  -0.796914  16149.7  2.00278  -0.00837447  1
739  0  0.987541  0.405618  16008.1  2.04379  -0.108421  1
740  0  -1.08919  0.598046  16110.6  2.00021  0.0289966  1
741  0  -1.35591  0.243036  16130.3  1.99761  0.0205727  1
742  0  0.029548  0.155883  15940.6  2.05234  0.358728  1
743  0  -0.116753  0.0385633  16516.2  1.78134  0.11957  1
744  0  -0.0978858  -1.10438  16151.5  2.00237  -0.000797965  1
745  0  -0.415395  -1.50746  16153  2.00132  0.00526066  1
746  0  0.814337  -0.226186  16190.3  1.9766  0.0361725  1
747  0  0.0414579  -0.298076  16131.3  2.00961  -0.0670322  1
748  0  0.377546  -0.0498563  15869  1.74986  0.0423724  1
749  0  0.00779938  0.0890278  16170.2  1.8987  0.493738  1
750  0  -0.00265548  0.126001  16135.5  1.9559  0.375611  1
751  0  -1.65994  1.65994  16077.1  2.00062  0.011351  1
752  0  1.67538  1.15901  16101.5  1.98525  -0.0323981  1
753  0  -0.903175  -1.36502  16155.4  1.99914  0.00710695  1
754  0  0.244894  -0.0531704  15769.8  1.95858  -0.0378014  1
755  0  0.440467  0.580598  15854.6  2.12082  -0.00169778  1
756  0  0.294233  0.152177  15186  2.4648  0.1054  1
757  0  0.0086791  0.572009  15959.7  2.07215  0.0832814  1
758  0  -1.67733  -1.04977  16152.6  1.9995  0.0089287  1
759  0  0.148573  0.728159  15945.6  2.07672  0.0463524  1
760  0  0.575514  -0.0691316  16068.7  2.16292  0.0882756  1
761  0  -0.268519  -0.115096  16288.9  1.91973  0.00670859  1
762  0  0.27631  0.353135  15675.3  2.20934  0.0712488  1
763  0  1.01398  -0.286461  16207  1.98084  0.00396569  1
764  0  0.749099  0.198709  15821.1  2.12411  -0.18481  1
765  0  0.161246  0.0898767  15130.8  2.25253  0.385484  1
766  0  0.435735  -0.113941  15970.3  2.14421  0.0516462  1
767  0  -0.217592  -0.218948  16257.3  1.93889  -0.0211708  1
768  0  0.523198  -0.0974703  16037  2.17336  0.0766278  1
769  0  1.28903  0.149452  16145.4  1.95711  -0.108587  1
770  0  0.448373  -1.70441  16145  2.00801  0.00384088  1
771  0  0.48441  -0.245892  16056  2.05039  0.0279316  1
772  0  0.300897  0.237366  15462.9  2.29777  0.0792856  1
773  0  1.73626  -0.252145  16154  2.00028  -0.0356809  1
774  0  0.171974  -0.853885  16141.3  2.00818  -0.00700399  1
775  0  -0.611931  0.00711576  16186.7  1.97303  0.035377  1
776  0  0.973314  -0.143179  16266.4  1.97422  0.0122897  1
777  0  0.141616  -0.48695  16118.5  2.02121  -0.0259888  1
778  0  1.049  -0.212317  16225.3  1.96365  -0.00819707  1
779  0  0.398254  -0.0515105  15884.2  1.80823  0.049696  1
780  0  0.482241  -0.712071  16131.2  2.01513  -0.00127667  1
781  0  0.488554  -0.0476418  15996.4  1.72503  0.0787586  1
782  0  1.47561  -0.652771  16153.1  2.00822  -0.0134412  1
783  0  0.080543  1.00755  15998.6  2.04674  0.032354  1
784  0  0.633746  0.126086  15644.2  2.29807  -0.22329  1
785  0  0.531931  -0.487838  16117  2.02491  0.00547534  1
786  0  0.333726  -0.203278  15984.1  2.07952  -0.00215989  1
787  0  0.233894  -0.103263  15857.5  2.20353  -0.0489774  1
788  0  0.597029  -0.0372783  16075.4  1.46695  0.0739805  1
789  0  0.617765  -0.0382323  16105.4  1.52761  0.0730572  1
790  0  0.794716  0.119493  15873.7  2.17425  -0.234079  1
791  0  0.382584  0.101856  15095.8  2.07126  -0.0524195  1
792  0  0.221271  -0.0825075  15819.9  2.28137  -0.0689054  1
793  0  0.832227  1.66608  16053.5  2.01081  0.000744478  1
794  0  0.594153  -0.0868151  16084.8  2.17921  0.0836949  1
795  0  0.37636  -0.133749  15946.1  2.09696  0.0263445  1
796  0  0.149578  -0.255903  16049.2  2.04831  -0.0658129  1
797  0  0.863524  0.102144  15962.7  2.12785  -0.238838  1
798  0  -1.20625  1.31042  16077.8  2.00453  0.0194214  1
799  0  0.964145  -0.945843  16147.5  2.01011  -0.00162499  1
800  0  0.561322  0.431648  15797.5  2.15101  -0.0543288  1
801  0  0.81616  0.0740475  15904.3  1.98494  -0.244839  1
802  0  0.687447  0.213779  15763.8  2.1491  -0.168185  1
803  0  0.467272  -0.0461149  15935  1.66547  0.0739706  1
804  0  1.68781  -0.784471  16139.7  2.01541  -0.012018  1
805  0  -0.000837261  -0.0228438  16688  1.64756  -0.571414  1
806  0  0.952934  0.303782  16002.6  2.04625  -0.133092  1
807  0  0.534975  -0.0726892  16048.1  2.1799  0.087182  1
808  0  0.201763  0.125549  15209  2.45483  0.295677  1
809  0  0.97939  0.104667  16136.2  2.04382  -0.205555  1
810  0  0.782225  -0.372494  16159.6  2.00676  0.0193283  1
811  0  0.397384  0.457695  15773.8  2.16354  0.0067178  1
812  0  -0.498521  -0.668914  16171.1  1.98979  0.00118279  1
813  0  0.141435  -1.17385  16146.5  2.00612  -0.00119717  1
814  0  -0.0465655  0.149913  16202.5  1.93553  0.28069  1
815  0  -0.848698  0.924381  16083.5  2.00781  0.0323251  1
816  0  0.136273  0.0870687  15243.6  2.21559  0.447499  1
817  0  0.988128  -0.0987131  16310.5  2.02296  0.0105856  1
818  0  0.396986  0.151309  15279.6  2.43756  -0.0499809  1
819  0  0.725198  -0.796198  16143.5  2.01064  0.00079736  1
820  0  0.655813  -0.945114  16142.3  2.01097  -0.00067722  1
821  0  0.81003  -1.09232  16144.3  2.01087  -0.00071462  1
822  0  0.916179  -0.0761208  16296.7  2.03195  0.0433159  1
823  0  0.419552  -0.047897  15927.5  1.70332  0.0504147  1
824  0  0.562207  -0.197323  16081.2  2.02514  0.048831  1
825  0  0.361914  0.103261  15072.5  2.16087  -0.0268871  1
826  0  0.408209  0.129851  15236.8  2.49041  -0.0753695  1
827  0  1.70791  -1.73175  16130.1  2.0189  0.00236061  1
828  0  -0.601899  1.73833  16049.2  2.01365  0.0196029  1
829  0  0.638437  -0.0347561  16132  1.42607  0.0670123  1
830  0  0.265106  -0.294486  16038  2.05932  -0.026385  1
831  0  0.180392  -0.0855703  15810.4  2.25009  -0.104619  1
832  0  0.878985  -0.0236103  16278  1.33777  0.0578251  1
833  0  1.75257  -0.985404  16134.1  2.02193  -0.00784485  1
834  0  1.06968  1.36174  16053.6  2.0128  -0.0158868  1
835  0  0.840913  0.044179  15942.3  1.22318  -0.181214  1
836  0  0.338315  0.102139  15031  2.18147  0.021012  1
837  0  0.907511  -0.216666  16219.3  1.96081  0.0226167  1
838  0  -0.9604  0.0314293  16153  1.98941  0.0263349  1
839  0  0.756553  -0.0787627  16194.1  2.09876  0.0711382  1
840  0  0.926077  0.628953  15990.3  2.05029  -0.0662771  1
841  0  0.356876  0.330982  15640.4  2.22763  0.0297962  1
842  0  0.245028  0.1321  15173.4  2.48692  0.211429  1
843  0  -0.0271057  -0.41524  16156.7  1.99899  -0.0369977  1
844  0  0.221507  -0.34699  16067.6  2.04533  -0.0338879  1
845  0  0.791669  -0.0767992  16217.3  2.08583  0.0681577  1
846  0  0.247512  1.73115  16035.7  2.01993  0.0174485  1
847  0  0.818523  -0.0304237  16227.6  1.49285  0.0555889  1
848  0  0.171482  -1.77226  16148  2.00548  0.00497384  1
849  0  0.229717  -0.476209  16104.8  2.02847  -0.0192429  1
850  0  0.181859  0.144736  15330.3  2.35335  0.293922  1
851  0  -0.811992  -0.469443  16169.9  1.98826  0.0115002  1
852  0  -0.334182  0.669285  16060.7  2.02302  0.0620198  1
853  0  -0.133446  -0.0233686  16492.2  1.8089  0.010996  1
854  0  0.354806  -0.0776888  15858.1  2.27024  0.0325772  1
855  0  0.314942  -0.0795091  15857.6  2.27609  -0.00232015  1
856  0  0.923111  0.0638599  16046.4  1.90566  -0.241222  1
857  0  0.903293  -0.0228437  16317.8  1.35535  0.0592973  1
858  0  1.50174  -0.404598  16177.1  2.02159  -0.0273259  1
859  0  0.865971  -0.100628  16251.4  2.05578  0.0507831  1
860  0  0.0728746  0.0669941  15577.1  2.0155  0.628035  1
861  0  0.707707  0.341433  15833.9  2.13314  -0.116177  1
862  0  0.61398  -0.185257  16102.3  2.01146  0.0531532  1
863  0  -0.0741296  0.117696  16325.5  1.87805  0.250402  1
864  0  -0.0481958  0.502823  15983.8  2.06222  0.100212  1
865  0  0.616143  0.358187  15777  2.16192  -0.0916075  1
866  0  0.39132  0.229889  15468.3  2.29657  -0.010838  1
867  0  0.410842  -0.220025  16019.1  2.06565  0.0175382  1
868  0  -1.09325  1.03037  16086.9  2.00504  0.0250897  1
869  0  0.177342  0.876845  15970  2.06241  0.0329988  1
870  0  0.106926  -0.125004  15955.4  2.07695  -0.149414  1
871  0  0.194225  -0.21901  15999.5  2.07211  -0.0602261  1
872  0  1.31288  0.754636  16067  2.00776  -0.057164  1
873  0  0.449465  0.12879  15311.8  2.462  -0.121895  1
874  0  0.468428  0.148823  15389.1  2.41137  -0.126187  1
875  0  1.19111  -0.376204  16192.8  1.99163  -0.00764466  1
876  0  0.928027  -1.48786  16141.9  2.0136  0.00143718  1
877  0  0.267708  -0.087194  15830  2.26971  -0.0317729  1
878  0  0.527486  0.139314  15481.9  2.38733  -0.175649  1
879  0  0.541463  0.117275  15485.9  2.36657  -0.20228  1
880  0  0.0837888  0.10265  15584.4  2.20801  0.517689  1
881  0  0.180073  0.386588  15784.3  2.16106  0.108742  1
882  0  -0.379059  0.0327997  16246.8  1.94105  0.0505162  1
883  0  -0.135107  0.900873  16018.9  2.03873  0.045677  1
884  0  -0.69342  0.132014  16163.5  1.98192  0.0393697  1
885  0  0.529164  1.35919  16021.7  2.03034  0.00480809  1
886  0  0.640404  -0.0782532  16121.9  2.16705  0.0873548  1
887  0  0.12085  -0.168203  15998.8  2.06714  -0.11374  1
888  0  0.726954  -0.56092  16143.7  2.01231  0.00733989  1
889  0  -0.0413443  0.0686574  16558.4  1.73739  0.349644  1
890  0  -0.377064  1.67533  16042.8  2.0174  0.0220165  1
891  0  0.858223  -0.0202762  16268.2  1.19673  0.0547874  1
892  0  -0.0210083  -0.0156109  16995.5  1.48719  -0.251803  1
893  0  0.571977  0.976701  15979.8  2.05449  -0.00602828  1
894  0  0.421458  -0.0921886  15946.7  2.23314  0.057523  1
895  0  1.10033  -0.502865  16173.6  2.00113  -0.00454121  1
896  0  0.481713  0.378894  15726.2  2.18731  -0.0360561  1
897  0  0.325031  -0.2671  16021.7  2.06681  -0.010764  1
898  0  0.307914  0.462695  15786.6  2.15651  0.0416562  1
899  0  0.346284  0.201171  15385.2  2.33097  0.0265168  1
900  0  0.0423002  -0.0705556  16016  2.08277  -0.316835  1
901  0  0.0677448  0.230287  15824.1  2.12924  0.247822  1
902  0  0.338822  0.144292  15204.6  2.49371  0.0271833  1
903  0  0.581202  0.113863  15552  2.33318  -0.215898  1
904  0  -0.166564  -0.558956  16167.1  1.99307  -0.0162201  1
905  0  1.14471  0.301568  16083.6  2.00353  -0.113905  1
906  0  -0.136729  0.39399  16049.8  2.03113  0.125776  1
907  0  0.712045  -0.218861  16150.2  1.9962  0.0457476  1
908  0  0.343044  -0.119469  15911.9  2.14502  0.0146826  1
909  0  0.227096  0.0965948  15028.8  2.22716  0.246264  1
910  0  0.684653  -0.0550162  16149.9  2.02936  0.0957223  1
911  0  -0.104803  -0.379259  16183.3  1.98275  -0.0357852  1
912  0  -1.41791  -1.28324  16154.2  1.99931  0.00859303  1
913  0  1.39283  1.73915  16088.6  1.99241  -0.00586759  1
914  0  0.339759  -0.373197  16072  2.04619  -0.00897782  1
915  0  1.29167  0.0320423  16184.1  1.76098  -0.0828227  1
916  0  -0.0212543  -0.0741767  16403.8  1.84519  -0.231625  1
917  0  -0.933806  -0.325955  16164.5  1.98924  0.0163693  1
918  0  0.132827  0.129567  15456.8  2.29696  0.380953  1
919  0  -0.223906  0.679686  16036.9  2.03405  0.0662796  1
920  0  0.775582  -0.141479  16196.4  2.00064  0.0558944  1
921  0  0.113141  -0.0465702  15687.1  2.07924  -0.200839  1
922  0  0.575942  0.16786  15607.1  2.25131  -0.169701  1
923  0  0.905057  0.102799  16024.1  2.10322  -0.236861  1
924  0  -0.543956  -1.77215  16152.6  2.00137  0.00701613  1
925  0  0.0695667  -0.0412659  15745.4  2.08058  -0.318169  1
926  0  1.61987  0.0144747  16151  1.92233  -0.0620349  1
927  0  -0.311382  0.445301  16094.5  2.00915  0.084013  1
928  0  0.0867094  0.301451  15825.6  2.13787  0.189864  1
929  0  0.674605  0.0973652  15713.5  2.19304  -0.242127  1
930  0  0.61659  -0.125109  16104.6  2.04888  0.0683701  1
931  0  1.46435  0.234476  16129.6  1.97475  -0.0887057  1
932  0  0.73452  0.138609  15800.9  2.20008  -0.219265  1
933  0  0.895845  0.467733  15969  2.06282  -0.094266  1
934  0  0.688338  0.0647066  15714.3  1.3365  -0.162481  1
935  0  -0.836694  -0.151338  16169.3  1.984  0.0220534  1
936  0  0.731739  0.0590876  15771.8  1.31913  -0.177792  1
937  0  0.465616  -0.127971  15999.3  2.09064  0.0533106  1
938  0  0.258927  -0.195225  15963.4  2.08838  -0.0338411  1
939  0  0.679933  0.540515  15891.8  2.1014  -0.0575457  1
940  0  0.150195  0.187411  15559.9  2.24308  0.270543  1
941  0  0.147882  0.226173  15645  2.21101  0.22616  1
942  0  0.60069  0.245557  15692.8  2.18999  -0.13075  1
943  0  0.396721  -0.387915  16079.4  2.04275  -0.00103423  1
944  0  0.494406  -0.207749  16046.1  2.04613  0.038776  1
945  0  0.397583  -0.0902591  15913.1  2.25818  0.0475028  1
946  0  0.201382  -0.0518496  15737.7  1.99231  -0.0744852  1
947  0  0.558279  0.0839298  15482.2  1.65312  -0.172444  1
948  0  1.48342  0.618586  16090.6  1.99249  -0.0640988  1
949  0  -1.76241  1.02367  16095.8  2.00074  0.0129139  1
950  0  1.12768  0.00330493  16257.7  1.47833  -0.0620593  1
951  0  0.426837  0.097479  15179.4  1.96098  -0.0990283  1
952  0  1.13226  0.613727  16040.7  2.02251  -0.0719084  1
953  0  -0.0184511  0.263262  15997.8  2.05479  0.213043  1
954  0  0.652594  -1.28262  16143.5  2.01073  0.000362339  1
955  0  -1.14671  1.69374  16066.5  2.00565  0.0152438  1
956  0  -0.0102136  -0.181609  16200.9  1.96371  -0.117049  1
957  0  -0.0524593  -0.214234  16232.7  1.95534  -0.0828045  1
958  0  -0.251054  0.148522  16244.6  1.93541  0.105563  1
959  0  -0.2173  0.297624  16131.1  1.99204  0.123315  1
960  0  -0.747642  1.36981  16061.5  2.0124  0.0260658  1
961  0  0.438851  1.12139  15995.7  2.04637  0.00701806  1
962  0  0.552886  -0.0404136  16052  1.535  0.0721848  1
963  0  0.877795  -0.831636  16148.3  2.00903  -0.000455163  1
964  0  -0.121589  1.26053  16029.9  2.02848  0.0288596  1
965  0  0.212493  0.261512  15590.3  2.24553  0.146385  1
966  0  0.259595  -0.152207  15921.9  2.09457  -0.0332988  1
967  0  0.291179  -0.14012  15903.9  2.10207  -0.0145862  1
968  0  -1.7671  -0.493408  16146.8  1.99954  0.0101837  1
969  0  0.41025  -0.137386  15965.7  2.08127  0.0380111  1
970  0  -1.75371  -1.75371  16153.8  1.99994  0.00826934  1
971  0  0.977706  0.0511134  16152.5  1.80004  -0.244467  1
972  0  0.497434  0.132506  15400.3  2.42667  -0.162022  1
973  0  0.510748  0.307494  15667.4  2.21305  -0.0685375  1
974  0  0.710233  -0.405992  16142.4  2.01432  0.017818  1
975  0  0.345394  0.633725  15886.5  2.10672  0.020163  1
976  0  0.513646  0.195318  15535.4  2.25909  -0.122618  1
977  0  -0.216424  -0.784575  16160.1  1.99686  -0.00525395  1
978  0  0.671828  -0.154754  16133.7  2.00726  0.0620098  1
979  0  0.0346127  0.0821351  15974.6  1.98596  0.578922  1
980  0  -0.0388613  -0.0456458  16597.7  1.73818  -0.200549  1
981  0  0.253092  -0.983216  16142.4  2.00862  -0.00370709  1
982  0  0.927943  -0.276917  16202.8  1.9814  0.0147954  1
983  0  0.90155  -0.161685  16238.2  1.96223  0.0303972  1
984  0  -0.721672  0.447002  16122  1.9974  0.0444978  1
985  0  0.35708  1.51403  16028  2.02558  0.0134898  1
986  0  1.40142  -1.37258  16137.6  2.01743  -0.00111033  1
987  0  1.78347  1.40628  16108.8  1.98099  -0.0208116  1
988  0  -0.827536  -0.886675  16160.7  1.99522  0.00708341  1
989  0  -1.20188  -0.136003  16149  1.994  0.0187457  1
990  0  0.114684  -0.213978  16043.6  2.04554  -0.0916  1
991  0  1.03397  -0.00733864  16363.5  1.18183  -0.0614175  1
992  0  0.969438  0.0757101  16124.8  2.00155  -0.243772  1
993  0  0.705625  -0.0287215  16184.2  1.28887  0.0735348  1
994  0  -0.15003  -1.44633  16150.6  2.00323  0.00338282  1
995  0  -0.904561  0.678188  16101.2  2.00313  0.0342492  1
996  0  0.259313  0.300754  15615.4  2.23582  0.102076  1
997  0  0.49678  -0.0924396  16008.2  2.20461  0.0727752  1
998  0  0.618041  -0.0749154  16096.7  2.1834  0.0878201  1
999  0  0.840663  -0.0256967  16265.5  1.36111  0.0515924  1
1000  0  -0.586636  0.574572  16100  2.00568  0.051398  1
1001  0  0.130545  -0.0776558  15817.4  2.25142  -0.18292  1
1002  0  0.447248  -0.82694  16135.1  2.01283  -0.00294696  1
1003  0  -0.339102  -0.446734  16191.3  1.97912  -0.00708291  1
1004  0  0.933514  -0.137799  16259  1.97968  0.0252338  1
1005  0  -0.395396  0.34146  16133.8  1.99158  0.0771387  1
1006  0  0.993579  0.0191204  16154.7  0.985704  -0.175194  1
1007  0  1.59625  -1.1826  16136.4  2.01847  -0.00392162  1
1008  0  -0.177863  0.0668876  16369.6  1.8699  0.103833  1
1009  0  -1.40008  1.77689  16071.6  2.00285  0.0123833  1
1010  0  -1.10282  0.195728  16138  1.99459  0.0263323  1
1011  0  0.544888  0.683907  15911  2.09226  -0.0168161  1
1012  0  0.752281  -0.117726  16188.7  2.0488  0.0639528  1
1013  0  0.111875  -0.422319  16114.8  2.02169  -0.036007  1
1014  0  0.575459  -0.274107  16097.7  2.03297  0.0325641  1
1015  0  0.157276  0.128477  15354  2.35443  0.356525  1
1016  0  0.290219  -1.2671  16145.5  2.00749  -0.000183097  1
1017  0  0.596762  0.13544  15595.8  2.33972  -0.204885  1
1018  0  0.243983  1.17408  16005.2  2.04126  0.019342  1
