0  2  1  0.001  12724.8  0  0  1
1  1  2  2  12628.5  1.99225  -0.217063  1
2  1  2  -2  12627.1  1.97913  -0.201983  1
3  3  -2  -2  12592.8  1.98866  -0.215513  1
4  3  -2  2  12662.8  1.9884  -0.21509  1
10  1  2  1.6  12629.5  2.00059  -0.221135  1
11  1  2  1.2  12629.5  2.00438  -0.225034  1
12  1  2  0.8  12629.5  2.00622  -0.228018  1
13  1  2  0.4  12629.5  2.0087  -0.229185  1
14  1  2  5.50449e-12  12629.5  1.98745  -0.216702  1
15  1  2  -0.4  12629.5  1.96842  -0.196423  1
16  1  2  -0.8  12629.5  1.96925  -0.189224  1
17  1  2  -1.2  12629.5  1.97047  -0.192748  1
18  1  2  -1.6  12629.5  1.97527  -0.198346  1
19  0  1.6  -2  12616.6  1.98295  -0.203783  1
20  0  1.2  -2  12608.8  1.98619  -0.205345  1
21  0  0.8  -2  12598.7  1.98948  -0.21207  1
22  0  0.4  -2  12582.8  1.994  -0.220681  1
23  0  5.50449e-12  -2  12574.3  1.99714  -0.224133  1
24  0  -0.4  -2  12572.3  1.99769  -0.223607  1
25  0  -0.8  -2  12576.4  1.99559  -0.221004  1
26  0  -1.2  -2  12583.6  1.99237  -0.218401  1
27  0  -1.6  -2  12589.6  1.98991  -0.216477  1
28  3  -2  -1.6  12597.7  1.9884  -0.21509  1
29  3  -2  -1.2  12605.7  1.9884  -0.21509  1
30  3  -2  -0.8  12616.9  1.9884  -0.21509  1
31  3  -2  -0.4  12630.4  1.9884  -0.21509  1
32  3  -2  -5.50449e-12  12644.9  1.9884  -0.21509  1
33  3  -2  0.4  12655.7  1.9884  -0.21509  1
34  3  -2  0.8  12660.7  1.9884  -0.21509  1
35  3  -2  1.2  12663.1  1.9884  -0.21509  1
36  3  -2  1.6  12663  1.9884  -0.21509  1
37  0  -1.6  2  12662  1.9884  -0.21509  1
38  0  -1.2  2  12659.9  1.9884  -0.21509  1
39  0  -0.8  2  12655.8  1.9884  -0.21509  1
40  0  -0.4  2  12647.7  1.9884  -0.21509  1
41  0  -5.50449e-12  2  12637  1.9884  -0.21509  1
42  0  0.4  2  12628.4  1.9884  -0.21509  1
43  0  0.8  2  12622.5  1.9884  -0.21509  1
44  0  1.2  2  12622  1.9884  -0.21509  1
45  0  1.6  2  12625.9  1.9884  -0.21509  1
46  2  0.978975  0.00712011  12692.5  -2.70522e-16  6.38097e-17  1
47  2  0.957894  0.0130428  12658.5  0  0  1
48  2  0.936749  0.0187349  12628  0  0  1
49  2  0.915531  0.0241452  12586.6  3.3532e-16  -7.13692e-17  1
50  2  0.894278  0.0294183  12549.3  -7.5092e-17  1.6023e-17  1
51  2  0.873027  0.0347002  12502.1  3.13346e-16  -6.67394e-17  1
52  2  0.851768  0.039952  12456.7  -1.01662e-16  1.93033e-17  1
53  2  0.830492  0.0451292  12419.4  -3.30292e-16  7.01774e-17  1
54  2  0.809185  0.0501822  12377.7  0  0  1
55  2  0.787837  0.0550537  12344.4  -3.88358e-16  7.69804e-17  1
56  2  0.766458  0.0597937  12287.2  1.8947e-16  -3.59185e-17  1
57  2  0.745051  0.0644026  12270.5  -5.49078e-16  1.02614e-16  1
58  2  0.723614  0.0688683  12240.6  2.09403e-16  -3.82095e-17  1
59  2  0.702145  0.0731787  12201.8  -4.00366e-16  7.19778e-17  1
60  2  0.680646  0.0773402  12154.9  -1.88898e-16  3.47829e-17  1
61  2  0.659122  0.0813627  12132.9  0  0  1
62  2  0.637568  0.0852254  12094.4  0  0  1
63  2  0.615982  0.088907  12057.9  -4.93038e-32  0  1
64  2  0.594363  0.0923883  12043  1.65586e-16  -2.3841e-17  1
65  2  0.572717  0.0956962  12020.8  2.31614e-16  -2.92349e-17  1
66  2  0.551044  0.0988233  11997  6.94841e-16  -8.77048e-17  1
67  2  0.529342  0.101742  11966.1  -7.96964e-17  7.96927e-18  1
68  2  0.507609  0.104423  11961.3  -1.59393e-16  1.59385e-17  1
69  2  0.485847  0.106854  11951.1  -1.65136e-16  1.28386e-17  1
70  2  0.464061  0.109063  11970.3  -1.65136e-16  1.28386e-17  1
71  2  0.442253  0.111034  11962.8  6.1729e-16  -4.93698e-17  1
72  2  0.420422  0.112748  11937.5  -3.97674e-16  2.8533e-17  1
73  2  0.398572  0.114185  11899.8  1.57101e-16  -7.7643e-18  1
74  2  0.376707  0.115373  11899.1  9.01428e-17  -4.0758e-18  1
75  2  0.35483  0.116312  11951.1  -4.86505e-16  1.45958e-17  1
76  2  0.332942  0.116961  11954.2  -1.62278e-16  3.2067e-18  1
77  2  0.311047  0.117278  11952.5  4.74147e-16  -5.31736e-18  1
78  2  0.28915  0.117215  11951.6  -4.79925e-16  -9.11148e-18  1
79  2  0.267258  0.116759  11971.3  1.53639e-16  5.77321e-18  1
80  2  0.245373  0.116009  12037.1  -4.89271e-16  -1.78586e-17  1
81  2  0.223499  0.115003  11977.2  -1.45138e-16  -3.88698e-18  1
82  2  0.201639  0.113712  11878.6  -1.16453e-16  -3.32235e-18  1
83  2  0.179831  0.111769  12011.5  2.43878e-16  2.42875e-17  1
84  2  0.158202  0.108376  12175.1  4.62573e-16  7.64845e-17  1
85  2  0.13668  0.104343  12379.2  -4.62573e-16  -7.64845e-17  1
86  2  0.115292  0.0996476  12545.7  0  0  1
87  2  0.0940139  0.0944792  12677  0  0  1
88  2  0.0731459  0.0878655  12944  3.68022e-16  1.03644e-16  1
89  2  0.0526731  0.0801163  13180  1.61529e-16  3.95563e-17  1
90  2  0.0332479  0.0700302  13785.7  -3.23059e-16  -7.91127e-17  1
91  2  0.014901  0.0581574  14237.1  4.54128e-17  2.89233e-17  1
92  2  0.00173816  0.0407273  13268.6  1.37714e-16  -6.15511e-17  1
93  2  0.00871548  0.022285  10374.9  0  0  1
94  2  0.0284533  0.0138207  9490.77  2.67198e-16  -8.51809e-17  1
95  2  0.0498785  0.00932021  10586.1  5.34396e-16  -1.70362e-16  1
96  2  0.0716178  0.00673208  10888.6  0  0  1
97  2  0.093424  0.00474388  11180.1  -5.01124e-16  8.74597e-17  1
98  2  0.115278  0.00336546  11288.9  -5.75619e-17  1.09245e-17  1
99  2  0.137143  0.00217932  11480  -1.47911e-31  6.16298e-33  1
100  2  0.159021  0.00124135  11575.8  -4.18907e-16  3.87495e-17  1
101  2  0.180908  0.000580805  11666.9  0  0  1
102  2  0.202803  0.000270567  11726.5  -4.28595e-16  3.70913e-17  1
103  2  0.2247  7.31663e-05  11800.5  0  0  1
104  2  0.246597  -6.12496e-05  11871.6  3.6163e-16  -1.63547e-17  1
105  2  0.268494  -0.000117932  11923.4  -1.70629e-16  4.86703e-18  1
106  2  0.290392  -6.84377e-05  11963.8  5.26421e-18  -2.04386e-18  1
107  2  0.312288  0.000133348  12013.5  0  0  1
108  2  0.334183  0.00047478  12061.9  -3.34878e-16  9.42841e-18  1
109  2  0.356076  0.000930362  12099.4  -3.00066e-16  8.36191e-18  1
110  2  0.377966  0.00147803  12151.1  6.0497e-16  -9.99512e-18  1
111  2  0.399855  0.00209573  12153.6  0  0  1
112  2  0.42174  0.00283514  12165.7  2.26018e-16  -5.15825e-18  1
113  2  0.44362  0.00370409  12220.7  2.62016e-16  1.87651e-18  1
114  2  0.465499  0.00461151  12277.2  0  0  1
115  2  0.48738  0.00546642  12271.7  1.17125e-16  8.25199e-18  1
116  2  0.509265  0.00619446  12293.2  -2.86392e-17  -2.69546e-18  1
117  2  0.531153  0.00686538  12316.2  1.70409e-16  -6.60108e-19  1
118  2  0.553041  0.00748137  12362  0  0  1
119  2  0.574932  0.00801724  12405.5  -1.28441e-16  -7.68237e-18  1
120  2  0.596826  0.00844781  12430.4  -2.46519e-32  3.85186e-34  1
121  2  0.618721  0.00877161  12452.8  2.20579e-16  4.39498e-19  1
122  2  0.640617  0.00900939  12491  1.23576e-16  1.74181e-18  1
123  2  0.662514  0.00914605  12529.9  -2.2801e-16  -1.34099e-19  1
124  2  0.684412  0.00916582  12513.6  0  0  1
125  2  0.706309  0.00905178  12532.7  -1.24516e-16  -1.9603e-18  1
126  2  0.728205  0.00878297  12573.3  -2.58342e-17  -2.62328e-18  1
127  2  0.750098  0.00838548  12564.3  -3.35166e-16  -1.91633e-18  1
128  2  0.771991  0.00789713  12572  1.19959e-16  -2.47201e-18  1
129  2  0.793881  0.0073557  12625.3  1.13249e-16  -8.4971e-19  1
130  2  0.815771  0.00676957  12646.9  0  0  1
131  2  0.837658  0.00610315  12635.6  1.93005e-16  -4.72851e-18  1
132  2  0.859544  0.0053856  12650.9  0  0  1
133  2  0.881429  0.00463869  12675  -1.9252e-16  2.1642e-18  1
134  2  0.903314  0.00388673  12682  0  0  1
135  2  0.925197  0.00309489  12704.1  -1.11785e-16  -9.67116e-19  1
136  2  0.947077  0.00221742  12719  -2.33924e-16  5.69257e-18  1
137  2  0.968954  0.00128046  12726.6  0  0  1
138  2  0.990831  0.00031925  12748.9  0  0  1
268  0  -0.90394  0.676696  12682.6  1.97761  -0.214721  1
269  0  -0.028455  1.01192  12644.1  2.00109  -0.189097  1
270  0  0.959906  1.00776  12592  2.02474  -0.222542  1
271  0  -0.362011  -0.957499  12560.9  2.0138  -0.239263  1
272  0  0.587524  -1.01466  12552.8  2.02024  -0.199054  1
273  0  -0.723395  -0.25023  12642.3  1.98387  -0.253656  1
274  0  1.0649  -0.629285  12604.7  1.99736  -0.159774  1
275  0  0.0936129  -0.598132  12466.4  2.06715  -0.243505  1
276  0  0.555568  -0.471507  12475.6  2.07059  -0.157924  1
277  0  0.484765  0.724549  12550.2  2.04938  -0.192627  1
278  0  0.935813  0.524548  12551.7  2.04185  -0.251247  1
279  0  0.0778464  0.53032  12648.7  2.00045  -0.124795  1
280  0  -0.377061  0.347343  12773.3  1.9299  -0.205399  1
281  0  -0.118971  -0.284007  12479.9  2.05463  -0.334732  1
282  0  0.63185  0.410178  12419.4  2.10564  -0.232482  1
283  0  0.3635  0.395627  12420.8  2.11535  -0.131472  1
284  0  1.0622  0.262451  12609.4  2.00324  -0.290967  1
285  0  0.826786  -0.317836  12575.9  2.02833  -0.111123  1
286  0  0.280157  -0.316123  12321.5  2.14836  -0.204532  1
287  0  0.50631  -0.234291  12385.8  2.12722  -0.10903  1
288  0  0.830211  0.280395  12463.8  2.0739  -0.305059  1
289  0  -0.254766  -0.0668575  12708.3  1.94253  -0.341961  1
290  0  1.0139  -0.207871  12680  2.00093  -0.107972  1
291  0  -0.0775126  0.306317  12870.3  1.88752  -0.107765  1
292  0  0.14276  0.314745  12605.8  2.02648  -0.013932  1
293  0  0.0933614  -0.208276  12183.7  2.20577  -0.322543  1
294  0  0.694349  -0.184978  12511.8  2.09305  -0.074536  1
295  0  0.489328  0.279113  12264  2.18316  -0.189368  1
296  0  0.869369  -0.146448  12636.9  2.04891  -0.0698591  1
297  0  0.632151  0.228288  12269.4  2.15879  -0.281486  1
298  0  -0.13261  0.160843  13052.5  1.77323  -0.195167  1
299  0  -0.0317129  -0.132577  12301.9  2.12826  -0.469482  1
300  0  0.376488  -0.138285  12224.7  2.23722  -0.117294  1
301  0  0.234808  -0.1369  12069.7  2.28625  -0.199938  1
302  0  -0.119043  -0.029948  12755.4  1.88704  -0.476565  1
303  0  0.941084  0.176331  12563.8  2.03716  -0.343277  1
304  0  0.0442929  0.223143  12893.1  1.87715  0.0567859  1
305  0  0.371266  0.243945  12244.3  2.19498  -0.103578  1
306  0  0.250249  0.234771  12330.6  2.15397  0.00623225  1
307  0  0.735959  0.185979  12340.5  2.14726  -0.332763  1
308  0  1.01224  -0.101607  12733.2  1.94436  -0.0773048  1
309  0  0.480457  -0.111205  12308.2  2.22843  -0.0688556  1
310  0  0.587988  -0.0989909  12424  2.16652  -0.0448319  1
311  0  1.0189  0.105088  12669.8  2.06119  -0.352554  1
312  0  1.50143  -0.0477473  12655.6  1.86391  -0.186308  1
313  0  0.154619  0.214188  12524.4  2.06191  0.101384  1
314  0  0.819184  0.143215  12418.1  2.17174  -0.384251  1
315  0  0.146306  -0.0979344  11892.1  2.39141  -0.299817  1
316  0  0.0496006  -0.0856097  11879.1  2.32725  -0.495233  1
317  0  0.787544  -0.0908012  12591  2.01346  -0.0419626  1
318  0  0.67113  -0.0783084  12513  2.03515  -0.0305828  1
319  0  -1.19952  -0.891387  12606.1  1.99225  -0.229742  1
320  0  0.465901  1.23147  12610.4  2.01718  -0.205965  1
321  0  0.090481  -1.13978  12547.9  2.0185  -0.225449  1
322  0  1.26769  -0.051809  12745  1.70981  -0.149434  1
323  0  0.551945  0.187674  12156.7  2.25222  -0.255404  1
324  0  1.28396  -0.365051  12651.5  1.98474  -0.15952  1
325  0  0.933742  -0.0737609  12698.8  1.85873  -0.0445118  1
326  0  1.30564  -1.35962  12606.3  1.98764  -0.194033  1
327  0  0.999211  -0.0504745  12747.7  1.58081  -0.0440565  1
328  0  1.46062  0.657685  12620.9  2.01133  -0.237193  1
329  0  -0.212705  0.554878  12727.5  1.95681  -0.17186  1
330  0  0.437509  0.193839  12127.1  2.26928  -0.158255  1
331  0  0.94438  0.101077  12601.9  2.10731  -0.390451  1
332  0  0.30033  -0.0897297  12076.1  2.36802  -0.129988  1
333  0  0.000232288  0.152145  13219.6  1.66171  0.040516  1
334  0  -0.053982  0.0956154  13433.8  1.52597  -0.216594  1
335  0  0.66055  0.160337  12225.2  2.27367  -0.336202  1
336  0  0.413393  -0.0743481  12201.6  2.24333  -0.0614757  1
337  0  -0.861501  0.230149  12685.1  1.97199  -0.230238  1
338  0  1.13356  -0.0155765  12776.8  1.42792  -0.154075  1
339  0  1.21401  0.155616  12696.6  2.00406  -0.262942  1
340  0  0.863222  -0.0601314  12651.8  1.77954  -0.0354597  1
341  0  -0.629619  1.34236  12661.8  1.99009  -0.207895  1
342  0  0.879214  0.103104  12505.2  2.13985  -0.409556  1
343  0  -0.0157066  -0.049034  12175.2  2.11176  -0.678916  1
344  0  0.322621  0.189886  12156.4  2.27736  -0.0401702  1
345  0  -0.265399  -0.616194  12544.9  2.02611  -0.262169  1
346  0  -1.29692  1.31625  12664.7  1.98776  -0.213829  1
347  0  0.0919506  0.167421  12771.2  1.90318  0.220936  1
348  0  -1.34986  -0.117238  12646.5  1.98566  -0.227829  1
349  0  0.52263  -0.0602641  12340  2.00936  -0.0189837  1
350  0  1.00536  0.0581314  12717.2  1.93932  -0.364087  1
351  0  0.213122  -0.0696408  11908.8  2.41693  -0.190431  1
352  0  0.212808  0.167775  12214.9  2.25077  0.11697  1
353  0  0.719235  0.63809  12525.9  2.05829  -0.22306  1
354  0  -0.540707  0.658485  12702.1  1.96872  -0.202199  1
355  0  1.07113  0.0250576  12782.7  1.53656  -0.268902  1
356  0  -0.582357  0.0439921  12703.6  1.95712  -0.254651  1
357  0  1.11589  -0.149937  12745.7  1.97882  -0.118436  1
358  0  0.383585  -0.740788  12499.1  2.05224  -0.203736  1
359  0  1.45597  -0.825789  12619.8  1.98022  -0.176689  1
360  0  -0.82249  -1.36469  12583.1  1.9973  -0.227051  1
361  0  -1.37851  0.501363  12665.2  1.98449  -0.2196  1
362  0  0.740116  -0.0480305  12569.6  1.68382  -0.0150125  1
363  0  -0.652969  -0.639407  12594.5  2.00203  -0.248738  1
364  0  0.502845  0.160392  12055.3  2.36934  -0.225217  1
365  0  0.589137  0.14152  12090  2.33566  -0.305887  1
366  0  0.750907  0.125077  12308.1  2.24389  -0.389978  1
367  0  -0.343521  0.127848  12806.1  1.90464  -0.261524  1
368  0  0.102826  -0.0487173  11542.5  2.49302  -0.372473  1
369  0  0.276522  0.602638  12561.2  2.04637  -0.154442  1
370  0  0.390514  0.167707  12064.3  2.36743  -0.119251  1
371  0  0.135415  -0.39848  12370.1  2.11685  -0.254405  1
372  0  0.346906  -0.0505821  12090.7  2.02414  -0.0617759  1
373  0  0.664362  0.916687  12576.1  2.03359  -0.210584  1
374  0  0.627677  -0.043293  12464.2  1.66926  -0.00854957  1
375  0  -0.302966  -1.47457  12568.5  2.00413  -0.226942  1
376  0  1.04504  -0.0359831  12785.4  1.30747  -0.0524422  1
377  0  0.161301  0.159259  12380  2.13766  0.235455  1
378  0  -0.430129  -0.287814  12616.1  1.99312  -0.284278  1
379  0  0.456649  -0.0462209  12257.7  1.90912  -0.0214888  1
380  0  0.276008  0.166451  12123.8  2.33876  0.030993  1
381  0  0.26445  0.901482  12605.3  2.02175  -0.186327  1
382  0  0.789612  -0.562708  12553.3  2.02735  -0.152656  1
383  0  0.718926  0.293553  12382.2  2.12096  -0.282517  1
384  0  0.773818  0.439241  12482.9  2.073  -0.253912  1
385  0  0.495956  0.419554  12407.2  2.11615  -0.187339  1
386  0  0.997649  -0.0242593  12761.3  1.05826  -0.0246799  1
387  0  1.41662  1.15376  12615.4  2.01284  -0.225673  1
388  0  -0.0687057  0.00412734  12847.5  1.78113  -0.634307  1
389  0  1.21746  0.517532  12611.9  2.01343  -0.247247  1
390  0  0.453446  -1.49536  12572.5  2.00455  -0.214142  1
391  0  0.1685  -0.0476113  11674.2  2.32275  -0.215268  1
392  0  0.272817  -0.51397  12431.7  2.08833  -0.214353  1
393  0  1.49214  0.297342  12658.3  2.00457  -0.234503  1
394  0  0.257421  -0.048111  11912.6  2.14486  -0.113804  1
395  0  0.804366  -0.0540339  12618.3  1.71648  -0.0236749  1
396  0  0.564555  -0.0361552  12389  1.54831  0.00734157  1
397  0  0.830668  0.0933206  12408  2.06366  -0.405725  1
398  0  0.697927  0.119167  12223  2.22223  -0.371029  1
399  0  0.632377  -0.331836  12486  2.07686  -0.119814  1
400  0  -0.303529  0.858403  12677.8  1.98417  -0.189804  1
401  0  0.0386875  1.49797  12635.6  2.00404  -0.205496  1
402  0  0.247252  0.349817  12474.3  2.0925  -0.0676815  1
403  0  0.785145  0.0990774  12345.8  2.10201  -0.395643  1
404  0  -1.42393  -1.38907  12596.1  1.9908  -0.221461  1
405  0  0.874832  1.44008  12611.6  2.01527  -0.216424  1
406  0  0.695129  -0.0352025  12528.1  1.45948  -0.00334754  1
407  0  -0.236681  0.269114  12859.4  1.88284  -0.192913  1
408  0  1.00511  -0.957613  12588.5  2.00194  -0.18109  1
409  0  0.941512  -0.150991  12672.6  2.03009  -0.0829731  1
410  0  1.0549  0.739801  12582.4  2.0295  -0.23553  1
411  0  -0.0371085  -0.83567  12524.8  2.03551  -0.238984  1
412  0  1.03603  -0.364672  12632.1  1.99208  -0.132358  1
413  0  0.383732  -0.267617  12321.5  2.15928  -0.155187  1
414  0  1.13159  -0.31368  12660.2  1.98088  -0.137315  1
415  0  0.959778  -0.0423801  12738.5  1.47955  -0.0324391  1
416  0  -1.04715  -0.503142  12623.6  1.9906  -0.23683  1
417  0  0.0268914  0.329964  12776.6  1.94103  -0.0548941  1
418  0  0.457081  0.153465  12035.7  2.38938  -0.182185  1
419  0  -0.030435  0.738963  12658.7  1.99594  -0.168467  1
420  0  0.545978  0.143305  12058.6  2.36675  -0.273225  1
421  0  -0.0427175  0.442708  12743.2  1.95396  -0.118565  1
422  0  0.951592  0.370828  12543.7  2.04037  -0.27993  1
423  0  0.596937  -0.196697  12444  2.10705  -0.0844127  1
424  0  -0.0631388  0.228365  12996.4  1.80766  -0.0892391  1
425  0  0.0546069  -0.038796  11396.3  2.53295  -0.610081  1
426  0  -0.0559345  -0.483063  12468.7  2.06344  -0.276339  1
427  0  0.635074  0.126156  12130.7  2.27023  -0.343583  1
428  0  0.158412  0.45769  12606  2.02402  -0.101877  1
429  0  0.390063  -0.039059  12159.3  1.77218  -0.0385566  1
430  0  0.766284  -1.37636  12580.5  2.00238  -0.203656  1
431  0  0.050084  0.126777  13144.4  1.71663  0.308801  1
432  0  0.788868  -0.189545  12577.5  2.05921  -0.0772222  1
433  0  0.197717  -0.241634  12219.7  2.20075  -0.245886  1
434  0  0.297033  -0.206633  12214.6  2.19958  -0.175796  1
435  0  -0.00508419  0.100854  13615.1  1.40998  0.0304381  1
436  0  0.59193  0.568233  12494.8  2.07388  -0.208573  1
437  0  0.91041  -0.0330214  12675.7  1.35815  -0.0282596  1
438  0  -0.750734  -1.03811  12585.2  1.9997  -0.233757  1
439  0  -0.630995  0.980005  12675.6  1.98335  -0.20469  1
440  0  0.301723  -0.0415441  12013.6  1.9684  -0.0745967  1
441  0  0.39843  -0.395652  12400.7  2.10882  -0.17528  1
442  0  0.607382  -0.693571  12526.9  2.03947  -0.178459  1
443  0  -0.644827  0.405685  12712.7  1.96015  -0.218  1
444  0  0.585664  0.328598  12345.3  2.14626  -0.231396  1
445  0  0.959133  0.0526723  12639.2  1.77148  -0.367349  1
446  0  0.91219  0.0645321  12564.4  1.87019  -0.382617  1
447  0  0.341891  0.157968  12046.8  2.38028  -0.0510641  1
448  0  0.114818  0.142174  12633.4  2.00119  0.32024  1
449  0  -0.304589  1.20605  12656.6  1.9937  -0.200393  1
450  0  1.26511  0.347074  12636.8  1.99401  -0.253614  1
451  0  0.302448  0.295472  12366.6  2.14699  -0.0667057  1
452  0  0.411016  0.326304  12334.6  2.15647  -0.14333  1
453  0  -1.28856  0.891705  12668.2  1.98544  -0.215518  1
454  0  0.495216  0.223736  12187.3  2.21408  -0.202591  1
455  0  0.723217  -0.111374  12537.5  2.09184  -0.04915  1
456  0  0.446746  -0.57842  12477  2.06587  -0.185407  1
457  0  1.04704  -0.0777778  12759.1  1.8087  -0.0786623  1
458  0  -0.0215126  0.0719399  13796.2  1.20938  -0.236173  1
459  0  0.386422  0.548329  12509.7  2.06917  -0.164226  1
460  0  -0.240065  0.0464389  12843.1  1.87683  -0.313286  1
461  0  0.502569  -0.0318245  12282.6  1.50363  -0.0100458  1
462  0  0.904859  -0.258519  12621  2.01119  -0.102486  1
463  0  0.124279  0.716413  12623.4  2.01438  -0.16267  1
464  0  0.849476  -0.0307011  12648.8  1.33926  -0.0225248  1
465  0  1.29207  -0.178093  12714.6  1.92421  -0.141992  1
466  0  -1.57391  -0.56104  12624.9  1.98948  -0.22377  1
467  0  -0.203974  0.425314  12778.4  1.93213  -0.164698  1
468  0  -1.01838  1.07691  12669.4  1.98545  -0.212172  1
469  0  0.193439  0.277884  12499.5  2.08352  0.00470404  1
470  0  0.556725  0.252698  12250.3  2.18058  -0.23518  1
471  0  -0.0282237  -0.255669  12378.1  2.10368  -0.351125  1
472  0  0.996643  0.0342565  12728.2  1.52308  -0.314312  1
473  0  0.859371  0.216535  12475.7  2.06255  -0.333392  1
474  0  0.482069  -0.356969  12418.9  2.10419  -0.150698  1
475  0  0.232839  0.150252  12169  2.3348  0.104493  1
476  0  0.0836569  -1.50785  12566.8  2.00574  -0.222877  1
477  0  1.03637  0.0245998  12760.4  1.36928  -0.270918  1
478  0  0.156281  -0.811798  12510.6  2.04452  -0.228706  1
479  0  -0.194772  -0.184676  12575.2  2.00539  -0.354352  1
480  0  0.334371  -1.04168  12542.2  2.02423  -0.21398  1
481  0  1.03034  0.193528  12620.5  1.99332  -0.309306  1
482  0  0.453782  -0.192805  12328.6  2.15721  -0.108364  1
483  0  -1.07283  -0.0671805  12655.1  1.98166  -0.234226  1
484  0  0.832202  -0.815075  12570.1  2.01495  -0.17602  1
485  0  0.540411  -0.152611  12395.3  2.16306  -0.0757768  1
486  0  0.741761  -0.277359  12540.6  2.04611  -0.0994705  1
487  0  0.754043  -0.437569  12544.1  2.03902  -0.135709  1
488  0  0.639303  -0.138308  12481.1  2.13869  -0.0584429  1
489  0  0.00341373  -0.0173602  11717.7  2.29912  -1.00307  1
490  0  0.705275  1.23307  12603.6  2.02003  -0.212711  1
491  0  -0.240088  -0.456498  12536.3  2.02999  -0.282468  1
492  0  0.17315  -0.177554  12114.2  2.24384  -0.257449  1
493  0  0.939265  0.274907  12540.3  2.03686  -0.303296  1
494  0  0.213368  -0.0368588  11836.5  2.13428  -0.140934  1
495  0  0.872998  0.72071  12559.9  2.04116  -0.230229  1
496  0  0.760861  -0.0254231  12582.5  1.3067  -0.0061749  1
497  0  -0.464323  -0.56765  12580.1  2.00934  -0.259314  1
498  0  1.11731  0.106541  12711.7  2.01856  -0.297432  1
499  0  0.0986987  0.260254  12708.5  1.9776  0.0382896  1
500  0  0.434781  0.263061  12251.3  2.19067  -0.155117  1
501  0  0.799534  0.20734  12418.5  2.09349  -0.333018  1
502  0  -0.14468  -1.10625  12552.8  2.01554  -0.23219  1
503  0  -0.105418  0.0493973  13102.2  1.70823  -0.404706  1
504  0  1.32326  1.60444  12619.6  2.00717  -0.219439  1
505  0  0.684202  0.214553  12300.3  2.14571  -0.307164  1
506  0  0.207925  1.22403  12624.6  2.01049  -0.200408  1
507  0  -0.993051  1.62054  12660.7  1.98975  -0.213106  1
508  0  -0.412828  0.533743  12726.7  1.95578  -0.195043  1
509  0  0.979152  -0.0160459  12751.4  0.867609  -0.020735  1
510  0  1.68453  -0.385428  12642  1.96171  -0.167723  1
511  0  0.123044  -0.0320032  11534.6  2.30996  -0.268524  1
512  0  0.0315157  -0.167992  12197.2  2.18942  -0.398439  1
513  0  0.363462  -0.103014  12177.3  2.31344  -0.112679  1
514  0  -0.469669  -0.11005  12676.3  1.96637  -0.279591  1
515  0  -0.111993  -0.690488  12517.6  2.04039  -0.252375  1
516  0  0.963578  -0.0741497  12716.7  1.83354  -0.0532085  1
517  0  -0.349603  1.63805  12649.8  1.99571  -0.209268  1
518  0  1.1328  0.422607  12603.2  2.01349  -0.260405  1
519  0  0.420912  0.149662  12027.8  2.39888  -0.156585  1
520  0  0.871191  0.0724652  12499.7  1.91393  -0.394077  1
521  0  0.312982  0.157662  12077.3  2.37489  -0.0176091  1
522  0  0.826634  -0.0819205  12622.4  1.96642  -0.0420534  1
523  0  0.0786127  -0.137377  12034  2.25494  -0.383173  1
524  0  1.26549  0.951619  12606.6  2.01741  -0.229407  1
525  0  0.0830576  0.133381  12863.2  1.87487  0.333243  1
526  0  0.608292  -0.0162221  12458.4  0.921089  0.0138465  1
527  0  0.651753  -0.0210061  12499.4  1.02687  0.00060393  1
528  0  0.425852  -0.0334049  12189.5  1.63568  -0.0240337  1
529  0  -1.05315  0.404612  12676.6  1.9779  -0.222556  1
530  0  -1.61087  -1.08617  12605.6  1.98873  -0.220867  1
531  0  0.451475  1.66336  12624.2  2.00767  -0.211973  1
532  0  0.188096  0.142354  12131.3  2.19666  0.218762  1
533  0  0.692736  0.520149  12488  2.07407  -0.229457  1
534  0  0.665631  0.118353  12198.9  2.24837  -0.361841  1
535  0  -0.0882741  0.607069  12694.5  1.97632  -0.157213  1
536  0  1.14102  1.32785  12611.9  2.015  -0.220905  1
537  0  1.04188  0.0636215  12723.9  1.95942  -0.342906  1
538  0  0.880896  -0.0357862  12670.6  1.41822  -0.020883  1
539  0  0.262039  0.429683  12511.4  2.07282  -0.107924  1
540  0  -0.0322444  0.0191798  12935  1.65357  -0.940103  1
541  0  0.303868  -0.152768  12161.8  2.23516  -0.157144  1
542  0  0.533015  -0.0299659  12343.4  1.4968  0.000765566  1
543  0  1.02288  -0.0172747  12784.6  0.911307  -0.0437594  1
544  0  -0.142835  0.236224  12944  1.83515  -0.160638  1
545  0  -0.520538  -1.25143  12573.3  2.00321  -0.230367  1
546  0  1.06209  -1.62193  12599.7  1.99121  -0.202216  1
547  0  -0.0680729  -0.0509966  12556.6  1.9624  -0.589123  1
548  0  -0.479419  0.16845  12750.1  1.93596  -0.242524  1
549  0  0.128243  0.180803  12583.2  2.01051  0.180437  1
550  0  0.89279  -0.111643  12667.3  2.02004  -0.063058  1
551  0  0.740339  0.0946843  12263.8  1.88613  -0.34416  1
552  0  0.0935729  0.378011  12667.5  1.9955  -0.0638658  1
553  0  0.0329577  -0.0124078  10931.1  2.40671  -0.767241  1
554  0  -0.0258973  -0.366052  12419.5  2.08726  -0.30184  1
555  0  0.623711  0.189004  12222.2  2.22057  -0.298556  1
556  0  0.833835  0.561262  12528.5  2.05455  -0.241677  1
557  0  0.126249  -0.288464  12284.2  2.16033  -0.274727  1
558  0  0.465882  0.883258  12580.1  2.03313  -0.196964  1
559  0  1.57611  -1.57611  12616.1  1.98215  -0.197586  1
560  0  0.980476  0.0834471  12648.4  2.0531  -0.384807  1
561  0  0.97298  0.133685  12611.4  2.06092  -0.357577  1
562  0  0.429249  -0.132701  12277.8  2.22356  -0.0949125  1
563  0  -0.0573933  0.15958  13198.8  1.69323  -0.102692  1
564  0  -1.62634  0.172405  12653.5  1.98711  -0.220518  1
565  0  0.872891  0.156307  12486.4  2.10143  -0.367138  1
566  0  0.916727  0.131484  12550.5  2.10431  -0.379199  1
567  0  -1.23469  0.177616  12661.4  1.98292  -0.22587  1
568  0  -0.431611  -0.747635  12567.6  2.01423  -0.249662  1
569  0  1.34508  0.0491439  12707.4  1.87968  -0.217838  1
570  0  0.0797649  -0.0226616  11272.2  2.25686  -0.393883  1
571  0  0.996901  -0.00809648  12770.7  0.696727  -0.00635725  1
572  0  0.522628  0.131952  11994  2.16579  -0.230322  1
573  0  0.565596  0.12301  12058.8  2.08619  -0.263325  1
574  0  0.861702  -0.476273  12577.1  2.02073  -0.139104  1
575  0  0.47762  0.134196  11997  2.18608  -0.189498  1
576  0  0.0305767  0.0993077  13468.8  1.45493  0.356292  1
577  0  1.26474  -0.597877  12627.6  1.98304  -0.162761  1
578  0  1.1131  0.193763  12652.4  1.98511  -0.290303  1
579  0  0.714517  -0.014263  12540.6  0.888842  -0.00597164  1
580  0  0.983401  -0.295484  12642.5  1.99538  -0.114883  1
581  0  1.58323  -1.18464  12617.5  1.97992  -0.18893  1
582  0  0.245723  0.185042  12227.5  2.2376  0.0486064  1
583  0  0.592766  -0.0622578  12415.6  1.96453  -0.018801  1
584  0  -1.62979  1.05874  12664.2  1.98772  -0.215267  1
585  0  0.80427  0.0778581  12364.6  1.74901  -0.346689  1
586  0  0.0354606  0.166569  13075.2  1.74794  0.137091  1
587  0  0.306194  0.240785  12273.3  2.17862  -0.0441674  1
588  0  -0.0508749  0.0475995  13407.3  1.44537  -0.54796  1
589  0  0.609173  0.115492  12073.6  2.02481  -0.28886  1
590  0  -0.260173  -0.318802  12559  2.01828  -0.306677  1
591  0  0.253161  -0.0841837  11988.5  2.38908  -0.165542  1
592  0  0.279707  -0.0263832  11946  1.5843  -0.0622478  1
593  0  0.323223  -0.0273337  12054.4  1.50816  -0.0424618  1
594  0  0.360271  0.186358  12110.6  2.30209  -0.0828963  1
595  0  0.398633  0.211898  12164.7  2.23576  -0.124817  1
596  0  0.36777  -0.0242948  12132.2  1.35138  -0.0376587  1
597  0  0.472782  0.184429  12110.4  2.29875  -0.192854  1
598  0  0.776233  0.161991  12367.8  2.17279  -0.365578  1
599  0  1.07547  0.57864  12584  2.02717  -0.247678  1
600  0  -0.617251  -1.68655  12575.9  1.9979  -0.224068  1
601  0  0.649019  0.304831  12352.6  2.13987  -0.259834  1
602  0  -0.912385  -0.766733  12602.7  1.99632  -0.237258  1
603  0  -0.227201  0.166923  12906.4  1.85222  -0.236419  1
604  0  0.93516  -0.0216964  12709.7  1.0535  -0.0256371  1
605  0  0.6308  -0.0887437  12470.1  2.08264  -0.0303016  1
606  0  -0.0481927  1.19614  12642.1  2.00156  -0.197622  1
607  0  0.217522  -0.672576  12479.8  2.06174  -0.223367  1
608  0  0.220928  -0.412985  12375.4  2.11705  -0.226069  1
609  0  0.142346  0.131108  12370.3  2.08324  0.344456  1
610  0  -1.59789  1.59925  12663  1.98844  -0.214679  1
611  0  0.596371  0.79316  12558.3  2.0441  -0.205671  1
612  0  0.487584  -1.22781  12561.9  2.01283  -0.208788  1
613  0  0.364942  0.139089  11980.2  2.19102  -0.0657335  1
614  0  0.932197  0.0451929  12603.2  1.43694  -0.306743  1
615  0  1.19421  0.0381498  12740.9  1.76569  -0.227442  1
616  0  0.184178  -0.119996  11983.6  2.3229  -0.245977  1
617  0  1.65315  0.890187  12624  2.00885  -0.230712  1
618  0  -1.14271  -1.2837  12592.7  1.99312  -0.225333  1
619  0  0.197545  0.229575  12438  2.11184  0.0532218  1
620  0  0.0933296  0.21364  12749.8  1.95035  0.118874  1
621  0  0.487454  -0.062664  12280  2.08401  -0.0362405  1
622  0  0.332947  0.765763  12579.5  2.03554  -0.180894  1
623  0  1.75096  0.205532  12640.9  2.00671  -0.227399  1
624  0  -0.799084  -0.0133793  12672.1  1.97339  -0.242784  1
625  0  0.804156  -0.0179498  12626.4  1.02005  -0.00765351  1
626  0  1.14752  -0.801562  12605.4  1.99374  -0.172166  1
627  0  0.74764  -1.64429  12588.5  1.99552  -0.209389  1
628  0  -1.10315  -1.63966  12585.7  1.99383  -0.222144  1
629  0  -0.156293  -0.103855  12624.4  1.97394  -0.408729  1
630  0  0.857518  0.373448  12495.3  2.06503  -0.277767  1
631  0  1.01707  -0.0371797  12772.3  1.37074  -0.0456968  1
632  0  0.973804  0.0291917  12681.1  1.19846  -0.249046  1
633  0  -0.22946  -0.800577  12543.4  2.026  -0.246763  1
634  0  0.715073  0.381496  12430.6  2.09786  -0.25292  1
635  0  1.61255  1.46079  12621.9  2.00902  -0.221991  1
636  0  0.698815  0.16252  12269  2.2345  -0.340976  1
637  0  0.454284  -0.0195569  12249.4  1.08514  0.00012168  1
638  0  0.521537  0.349264  12345  2.14769  -0.201289  1
639  0  0.540064  -0.104386  12380.9  2.18998  -0.0524308  1
640  0  -0.329647  0.687525  12701.4  1.97074  -0.188082  1
641  0  0.656776  -0.253602  12496.7  2.07232  -0.0955432  1
642  0  0.573404  -0.266305  12443.7  2.09842  -0.108815  1
643  0  0.255146  0.139992  12066.8  2.20348  0.080428  1
644  0  0.00210485  -0.0887152  12110  2.17958  -0.546325  1
645  0  -0.572367  -0.413099  12609.1  1.99664  -0.262458  1
646  0  -0.00627883  0.268644  12893.3  1.87525  -0.0396456  1
647  0  0.771452  -0.0564321  12592.6  1.77569  -0.0219108  1
648  0  0.819702  -0.136364  12602.1  2.06271  -0.0631284  1
649  0  -0.637398  1.63705  12656.2  1.99204  -0.21087  1
650  0  0.761938  0.259449  12404  2.10292  -0.306188  1
651  0  0.191597  -0.0233335  11715.9  1.75882  -0.130507  1
652  0  0.235287  -0.0236322  11868.6  1.62233  -0.0759697  1
653  0  1.12661  -0.461861  12630.7  1.98884  -0.147402  1
654  0  1.05518  -0.131642  12727.4  1.98799  -0.0984557  1
655  0  0.979438  -0.036205  12743.4  1.35152  -0.0314225  1
656  0  0.44722  -0.0850205  12255.5  2.23381  -0.0604428  1
657  0  0.285771  0.204034  12220.7  2.22404  -0.00680838  1
658  0  -1.60092  0.741387  12663.8  1.98677  -0.216681  1
659  0  0.584056  0.219281  12222.9  2.18877  -0.260581  1
660  0  0.174462  0.560795  12599.7  2.02579  -0.13816  1
661  0  -0.0314408  -0.0146905  12402.1  1.95603  -0.842498  1
662  0  0.214253  0.136451  12051.5  2.18768  0.149644  1
663  0  0.846886  0.0649926  12444.7  1.60213  -0.326613  1
664  0  0.147139  -0.0202883  11585.6  1.88659  -0.174512  1
665  0  0.8884  0.0534406  12533.6  1.46963  -0.312492  1
666  0  1.6761  0.528547  12637.5  2.00711  -0.23315  1
667  0  0.834656  0.885243  12576.4  2.03295  -0.220798  1
668  0  0.843328  -0.210724  12604.2  2.03654  -0.0856975  1
669  0  0.989853  -0.152202  12693.3  2.01763  -0.0909395  1
670  0  -0.00490919  0.198582  13049.8  1.78305  0.00604994  1
671  0  -0.719131  0.58072  12697.1  1.96971  -0.212482  1
672  0  0.391047  0.140223  11944.5  2.22698  -0.106646  1
673  0  1.25571  -1.04158  12605.7  1.98968  -0.183804  1
674  0  0.585502  -0.0129055  12397.6  0.860624  0.0075911  1
675  0  0.629896  -0.0120418  12457.8  0.837881  0.0161305  1
676  0  0.716989  0.0914938  12221.3  1.80309  -0.324159  1
677  0  0.676002  -0.0159476  12524.4  0.947776  -0.0149154  1
678  0  0.760147  0.0824989  12291.3  1.7066  -0.323525  1
679  0  1.25017  0.730656  12603.2  2.01936  -0.237085  1
680  0  0.243322  0.289212  12422.9  2.12084  -0.0271895  1
681  0  -0.327122  0.0187834  12766.1  1.91941  -0.298014  1
682  0  0.318688  1.44896  12623.9  2.01009  -0.207548  1
683  0  0.15727  -0.505559  12429.1  2.08718  -0.237891  1
684  0  0.707465  -0.0683148  12533.8  1.94608  -0.0248467  1
685  0  0.76758  0.3384  12441.9  2.09152  -0.277167  1
686  0  -1.64632  -0.227554  12638.7  1.98771  -0.221985  1
687  0  -0.342493  0.240695  12803.4  1.90892  -0.221667  1
688  0  0.542873  0.12021  12006.8  1.97876  -0.229472  1
689  0  0.165955  0.130573  12217.6  2.13628  0.313091  1
690  0  0.454763  0.127653  12006.9  2.02678  -0.162796  1
691  0  -0.310283  0.444004  12759.9  1.94016  -0.187281  1
692  0  0.105602  -0.0175197  11311.9  1.99419  -0.259845  1
693  0  0.058283  -0.0126803  10904.3  2.247  -0.48315  1
694  0  0.49931  0.127564  11987  2.07135  -0.204107  1
695  0  0.972112  -0.110572  12702  1.98871  -0.0743032  1
696  0  -0.507544  0.440203  12730.1  1.95335  -0.20902  1
697  0  0.586197  0.113621  12041.2  1.91415  -0.262881  1
698  0  0.900546  -0.0669978  12674.4  1.81789  -0.0419003  1
699  0  -0.67482  0.215917  12707.8  1.95952  -0.232831  1
700  0  0.354405  -0.220636  12264.2  2.18153  -0.154919  1
701  0  0.34554  -0.0190448  12059.8  1.21371  -0.0241355  1
702  0  -0.60919  -0.866517  12581.8  2.00508  -0.24072  1
703  0  0.233381  -1.28626  12557.6  2.013  -0.219621  1
704  0  0.277797  0.13654  12000  2.16139  0.0410344  1
705  0  0.200363  -0.32157  12308.9  2.15227  -0.235893  1
706  0  0.73885  -0.0151527  12575.5  0.95318  -0.0138147  1
707  0  0.138411  -0.0606463  11709.3  2.46165  -0.299016  1
708  0  1.71795  -0.659992  12628.3  1.97462  -0.179759  1
709  0  0.477199  -0.0143951  12278.7  0.892081  -0.0063543  1
710  0  0.779809  -0.0117262  12591.9  0.830214  0.00788627  1
711  0  0.844538  0.116283  12450.3  2.17988  -0.406705  1
712  0  0.827618  -0.0132993  12644.4  0.869217  -0.0212953  1
713  0  0.695044  0.0941072  12186.1  1.70144  -0.313296  1
714  0  1.06733  0.150027  12658.9  2.00396  -0.308974  1
715  0  0.781299  0.0761487  12342.3  1.57087  -0.315411  1
716  0  0.0211629  -0.0486538  11697.4  2.36557  -0.711021  1
717  0  0.169433  -0.0178822  11611.7  1.64629  -0.119565  1
718  0  1.01104  0.0181029  12769  1.06403  -0.226938  1
719  0  0.257501  -0.0196611  11886.3  1.39145  -0.0401688  1
720  0  0.824282  0.0663923  12387.6  1.51472  -0.310431  1
721  0  0.564451  -0.0112012  12378.4  0.746133  0.0381156  1
722  0  -0.818309  -0.485796  12617.6  1.99269  -0.246493  1
723  0  0.349053  1.04986  12606.9  2.01951  -0.197423  1
724  0  0.695262  -0.00981902  12522.1  0.744805  -0.0059129  1
725  0  0.182956  0.377779  12569.5  2.04755  -0.0664319  1
726  0  0.494057  -0.840653  12529.3  2.0365  -0.19762  1
727  0  1.70751  -0.104138  12655.5  1.94018  -0.188514  1
728  0  0.959531  -0.0180159  12731.4  0.958003  -0.0192661  1
729  0  0.357811  0.305718  12334.2  2.15876  -0.107748  1
730  0  0.377064  -0.0692925  12149.6  2.22949  -0.0771133  1
731  0  0.665808  -0.544003  12522.7  2.04419  -0.157322  1
732  0  1.47094  -0.24446  12663.1  1.93838  -0.156116  1
733  0  -0.937547  -0.262524  12641.2  1.98481  -0.241644  1
734  0  0.913257  0.0931682  12551.8  2.1141  -0.407359  1
735  0  0.804696  -1.00165  12570  2.01148  -0.189166  1
736  0  -0.689144  0.778296  12686.3  1.97731  -0.207335  1
737  0  0.0498691  0.276649  12802.6  1.92604  -0.00458206  1
738  0  -0.484788  0.832513  12685.3  1.97906  -0.198486  1
739  0  0.555971  -0.0714205  12390.3  2.05588  -0.025882  1
740  0  -0.173507  0.328362  12841.5  1.89944  -0.158321  1
741  0  0.0973172  0.878569  12631.7  2.00908  -0.179849  1
742  0  1.09413  -0.0548842  12789  1.5401  -0.0744357  1
743  0  0.0553106  0.104067  13164  1.65743  0.466771  1
744  0  1.48693  -0.511724  12642.2  1.98135  -0.169626  1
745  0  -0.0492533  -1.30505  12559.3  2.0104  -0.226778  1
746  0  -0.0925996  -0.178348  12453.1  2.05996  -0.403894  1
747  0  1.16903  -0.0891691  12766.1  1.76872  -0.118788  1
748  0  -0.336244  -0.174812  12640.5  1.97873  -0.311471  1
749  0  -0.41393  1.01169  12670.3  1.98681  -0.198611  1
750  0  0.0436187  -0.281287  12316.6  2.13846  -0.315647  1
751  0  0.0509047  -0.469073  12431.2  2.08384  -0.264241  1
752  0  0.667214  -0.0477027  12522.1  1.73272  -0.0103197  1
753  0  -0.118589  -1.73576  12571.2  2.00053  -0.224567  1
754  0  -1.33143  -0.408116  12631.7  1.98833  -0.229328  1
755  0  0.761256  -0.138279  12564.9  2.08425  -0.0598447  1
756  0  0.595157  0.467322  12445.3  2.09492  -0.213736  1
757  0  0.497385  0.515732  12470.5  2.08571  -0.187918  1
758  0  0.492089  -0.162552  12348.4  2.17024  -0.0880732  1
759  0  0.433812  0.388977  12390.3  2.12684  -0.159499  1
760  0  0.184553  1.72499  12631.9  2.0029  -0.210792  1
761  0  0.515872  0.192517  12134.5  2.26446  -0.227211  1
762  0  0.237042  -0.197534  12160.8  2.22077  -0.21135  1
763  0  0.328481  -0.118702  12153.7  2.28723  -0.131346  1
764  0  -0.185248  0.72155  12687.2  1.97998  -0.176152  1
765  0  0.682601  -0.120895  12511.3  2.11017  -0.0488472  1
766  0  0.892978  -0.641003  12576.9  2.01324  -0.159267  1
767  0  0.101147  -0.0972713  11839.1  2.39319  -0.380625  1
768  0  1.42351  0.866562  12614.4  2.01361  -0.231961  1
769  0  1.42229  0.469636  12630.3  2.00318  -0.240849  1
770  0  -0.0193322  0.0441117  13650.5  0.958763  -0.772905  1
771  0  0.249873  -1.7351  12575  1.99957  -0.220905  1
772  0  -0.02738  0.128303  13384.9  1.58131  -0.0234548  1
773  0  0.629922  0.104593  12074.2  1.78015  -0.271603  1
774  0  0.301518  -0.0193143  11986.5  1.26667  -0.032824  1
775  0  0.341506  0.221562  12200.2  2.2091  -0.0763001  1
776  0  -0.8285  0.420681  12693.7  1.96945  -0.221555  1
777  0  0.00796387  0.0765493  13977.3  1.08808  0.137298  1
778  0  -1.66793  -1.66793  12593.8  1.98946  -0.217718  1
779  0  0.98011  0.229046  12575.8  2.01399  -0.312185  1
780  0  0.434337  0.130768  11996.9  2.08676  -0.149287  1
781  0  0.389437  -0.0166238  12155.1  1.01022  -0.0154726  1
782  0  -0.0351808  0.372146  12791.3  1.93108  -0.0954899  1
783  0  0.0518724  -0.714721  12498.7  2.05141  -0.239761  1
784  0  0.373038  0.652888  12549.1  2.05134  -0.173374  1
785  0  0.984571  -1.21816  12589.9  1.99839  -0.192895  1
786  0  0.951984  -0.206568  12656.6  2.0127  -0.0976443  1
787  0  0.350197  -0.329267  12347.1  2.1381  -0.178877  1
788  0  1.00955  -0.00862337  12781.3  0.70036  -0.0304336  1
789  0  0.322261  0.13545  11997.5  2.13537  -0.0239472  1
790  0  0.913295  -0.0128275  12688.3  0.832436  -0.0129391  1
791  0  1.37544  -0.0945931  12687.8  1.81519  -0.14927  1
792  0  0.100566  0.115765  12681.3  1.92982  0.419843  1
793  0  -0.625816  -0.108567  12668.7  1.97144  -0.259824  1
794  0  1.53815  0.132405  12663.9  1.99368  -0.227962  1
795  0  0.59168  -0.146599  12432.9  2.15257  -0.0651545  1
796  0  -0.886286  1.34035  12664  1.98859  -0.211013  1
797  0  0.410051  -0.0163361  12158.1  1.0179  -0.0232307  1
798  0  0.952032  0.0327062  12627.7  1.14568  -0.246399  1
799  0  0.773919  1.05066  12590.5  2.02602  -0.215305  1
800  0  0.881031  0.456931  12525.3  2.05098  -0.260796  1
801  0  0.148963  0.255391  12573.3  2.04927  0.0452591  1
802  0  0.599633  1.44669  12615.3  2.014  -0.21192  1
803  0  0.602054  0.27048  12295.2  2.16342  -0.252434  1
804  0  -0.207599  1.02778  12658.8  1.99324  -0.193178  1
805  0  0.180536  -0.0776125  11846.5  2.44746  -0.242694  1
806  0  0.833086  -0.0542281  12631.5  1.71445  -0.0280118  1
807  0  -0.112239  0.387619  12796.4  1.92566  -0.133162  1
808  0  -1.73251  -1.37134  12600  1.98911  -0.21821  1
809  0  0.902435  -0.186099  12640.3  2.03122  -0.0857451  1
810  0  1.32862  0.211399  12676  2.00872  -0.242086  1
811  0  0.92776  -0.368117  12607.5  2.00751  -0.124033  1
812  0  0.622609  0.150063  12154.2  2.32543  -0.326074  1
813  0  0.90875  0.0437063  12562.7  1.25382  -0.278678  1
814  0  0.934586  -0.048071  12711.3  1.60915  -0.036692  1
815  0  0.177514  0.187942  12379.3  2.1248  0.134365  1
816  0  0.038612  0.623246  12655.2  1.99812  -0.148015  1
817  0  0.507458  -0.0905545  12336.4  2.19863  -0.0492238  1
818  0  -1.12808  0.666821  12673.5  1.98159  -0.217193  1
819  0  1.08861  -0.212036  12699.8  1.99049  -0.123476  1
820  0  0.343884  0.133808  11993.2  2.07974  -0.0448234  1
821  0  0.728153  0.770847  12554.9  2.04455  -0.21734  1
822  0  -0.365347  -1.13765  12564.6  2.00857  -0.233172  1
823  0  0.650058  0.10198  12138.8  1.80348  -0.287769  1
824  0  0.992092  0.0179342  12715.9  0.86673  -0.19799  1
825  0  0.983083  0.0515398  12677.6  1.81089  -0.361887  1
826  0  -1.29778  1.69511  12662.1  1.98888  -0.214268  1
827  0  0.321123  -0.268267  12287.1  2.17498  -0.179739  1
828  0  1.01826  0.0397424  12764.3  1.69202  -0.330815  1
829  0  -1.70772  0.455126  12659.7  1.98745  -0.217505  1
830  0  0.450052  -0.261283  12362.1  2.13985  -0.133845  1
831  0  0.519571  -0.0114145  12302.6  0.767455  -0.00297286  1
832  0  1.03293  1.71441  12617.9  2.0075  -0.217305  1
833  0  1.00188  0.30277  12573.3  2.02445  -0.29172  1
834  0  0.0773461  0.109163  12920.2  1.80771  0.449628  1
835  0  1.00815  0.450834  12566.2  2.03091  -0.26245  1
836  0  -0.00732895  0.00594055  11744.3  2.0347  -1.36284  1
837  0  0.781115  0.127677  12361.5  2.23125  -0.395588  1
838  0  0.892996  0.0773046  12523  2.01487  -0.4053  1
839  0  0.122184  0.119316  12565.1  1.98228  0.401597  1
840  0  1.02105  0.146131  12640.6  2.02215  -0.329253  1
841  0  0.281528  -0.122904  12093.7  2.30173  -0.159133  1
842  0  -0.28246  0.34917  12803.2  1.91697  -0.189252  1
843  0  0.30661  0.355263  12424.8  2.11514  -0.0967364  1
844  0  0.410588  0.130049  11961.5  2.03754  -0.119452  1
845  0  0.300048  0.134597  12016.2  2.13179  0.00816865  1
846  0  0.929691  -0.104494  12685  1.9928  -0.0670249  1
847  0  -0.840931  0.917283  12676.2  1.98232  -0.210159  1
848  0  1.13035  0.0353093  12785.2  1.70161  -0.272685  1
849  0  0.431109  -0.0125518  12193.2  0.82765  -0.00358109  1
850  0  0.673475  0.0968473  12182.7  1.77514  -0.306752  1
851  0  0.586656  0.178784  12165.2  2.2771  -0.284585  1
852  0  0.748927  -0.084318  12567  2.01234  -0.0336354  1
853  0  -0.425784  0.0285484  12737  1.93792  -0.271561  1
854  0  0.284555  -0.059898  11994.1  2.27511  -0.114962  1
855  0  0.532113  0.166022  12090.4  2.35654  -0.25579  1
856  0  0.676949  0.139267  12235.7  2.30646  -0.359185  1
857  0  0.464405  0.337712  12333.3  2.15456  -0.172532  1
858  0  0.868538  -0.0131445  12659.9  0.867034  -0.00974669  1
859  0  -0.169619  0.0258119  12889.8  1.8381  -0.37947  1
860  0  -0.187598  -0.0342381  12764.7  1.90647  -0.386679  1
861  0  0.993966  -0.0760808  12732.2  1.84  -0.058401  1
862  0  0.335489  -0.0842176  12126.4  2.33829  -0.1121  1
863  0  0.07582  -0.96606  12533.3  2.02898  -0.228264  1
864  0  0.89298  -0.0143757  12679.1  0.893335  -0.0118439  1
865  0  0.678353  -0.843545  12549.3  2.0259  -0.185142  1
866  0  0.60617  0.677067  12531.7  2.05721  -0.207305  1
867  0  0.543015  -0.0101812  12355.4  0.777762  0.0251005  1
868  0  -0.101531  1.73967  12641.9  1.9988  -0.210286  1
869  0  0.342776  0.473429  12484.7  2.0809  -0.140554  1
870  0  0.455103  0.226424  12184.9  2.21921  -0.169602  1
871  0  -0.564275  -0.233952  12641.3  1.98267  -0.268412  1
872  0  0.55124  -0.594774  12499.6  2.05352  -0.174027  1
873  0  0.575068  0.385574  12391.9  2.12133  -0.216775  1
874  0  0.8545  0.0900332  12468.7  2.0899  -0.414837  1
875  0  0.54257  0.295449  12294  2.16919  -0.218836  1
876  0  -0.112959  0.491178  12739.9  1.95166  -0.146631  1
877  0  -0.145447  -0.543231  12507.3  2.04405  -0.26995  1
878  0  0.928305  1.19281  12602.5  2.02017  -0.218769  1
879  0  0.309084  -0.40702  12385.2  2.11464  -0.199262  1
880  0  0.203927  0.323021  12522.8  2.07042  -0.0353311  1
881  0  0.861879  -0.0985399  12638.6  2.008  -0.0539066  1
882  0  -1.39055  -1.73462  12589.6  1.99108  -0.219116  1
883  0  0.940272  0.0733482  12609.6  2.01148  -0.395936  1
884  0  0.744352  -0.686842  12549.9  2.0276  -0.168377  1
885  0  -0.0408069  -0.0847473  12321  2.08669  -0.562372  1
886  0  0.416883  0.176678  12091.5  2.33052  -0.14497  1
887  0  0.666752  0.25803  12323.9  2.14394  -0.281443  1
888  0  0.449881  -0.462768  12443.4  2.08645  -0.172115  1
889  0  0.558375  1.05502  12593.7  2.02512  -0.206422  1
890  0  0.692449  -1.16838  12570.5  2.00914  -0.198894  1
891  0  -0.0194974  -0.583118  12484  2.05713  -0.256983  1
892  0  0.56779  -0.358444  12459.6  2.08681  -0.134133  1
893  0  0.886245  0.314101  12508.1  2.05566  -0.295679  1
894  0  0.811034  0.11229  12394.9  2.19202  -0.406524  1
895  0  0.499197  -0.00919464  12283.3  0.682561  0.00637838  1
896  0  0.726026  0.114527  12261  2.2151  -0.38293  1
897  0  0.137348  0.154273  12495.6  2.05592  0.269209  1
898  0  0.763531  0.105803  12302.8  2.17149  -0.396792  1
899  0  1.16634  0.283783  12636.6  1.99277  -0.27263  1
900  0  -0.127898  0.877563  12660.7  1.99385  -0.183106  1
901  0  0.0489527  0.45502  12683.8  1.98419  -0.104944  1
902  0  0.659886  0.19094  12257.2  2.18834  -0.310532  1
903  0  0.539638  0.221593  12194  2.20367  -0.232154  1
904  0  0.193425  -0.0510114  11808.4  2.35049  -0.193419  1
905  0  0.831903  0.178577  12435.4  2.10051  -0.356013  1
906  0  0.64724  -0.414949  12502.7  2.06092  -0.137599  1
907  0  -0.0239738  -0.187392  12325.8  2.12475  -0.398701  1
908  0  -0.163107  0.0923797  13003.5  1.78492  -0.305467  1
909  0  1.33842  -1.74401  12608.3  1.98621  -0.201145  1
910  0  0.0132423  0.00245564  10452  2.29488  -1.22009  1
911  0  0.848567  -0.00913122  12644.8  0.735031  -0.00756543  1
912  0  0.912104  0.219184  12526.2  2.03827  -0.327559  1
913  0  0.0840822  0.310795  12704.6  1.97595  -0.0202923  1
914  0  0.234472  -0.0524853  11899.7  2.28953  -0.148598  1
915  0  -0.141085  -0.408609  12497.3  2.04965  -0.294951  1
916  0  1.7357  -0.928616  12624.6  1.97219  -0.183684  1
917  0  -1.32047  -1.08795  12602  1.99053  -0.22526  1
918  0  1.08361  -0.014074  12805.3  1.19127  -0.133324  1
919  0  -1.0161  -1.04814  12595.2  1.99428  -0.229918  1
920  0  0.131001  -0.13977  12026.2  2.27069  -0.306517  1
921  0  0.567319  0.16028  12119.7  2.35357  -0.279057  1
922  0  0.968289  0.625695  12561.9  2.03873  -0.241517  1
923  0  0.788089  -0.242487  12568.9  2.03654  -0.0912219  1
924  0  0.234222  0.131541  12121.2  2.0762  0.111646  1
925  0  0.431732  -0.0574346  12234.2  2.07943  -0.0356403  1
926  0  0.254173  -0.262016  12254  2.18779  -0.20886  1
927  0  0.988157  0.176585  12601  2.01195  -0.328727  1
928  0  0.300034  -0.871262  12516.7  2.04118  -0.215791  1
929  0  -1.14776  -0.27164  12639.2  1.98628  -0.234299  1
930  0  0.367185  0.163754  12035.6  2.39696  -0.0844076  1
931  0  -0.759242  1.13708  12669  1.98617  -0.208387  1
932  0  0.715798  1.72507  12620.5  2.00748  -0.214987  1
933  0  0.477804  -0.0373334  12263.1  1.64157  -0.00854882  1
934  0  -1.72873  1.33886  12663.6  1.98818  -0.214859  1
935  0  1.02102  0.00278909  12782.8  0.716173  -0.11321  1
936  0  0.73851  -0.213829  12542.3  2.06405  -0.0816155  1
937  0  0.318569  -0.0605206  12071.6  2.23753  -0.094531  1
938  0  0.146088  -0.225265  12196.9  2.20828  -0.277373  1
939  0  0.401425  -0.106515  12216.6  2.29571  -0.0913324  1
940  0  -1.21548  -0.661104  12616.9  1.9917  -0.230832  1
941  0  1.10021  0.90284  12595.7  2.023  -0.22926  1
942  0  1.7344  1.18186  12624.7  2.00717  -0.225427  1
943  0  0.730978  0.144877  12289.1  2.24458  -0.370895  1
944  0  0.065742  0.157356  12957.8  1.80067  0.227105  1
945  0  0.645374  -0.1886  12477.7  2.09919  -0.0764016  1
946  0  -1.44567  -0.839203  12612.1  1.99004  -0.225132  1
947  0  1.79122  -1.41255  12622.2  1.97716  -0.19535  1
948  0  0.333578  -0.60466  12467.5  2.06875  -0.204647  1
949  0  0.39767  -0.199211  12285.7  2.17467  -0.128482  1
950  0  0.275553  0.26506  12345  2.15799  -0.0337153  1
951  0  0.484836  -0.68722  12506.3  2.04908  -0.188835  1
952  0  -0.00434554  0.0590068  14075.6  0.620209  -0.277202  1
953  0  0.213551  -0.0166961  11778.6  1.40355  -0.0727421  1
954  0  0.0737327  -0.0621371  11609.7  2.499  -0.478138  1
955  0  0.546485  -0.203105  12407.5  2.12147  -0.0916223  1
956  0  0.635024  0.354469  12385.5  2.12221  -0.242603  1
957  0  -0.521564  -1.05024  12573.7  2.00539  -0.235454  1
958  0  0.299926  0.175946  12144.2  2.32091  -0.0071046  1
959  0  -0.252089  -1.27333  12563.5  2.00804  -0.229839  1
960  0  1.11487  1.09744  12604  2.01882  -0.224179  1
961  0  0.337541  0.266849  12281.9  2.18219  -0.0797234  1
962  0  -0.534947  -1.46221  12574.7  2.00084  -0.226876  1
963  0  0.216768  0.201021  12324.5  2.15114  0.0664645  1
964  0  -1.02856  0.131209  12670.4  1.97797  -0.231416  1
965  0  0.14035  1.04367  12626.3  2.00997  -0.191341  1
966  0  0.964533  0.851271  12581.3  2.03012  -0.227769  1
967  0  1.00876  0.079842  12692.4  2.05645  -0.372718  1
968  0  0.367525  -0.502341  12435.9  2.08767  -0.192534  1
969  0  0.253034  0.162776  12143.4  2.34175  0.0728602  1
970  0  0.714788  -0.148113  12534.6  2.09598  -0.0638144  1
971  0  0.988543  -0.768907  12588.5  2.00479  -0.169724  1
972  0  0.984998  -0.490202  12603.5  2.00498  -0.144075  1
973  0  -0.487168  0.321372  12745.2  1.94168  -0.219201  1
974  0  0.423483  0.460218  12449.9  2.09711  -0.162524  1
975  0  0.0674275  0.190078  12896.2  1.86195  0.14643  1
976  0  0.783209  -0.0337117  12594.8  1.42679  -0.00934705  1
977  0  -0.0092316  0.0263353  12601.4  1.23605  -1.33351  1
978  0  0.369862  -0.0460383  12147.9  1.97174  -0.0536249  1
979  0  0.478746  0.157552  12053.1  2.39152  -0.20182  1
980  0  0.237148  0.697551  12589.3  2.03123  -0.164214  1
981  0  0.0648742  -0.354512  12367.7  2.11605  -0.281907  1
982  0  0.713555  0.242313  12352.5  2.12532  -0.303686  1
983  0  0.707856  -0.346336  12524.2  2.05691  -0.117632  1
984  0  -0.597395  0.526655  12713.3  1.96165  -0.20853  1
985  0  0.0301554  -0.220895  12272.7  2.15286  -0.357846  1
986  0  1.70716  1.73305  12624.8  2.00052  -0.21907  1
987  0  0.760322  -0.00720387  12566.1  0.661377  0.000266446  1
988  0  0.395838  0.272974  12263.3  2.18887  -0.127914  1
989  0  0.516219  -0.296722  12415.3  2.1126  -0.127848  1
990  0  1.09625  -0.100682  12769.9  1.90556  -0.100003  1
991  0  0.217903  -0.10001  11966.5  2.38838  -0.209594  1
992  0  0.410301  -0.0507196  12155.5  2.05196  -0.0443837  1
993  0  -0.197365  1.42594  12646.7  1.9983  -0.204727  1
994  0  1.77738  -1.77738  12623.4  1.97934  -0.200277  1
995  0  0.681727  0.443677  12453.3  2.08896  -0.237065  1
996  0  1.04655  -0.00207779  12783.6  0.951922  -0.123114  1
997  0  0.0183037  0.39557  12731.8  1.96106  -0.0873313  1
998  0  1.05071  -0.278749  12661.9  1.98517  -0.123227  1
999  0  0.340988  -0.175118  12214.5  2.20282  -0.142693  1
1000  0  0.12558  -0.0125116  11468.3  1.67995  -0.173912  1
1001  0  0.512635  -0.123698  12352.5  2.20662  -0.0709913  1
1002  0  0.866255  0.0531101  12482.7  1.31768  -0.282922  1
1003  0  1.17808  -0.210204  12719.5  1.9825  -0.145145  1
1004  0  0.282389  0.525254  12538.8  2.05535  -0.137721  1
1005  0  0.885439  0.261024  12499.7  2.05186  -0.312901  1
1006  0  -0.37208  -0.443343  12573.7  2.01257  -0.27634  1
1007  0  0.527055  -1.75987  12583.2  1.9959  -0.216037  1
1008  0  -0.0884996  -0.100348  12504.4  2.02202  -0.485747  1
1009  0  -1.03598  0.845883  12673.9  1.9828  -0.213853  1
1010  0  0.221139  0.25786  12422.9  2.12444  0.00904391  1
1011  0  0.543645  -0.0489016  12377.9  1.87847  -0.00753877  1
1012  0  -0.0989942  0.196253  13050.5  1.77519  -0.133417  1
1013  0  0.979657  -0.056329  12722.7  1.68226  -0.0448197  1
1014  0  -0.835722  -1.67273  12580.3  1.99616  -0.223257  1
1015  0  0.648521  -0.0650889  12499.6  1.98339  -0.0232563  1
1016  0  -0.139488  -0.933211  12543.2  2.0241  -0.237534  1
1017  0  -0.0144478  0.526224  12694.9  1.97606  -0.13378  1
1018  0  -0.102502  0.111563  13193.9  1.68449  -0.244194  1
1019  0  0.52115  0.252255  12238.6  2.18822  -0.213957  1
1020  0  -0.370135  -1.70583  12572.3  2.00003  -0.224997  1
1021  0  0.414969  -0.325359  12371.2  2.12931  -0.158572  1
1022  0  1.08365  0.0673414  12754.5  1.98641  -0.319373  1
1023  0  0.987347  -0.00918383  12769.2  0.737463  -0.0238026  1
1024  0  0.905395  -0.141605  12663.6  2.04031  -0.0745926  1
1025  0  0.65576  0.136774  12195.3  2.33293  -0.355104  1
1026  0  0.717596  -0.0401726  12542.5  1.53994  -0.00302842  1
1027  0  -1.79947  1.79981  12662.8  1.98849  -0.215003  1
1028  0  -0.531144  1.17213  12665.1  1.98878  -0.204181  1
1029  0  1.0191  -0.0631839  12752.9  1.70975  -0.0595712  1
1030  0  -0.0248138  0.319816  12835.3  1.91085  -0.0756499  1
1031  0  -0.35983  -0.0656934  12706.4  1.94826  -0.301466  1
1032  0  0.981571  -0.00590751  12743.7  0.625894  -0.0289204  1
1033  0  0.489952  0.614466  12514.8  2.0664  -0.189154  1
1034  0  -0.405062  1.37135  12655.7  1.99347  -0.20579  1
1035  0  -1.73822  -0.806728  12616  1.98874  -0.219522  1
1036  0  0.219326  0.493356  12564.6  2.04419  -0.120093  1
1037  0  0.265286  -0.16566  12141.6  2.23288  -0.181163  1
1038  0  1.06283  0.350138  12589.4  2.01792  -0.275525  1
1039  0  0.439976  0.169853  12073.4  2.35327  -0.167792  1
1040  0  0.0260242  -0.122454  12098.6  2.21854  -0.456853  1
1041  0  0.196955  0.805049  12608.2  2.02209  -0.175355  1
1042  0  0.687602  0.336237  12397.4  2.11465  -0.263303  1
1043  0  0.0182644  0.126253  13337.8  1.59338  0.149446  1
1044  0  0.824462  -0.0343366  12633.5  1.41215  -0.01971  1
1045  0  0.59052  -0.0338948  12426.2  1.49747  0.00954291  1
1046  0  0.293352  0.154239  12088.6  2.3772  0.00915205  1
1047  0  1.37336  1.38671  12616.8  2.01294  -0.222331  1
1048  0  0.124771  0.224855  12627.6  2.01579  0.0956217  1
1049  0  -0.406214  0.436172  12748  1.94538  -0.202364  1
1050  0  1.05759  0.106178  12690.9  2.04167  -0.328978  1
