19  458  767
320  855  1007
435  593  926
288  597  845
284  461  737
19  20  767
428  544  799
291  502  1015
376  640  732
25  535  741
314  525  795
305  490  689
392  452  668
389  630  796
11  640  732
358  484  912
282  468  670
361  468  670
372  511  529
296  481  858
34  488  1025
24  529  922
0  562  587
294  568  656
342  507  641
346  491  622
582  781  892
410  495  804
315  591  652
328  451  974
307  689  707
340  644  689
434  515  634
325  436  516
346  491  777
451  540  974
342  507  698
297  478  744
303  474  949
320  487  1007
268  421  694
384  545  790
328  550  974
489  563  645
72  73  542
410  495  754
353  545  790
461  692  903
352  387  524
294  560  674
280  560  800
367  696  797
27  558  741
349  475  686
353  545  683
343  473  564
292  467  809
358  479  912
406  560  800
134  135  546
38  588  679
392  452  598
322  540  982
296  481  614
414  786  901
99  100  645
349  528  705
451  540  918
285  416  707
33  34  488
430  509  717
25  26  741
378  708  792
293  643  652
383  405  605
279  429  569
336  719  962
294  656  967
363  599  1047
281  553  784
362  505  997
312  781  892
525  795  917
274  594  622
291  503  1015
68  69  536
338  529  874
369  563  645
354  535  687
361  438  744
511  529  874
272  440  616
512  540  982
318  669  730
318  547  906
329  593  926
371  549  613
411  492  850
283  551  788
297  492  850
337  578  579
356  450  723
349  649  705
401  669  742
421  598  704
431  578  880
391  538  589
290  528  806
284  461  801
344  632  892
378  508  792
462  591  652
437  530  774
340  439  644
400  594  875
413  461  692
305  490  734
285  416  608
680  782  943
438  478  744
418  573  658
282  509  717
301  392  949
278  630  796
369  563  636
317  472  604
327  475  544
599  600  783
284  469  737
380  536  927
305  689  760
429  467  809
539  597  845
124  125  545
385  518  747
272  518  894
507  698  891
26  27  741
96  97  556
305  578  579
23  24  922
286  654  733
391  430  654
306  549  613
384  593  790
512  550  974
335  613  839
293  486  573
426  682  981
293  573  658
402  649  943
327  475  750
316  682  720
34  585  1025
406  560  674
309  628  1037
271  544  799
308  656  818
392  598  704
324  464  793
370  512  550
365  556  691
327  544  718
293  486  652
38  39  679
343  588  728
56  57  555
15  414  901
340  689  760
428  475  544
404  522  594
315  643  736
353  482  683
447  601  626
390  480  999
433  599  880
94  95  537
444  553  784
272  518  747
99  645  960
486  573  733
358  484  1020
325  516  615
493  719  962
443  684  813
674  919  924
332  453  526
339  643  736
387  447  866
275  452  598
0  138  587
364  583  701
421  454  694
341  515  634
338  535  687
10  11  640
385  518  826
408  712  838
15  414  831
355  727  910
275  617  773
367  517  797
284  804  979
354  553  687
387  524  697
393  557  624
304  503  600
349  475  750
369  607  825
283  551  671
364  583  828
357  450  723
443  548  813
336  719  827
391  430  717
364  570  701
394  472  604
283  548  813
268  421  724
309  628  808
498  575  609
424  588  1038
328  451  766
361  438  618
292  575  609
360  658  967
310  521  663
310  498  575
290  528  705
334  466  530
273  559  1042
4  37  739
4  36  739
339  447  626
401  660  742
326  600  1015
490  689  707
363  580  699
420  528  806
411  492  908
381  456  581
280  572  800
361  618  788
299  569  615
547  673  906
404  522  1044
385  440  572
408  722  770
313  582  814
338  529  650
292  609  815
321  481  614
306  549  988
364  570  832
424  739  1038
495  804  979
340  439  517
417  782  943
365  556  898
497  669  730
512  540  974
371  510  625
333  663  890
396  446  684
361  468  744
334  530  774
596  780  979
385  540  826
391  538  717
272  440  747
297  478  978
376  460  859
368  559  665
302  507  891
317  472  822
365  489  691
373  659  735
353  482  549
354  558  606
21  755  767
510  625  829
682  981  1024
311  498  609
339  447  500
328  550  714
274  594  662
114  115  570
383  405  690
112  113  571
504  660  742
275  452  661
348  624  812
19  458  847
380  817  927
307  644  689
314  525  636
303  520  723
302  541  753
397  551  671
309  507  641
338  535  650
81  82  580
424  588  728
425  583  828
386  556  898
83  84  577
279  429  745
359  638  694
347  518  564
282  468  824
330  636  858
425  510  785
374  508  706
85  86  576
428  735  1045
408  526  838
278  649  943
472  822  884
294  560  685
372  655  778
315  386  736
292  467  575
416  707  921
104  105  706
379  571  793
321  481  716
402  649  705
376  532  640
359  566  1042
283  548  618
297  492  846
358  485  1020
343  588  679
375  562  628
550  784  1008
301  392  704
460  619  732
390  552  999
116  117  583
335  554  828
314  591  795
582  632  892
428  475  1045
368  527  559
126  127  584
352  810  964
42  493  681
522  594  875
299  494  890
387  447  601
346  573  733
544  718  746
396  684  813
319  834  965
423  570  832
423  571  793
463  582  781
362  557  997
405  690  990
376  513  859
281  550  714
360  601  626
90  91  565
128  129  586
0  562  775
305  578  760
484  704  724
471  609  815
421  454  773
31  642  761
389  602  796
42  43  493
310  498  812
303  523  949
582  632  923
276  611  678
394  759  831
444  553  1030
520  723  853
434  495  754
269  603  859
316  593  720
359  527  1042
287  919  924
432  655  778
350  559  749
350  559  665
47  48  605
337  578  880
385  540  918
343  473  925
420  442  909
476  958  1011
301  523  786
358  479  976
316  531  790
325  615  873
378  508  1039
313  814  951
376  532  827
318  669  742
279  581  745
320  487  655
373  735  757
378  627  708
485  768  901
301  704  1020
354  558  741
377  539  661
551  788  1027
357  450  562
518  564  894
365  489  563
404  491  622
387  601  810
503  600  1015
418  573  777
379  629  709
278  574  649
454  617  773
311  498  624
599  600  1047
12  619  732
120  121  625
346  483  733
314  563  636
484  704  1020
20  21  767
291  692  903
104  610  706
335  828  1019
296  765  865
299  521  890
561  613  839
408  657  770
370  642  761
279  569  843
437  774  926
306  561  613
374  610  706
382  592  663
72  542  672
299  569  805
268  638  694
382  633  726
318  547  730
534  658  967
441  795  917
73  542  675
464  793  867
363  506  770
30  31  642
385  440  747
603  859  1026
370  550  1008
273  559  749
471  782  815
375  562  587
390  480  646
521  663  890
375  628  1037
361  787  788
362  504  742
396  597  671
497  740  1014
279  581  848
396  446  771
439  517  769
395  560  685
13  604  619
380  635  703
315  386  898
304  600  783
397  597  671
359  527  639
324  464  944
367  578  760
348  470  592
12  13  619
422  822  884
134  546  711
532  719  827
92  697  986
316  593  790
527  559  1042
298  548  803
418  534  658
323  480  791
101  102  607
311  557  624
434  634  1013
103  104  610
407  641  871
347  564  728
382  620  726
23  778  922
337  579  783
524  697  986
135  546  710
463  582  814
479  789  976
322  648  849
282  509  824
324  651  944
323  480  646
363  506  699
456  603  822
350  538  589
437  530  864
337  599  880
294  534  674
298  548  913
354  535  741
404  594  622
369  607  851
367  576  696
34  35  585
94  537  939
368  665  693
329  593  720
331  667  846
68  536  703
69  536  677
281  553  1002
347  518  648
25  535  650
42  681  905
391  654  902
374  508  716
566  727  910
0  46  612
362  504  664
429  467  805
362  505  664
420  442  806
448  553  687
425  828  1019
357  562  628
310  592  663
303  357  1033
374  610  854
453  526  816
51  52  620
401  660  713
274  589  662
343  564  728
448  553  1002
395  515  608
389  745  809
32  519  761
381  743  836
322  540  826
297  846  978
366  863  929
372  529  922
506  657  770
376  460  732
273  566  727
49  50  621
438  548  618
295  497  1014
353  790  988
349  574  649
344  457  632
296  525  858
424  585  928
291  502  590
325  436  990
124  545  683
363  580  955
303  523  759
352  387  810
444  606  878
373  596  780
302  541  763
398  552  746
377  539  845
125  545  695
108  109  627
394  520  759
436  516  869
389  581  745
414  759  831
110  111  629
92  93  697
312  740  856
292  602  815
420  528  886
43  493  719
53  54  633
437  807  864
531  790  988
595  834  965
444  642  878
478  651  803
401  637  713
483  654  902
413  461  801
508  706  811
397  539  597
40  41  647
33  488  907
494  690  873
466  530  852
342  641  871
478  651  944
439  644  881
368  855  1007
414  523  786
459  851  854
35  585  928
426  682  720
399  569  843
502  590  840
483  654  733
391  589  902
379  793  867
389  602  809
317  604  619
525  636  858
22  23  778
379  571  709
64  65  637
399  516  1021
66  67  635
270  893  1007
326  722  770
393  666  725
383  621  729
369  645  825
306  531  988
425  510  1019
97  556  691
400  662  941
568  656  818
271  746  999
476  752  1011
415  499  819
413  596  659
44  532  719
399  516  615
56  555  700
445  646  647
427  653  973
454  617  910
303  357  723
500  537  736
57  555  725
590  814  951
332  722  840
284  801  979
438  478  803
321  667  908
396  671  813
434  515  1048
382  620  895
96  556  688
333  465  953
451  572  800
288  597  771
291  503  903
482  549  860
429  745  809
445  646  751
313  582  923
319  522  1044
473  564  894
325  690  873
413  596  801
427  959  973
301  523  949
331  667  842
359  638  639
509  765  865
408  657  712
498  624  812
378  667  842
435  593  985
349  574  750
410  490  734
608  685  1022
413  659  820
508  716  1039
78  79  657
355  617  910
281  550  784
328  766  1016
425  779  785
332  840  929
62  63  660
294  534  967
394  472  520
344  457  927
462  591  795
415  514  819
480  791  937
280  572  877
95  537  688
362  557  673
360  601  656
415  499  1016
366  623  929
303  520  759
58  59  666
60  61  664
443  548  913
423  793  832
278  574  888
396  597  771
351  958  1011
358  485  768
310  521  950
378  627  842
323  646  751
329  774  926
400  693  875
403  611  872
492  667  846
299  615  873
331  477  844
381  456  836
331  477  842
138  587  731
379  629  844
492  667  908
502  722  840
325  690  990
91  565  986
441  765  837
115  570  701
330  858  1049
292  602  809
24  529  650
387  697  866
397  551  994
371  613  885
430  509  765
402  680  943
293  658  936
419  788  1027
276  611  947
114  570  756
335  554  839
112  571  709
377  541  763
113  571  756
24  25  650
369  636  851
348  470  945
390  552  681
71  72  672
334  774  891
388  611  678
17  18  676
284  469  804
309  507  998
31  32  761
73  74  675
373  678  780
456  603  836
400  665  941
298  554  651
481  716  1049
518  648  826
382  633  972
286  733  1003
69  70  677
365  898  1046
315  643  652
315  591  898
281  714  1010
276  634  1013
126  584  695
400  594  662
395  608  685
289  533  808
283  671  813
421  598  773
294  568  685
123  124  683
116  583  701
27  558  993
277  659  820
382  663  895
370  512  940
268  638  876
439  565  881
351  755  767
590  840  951
16  768  901
384  593  985
298  651  803
329  774  975
333  465  895
459  607  851
415  595  965
380  635  821
311  673  1001
372  511  996
416  608  1022
117  583  779
459  610  854
310  592  812
2  18  847
2  19  847
97  98  691
127  584  802
81  580  699
383  605  729
82  580  772
346  622  900
83  577  772
417  602  815
384  584  695
397  617  762
100  645  825
489  645  960
488  648  849
442  590  909
314  591  1046
84  577  776
11  12  732
388  791  937
500  866  939
395  560  930
95  96  688
291  590  909
371  549  860
85  576  776
128  586  802
390  646  647
311  557  673
497  740  856
445  647  934
320  655  752
412  653  743
543  810  964
349  528  686
129  586  807
295  680  782
86  576  696
438  548  803
341  515  931
417  782  815
125  126  695
392  668  949
625  702  860
366  623  923
388  678  757
269  743  836
591  898  1046
285  608  1048
412  653  715
282  717  987
55  56  700
371  510  885
376  513  827
345  669  856
495  780  979
474  668  949
90  565  798
295  497  730
121  625  702
43  44  719
133  134  711
306  561  970
270  693  1007
334  466  938
0  775  954
341  616  948
115  116  701
401  669  823
552  746  999
80  81  699
86  87  696
623  840  929
135  136  710
380  536  703
393  624  1012
274  589  902
121  122  702
41  42  905
324  651  833
411  824  865
271  544  746
502  722  1015
611  791  872
274  622  900
332  453  929
486  733  1003
460  859  1026
344  817  927
373  596  659
388  757  799
302  507  1035
288  981  1024
316  531  991
473  751  925
380  738  821
431  578  971
120  625  829
327  715  718
465  620  895
409  787  870
44  532  1043
107  108  708
358  676  768
303  474  1033
393  557  997
429  569  805
424  585  1006
277  659  735
111  112  709
304  503  969
67  68  703
487  893  1007
137  138  731
422  822  848
276  678  780
547  673  1001
93  866  939
48  605  729
439  769  798
270  693  875
341  616  911
298  554  839
393  666  997
444  606  1030
401  637  823
113  114  756
538  717  987
273  566  1042
447  500  866
455  835  899
534  674  924
416  543  921
290  835  899
332  526  1004
40  647  934
399  980  1021
442  590  814
406  674  919
77  78  712
417  602  796
63  64  713
367  576  971
470  592  972
346  483  900
330  851  854
488  849  907
324  832  833
102  607  857
407  710  748
409  749  870
103  610  857
18  676  847
427  718  879
52  53  726
453  816  830
101  607  825
342  698  938
299  494  873
310  575  950
335  613  885
326  722  1015
354  606  1030
339  500  736
345  669  823
427  715  718
275  598  773
373  678  757
82  83  772
406  766  919
389  581  1032
286  654  837
345  738  821
330  636  851
57  58  725
400  665  693
415  514  965
84  85  776
108  627  708
596  801  979
41  647  905
383  621  953
88  89  769
111  629  709
384  545  695
52  620  726
351  767  789
433  599  955
399  569  615
398  552  920
448  687  946
48  49  729
342  868  938
407  731  748
347  728  1006
289  501  808
360  658  936
383  690  889
490  707  887
47  605  758
297  744  850
308  601  656
307  921  964
275  617  762
269  603  836
386  537  736
395  515  931
89  90  798
419  787  870
364  828  833
415  595  1010
361  670  787
312  817  892
117  118  779
397  617  994
289  501  764
308  543  810
322  648  826
395  631  930
51  620  862
499  766  1016
393  555  725
368  527  855
458  676  847
419  727  870
53  633  726
397  539  762
67  635  703
333  663  895
32  519  907
49  621  729
109  627  904
64  637  713
363  770  1047
14  15  831
110  629  904
50  621  862
568  685  1022
531  896  991
87  88  797
428  735  757
388  611  791
483  900  902
352  644  881
377  541  845
348  624  1012
426  753  981
269  653  743
415  714  1016
347  648  1025
16  17  768
567  774  891
371  625  860
345  496  823
449  874  916
606  878  961
291  692  909
295  680  1014
118  119  785
497  669  856
416  543  818
509  824  865
410  490  887
127  128  802
311  609  1001
426  753  975
370  642  1008
345  496  821
374  716  1049
106  107  792
46  47  758
129  130  807
290  705  835
136  137  748
321  614  908
54  633  897
567  774  975
472  520  1050
367  578  971
308  601  810
341  634  948
466  852  883
481  858  1049
377  763  764
500  537  939
407  641  989
395  631  931
421  704  724
65  637  956
66  635  956
430  765  837
63  660  713
382  592  972
78  657  712
409  670  787
394  604  968
306  531  896
430  654  837
420  820  886
272  616  1029
314  563  1046
317  603  822
409  987  1036
324  793  832
389  630  1032
58  666  725
539  661  762
75  76  816
296  525  917
456  822  848
317  619  1026
105  706  811
408  526  1004
13  14  968
533  628  808
298  839  913
448  595  834
404  491  984
306  896  970
302  567  753
350  665  941
363  599  955
357  533  628
46  612  758
74  75  830
471  547  1001
312  738  817
434  495  1013
338  687  946
343  679  925
444  642  1008
312  738  856
299  521  1040
355  551  994
21  22  983
457  632  841
362  742  906
333  889  953
307  707  921
29  878  961
440  572  877
93  697  866
390  647  905
464  846  978
331  846  867
355  551  1027
354  553  1030
339  626  935
412  574  888
283  618  788
455  680  835
44  45  1043
367  517  992
119  120  829
420  692  909
384  584  985
554  651  833
272  721  894
414  523  759
319  522  1000
393  555  1012
280  560  930
62  660  1017
79  657  1009
409  670  987
15  16  901
312  740  781
403  611  947
277  820  886
305  734  1031
274  900  902
105  106  811
76  77  838
29  30  878
488  648  1025
377  661  957
415  714  1010
457  677  927
543  921  964
61  664  1017
60  664  1018
455  680  1014
59  666  1018
337  599  783
358  676  976
454  694  1023
476  638  876
406  766  800
71  672  861
386  537  688
418  534  924
74  675  830
100  101  825
426  720  975
350  538  1036
308  543  818
70  677  861
316  682  991
445  679  925
123  683  963
458  767  789
348  592  812
511  893  996
287  819  919
326  600  1047
327  715  995
470  700  945
102  103  857
107  708  792
131  132  852
70  71  861
513  959  973
50  51  862
407  710  871
443  561  970
339  643  935
499  766  919
340  517  992
423  570  756
456  581  848
423  571  756
32  33  907
440  616  911
372  655  996
300  884  980
380  738  817
541  753  981
89  769  798
330  854  1049
353  549  988
334  698  938
273  749  870
381  743  915
403  721  872
87  696  797
35  36  928
302  567  891
378  667  1039
412  715  995
39  40  934
558  961  993
386  556  688
98  691  960
398  718  879
130  131  864
443  684  970
118  779  785
28  29  961
453  675  830
356  450  869
446  896  991
38  588  1038
122  702  963
132  133  883
427  653  715
55  700  897
479  789  958
425  583  779
443  561  913
88  769  797
469  579  942
289  533  933
3  27  993
3  28  993
411  614  908
136  710  748
37  38  1038
432  655  752
407  731  1028
542  672  841
28  961  993
524  565  986
538  987  1036
446  684  896
487  655  996
54  55  897
296  614  865
359  566  1023
435  584  802
515  608  1048
561  839  913
435  586  802
77  712  838
641  989  1037
469  734  804
80  699  1009
528  686  886
278  630  888
289  764  1041
109  110  904
133  711  883
457  672  841
527  639  855
462  652  1003
403  721  1029
452  668  1041
119  785  829
554  828  833
501  763  764
366  542  841
331  844  867
457  677  861
511  874  916
280  631  930
320  752  914
398  718  746
137  731  748
453  675  863
437  586  807
567  753  975
106  792  811
346  573  777
589  662  941
351  789  958
471  547  966
305  579  1031
1  45  1005
1  10  1005
552  681  920
17  676  768
416  818  1022
482  702  860
558  606  961
555  945  1012
411  824  850
422  884  980
457  672  861
301  786  1020
409  749  1036
304  737  942
469  579  1031
403  616  948
451  572  918
280  631  877
282  670  987
439  565  798
428  757  799
532  640  1043
372  778  922
93  94  939
381  630  915
289  933  1041
285  707  887
313  623  923
385  572  918
278  796  943
445  679  934
366  542  863
459  607  857
75  816  830
345  738  856
355  617  994
460  619  1026
459  610  857
458  676  976
482  702  963
130  807  864
542  675  863
470  700  897
420  692  820
419  727  1027
334  698  891
394  831  968
467  575  950
65  66  956
473  721  894
76  816  838
362  673  906
366  632  841
277  686  886
122  123  963
441  837  932
579  783  942
98  99  960
476  752  914
352  644  964
468  744  850
436  775  869
356  723  853
449  834  946
304  737  969
279  843  848
269  653  973
482  683  963
91  92  986
275  661  762
365  563  1046
612  954  990
273  727  870
367  760  992
433  580  772
342  546  868
433  577  772
309  808  998
449  834  1000
464  846  867
328  714  1016
30  642  878
431  577  776
402  705  835
437  586  926
514  965  1044
520  853  1050
494  690  889
466  711  868
424  739  928
477  627  904
684  896  970
466  711  883
419  787  788
477  629  904
359  694  1023
431  576  776
418  777  1034
381  581  1032
342  546  871
366  632  923
408  722  1004
410  754  887
568  818  1022
390  681  905
59  60  1018
61  62  1017
435  586  926
277  735  1045
79  80  1009
356  516  869
764  957  1041
442  806  882
471  609  1001
320  639  855
413  692  820
496  635  821
0  612  954
465  620  862
131  852  864
383  889  953
285  754  887
434  754  1048
477  627  842
350  589  941
355  727  1027
477  629  844
268  724  912
427  879  959
496  637  823
465  621  862
491  777  1034
522  794  875
296  765  917
309  641  1037
36  739  928
521  950  1040
132  852  883
403  947  948
469  734  1031
524  565  881
322  849  982
304  783  942
547  730  966
341  631  931
364  832  833
493  681  920
272  721  1029
451  766  800
470  633  897
446  682  991
341  631  911
496  637  956
351  755  1011
370  761  940
496  635  956
455  740  781
489  691  960
290  806  882
499  819  919
276  634  947
329  720  975
503  903  969
412  743  915
402  680  835
271  937  999
323  751  977
448  595  1002
271  799  937
412  888  915
452  661  957
631  877  911
495  780  1013
10  640  1005
336  879  962
513  827  959
435  584  985
403  616  1029
352  524  881
449  794  1000
424  728  1006
463  882  899
381  630  1032
411  614  865
448  834  946
504  660  1017
350  749  1036
506  699  1009
412  574  995
519  761  940
638  639  914
504  664  1017
270  794  875
269  859  973
595  1002  1010
505  664  1018
405  605  758
432  755  1011
505  666  1018
461  903  969
39  679  934
546  711  868
295  782  966
293  643  935
388  799  937
410  734  804
360  626  936
321  667  1039
319  834  1000
475  686  1045
449  794  916
441  765  917
473  751  977
288  845  981
541  845  981
506  657  1009
286  837  932
461  737  969
340  760  992
566  910  1023
449  874  946
536  677  927
508  792  811
433  577  880
302  763  1035
13  604  968
471  782  966
431  577  880
277  686  1045
417  796  943
21  755  983
462  932  1003
476  638  914
468  824  850
470  633  972
300  980  1021
268  876  912
299  805  1040
336  827  959
357  533  1033
433  580  955
379  844  867
285  754  1048
37  739  1038
486  652  1003
356  516  1021
344  817  892
469  737  942
332  722  1004
463  814  882
333  889  890
555  700  945
405  612  758
462  795  932
356  853  1021
295  730  966
446  771  1024
287  819  952
465  621  953
320  639  914
432  755  983
485  786  901
319  965  1044
431  576  971
546  710  871
472  884  1050
446  682  1024
441  795  932
313  623  951
510  785  829
270  794  916
347  1006  1025
485  786  1020
574  750  995
453  863  929
317  603  1026
281  1002  1010
522  794  1000
501  808  998
484  724  912
505  666  997
445  751  925
418  924  1034
519  849  907
507  998  1035
327  750  995
432  778  983
368  693  1007
450  775  869
307  644  964
360  656  967
519  849  982
630  888  915
450  562  775
377  764  957
290  882  899
467  805  1040
467  950  1040
399  843  980
318  742  906
634  947  948
473  721  977
336  879  959
455  781  899
463  781  899
436  775  954
493  920  962
514  819  952
375  587  1028
510  885  1019
405  612  990
533  933  1033
530  852  864
323  791  872
526  816  838
300  884  1050
466  868  938
491  952  1034
270  893  916
517  769  797
440  877  911
512  940  982
501  763  1035
286  932  1003
321  716  1039
585  1006  1025
338  874  946
288  771  1024
293  935  936
487  893  996
494  889  890
442  814  882
464  944  978
374  854  1049
587  731  1028
458  789  976
623  840  951
721  872  977
22  778  983
668  933  1041
436  954  990
276  780  1013
398  879  962
640  1005  1043
326  770  1047
476  876  958
432  752  1011
14  831  968
422  843  848
455  740  1014
444  784  1008
287  952  1034
478  944  978
480  937  999
407  989  1028
398  920  962
491  952  984
474  668  933
513  859  973
45  1005  1043
422  843  980
454  910  1023
479  876  912
323  872  977
514  984  1044
300  853  1050
404  984  1044
519  940  982
626  935  936
514  952  984
479  876  958
501  998  1035
300  853  1021
335  885  1019
287  924  1034
375  989  1037
511  893  916
348  945  1012
375  989  1028
474  933  1033
452  957  1041
