0  2  1  0  16591.4  1.31563e-17  3.1196e-19  1
1  1  2  2  16473  1.99056  -0.285891  1
2  1  2  -2  16481.1  1.91387  -0.241737  1
3  3  -2  -2  16461.9  1.97963  -0.298076  1
4  3  -2  2  16801.1  1.97768  -0.29796  1
10  1  2  1.6  16470.2  1.93824  -0.261578  1
11  1  2  1.2  16470.2  1.84889  -0.239325  1
12  1  2  0.8  16470.2  1.84759  -0.232906  1
13  1  2  0.4  16470.2  1.87929  -0.230848  1
14  1  2  5.50449e-12  16470.2  1.87876  -0.200179  1
15  1  2  -0.4  16470.2  1.86765  -0.172289  1
16  1  2  -0.8  16470.2  1.874  -0.184522  1
17  1  2  -1.2  16470.2  1.88452  -0.212834  1
18  1  2  -1.6  16470.2  1.89841  -0.232623  1
19  0  1.6  -2  16477.8  1.93435  -0.251033  1
20  0  1.2  -2  16481.7  1.94702  -0.25184  1
21  0  0.8  -2  16491.7  1.95709  -0.241891  1
22  0  0.4  -2  16481.5  1.98287  -0.230606  1
23  0  5.50449e-12  -2  16475.7  2.00311  -0.211989  1
24  0  -0.4  -2  16479.3  2.00738  -0.210102  1
25  0  -0.8  -2  16485.8  1.99388  -0.263645  1
26  0  -1.2  -2  16456.7  1.98762  -0.321684  1
27  0  -1.6  -2  16443.8  1.98619  -0.316907  1
28  3  -2  -1.6  16477.8  1.97768  -0.29796  1
29  3  -2  -1.2  16504.6  1.97768  -0.29796  1
30  3  -2  -0.8  16531.8  1.97768  -0.29796  1
31  3  -2  -0.4  16564.1  1.97768  -0.29796  1
32  3  -2  -5.50449e-12  16598.5  1.97768  -0.29796  1
33  3  -2  0.4  16633.2  1.97768  -0.29796  1
34  3  -2  0.8  16673.4  1.97768  -0.29796  1
35  3  -2  1.2  16717.8  1.97768  -0.29796  1
36  3  -2  1.6  16764.5  1.97768  -0.29796  1
37  0  -1.6  2  16822.2  1.97768  -0.29796  1
38  0  -1.2  2  16912.1  1.97768  -0.29796  1
39  0  -0.8  2  16641.7  1.9125  0.0112736  1
40  0  -0.4  2  16180.1  1.80476  0.221462  1
41  0  -5.50449e-12  2  16237.4  1.86994  -0.087772  1
42  0  0.4  2  16412.5  1.97768  -0.29796  1
43  0  0.8  2  16425.5  1.97768  -0.29796  1
44  0  1.2  2  16467.5  1.97768  -0.29796  1
45  0  1.6  2  16490.2  1.97768  -0.29796  1
46  2  0.978408  0.00325741  16553.3  0  0  1
47  2  0.956895  0.00710981  16556.6  -6.83601e-17  1.29574e-17  1
48  2  0.935437  0.0112645  16546.6  0  0  1
49  2  0.914025  0.0156473  16535.5  -6.58075e-17  1.33053e-17  1
50  2  0.892654  0.0202267  16507.7  0  0  1
51  2  0.871318  0.0249637  16488.9  0  0  1
52  2  0.850009  0.0298264  16473.2  0  0  1
53  2  0.828728  0.0348036  16442.6  1.4834e-16  -3.162e-17  1
54  2  0.807477  0.0399134  16401.9  0  0  1
55  2  0.786259  0.0451567  16347.9  -6.60721e-17  1.68651e-17  1
56  2  0.765066  0.0504977  16349.5  0  0  1
57  2  0.743889  0.0559048  16302.7  0  0  1
58  2  0.722723  0.061352  16241.4  -7.61979e-17  1.46785e-17  1
59  2  0.701562  0.0668204  16174  0  0  1
60  2  0.6804  0.0722835  16119.4  -1.02384e-16  2.31936e-17  1
61  2  0.659228  0.0777087  16051.6  0  0  1
62  2  0.638035  0.0830525  15977  1.21631e-16  -2.39202e-17  1
63  2  0.616795  0.0882053  15912.4  0  0  1
64  2  0.595493  0.0930931  15836.5  8.2855e-17  -1.23191e-17  1
65  2  0.574108  0.0976065  15751.5  0  0  1
66  2  0.552633  0.101669  15671.3  -4.93038e-32  0  1
67  2  0.531073  0.105252  15627.5  0  0  1
68  2  0.509434  0.108323  15575.3  0  0  1
69  2  0.487729  0.11088  15561.1  0  0  1
70  2  0.46597  0.112932  15532.6  0  0  1
71  2  0.444171  0.1145  15502.1  -6.36574e-16  3.39246e-17  1
72  2  0.422342  0.115585  15497.9  0  0  1
73  2  0.400495  0.116198  15531.4  0  0  1
74  2  0.37864  0.116374  15604.8  0  0  1
75  2  0.356785  0.116119  15607.6  -4.75271e-16  -1.54674e-17  1
76  2  0.334941  0.115428  15615.9  0  0  1
77  2  0.313115  0.114288  15644.7  0  0  1
78  2  0.291317  0.112692  15656.8  0  0  1
79  2  0.269559  0.110631  15743.1  0  0  1
80  2  0.247852  0.108086  15771  0  0  1
81  2  0.226212  0.105026  15795.3  0  0  1
82  2  0.204656  0.101419  15915.8  0  0  1
83  2  0.183206  0.097227  16008  2.23818e-16  4.7041e-17  1
84  2  0.161888  0.0924137  16128.6  0  0  1
85  2  0.14073  0.0869362  16248.1  0  0  1
86  2  0.119771  0.0807429  16424.3  0  0  1
87  2  0.0990544  0.0737822  16597.5  0  0  1
88  2  0.0786754  0.0658913  16770.8  -8.07888e-17  -9.86064e-18  1
89  2  0.0588366  0.0567316  17125.6  0  0  1
90  2  0.0398186  0.0459772  17438.9  0  0  1
91  2  0.0220319  0.0333002  17914.6  0  0  1
92  2  0.00694244  0.0175908  18046.4  -7.69437e-18  3.19482e-18  1
93  2  0.00042256  -0.00266554  14898.5  0  0  1
94  2  0.0196746  -0.0117776  13392.6  5.01433e-16  -1.57418e-16  1
95  2  0.0410692  -0.0162116  14852.6  0  0  1
96  2  0.0626936  -0.0193752  15077.5  1.38499e-16  -2.72628e-17  1
97  2  0.0844081  -0.0218541  15241.2  0  0  1
98  2  0.106173  -0.0238495  15380.5  0  0  1
99  2  0.127965  -0.0255088  15551.8  0  0  1
100  2  0.149774  -0.0269439  15586.6  0  0  1
101  2  0.171596  -0.0281653  15648.1  2.09478e-16  -1.73598e-17  1
102  2  0.193428  -0.0291941  15704.3  0  0  1
103  2  0.215265  -0.030096  15754  2.01493e-16  -1.32202e-17  1
104  2  0.237107  -0.0308945  15809.8  0  0  1
105  2  0.258952  -0.031595  15814.2  0  0  1
106  2  0.2808  -0.0322  15852.2  4.93038e-32  0  1
107  2  0.30265  -0.0327161  15901.3  0  0  1
108  2  0.324502  -0.0331279  15930.2  1.77775e-16  -7.44066e-18  1
109  2  0.346356  -0.0334402  15933.4  0  0  1
110  2  0.368211  -0.0336601  15957.7  1.71155e-16  -4.77958e-18  1
111  2  0.390066  -0.0338124  15993.2  0  0  1
112  2  0.411922  -0.0339012  16014  -1.54513e-16  2.36062e-18  1
113  2  0.433778  -0.0339301  16025.9  0  0  1
114  2  0.455634  -0.0339037  16043.7  3.20913e-16  -4.02608e-18  1
115  2  0.47749  -0.0338023  16058.9  0  0  1
116  2  0.499345  -0.0336171  16074.2  0  0  1
117  2  0.5212  -0.0333344  16088.9  0  0  1
118  2  0.543053  -0.0329653  16090.8  0  0  1
119  2  0.564904  -0.0325083  16107.7  0  0  1
120  2  0.586753  -0.0319525  16136.4  0  0  1
121  2  0.608598  -0.0312636  16160  0  0  1
122  2  0.630438  -0.0304154  16151.2  0  0  1
123  2  0.652269  -0.0293694  16177  0  0  1
124  2  0.674086  -0.0280777  16229.6  1.3771e-16  3.75253e-18  1
125  2  0.695886  -0.0265066  16255.5  0  0  1
126  2  0.71766  -0.0246183  16285.6  -3.69024e-16  -1.91441e-17  1
127  2  0.739396  -0.0223326  16308.9  0  0  1
128  2  0.76108  -0.0195997  16345.6  1.0818e-16  8.57567e-18  1
129  2  0.782704  -0.016423  16384.8  0  0  1
130  2  0.804272  -0.0128878  16392  0  0  1
131  2  0.825829  -0.00928316  16416.2  3.44953e-17  -4.45084e-18  1
132  2  0.847419  -0.00588768  16427  0  0  1
133  2  0.869079  -0.00296827  16441.8  1.06452e-16  8.21387e-18  1
134  2  0.89082  -0.000740792  16491.2  0  0  1
135  2  0.912626  0.000712917  16518.6  0  0  1
136  2  0.93447  0.00141797  16519.7  0  0  1
137  2  0.956326  0.00149631  16546.5  0  0  1
138  2  0.978173  0.000909964  16591.3  -2.64425e-16  -1.96259e-17  1
268  0  0.96194  -0.865026  16449.3  1.96803  -0.152308  1
269  0  1.10789  0.788339  16449.6  1.84958  -0.19719  1
270  0  0.0154779  -0.977503  16432.4  2.02224  -0.203501  1
271  0  0.235272  1.01287  16475.6  1.82824  -0.0402158  1
272  0  -0.689373  0.701527  16640.5  1.95349  -0.210623  1
273  0  0.46917  -0.596501  16351.2  2.03796  -0.156445  1
274  0  0.00773731  -0.502732  16357.7  2.04894  -0.219363  1
275  0  0.876257  -0.428159  16432.1  1.99184  -0.0905365  1
276  0  -0.121941  0.61217  16588.2  1.86886  0.00466778  1
277  0  0.331874  0.557723  16383.3  1.92258  -0.0506533  1
278  0  0.749153  0.504015  16357.5  1.91702  -0.191165  1
279  0  1.03842  0.327825  16460.8  1.8524  -0.244808  1
280  0  -0.521133  0.176385  16669.3  1.91447  -0.218369  1
281  0  -0.934158  -0.687876  16530.4  1.98759  -0.339261  1
282  0  0.293284  -0.320766  16186.2  2.13795  -0.175169  1
283  0  0.559751  -0.30874  16268.9  2.09974  -0.0887083  1
284  0  0.127654  0.357015  16483.1  1.91129  0.0764111  1
285  0  -0.126558  0.24853  16819.9  1.78488  -0.0157543  1
286  0  0.0778153  -0.257266  16169.1  2.13744  -0.283572  1
287  0  -0.387395  -0.275214  16544.3  1.96392  -0.263633  1
288  0  0.741987  -0.238057  16353.1  2.0561  -0.035733  1
289  0  0.980975  -0.221765  16522.7  1.95903  -0.0306894  1
290  0  0.506263  0.388623  16220.5  2.00152  -0.126407  1
291  0  0.308266  0.301034  16181.7  2.04126  0.0309685  1
292  0  0.829896  0.263126  16355.7  1.89837  -0.279649  1
293  0  -0.0525564  -0.159656  16342.9  2.04856  -0.404995  1
294  0  -0.266027  0.00979653  16742.8  1.84656  -0.233486  1
295  0  0.64624  0.265003  16172  2.00618  -0.250725  1
296  0  0.218562  -0.174131  15998.2  2.22307  -0.205562  1
297  0  0.378043  -0.190994  16095.2  2.18009  -0.115372  1
298  0  0.512023  -0.168826  16165.1  2.15326  -0.061834  1
299  0  0.957094  0.164238  16479.4  1.85074  -0.298516  1
300  0  1.22477  0.140667  16583.6  1.8346  -0.224142  1
301  0  1.30518  -0.519615  16496.5  1.92034  -0.123697  1
302  0  0.85729  -0.14663  16441.2  2.00539  0.0123428  1
303  0  1.24538  -0.146229  16577.3  1.80812  -0.0670048  1
304  0  0.193674  0.243681  16313.8  1.9855  0.144744  1
305  0  0.0602175  0.206529  16702.4  1.80348  0.193194  1
306  0  0.625784  -0.136844  16220.8  2.12447  -0.0167325  1
307  0  -0.0430736  0.145183  17080.5  1.61836  0.0439002  1
308  0  -0.108296  0.0435051  17079.5  1.62223  -0.252117  1
309  0  0.963399  -0.113681  16553.9  1.85495  0.02771  1
310  0  0.843388  0.150153  16387.6  1.94065  -0.342803  1
311  0  0.744397  0.16822  16267  1.99106  -0.350679  1
312  0  0.539167  0.217738  15967.2  2.12685  -0.213581  1
313  0  0.41651  0.23662  15963  2.13875  -0.0630922  1
314  0  0.129154  -0.127887  15860.2  2.25404  -0.287464  1
315  0  0.0381114  -0.111914  15919.9  2.20301  -0.451987  1
316  0  0.715022  -0.120931  16302.9  2.06059  0.00996558  1
317  0  1.46656  0.503505  16489.4  1.84718  -0.214645  1
318  0  0.656294  0.178918  16097.5  2.07501  -0.333458  1
319  0  -0.361822  -0.737093  16471.7  2.02432  -0.237832  1
320  0  0.454272  -1.10102  16435.6  1.99636  -0.196147  1
321  0  0.28418  -0.128031  15966.1  2.22535  -0.151576  1
322  0  -1.2667  0.253011  16621.1  1.97606  -0.339674  1
323  0  -0.295712  1.11905  16552.4  1.85845  0.0564602  1
324  0  0.445499  -0.120484  16085.5  2.19045  -0.0718791  1
325  0  1.01039  0.0926919  16554.9  1.89144  -0.310237  1
326  0  0.269129  0.199113  16052.7  2.11008  0.143263  1
327  0  0.591952  0.848733  16423  1.86713  -0.125374  1
328  0  -0.87633  -0.200961  16577.7  1.9764  -0.343085  1
329  0  0.779294  -0.0945597  16364.3  1.88732  0.0402406  1
330  0  0.201304  -0.103312  15863.2  2.27621  -0.200882  1
331  0  0.357021  -0.100094  15996.8  2.18345  -0.0971286  1
332  0  0.342083  0.182287  15871.2  2.24321  0.0609112  1
333  0  0.898086  0.0924533  16484.3  1.93071  -0.358396  1
334  0  0.846845  -0.072578  16429.3  1.58988  0.057342  1
335  0  0.550937  -0.108642  16147.2  2.12177  -0.025958  1
336  0  0.913584  1.38502  16448.5  1.79993  -0.191735  1
337  0  0.153812  0.177114  16381.1  1.9586  0.271825  1
338  0  -0.548043  -1.43211  16475  1.99825  -0.238748  1
339  0  -0.026496  -0.0720756  16278.8  1.96223  -0.625936  1
340  0  0.0364187  0.128569  17038  1.64038  0.296727  1
341  0  -0.36029  0.42497  16669.4  1.8865  -0.0953223  1
342  0  0.903538  -0.0627371  16498.1  1.46274  0.0615148  1
343  0  -0.93915  1.31591  16622.8  1.96512  -0.30045  1
344  0  0.48319  0.179157  15804.3  2.26908  -0.171986  1
345  0  0.575617  0.165449  15918.7  2.2179  -0.308849  1
346  0  -0.0862851  -0.345611  16377.7  2.03017  -0.267908  1
347  0  -1.23657  0.854896  16656.2  1.97735  -0.332909  1
348  0  0.79268  0.108792  16359.7  2.01974  -0.393159  1
349  0  0.55072  0.580317  16353.1  1.92216  -0.131195  1
350  0  0.23902  -0.561983  16328.4  2.0586  -0.18753  1
351  0  0.983993  -1.50084  16470  1.97291  -0.211194  1
352  0  -0.0333858  0.0714971  17503  1.34494  -0.0917233  1
353  0  0.662679  -0.0780597  16216.4  1.77323  0.0293032  1
354  0  -1.17674  -1.33921  16495.1  1.97886  -0.330745  1
355  0  0.658538  -0.497973  16362.6  2.03072  -0.113144  1
356  0  1.12965  0.0404009  16654.3  1.64419  -0.240863  1
357  0  1.09992  -0.0932078  16642  1.59744  -0.0210583  1
358  0  1.42863  -1.02145  16472.8  1.92665  -0.177122  1
359  0  0.654971  -0.783538  16409  2.00119  -0.157468  1
360  0  -0.129037  -0.0679607  16681.2  1.84755  -0.396173  1
361  0  0.427125  -0.316107  16215.5  2.12632  -0.126438  1
362  0  0.686492  0.125021  16140.6  2.10692  -0.407282  1
363  0  0.229766  0.159314  16008.3  2.20566  0.252195  1
364  0  0.488245  -0.079692  16075.4  1.90586  -0.034461  1
365  0  0.0941431  -0.0732154  15571.1  2.32669  -0.33629  1
366  0  0.409239  0.178985  15778.2  2.28535  -0.0515103  1
367  0  0.0919449  0.125435  16687  1.8099  0.425566  1
368  0  0.309095  -0.84408  16396.8  2.02528  -0.192383  1
369  0  0.158501  -0.0756604  15699.6  2.24586  -0.228899  1
370  0  -1.42632  -0.400014  16563.3  1.9786  -0.332518  1
371  0  0.599241  -0.0812628  16172.8  1.89181  0.00530124  1
372  0  0.116551  -1.49508  16466.1  2.01777  -0.213015  1
373  0  0.119456  0.606242  16489.7  1.88855  0.00113829  1
374  0  0.246755  -0.0797402  15851.7  2.18962  -0.148749  1
375  0  0.99366  -0.0587049  16605.5  1.37935  0.0654693  1
376  0  1.38232  1.20528  16464.1  1.82323  -0.224677  1
377  0  0.856141  -0.263118  16431.7  2.01047  -0.0406525  1
378  0  0.31091  -0.0744302  15925  2.04473  -0.0997777  1
379  0  0.399733  -0.0782816  16005.2  1.96527  -0.0644134  1
380  0  0.524025  0.152206  15757.1  2.31709  -0.262174  1
381  0  0.989614  0.566301  16431.8  1.8748  -0.208335  1
382  0  0.850462  0.0797484  16426.5  1.79462  -0.35924  1
383  0  0.937147  0.0569017  16529.7  1.66484  -0.313977  1
384  0  0.712074  -0.0700154  16272.6  1.6071  0.048963  1
385  0  -0.885752  0.349092  16638.7  1.95915  -0.308593  1
386  0  0.0441913  -0.0651848  15485  2.3056  -0.540099  1
387  0  -0.0406666  0.0211131  17463.7  1.41741  -0.520874  1
388  0  -0.0126826  0.85149  16525.4  1.86683  0.00420721  1
389  0  0.896144  0.41147  16398.2  1.89245  -0.230376  1
390  0  0.0521299  1.42827  16459.2  1.68822  0.0289798  1
391  0  0.141037  -0.38588  16249.6  2.09919  -0.21828  1
392  0  1.10922  -0.435784  16495.5  1.94367  -0.0968042  1
393  0  0.742058  0.103227  16263  1.94932  -0.396658  1
394  0  1.59989  0.0630098  16518.5  1.83032  -0.171199  1
395  0  -0.321774  0.219912  16738.4  1.86175  -0.131997  1
396  0  0.646226  -0.24801  16298.1  2.0842  -0.0511359  1
397  0  0.722698  -0.369528  16364.2  2.04105  -0.0808746  1
398  0  0.526346  1.25747  16442.6  1.75533  -0.120683  1
399  0  1.08803  0.180263  16528.5  1.82616  -0.255678  1
400  0  0.0670392  -0.708954  16387.1  2.04544  -0.1996  1
401  0  0.61668  0.136569  15944.4  2.19091  -0.376884  1
402  0  0.627899  0.410266  16269.9  1.96954  -0.179595  1
403  0  -0.380516  0.734973  16612.7  1.90956  -0.0523595  1
404  0  -0.204574  -0.546775  16437.9  2.023  -0.230965  1
405  0  0.971151  0.0456749  16551.2  1.59557  -0.297161  1
406  0  -0.50063  -0.0504238  16632.6  1.93487  -0.255975  1
407  0  0.947  -0.0400435  16533.6  1.05042  0.052214  1
408  0  0.30297  0.156583  15814.2  2.32084  0.146307  1
409  0  0.364797  -0.466572  16283  2.08159  -0.162508  1
410  0  -0.00986958  0.31097  16687.2  1.83063  0.0672331  1
411  0  0.301038  -0.19546  16059.9  2.20175  -0.156934  1
412  0  0.810354  0.730925  16414  1.87242  -0.177321  1
413  0  0.239403  0.439258  16387.5  1.94068  0.0103849  1
414  0  1.63065  -0.345459  16507.1  1.86997  -0.131139  1
415  0  -0.643513  -0.480993  16529.9  1.99217  -0.308928  1
416  0  -0.141594  0.157768  16923.4  1.73578  -0.0788213  1
417  0  0.756519  0.352099  16314.2  1.93793  -0.23504  1
418  0  -0.214926  -0.212849  16520.7  1.96547  -0.28979  1
419  0  0.503309  -0.441259  16304.3  2.06842  -0.128966  1
420  0  0.37963  0.429529  16273.3  1.9829  -0.0548557  1
421  0  0.972275  -0.649493  16449  1.96461  -0.127027  1
422  0  1.19872  0.304373  16510.2  1.82821  -0.227971  1
423  0  0.444756  -0.0750821  16047  1.88858  -0.0422443  1
424  0  -1.47796  1.34325  16731.1  1.96654  -0.317938  1
425  0  0.532797  -0.0728991  16100.5  1.74034  -0.0162281  1
426  0  0.774196  -0.157919  16365.5  2.06162  0.00304958  1
427  0  0.858026  1.03804  16443  1.8168  -0.167727  1
428  0  0.291233  0.755703  16445.8  1.88551  -0.0497964  1
429  0  0.93927  0.277339  16434.6  1.8599  -0.265612  1
430  0  0.173898  -0.28903  16168.8  2.14434  -0.226293  1
431  0  0.138238  0.129277  16389.2  1.98325  0.418819  1
432  0  0.577368  -1.54909  16463.4  2.01178  -0.204217  1
433  0  0.188386  0.140367  16136.7  2.14509  0.359347  1
434  0  -0.133552  0.408418  16674.1  1.84843  -0.000519605  1
435  0  0.752903  -0.0597261  16333.3  1.43568  0.0537353  1
436  0  1.0316  0.0478958  16607.9  1.70547  -0.297526  1
437  0  0.801641  -0.0498016  16394.8  1.21089  0.0558388  1
438  0  0.45642  -0.240978  16181.2  2.14715  -0.100834  1
439  0  0.028562  0.0890875  17292.8  1.43253  0.371475  1
440  0  -0.6377  0.427977  16646.3  1.93982  -0.232002  1
441  0  0.143275  -0.214258  16060.2  2.1989  -0.261911  1
442  0  0.405085  0.346435  16177.2  2.03458  -0.0607652  1
443  0  0.579112  -0.208439  16228.2  2.12016  -0.0530115  1
444  0  -1.35025  -0.877449  16524.1  1.97803  -0.332024  1
445  0  -0.508502  1.53201  16516.5  1.78698  0.126635  1
446  0  0.684583  -0.185683  16297.6  2.09228  -0.02529  1
447  0  -0.0433965  -0.0291144  16651.9  1.67426  -0.723274  1
448  0  -0.657036  -0.991354  16493.1  2.00489  -0.288337  1
449  0  -0.312957  -1.03368  16464.7  2.0206  -0.221273  1
450  0  1.08091  -0.013802  16686.2  1.18508  -0.116296  1
451  0  -0.803464  0.0284693  16614  1.96066  -0.321543  1
452  0  0.968907  -0.369355  16472.7  1.97323  -0.0762092  1
453  0  0.362902  0.154767  15743.6  2.35305  0.0407874  1
454  0  0.814986  -0.6137  16419.1  1.98764  -0.124637  1
455  0  0.567124  0.306016  16140.6  2.03458  -0.186312  1
456  0  1.13958  0.49006  16464.2  1.85779  -0.21655  1
457  0  0.460143  0.15443  15706.1  2.35469  -0.151484  1
458  0  1.45716  -1.57381  16473  1.92923  -0.228109  1
459  0  0.202871  -0.0650825  15771.5  2.12545  -0.165664  1
460  0  1.49618  0.90586  16469.9  1.8396  -0.223063  1
461  0  0.213873  0.355043  16368.6  1.95885  0.0540078  1
462  0  0.0740296  -0.177655  16038.5  2.20306  -0.335537  1
463  0  0.481539  0.287656  16073.2  2.07848  -0.124183  1
464  0  0.404972  -0.128835  16066.7  2.19889  -0.0890121  1
465  0  0.889836  0.0579533  16502.3  1.62417  -0.321978  1
466  0  0.859248  -0.0411788  16439.7  1.01931  0.0469729  1
467  0  0.889556  0.222565  16405.7  1.86858  -0.289124  1
468  0  0.353408  -0.290783  16170.5  2.15122  -0.149408  1
469  0  0.109151  0.281252  16525.2  1.89195  0.13075  1
470  0  0.804491  0.0812644  16379.5  1.76396  -0.366838  1
471  0  0.729731  0.250653  16250.8  1.95394  -0.285527  1
472  0  1.42653  0.228949  16528.7  1.83771  -0.200752  1
473  0  -0.70157  1.10201  16605.5  1.96043  -0.164979  1
474  0  1.135  -0.245622  16555.2  1.93106  -0.0589139  1
475  0  0.451722  0.716036  16408.6  1.89367  -0.0958809  1
476  0  0.800326  -1.18943  16451.6  1.98652  -0.174964  1
477  0  0.356973  -0.069918  15973.6  1.936  -0.0722672  1
478  0  0.430429  -0.189581  16126  2.16602  -0.0954218  1
479  0  1.19729  -1.16637  16467.8  1.95389  -0.187216  1
480  0  -0.07201  1.17169  16510.4  1.78599  0.0494636  1
481  0  0.248366  -0.134676  15953  2.23007  -0.175587  1
482  0  0.642887  -0.061898  16181.8  1.55971  0.0324305  1
483  0  0.012589  -0.355525  16301.5  2.06896  -0.256563  1
484  0  1.24062  -0.817513  16472.2  1.93442  -0.154076  1
485  0  1.59362  -0.789453  16478.1  1.90315  -0.164137  1
486  0  -0.0117759  -0.212228  16232.7  2.10103  -0.35499  1
487  0  0.249907  -1.15998  16441.1  2.00494  -0.213048  1
488  0  -1.68829  0.493774  16641.9  1.97919  -0.31912  1
489  0  0.114249  -0.059584  15616.1  2.27389  -0.27966  1
490  0  -0.00638798  0.237615  16787.5  1.77549  0.0994857  1
491  0  -0.217679  -0.396208  16451.9  2.00083  -0.251779  1
492  0  0.335738  -0.162483  16044.2  2.19999  -0.130372  1
493  0  0.593782  1.69226  16433.1  1.83675  -0.203079  1
494  0  0.951141  0.11785  16508.7  1.92354  -0.323773  1
495  0  -0.024414  0.411267  16621.1  1.85747  0.037725  1
496  0  0.570119  0.135638  15832.7  2.26586  -0.33869  1
497  0  0.609723  0.225129  16082.9  2.05313  -0.261712  1
498  0  0.794623  0.167993  16330.7  1.94772  -0.341133  1
499  0  -0.608873  -0.282457  16562.4  1.97279  -0.300553  1
500  0  -0.00875155  -0.0408747  15891.8  1.9639  -0.922717  1
501  0  0.930587  -0.181345  16497.2  1.9802  -0.0106912  1
502  0  0.319928  0.246628  16064.4  2.09651  0.043688  1
503  0  0.247482  0.2639  16221  2.02511  0.097828  1
504  0  0.658826  0.112358  16060.7  2.00405  -0.400826  1
505  0  0.69862  0.098945  16158.8  1.85776  -0.392467  1
506  0  0.253642  0.142309  15924.8  2.28528  0.246188  1
507  0  0.904053  -0.110716  16490.1  1.88256  0.0347333  1
508  0  0.277755  -0.0712393  15888.9  2.07357  -0.113675  1
509  0  0.237713  -0.277225  16135.6  2.16532  -0.198031  1
510  0  0.568208  -0.0680677  16128.1  1.69654  -0.00419633  1
511  0  -0.065392  -1.31368  16462.2  2.01341  -0.211255  1
512  0  -1.23498  -0.131539  16585  1.97963  -0.344654  1
513  0  1.17818  1.12684  16451.9  1.81112  -0.207245  1
514  0  -0.42713  -0.493494  16500.5  1.9987  -0.267335  1
515  0  -0.244973  0.337751  16717.8  1.8524  -0.0616976  1
516  0  1.07176  0.0946129  16576.4  1.85163  -0.278758  1
517  0  0.0617582  0.105228  16967.3  1.65363  0.435958  1
518  0  -0.972594  0.651464  16644  1.97606  -0.307796  1
519  0  -1.64783  0.00829693  16598.8  1.97872  -0.319862  1
520  0  1.36844  0.0239423  16577.8  1.73876  -0.162185  1
521  0  0.89582  0.152458  16429.3  1.89354  -0.325802  1
522  0  -0.197909  -0.737206  16442.1  2.03257  -0.217954  1
523  0  1.39873  -0.342943  16531.8  1.89617  -0.102749  1
524  0  -0.0133539  0.046543  17859.9  1.03316  -0.0340799  1
525  0  0.170265  -0.152837  15930  2.24217  -0.242449  1
526  0  0.332756  0.153998  15780.5  2.34796  0.091842  1
527  0  0.476541  -0.815182  16397.5  2.01604  -0.178717  1
528  0  0.472908  0.476767  16295  1.96211  -0.103246  1
529  0  -0.249417  -1.56288  16470.6  2.01083  -0.204769  1
530  0  0.83008  -0.0492523  16400.6  1.20175  0.0478146  1
531  0  0.670857  -0.132315  16262.3  2.09985  -0.000969731  1
532  0  1.2775  1.59575  16466.3  1.88414  -0.239708  1
533  0  1.04056  -0.161225  16562  1.91044  -0.0354689  1
534  0  -0.251861  -0.109104  16630.8  1.91305  -0.28114  1
535  0  -0.848094  -1.56184  16487.1  1.98584  -0.289519  1
536  0  0.501611  0.132967  15619.9  2.10465  -0.212873  1
537  0  0.0230544  -0.0379439  15112.8  2.25825  -0.708949  1
538  0  0.219251  -0.451586  16276.7  2.08612  -0.1943  1
539  0  0.791679  -0.319059  16394  2.02955  -0.061186  1
540  0  -1.03352  0.109644  16613.1  1.97008  -0.341663  1
541  0  0.82836  -0.203891  16416.4  2.02601  -0.0160754  1
542  0  0.41175  0.144204  15596  2.24222  -0.0394474  1
543  0  -0.0940282  0.100602  17100.3  1.64082  -0.123471  1
544  0  0.39384  0.909528  16445.2  1.85712  -0.0772924  1
545  0  0.687131  -0.0548916  16246.4  1.2934  0.0448805  1
546  0  0.903152  -0.0271902  16503.4  0.659341  0.0377901  1
547  0  0.69054  0.202855  16186.7  1.9936  -0.315122  1
548  0  0.519251  -0.233203  16209.2  2.12946  -0.0770446  1
549  0  0.631142  -0.0958529  16191.7  1.98006  0.00710287  1
550  0  -1.12167  -0.406754  16559.4  1.98049  -0.347628  1
551  0  0.621775  -0.393568  16327.4  2.05893  -0.0971755  1
552  0  0.292254  1.31698  16443.1  1.71844  -0.0665562  1
553  0  -1.00012  -1.03984  16508.2  1.98553  -0.325872  1
554  0  0.513927  -0.125727  16133.2  2.16723  -0.0491547  1
555  0  0.759745  0.0790227  16301.1  1.51273  -0.324584  1
556  0  0.0702266  -0.0487896  15387.6  2.19665  -0.388057  1
557  0  0.726231  0.133782  16234.3  2.0836  -0.395388  1
558  0  -1.56503  -1.56503  16473.5  1.98167  -0.323141  1
559  0  0.351162  -0.691069  16364.8  2.03918  -0.179039  1
560  0  -0.402824  0.095096  16701.1  1.89136  -0.20498  1
561  0  0.573035  -0.156534  16204.2  2.14268  -0.0390619  1
562  0  1.03075  -0.0369815  16662.3  1.05087  0.0161154  1
563  0  0.126426  -0.0905752  15716.1  2.29799  -0.286429  1
564  0  -0.987863  0.973658  16636.5  1.9806  -0.314252  1
565  0  0.0162203  0.0563604  17663.9  1.07912  0.368936  1
566  0  0.615429  -0.646362  16381.3  2.0148  -0.145025  1
567  0  0.827192  -0.121078  16413.2  1.98931  0.0258439  1
568  0  -0.21296  0.0693717  16831.6  1.79157  -0.195368  1
569  0  1.0099  0.231949  16481.1  1.83238  -0.265995  1
570  0  0.466678  -0.0588472  16062.8  1.50321  -0.0259635  1
571  0  0.422817  -0.0588943  16018.9  1.55023  -0.0376917  1
572  0  -0.70622  0.225507  16644.2  1.94137  -0.276971  1
573  0  -0.0895896  -0.240485  16385.4  2.02408  -0.322283  1
574  0  0.692398  0.630906  16377.6  1.90109  -0.16418  1
575  0  0.833601  0.201078  16363.6  1.8893  -0.309801  1
576  0  0.122931  0.10861  16423.6  1.87221  0.486911  1
577  0  0.166962  0.119444  16169.9  2.01598  0.423708  1
578  0  0.115433  0.162243  16545.5  1.88097  0.318412  1
579  0  0.123531  0.220798  16503.7  1.89852  0.205863  1
580  0  0.211479  0.129098  15964.7  2.11922  0.336468  1
581  0  1.0137  0.442611  16440.6  1.86917  -0.226795  1
582  0  0.460539  0.2406  15969.3  2.13044  -0.116206  1
583  0  0.510589  -0.057927  16086.4  1.43769  -0.016518  1
584  0  0.731123  -0.0474892  16302.5  1.10021  0.0373958  1
585  0  -1.69545  1.08674  16702.4  1.97419  -0.316756  1
586  0  0.775444  -0.0421901  16365.4  0.932188  0.0435593  1
587  0  0.987946  -0.0268911  16592.9  0.750689  0.0538743  1
588  0  -1.19016  1.56704  16752.4  1.94707  -0.334327  1
589  0  0.126596  -0.503182  16318.6  2.06534  -0.205045  1
590  0  0.366837  0.282418  16099  2.07701  -0.0151932  1
591  0  0.0810219  -0.132423  15875.7  2.24604  -0.357085  1
592  0  0.826404  0.105238  16400.2  1.98772  -0.378196  1
593  0  0.740249  -0.090817  16312.9  1.83084  0.0358953  1
594  0  -0.0608434  -0.628444  16401.7  2.04004  -0.21222  1
595  0  -0.640437  -0.745031  16499.9  2.00767  -0.29768  1
596  0  0.140186  0.498786  16475.8  1.90196  0.0179286  1
597  0  0.712634  -0.29022  16346.7  2.05861  -0.0559731  1
598  0  0.996243  -0.505499  16461.8  1.96312  -0.103872  1
599  0  0.19774  0.171682  16186.8  2.06164  0.25433  1
600  0  0.228853  0.215502  16180.8  2.04778  0.162291  1
601  0  -0.0877149  -0.00410647  16934.5  1.65082  -0.410995  1
602  0  0.828624  0.351132  16357.6  1.91168  -0.246212  1
603  0  1.26245  0.633969  16469.7  1.85141  -0.209588  1
604  0  1.6887  0.36002  16498.6  1.86322  -0.205301  1
605  0  0.950282  0.0306926  16540.3  1.14775  -0.22324  1
606  0  -1.47581  -1.2014  16500.8  1.98031  -0.32834  1
607  0  0.181905  -0.0531492  15702.4  1.88681  -0.156363  1
608  0  -0.216425  0.220985  16800.7  1.81332  -0.0857957  1
609  0  0.77133  0.215602  16302.1  1.92249  -0.305657  1
610  0  0.225321  -0.0542189  15811.3  1.81489  -0.119077  1
611  0  -0.186181  0.765738  16571.6  1.88177  0.00400459  1
612  0  0.991745  0.0252227  16563.9  1.20189  -0.23367  1
613  0  0.585702  -0.11568  16179  2.1128  -0.019333  1
614  0  0.268258  -0.168073  16006.7  2.21471  -0.170018  1
615  0  1.02405  0.155484  16527.6  1.84346  -0.280464  1
616  0  -0.495876  0.571785  16643.8  1.91298  -0.130283  1
617  0  0.761332  -0.469073  16396.3  2.01049  -0.102599  1
618  0  0.495418  -0.292921  16229.3  2.12146  -0.101798  1
619  0  1.67759  0.664575  16478.1  1.85569  -0.22434  1
620  0  0.866768  0.0517626  16459.7  1.31711  -0.267135  1
621  0  0.90853  0.040596  16529.9  1.2296  -0.245928  1
622  0  -0.10887  -0.462684  16397.1  2.02943  -0.234801  1
623  0  0.391571  0.212414  15909.7  2.18165  -0.0289657  1
624  0  0.765338  0.135513  16304.2  2.04659  -0.3858  1
625  0  0.597381  -0.0552041  16152.8  1.29231  0.0153394  1
626  0  -0.0731054  -0.0675632  16617.2  1.85088  -0.49562  1
627  0  0.335109  -0.0556215  15930.4  1.60126  -0.0670195  1
628  0  1.01302  -0.101818  16628.7  1.72182  0.0147954  1
629  0  0.378886  -0.0562336  15993.8  1.54162  -0.0430507  1
630  0  0.866396  0.526796  16395.4  1.89543  -0.205066  1
631  0  -0.440527  0.300252  16688.8  1.89546  -0.157782  1
632  0  0.452332  0.190392  15829  2.24134  -0.117991  1
633  0  0.823308  0.0600219  16430.1  1.33613  -0.284808  1
634  0  -0.216696  0.502351  16643.6  1.86535  -0.025345  1
635  0  0.545532  0.126415  15712.9  2.05172  -0.280156  1
636  0  0.168385  -0.109953  15830.2  2.27214  -0.236406  1
637  0  0.589327  0.118329  15852.9  1.94504  -0.335329  1
638  0  0.783737  -0.958459  16436.4  1.98306  -0.162348  1
639  0  0.589656  -0.944745  16423.1  1.99429  -0.176813  1
640  0  1.65457  1.48267  16474.8  1.88053  -0.238607  1
641  0  0.939515  -0.0775697  16524.8  1.59532  0.0571968  1
642  0  -1.65725  -0.688797  16544.3  1.97744  -0.318761  1
643  0  -0.0131188  -0.121836  16154.5  2.09508  -0.497399  1
644  0  -0.00998578  0.109186  17242  1.53957  0.141395  1
645  0  0.137862  -0.0522975  15618.1  2.01027  -0.209323  1
646  0  -0.258461  1.36554  16526.7  1.74113  0.130601  1
647  0  -0.231189  1.69573  16364.8  1.68611  0.172679  1
648  0  -1.33124  0.523386  16639.5  1.98059  -0.331377  1
649  0  0.647201  0.493364  16325.5  1.93614  -0.16994  1
650  0  -0.569111  -1.71136  16475.4  2.00018  -0.229351  1
651  0  0.473489  -0.148495  16121.2  2.17382  -0.070589  1
652  0  0.0231249  -0.161101  16086.1  2.16747  -0.396962  1
653  0  0.931044  0.863147  16436  1.84745  -0.182524  1
654  0  0.101511  -0.318892  16218  2.11268  -0.251901  1
655  0  0.370771  -1.35542  16452.9  2.0135  -0.209561  1
656  0  -0.161065  0.00740086  16861.4  1.74386  -0.289275  1
657  0  0.27814  0.13415  15785.6  2.16387  0.202371  1
658  0  -0.148082  -0.155262  16534.7  1.95259  -0.350129  1
659  0  0.234987  0.537767  16421.7  1.91603  -0.0134801  1
660  0  0.633177  0.107459  15967.9  1.78632  -0.349386  1
661  0  0.864998  -0.348394  16431.9  2.00418  -0.0681913  1
662  0  0.0566665  -0.602178  16365.3  2.04964  -0.204106  1
663  0  0.87049  0.112742  16425.5  1.97886  -0.362313  1
664  0  0.675697  0.0946449  16106.2  1.57818  -0.337061  1
665  0  0.19255  -0.697934  16372.5  2.04523  -0.192202  1
666  0  0.716723  0.0852587  16231.8  1.50282  -0.331289  1
667  0  0.323195  -0.114595  15981  2.21525  -0.123233  1
668  0  1.0681  -0.317482  16513.1  1.94705  -0.0703457  1
669  0  0.611922  0.172927  16016.1  2.14209  -0.322153  1
670  0  0.361106  -0.365583  16228.9  2.1144  -0.155557  1
671  0  0.640496  -0.317998  16310.5  2.07716  -0.0742074  1
672  0  0.434307  0.136206  15573.6  2.14928  -0.0891412  1
673  0  0.708973  0.164993  16201.8  2.04167  -0.359269  1
674  0  -0.370162  -0.0700162  16649.3  1.91497  -0.248241  1
675  0  0.388182  0.137679  15652  2.18067  0.0101889  1
676  0  1.69109  -1.34801  16472.5  1.90935  -0.211744  1
677  0  0.478818  0.132792  15614.5  2.10357  -0.17265  1
678  0  -0.00777089  0.69939  16537.2  1.87467  0.00754112  1
679  0  -0.842809  1.65809  16648.1  1.91028  -0.153835  1
680  0  0.632525  0.33438  16216  1.9934  -0.207694  1
681  0  0.311808  1.60209  16410.2  1.75626  -0.12008  1
682  0  0.734191  -0.162953  16326.9  2.08133  -0.00694634  1
683  0  0.66138  -0.0492902  16206  1.12605  0.0432372  1
684  0  0.631265  -0.199662  16263.7  2.10547  -0.040457  1
685  0  -0.284024  0.12359  16781.9  1.83522  -0.161201  1
686  0  0.437254  0.583183  16365.6  1.92217  -0.0888632  1
687  0  -0.79042  -1.25167  16488.5  1.98876  -0.291017  1
688  0  0.0488475  -0.0385306  15062.3  2.23441  -0.486434  1
689  0  0.00277892  0.17276  16949.9  1.67278  0.149347  1
690  0  0.969706  0.0837587  16531.4  1.89759  -0.331616  1
691  0  0.097527  -0.0444185  15409.1  2.06302  -0.273948  1
692  0  0.295535  0.379832  16290.7  1.98591  0.00306342  1
693  0  0.126839  -0.84089  16406.7  2.0314  -0.197934  1
694  0  0.845363  -0.760379  16430.2  1.98249  -0.142574  1
695  0  0.708495  -0.045421  16256.3  1.01828  0.0397913  1
696  0  0.102857  0.0967738  16606.4  1.76241  0.531903  1
697  0  -0.0110873  0.0180132  17860.4  0.790905  -0.576754  1
698  0  0.877189  -0.0842539  16466.4  1.7251  0.0558719  1
699  0  0.236676  0.127507  15843.4  2.09802  0.28046  1
700  0  0.780555  0.0672412  16355.3  1.30533  -0.277459  1
701  0  0.488469  -0.0527771  16063.9  1.27947  -0.00915143  1
702  0  0.623943  -0.0495161  16155.8  1.11876  0.0223516  1
703  0  0.522335  0.125033  15650.2  1.97143  -0.234906  1
704  0  1.15848  -0.621398  16475.7  1.93791  -0.127309  1
705  0  0.563901  0.4534  16283  1.9639  -0.146385  1
706  0  0.250629  -0.0555545  15814.2  1.72705  -0.0965156  1
707  0  -0.075484  0.197555  16915.5  1.71787  0.0255301  1
708  0  0.313212  -0.0521998  15903.7  1.48155  -0.0541479  1
709  0  0.400916  -0.0531013  15996.4  1.37632  -0.0238434  1
710  0  0.924192  -0.0188765  16522.3  0.503831  0.0222769  1
711  0  0.880992  -0.0219994  16457.5  0.479415  0.036992  1
712  0  0.301132  0.131907  15688.2  2.09456  0.151565  1
713  0  0.610468  0.109494  15877.6  1.74344  -0.334458  1
714  0  -0.866599  -0.417569  16550.2  1.98611  -0.343467  1
715  0  0.751054  0.878859  16432  1.85087  -0.157931  1
716  0  0.267349  -0.101781  15915.1  2.241  -0.150428  1
717  0  0.218551  -0.353467  16209.6  2.12211  -0.19957  1
718  0  0.613475  1.0401  16440.9  1.81687  -0.126502  1
719  0  0.943783  1.63511  16452.4  1.86782  -0.221699  1
720  0  0.76046  -0.123748  16338.5  2.04023  0.0213725  1
721  0  -0.552893  0.883987  16600.4  1.95726  -0.106673  1
722  0  0.308092  0.195221  15963.5  2.17015  0.0974683  1
723  0  1.19642  -0.0398636  16651.7  1.49804  -0.122419  1
724  0  1.0926  -0.76742  16461.9  1.95113  -0.144149  1
725  0  0.737784  0.0770347  16258  1.35074  -0.314999  1
726  0  0.843855  0.0512326  16445.3  1.17184  -0.260446  1
727  0  0.561545  -0.532975  16347.2  2.0371  -0.1335  1
728  0  -1.20699  1.18216  16678.3  1.96428  -0.339925  1
729  0  0.929084  0.0310204  16533.1  1.05718  -0.219597  1
730  0  0.650434  0.215928  16122.4  2.02404  -0.29311  1
731  0  0.966714  -0.0187369  16562.5  0.553484  0.0374969  1
732  0  1.71597  1.05611  16474.4  1.82977  -0.226428  1
733  0  0.00833418  -0.279405  16266.7  2.08522  -0.293391  1
734  0  0.0487472  0.266797  16651.1  1.83798  0.122985  1
735  0  0.245684  0.639024  16441  1.89868  -0.0297332  1
736  0  0.0111911  -0.0733939  15681.8  2.19562  -0.6489  1
737  0  0.167846  0.295997  16407.7  1.9437  0.111726  1
738  0  0.546662  0.180641  15888.3  2.20241  -0.261312  1
739  0  -1.71071  1.6865  16781  1.97347  -0.303726  1
740  0  0.573085  0.253219  16068.2  2.06464  -0.217358  1
741  0  -1.20978  -1.66009  16473.4  1.98401  -0.325157  1
742  0  0.648079  0.141267  16048.7  2.1684  -0.386088  1
743  0  0.966905  0.717605  16433.4  1.86419  -0.193742  1
744  0  0.398109  -0.242229  16149.5  2.16278  -0.122632  1
745  0  0.960534  0.358174  16423.6  1.87345  -0.24524  1
746  0  0.369652  1.11726  16456.4  1.78549  -0.072789  1
747  0  -0.796355  0.532515  16646.2  1.95827  -0.27556  1
748  0  0.94574  -0.0149485  16533.9  0.402707  0.0397778  1
749  0  0.355781  -0.573262  16327  2.05534  -0.170189  1
750  0  0.587876  0.709543  16393.8  1.89273  -0.134625  1
751  0  -0.503455  1.2696  16578.3  1.86976  0.0305799  1
752  0  0.625479  -1.30119  16451.9  2.00174  -0.187462  1
753  0  0.812228  -0.157555  16402.9  2.03855  0.00590859  1
754  0  -0.0887209  0.334478  16718.2  1.82841  0.0220718  1
755  0  0.80404  -1.67473  16476.5  1.98202  -0.220836  1
756  0  0.444729  -0.053049  16033.7  1.3173  -0.0220423  1
757  0  0.131296  0.739463  16489.8  1.87985  -0.0134663  1
758  0  0.969696  0.0223915  16554  1.03864  -0.200603  1
759  0  1.48508  -0.149157  16543.6  1.80751  -0.106564  1
760  0  0.0645236  0.158342  16794.9  1.74623  0.290226  1
761  0  -1.6995  -0.276903  16574.6  1.97896  -0.316431  1
762  0  0.799237  -0.385773  16401.7  2.01796  -0.0810379  1
763  0  0.879946  -0.195547  16455.9  2.00352  -0.0127087  1
764  0  0.921003  -0.237695  16476.2  1.98552  -0.0327878  1
765  0  0.191948  -0.233517  16083.3  2.19207  -0.225412  1
766  0  -0.663727  -0.132868  16594.1  1.9625  -0.30205  1
767  0  1.14829  -1.69731  16477  1.9515  -0.236887  1
768  0  1.7539  -0.982773  16472.4  1.89909  -0.185093  1
769  0  0.0592983  0.079126  17043.3  1.48325  0.557689  1
770  0  0.26964  0.167328  15939.2  2.23191  0.187519  1
771  0  0.699041  -0.235461  16322  2.07141  -0.0395619  1
772  0  0.190573  0.117972  16048.7  2.02013  0.386917  1
773  0  0.89496  -0.540851  16432.3  1.98014  -0.110012  1
774  0  0.813773  -0.0844496  16399.5  1.75117  0.0442398  1
775  0  1.03899  0.0073457  16622.6  1.0914  -0.180674  1
776  0  0.146226  0.107688  16289.9  1.91776  0.477401  1
777  0  -0.171745  -0.2929  16452  1.99375  -0.277686  1
778  0  0.294104  -1.70048  16469  2.01191  -0.214976  1
779  0  0.532399  -0.0495665  16084.5  1.15031  -0.00537514  1
780  0  0.0145471  0.53809  16551.2  1.87467  0.0209689  1
781  0  0.519359  0.261855  16042.6  2.08518  -0.168313  1
782  0  0.697798  0.302738  16252.1  1.96588  -0.24525  1
783  0  0.170172  0.211045  16331  1.97795  0.206591  1
784  0  -1.17019  -0.708001  16534.2  1.98039  -0.339424  1
785  0  0.552937  -0.0508732  16103.1  1.18574  -0.00522524  1
786  0  1.52494  -0.55911  16482.8  1.89814  -0.143656  1
787  0  0.434247  -0.399198  16268.1  2.09183  -0.138661  1
788  0  0.516621  -0.372933  16276.1  2.08888  -0.112947  1
789  0  1.21042  -1.41052  16470.3  1.95313  -0.211234  1
790  0  0.691857  -0.093942  16270.7  1.9091  0.0235196  1
791  0  -0.147471  0.972934  16544.6  1.86276  0.0295969  1
792  0  0.292127  -0.0514593  15903.8  1.55737  -0.0638288  1
793  0  0.423904  -0.0947747  16044.3  2.11503  -0.0672783  1
794  0  -0.162314  -0.926011  16445.7  2.0271  -0.208814  1
795  0  0.125232  -0.172776  15981.6  2.23089  -0.289543  1
796  0  0.800683  0.42452  16354.7  1.91842  -0.218223  1
797  0  0.0822647  0.0910393  16761.6  1.66951  0.537807  1
798  0  0.040307  0.0662883  17333.4  1.29326  0.544992  1
799  0  0.181291  0.879717  16480.9  1.86278  -0.0286672  1
800  0  -0.601296  0.0524043  16639.9  1.93746  -0.265423  1
801  0  0.158996  0.41878  16450.6  1.91986  0.0398983  1
802  0  0.751989  -0.0382675  16329  0.814226  0.0461278  1
803  0  0.476289  -0.197585  16159.1  2.15205  -0.0805139  1
804  0  0.0541887  0.345183  16586.7  1.86869  0.079193  1
805  0  0.9448  0.220533  16450.4  1.84513  -0.283305  1
806  0  0.441369  0.395684  16227.9  2.00206  -0.0899382  1
807  0  0.796367  -0.0304472  16385.6  0.595413  0.0293511  1
808  0  0.979168  -0.156139  16548.3  1.94259  -0.000834809  1
809  0  0.887222  0.311753  16396.3  1.8847  -0.260331  1
810  0  -0.0681578  0.0563967  17301.4  1.4832  -0.242348  1
811  0  0.272052  -0.0484096  15843.7  1.49743  -0.0712928  1
812  0  0.810822  0.135003  16362.4  2.01074  -0.370151  1
813  0  0.593576  -0.259225  16262.2  2.10171  -0.0652822  1
814  0  0.424172  0.281308  16065.4  2.08751  -0.0738186  1
815  0  0.768983  0.289225  16306  1.93061  -0.265004  1
816  0  0.346335  0.134425  15660.7  2.14043  0.0696591  1
817  0  0.512221  0.18261  15852.8  2.23004  -0.214073  1
818  0  -0.150216  0.0865234  16953.8  1.72468  -0.176985  1
819  0  -0.48737  -0.35398  16537.8  1.97675  -0.277726  1
820  0  0.31452  0.475427  16347.4  1.94962  -0.0308844  1
821  0  0.552391  0.15207  15823.8  2.29409  -0.301168  1
822  0  1.27427  0.394687  16497.2  1.84058  -0.218166  1
823  0  0.592733  0.145782  15917.5  2.25093  -0.346496  1
824  0  0.297617  -0.252963  16122.2  2.17743  -0.16924  1
825  0  0.159753  -0.044216  15626.3  1.7959  -0.157393  1
826  0  -1.10882  0.384179  16633.4  1.9714  -0.333158  1
827  0  1.14269  1.35694  16453.1  1.81577  -0.217078  1
828  0  0.519136  -0.0922314  16105.7  2.02324  -0.0340473  1
829  0  0.574037  -0.0477212  16126.6  1.05847  0.00578781  1
830  0  0.366569  0.131873  15670.9  2.05457  0.0368596  1
831  0  1.75599  -0.111778  16503.2  1.84484  -0.153692  1
832  0  0.462773  -0.0963558  16072.4  2.07938  -0.0529977  1
833  0  0.484451  -0.113225  16093.1  2.15664  -0.05589  1
834  0  -0.470169  -0.87437  16480  2.01822  -0.253416  1
835  0  0.569567  0.368339  16213  2.00164  -0.16618  1
836  0  1.10232  0.633738  16450.7  1.86163  -0.204364  1
837  0  0.127046  -0.260433  16131.9  2.16005  -0.257272  1
838  0  0.321875  0.134438  15705.1  2.14612  0.116364  1
839  0  0.54484  -0.140264  16168.1  2.15849  -0.0433431  1
840  0  0.348573  0.225007  15977.8  2.14704  0.0223163  1
841  0  0.434599  0.162094  15694.6  2.36439  -0.0962874  1
842  0  0.336642  -0.0829316  15965.4  2.10083  -0.0937152  1
843  0  1.11275  0.276312  16498.1  1.8287  -0.241697  1
844  0  0.375878  -0.0820035  15999.7  2.05999  -0.0788316  1
845  0  0.799953  -0.25428  16388.6  2.03612  -0.0382979  1
846  0  0.369304  -0.138173  16039.7  2.20365  -0.107138  1
847  0  1.72746  -1.70436  16478.6  1.91273  -0.23652  1
848  0  1.1276  0.375229  16480.8  1.84757  -0.228974  1
849  0  -1.52259  0.257809  16619.5  1.97851  -0.328212  1
850  0  0.343992  -0.222485  16108.5  2.183  -0.141924  1
851  0  0.184919  -0.083293  15784.8  2.26723  -0.204314  1
852  0  0.840109  -0.025457  16425  0.518289  0.0212601  1
853  0  1.22814  0.063372  16624.3  1.7686  -0.214119  1
854  0  0.219436  -0.0842864  15836.1  2.2426  -0.177589  1
855  0  0.410486  -0.936664  16415.1  2.00329  -0.192509  1
856  0  0.576993  0.201028  15988.9  2.11459  -0.263234  1
857  0  0.203694  -0.0460925  15743.2  1.63965  -0.115097  1
858  0  0.209534  -0.135671  15917.6  2.23923  -0.204252  1
859  0  1.27487  0.905819  16459.2  1.83664  -0.208503  1
860  0  0.621085  -0.0722646  16164.9  1.71063  0.0246147  1
861  0  0.456682  0.130172  15598.7  2.01397  -0.125131  1
862  0  0.885821  0.0391005  16498.5  1.04703  -0.212285  1
863  0  0.389543  0.16057  15724.5  2.36032  -0.000727856  1
864  0  0.816383  -0.0295215  16402.3  0.605323  0.0280048  1
865  0  0.25381  -0.214529  16065.6  2.20323  -0.188269  1
866  0  -0.0166806  -0.00913428  16482.3  1.62599  -1.31515  1
867  0  0.388468  -0.103694  16023.8  2.18479  -0.0897132  1
868  0  0.88419  -0.0437778  16471.7  1.09204  0.0641547  1
869  0  1.07432  0.0390245  16611.2  1.57821  -0.270926  1
870  0  0.446877  -0.50866  16313.5  2.06199  -0.148528  1
871  0  0.923479  -0.0452834  16516.9  1.14459  0.0624178  1
872  0  -0.354423  0.921723  16583.5  1.90804  -0.00123865  1
873  0  0.987033  0.128785  16519.6  1.88951  -0.306649  1
874  0  -0.312205  -1.27047  16467.2  2.01214  -0.215226  1
875  0  -0.0383449  -0.813286  16419.5  2.03544  -0.20336  1
876  0  0.974415  -1.06304  16455.1  1.97046  -0.171766  1
877  0  -0.578192  0.297573  16662.7  1.9219  -0.215175  1
878  0  -1.72265  -1.00811  16515.3  1.97875  -0.315059  1
879  0  0.758264  1.22287  16442.9  1.78307  -0.160398  1
880  0  0.160461  0.148331  16309.2  2.01915  0.34769  1
881  0  -0.00238863  0.0745348  17533.7  1.26806  0.147645  1
882  0  0.46302  0.336176  16149.6  2.0422  -0.10457  1
883  0  0.859369  -0.0194982  16433.8  0.356847  0.0248709  1
884  0  1.27483  0.229863  16538.7  1.81623  -0.218201  1
885  0  0.574585  -0.091553  16158  2.00178  -0.00306493  1
886  0  0.396275  0.50645  16331.9  1.9475  -0.0694539  1
887  0  -0.0599343  0.269746  16788.2  1.78966  0.0401669  1
888  0  0.800473  0.607527  16393.2  1.89369  -0.185518  1
889  0  0.930833  0.0893208  16506.9  1.93441  -0.343979  1
890  0  0.917169  0.121748  16472.3  1.94328  -0.338001  1
891  0  0.8535  -0.103558  16441.6  1.89917  0.0412379  1
892  0  0.494406  0.211007  15915.8  2.16327  -0.167583  1
893  0  0.0719594  -1.14421  16444.1  2.01278  -0.211399  1
894  0  -0.787643  0.883504  16633.8  1.98276  -0.237693  1
895  0  0.876483  0.0802943  16454.4  1.84589  -0.359912  1
896  0  0.652897  -0.163722  16259.6  2.11941  -0.0201328  1
897  0  0.800418  0.0587195  16382.8  1.14277  -0.253599  1
898  0  0.0683455  -0.0900332  15668  2.29243  -0.398407  1
899  0  0.518349  0.322655  16141.6  2.04169  -0.146042  1
900  0  -0.0299347  -0.413353  16350.1  2.0477  -0.24141  1
901  0  1.77988  -0.634205  16480.8  1.88098  -0.162414  1
902  0  0.0599226  -0.413261  16297.7  2.07259  -0.230665  1
903  0  0.255521  0.316236  16272.9  2.00098  0.0529932  1
904  0  0.357107  -0.0497747  15955.8  1.35312  -0.0411338  1
905  0  0.086072  1.74689  16374  1.75383  -0.0535807  1
906  0  0.678076  0.162611  16131.3  2.09382  -0.361666  1
907  0  -1.77974  0.225684  16617  1.97755  -0.313191  1
908  0  0.302482  -0.153728  16007.2  2.21183  -0.147212  1
909  0  0.352468  0.353184  16214.1  2.02108  -0.0232811  1
910  0  0.702199  -0.591113  16389.1  2.00739  -0.125981  1
911  0  -0.498452  0.415701  16661.8  1.91366  -0.164186  1
912  0  1.11502  -0.953926  16461.5  1.95241  -0.166429  1
913  0  0.547201  -0.185867  16195.9  2.13893  -0.055472  1
914  0  0.650694  -1.09897  16438.8  1.98917  -0.176264  1
915  0  0.884064  0.644991  16414.4  1.88072  -0.193104  1
916  0  -0.112202  -1.09944  16453.2  2.01979  -0.208252  1
917  0  0.175066  -0.191046  16010.4  2.22545  -0.244247  1
918  0  -0.859567  0.169561  16626.3  1.95572  -0.321344  1
919  0  -0.475132  -0.19202  16583.9  1.95388  -0.270529  1
920  0  0.446609  1.42816  16431.4  1.74863  -0.136696  1
921  0  -0.0862841  0.147723  17032.5  1.66069  -0.0323497  1
922  0  -0.0477522  -1.75169  16474.9  2.01511  -0.203723  1
923  0  0.424245  0.207076  15878.6  2.18802  -0.0765438  1
924  0  -0.31603  -0.183357  16576.5  1.94594  -0.268091  1
925  0  -0.707874  1.39131  16557.4  1.92048  -0.0985133  1
926  0  0.777828  -0.0682528  16366.3  1.58147  0.0464171  1
927  0  0.493335  0.155694  15717.2  2.35274  -0.208115  1
928  0  -1.77438  1.38207  16739.7  1.97538  -0.310437  1
929  0  0.373985  0.185672  15843  2.24373  0.00451973  1
930  0  -0.421564  0.197911  16700.5  1.89062  -0.17533  1
931  0  -0.341891  0.320721  16707.4  1.87292  -0.107361  1
932  0  0.0987717  -0.214584  16090.6  2.18081  -0.294245  1
933  0  1.05362  -0.234628  16541.1  1.94261  -0.0472041  1
934  0  -0.589561  1.79738  16430.7  1.78368  0.218385  1
935  0  -0.0517908  -0.108046  16367  1.99128  -0.507663  1
936  0  -0.0909143  -0.111698  16511.4  1.94978  -0.436765  1
937  0  0.056854  1.00922  16505.7  1.83429  0.000494768  1
938  0  0.872879  -0.0615297  16466.9  1.45203  0.0591389  1
939  0  0.00339593  -0.0212773  14729.2  2.13679  -1.2748  1
940  0  -1.47877  -0.152443  16584.4  1.97971  -0.329484  1
941  0  0.147317  -0.601766  16353  2.05311  -0.19616  1
942  0  0.150951  0.255778  16421.5  1.93604  0.162208  1
943  0  0.701683  0.403055  16299.5  1.95048  -0.206538  1
944  0  0.428835  -0.147731  16094.5  2.18243  -0.0854129  1
945  0  0.781011  0.0891437  16354.1  1.84557  -0.384396  1
946  0  -0.512485  -1.1457  16477.8  2.00794  -0.247896  1
947  0  -0.243814  0.642058  16606.8  1.87922  -0.0196342  1
948  0  -0.351518  0.591458  16636.4  1.88624  -0.0594401  1
949  0  1.21027  -0.334613  16543.7  1.92147  -0.0900588  1
950  0  0.870727  0.176913  16401.4  1.8707  -0.313085  1
951  0  0.381883  0.245127  16003.5  2.12064  -0.0274631  1
952  0  -0.359242  -0.375696  16501.7  1.98348  -0.259907  1
953  0  0.912886  0.067445  16510.4  1.77346  -0.33431  1
954  0  1.01388  0.0241378  16614.4  1.30025  -0.24576  1
955  0  0.206911  0.151588  16089.3  2.15911  0.303925  1
956  0  0.566344  0.115932  15752.2  1.82473  -0.291991  1
957  0  0.916802  -0.298188  16462.3  1.98852  -0.0541194  1
958  0  0.987473  -1.30051  16464  1.97457  -0.190874  1
959  0  0.989048  1.19973  16448.1  1.79714  -0.18909  1
960  0  0.116755  -0.0411316  15574.5  1.86836  -0.207056  1
961  0  -1.76906  -1.377  16488.4  1.97945  -0.31082  1
962  0  0.673574  1.42702  16443.1  1.78608  -0.172178  1
963  0  0.642031  -0.0440338  16176  0.922238  0.0325144  1
964  0  -0.0526867  0.10529  17209.6  1.57025  -0.0264173  1
965  0  -0.489453  -0.647438  16492.8  2.01199  -0.269202  1
966  0  0.687885  0.250735  16201.6  1.98324  -0.277545  1
967  0  -0.198349  -0.0557024  16710.8  1.8583  -0.301713  1
968  0  1.82033  0.160937  16478.3  1.87182  -0.195652  1
969  0  0.215679  0.294971  16313  1.98413  0.0947751  1
970  0  0.60629  -0.174449  16233.1  2.12848  -0.0356442  1
971  0  0.116388  0.132228  16500.3  1.89522  0.409924  1
972  0  0.827425  0.0816502  16421.7  1.82436  -0.373353  1
973  0  1.06943  0.969775  16448.9  1.82581  -0.191309  1
974  0  -1.03899  -0.0926024  16587.4  1.9778  -0.350031  1
975  0  0.794524  -0.123218  16379.8  2.00869  0.024541  1
976  0  1.39692  -1.30403  16472.3  1.93519  -0.202546  1
977  0  -0.491136  1.06137  16586.8  1.92333  -0.0245632  1
978  0  0.400879  -0.161835  16088.7  2.18046  -0.0980414  1
979  0  0.0785263  0.428187  16531.9  1.8871  0.0456947  1
980  0  1.16766  0.208945  16540.3  1.81315  -0.235235  1
981  0  0.776047  -0.198383  16371.8  2.05132  -0.0171761  1
982  0  -1.36407  0.0574632  16602.8  1.9788  -0.336701  1
983  0  0.572399  -1.78058  16474.8  1.99202  -0.223536  1
984  0  -0.307605  -0.482322  16472.8  2.00422  -0.248579  1
985  0  0.734703  -0.0694623  16312.2  1.60178  0.0509019  1
986  0  0.00415069  0.0343615  18068.9  0.683643  0.111477  1
987  0  0.291963  -0.410514  16246.6  2.10245  -0.177974  1
988  0  0.656464  -0.107403  16228.9  2.04409  0.00834479  1
989  0  0.963491  -0.0618968  16567.8  1.42757  0.0621972  1
990  0  0.998939  0.0526813  16582.6  1.73164  -0.318864  1
991  0  0.696236  -0.149341  16292.3  2.10365  -0.00756509  1
992  0  0.0636614  0.129393  16872.5  1.73628  0.373595  1
993  0  -1.76763  -1.76763  16465.5  1.98024  -0.304729  1
994  0  0.691086  -0.432535  16363.8  2.03444  -0.0972981  1
995  0  0.686727  0.759793  16410.1  1.87673  -0.153526  1
996  0  0.173731  -1.30256  16452.6  2.01227  -0.21745  1
997  0  0.719679  0.106737  16215.5  2.01931  -0.41008  1
998  0  0.934496  -0.14284  16516.4  1.96356  0.0115501  1
999  0  0.156724  1.16661  16486.4  1.76092  -0.0137813  1
1000  0  -0.301034  -0.861673  16461.9  2.02604  -0.223899  1
1001  0  0.733018  0.204464  16243.8  1.95891  -0.319632  1
1002  0  -0.794384  -0.842497  16509.5  1.99827  -0.317563  1
1003  0  0.0461625  -0.211997  16150  2.14733  -0.328344  1
1004  0  0.321475  0.172022  15867.6  2.26021  0.0980309  1
1005  0  1.78517  1.78517  16478.4  1.9783  -0.26499  1
1006  0  -1.41861  1.04188  16687  1.96744  -0.329819  1
1007  0  0.228549  -0.989684  16423.2  2.00961  -0.203286  1
1008  0  -1.40971  -0.650748  16545  1.97747  -0.335199  1
1009  0  0.257128  0.123889  15858.4  2.00839  0.239951  1
1010  0  -0.764339  -0.612271  16522.3  1.99585  -0.328578  1
1011  0  0.785574  -1.4346  16463.6  1.99471  -0.193507  1
1012  0  0.767735  0.107769  16312.3  1.99836  -0.40162  1
1013  0  -0.0871731  0.494711  16614.2  1.86105  0.0119508  1
1014  0  0.607324  0.286329  16141.9  2.02692  -0.221693  1
1015  0  0.280516  0.23654  16110.3  2.07842  0.0947101  1
1016  0  -0.755349  -0.293987  16564  1.97861  -0.329132  1
1017  0  0.652481  0.0943039  16024.6  1.46223  -0.308798  1
1018  0  0.694366  0.0826657  16146.8  1.29424  -0.290512  1
1019  0  0.552376  -0.084667  16120.1  1.96046  -0.0134224  1
1020  0  1.41099  -0.73541  16482.2  1.91533  -0.149119  1
1021  0  1.15167  0.121377  16586.7  1.84328  -0.248568  1
1022  0  -0.205635  0.131137  16855.2  1.78634  -0.140682  1
1023  0  0.726589  -0.679018  16407  1.99694  -0.138447  1
1024  0  0.719831  -0.203331  16330.7  2.06999  -0.0249636  1
1025  0  -1.56169  0.800113  16665.9  1.97855  -0.327135  1
1026  0  1.43984  0.704166  16474  1.8502  -0.216913  1
1027  0  0.574723  -0.458742  16327.1  2.05529  -0.116898  1
1028  0  0.970382  -0.0409061  16583.9  1.10549  0.0597415  1
1029  0  -0.531291  0.722781  16628.5  1.93321  -0.11938  1
1030  0  -1.25073  -1.11448  16506.7  1.97969  -0.335365  1
1031  0  0.0854115  0.243844  16601.2  1.85884  0.165013  1
1032  0  0.941463  0.486795  16416  1.88426  -0.217359  1
1033  0  1.11641  -0.171266  16569.7  1.91833  -0.0503904  1
1034  0  -0.277836  -0.289371  16510.5  1.9718  -0.264868  1
1035  0  0.89956  -0.15453  16478.9  1.98851  0.00673097  1
1036  0  0.294561  -0.500617  16294.9  2.07439  -0.178893  1
1037  0  0.974616  -0.0827342  16588.4  1.64819  0.0488017  1
1038  0  -1.41805  1.79675  16806.5  1.96036  -0.299048  1
1039  0  0.296299  -0.100358  15948.1  2.21598  -0.131511  1
1040  0  0.921306  0.18604  16434.7  1.84921  -0.301401  1
1041  0  0.982562  -0.28587  16496.8  1.96732  -0.052937  1
1042  0  0.516335  -0.697844  16379.4  2.02265  -0.164194  1
1043  0  1.48434  1.76475  16484.3  1.95533  -0.260945  1
1044  0  -0.331416  -0.607388  16470.7  2.01902  -0.241813  1
1045  0  0.351554  0.650334  16409.3  1.90371  -0.0625853  1
1046  0  0.0998181  -0.102827  15746.5  2.27988  -0.333424  1
1047  0  0.245742  0.184607  16076.3  2.11247  0.191151  1
1048  0  -0.162046  0.310032  16745.8  1.82689  -0.0234526  1
1049  0  0.232124  -0.106578  15894.7  2.25976  -0.178897  1
1050  0  1.30454  0.137359  16579.3  1.83283  -0.204311  1
