316  546  986
358  507  915
442  695  942
285  562  813
314  750  880
461  783  877
510  647  789
271  504  999
554  596  936
280  481  624
339  428  487
283  695  942
318  349  709
103  753  779
368  626  681
376  665  805
300  455  543
375  484  855
433  579  930
19  567  587
299  455  511
92  618  682
462  604  676
442  568  695
82  83  608
337  481  624
2  18  587
2  19  587
294  460  533
45  707  742
284  547  571
320  510  647
395  470  720
364  513  998
333  509  591
370  544  651
335  529  757
426  518  682
409  445  689
460  533  600
296  480  509
313  748  851
330  429  491
102  103  753
405  550  724
341  513  526
34  595  620
467  544  608
455  511  543
101  102  753
486  809  907
284  485  571
335  529  708
546  565  986
378  500  527
321  532  692
19  20  567
0  137  538
269  546  565
374  526  575
478  652  716
288  441  553
99  100  528
526  556  881
312  520  752
274  527  615
352  391  535
11  729  766
266  478  549
297  541  765
381  540  764
92  618  903
13  766  911
314  489  750
355  540  764
358  508  915
562  813  967
287  490  870
457  683  749
322  554  596
494  703  917
324  714  820
367  488  563
389  766  911
278  555  641
385  439  621
292  462  676
301  468  593
345  485  562
364  514  998
458  461  877
376  491  805
427  570  899
355  540  654
291  476  592
434  572  930
363  527  615
426  518  847
291  500  644
344  748  941
101  649  753
82  608  945
288  494  627
365  548  754
332  502  842
426  618  682
447  595  620
296  468  836
44  45  707
366  656  739
340  542  602
278  427  899
273  522  981
331  579  592
399  647  789
416  548  754
270  630  998
410  589  928
364  513  526
278  555  684
500  527  960
309  476  868
431  600  887
313  542  851
447  620  901
419  555  924
312  520  536
308  524  553
332  525  842
466  625  685
555  924  961
348  499  669
345  485  571
327  408  456
300  455  559
399  644  647
352  531  611
385  440  621
291  644  647
346  474  694
380  625  685
293  436  849
344  538  905
370  544  608
321  855  876
294  585  978
309  573  814
287  490  550
357  495  853
337  481  810
452  541  765
515  750  880
370  578  791
287  564  870
295  460  663
291  592  647
368  413  569
445  689  904
324  440  714
479  642  681
367  620  901
280  477  697
326  574  891
297  536  589
347  458  461
357  444  853
381  579  764
293  436  577
364  526  575
389  402  858
289  511  661
328  484  485
477  697  987
407  519  815
331  579  930
435  589  731
377  652  716
470  507  915
22  482  935
122  123  540
343  486  907
341  464  504
386  552  741
454  499  885
289  511  543
376  552  741
394  437  854
628  734  819
32  33  738
371  494  703
385  439  965
405  605  798
11  12  766
318  379  709
100  528  649
484  485  925
459  748  851
374  526  556
332  451  790
305  554  936
115  116  560
319  652  740
405  724  798
100  101  649
275  517  688
542  851  955
10  729  742
367  488  874
288  494  678
32  450  738
288  441  627
305  532  692
276  703  917
504  556  999
295  460  600
347  461  705
395  470  730
33  34  595
333  509  610
409  445  729
366  493  739
281  589  731
308  544  651
309  476  638
380  685  776
16  534  880
355  472  654
291  500  784
514  630  998
347  683  795
341  513  639
109  110  552
289  539  661
275  517  700
358  508  841
325  593  934
438  511  661
288  452  553
355  472  521
309  573  918
96  97  557
303  531  611
327  545  735
356  539  672
309  868  918
369  684  695
391  690  840
337  471  517
328  562  629
299  455  878
372  487  607
12  13  766
457  505  724
518  682  983
47  48  566
300  521  971
291  476  784
476  638  784
329  646  860
374  575  838
411  516  807
278  427  747
352  391  973
316  730  845
409  707  742
296  570  836
459  601  941
93  682  983
378  527  673
72  73  561
459  748  941
445  729  766
25  26  502
289  539  672
396  594  653
365  504  754
468  593  934
487  607  806
294  460  978
348  454  499
281  589  928
269  565  631
300  521  993
398  642  681
332  502  728
524  553  774
331  572  930
290  601  734
281  594  839
403  549  912
334  443  519
451  790  891
478  652  912
272  457  505
316  546  845
331  592  868
428  487  745
351  470  915
314  534  670
588  811  898
306  626  681
356  617  672
470  507  981
338  595  857
498  885  905
392  438  628
330  429  573
392  438  661
451  574  891
332  525  633
274  617  854
336  585  586
390  469  594
274  527  960
354  567  587
328  485  562
501  753  779
268  658  950
309  814  829
296  480  788
363  551  747
273  444  671
300  543  789
304  499  669
15  16  534
412  657  826
359  700  771
293  483  629
10  11  729
460  663  978
332  451  633
33  595  738
284  485  925
280  481  804
21  22  935
302  529  757
344  523  941
35  36  563
346  694  699
334  519  815
341  526  881
292  551  830
272  457  683
353  558  834
286  431  696
429  491  762
42  43  530
276  590  703
396  435  678
277  605  798
441  553  774
358  473  522
361  467  544
484  855  876
282  694  786
555  684  926
421  501  779
683  795  914
400  547  976
361  467  619
378  500  784
277  749  877
350  518  847
366  576  656
361  466  619
303  531  581
471  517  700
401  500  644
447  595  857
432  597  761
365  504  995
296  509  591
389  588  858
306  558  597
343  486  637
268  650  658
319  652  912
305  554  606
134  135  583
358  507  522
284  547  976
431  600  603
363  641  747
411  516  698
25  637  908
412  486  725
304  919  994
482  652  740
276  653  932
317  601  941
280  496  624
507  522  981
408  493  746
267  621  714
529  708  751
354  515  750
320  510  764
417  790  891
329  439  988
342  651  837
340  542  701
294  533  648
572  868  918
348  404  962
84  85  578
266  478  716
394  437  718
32  450  963
296  468  934
388  583  792
120  121  582
49  50  598
342  651  816
419  555  641
361  466  685
321  532  876
396  435  731
371  494  627
371  703  786
118  119  584
380  625  677
292  551  673
391  535  840
370  651  816
400  671  800
420  689  707
24  25  637
86  87  576
306  626  794
126  127  607
357  522  961
359  469  839
297  520  536
308  541  651
44  707  886
16  17  515
289  616  672
1  10  742
1  45  742
344  523  905
506  658  950
279  724  898
392  539  661
410  536  589
339  487  861
99  528  645
375  484  825
339  428  782
277  699  877
370  608  791
0  885  905
287  597  761
27  525  842
390  548  653
38  488  723
617  854  946
367  514  874
407  667  828
471  700  771
478  549  912
299  511  763
352  531  973
364  514  874
282  533  600
364  575  723
299  542  602
408  702  746
356  539  655
411  650  658
320  579  764
343  463  907
137  538  710
349  414  773
357  522  768
426  618  855
472  521  865
25  502  908
35  563  939
531  581  696
380  613  677
310  774  933
359  436  839
301  468  948
351  546  845
409  689  707
371  533  648
427  551  830
392  539  655
474  590  703
377  716  897
34  35  620
397  583  792
524  774  933
407  519  828
359  436  577
279  490  550
320  579  592
42  666  982
385  440  711
412  486  657
444  671  800
558  597  867
514  630  901
352  453  535
30  31  574
383  596  909
330  760  894
38  488  862
298  686  809
60  61  609
392  628  819
415  425  820
378  638  829
456  618  903
400  547  671
482  740  826
495  684  695
23  657  826
310  685  776
267  714  819
339  559  878
271  504  754
354  515  778
41  42  666
409  729  742
289  543  896
421  737  779
474  694  786
415  717  773
393  425  734
464  504  995
549  646  860
439  733  988
293  483  848
271  705  843
319  516  807
43  44  886
448  851  955
342  446  816
300  510  971
39  40  575
330  491  894
384  501  753
43  530  886
355  764  971
333  591  756
76  77  613
391  757  973
498  523  905
368  413  769
346  590  783
329  718  860
294  648  937
346  474  590
510  764  971
74  75  614
329  439  965
283  695  853
310  586  937
422  517  688
326  574  957
340  602  782
39  575  723
401  617  672
389  402  911
313  542  701
351  546  664
123  540  654
293  577  629
473  924  961
393  714  819
345  571  693
370  578  816
277  449  605
314  670  770
27  525  956
122  540  668
280  477  852
412  740  826
512  716  897
267  621  997
296  570  788
308  553  944
389  588  811
330  604  760
395  547  571
322  554  872
357  444  768
304  564  669
343  463  728
342  446  832
289  616  896
80  81  619
336  585  758
107  108  622
379  588  910
105  106  623
318  349  773
279  588  910
295  600  887
286  605  712
116  560  659
505  724  898
382  827  909
462  814  829
306  597  794
115  560  660
443  519  808
292  676  830
440  711  770
281  594  731
292  462  722
78  79  625
382  645  680
337  471  624
396  494  678
393  714  820
273  444  768
480  676  830
467  608  945
94  95  612
322  537  827
307  670  823
330  604  814
324  415  923
353  558  744
298  508  686
298  516  698
474  703  786
288  452  873
366  752  949
593  833  859
461  705  843
337  810  846
378  722  829
320  592  647
273  522  768
315  610  964
35  620  939
58  59  632
376  552  665
390  594  653
280  496  852
386  610  767
67  68  634
336  586  776
110  552  665
458  683  749
92  93  682
384  593  796
388  636  706
516  725  740
433  579  952
285  562  629
54  55  642
418  686  809
451  574  844
349  414  498
399  616  644
65  66  635
16  515  880
109  552  675
347  458  683
347  705  943
314  534  880
26  502  842
607  662  865
416  590  783
358  473  650
282  603  694
340  732  782
30  574  844
441  648  937
132  133  636
496  813  967
302  531  696
366  576  832
377  793  897
322  827  909
351  664  686
520  752  949
303  611  834
14  15  823
324  440  770
56  57  643
327  408  735
354  567  897
270  639  998
328  483  629
416  548  932
14  727  823
548  653  932
339  559  861
318  379  1000
286  431  712
130  131  640
311  669  989
312  735  895
504  556  881
83  608  791
324  415  820
327  545  848
90  91  702
508  698  841
97  557  680
341  464  797
286  581  824
42  530  982
287  550  761
425  601  734
303  558  834
453  535  799
406  614  679
298  516  725
305  532  821
373  573  918
367  563  939
96  557  674
17  515  778
266  549  646
427  480  788
541  651  837
401  617  960
366  493  752
452  553  944
392  655  819
469  594  839
346  783  877
387  632  687
310  774  937
427  551  747
391  635  690
22  482  826
317  523  941
333  610  767
384  593  833
283  606  942
509  610  964
98  99  645
333  755  756
415  425  879
325  756  934
73  561  679
473  522  961
72  561  667
26  27  842
390  469  888
432  581  824
506  718  860
580  810  846
393  734  819
267  655  775
352  453  611
408  456  702
399  616  896
369  568  695
323  663  978
396  594  731
404  566  962
372  487  861
296  591  934
470  720  981
381  579  952
387  611  834
278  641  747
304  870  919
315  604  676
388  701  792
459  601  922
123  124  654
421  501  969
308  541  944
269  546  664
308  524  992
269  664  785
413  772  893
273  671  720
323  585  758
395  693  730
116  117  659
463  728  790
351  470  845
394  721  850
442  568  892
432  761  824
359  469  977
114  115  660
441  627  648
310  586  776
29  633  844
91  702  903
386  610  741
18  587  778
381  582  668
386  622  675
403  549  860
334  443  708
40  575  838
354  512  897
110  111  665
368  479  569
429  762  787
348  404  882
126  607  662
298  725  809
427  480  830
415  717  923
125  126  662
297  589  765
364  723  874
387  609  687
384  501  796
403  506  658
338  595  738
290  628  734
456  702  903
390  548  958
547  671  720
372  607  865
319  516  740
286  605  824
709  919  994
300  559  993
134  583  706
411  658  807
38  39  723
121  582  668
308  544  992
297  541  837
406  561  931
279  550  724
354  587  778
394  615  721
0  538  905
429  573  835
23  24  657
87  88  656
434  572  831
422  639  991
403  658  807
345  562  967
48  566  715
395  571  693
339  602  782
390  888  958
299  602  878
338  738  818
398  744  979
376  491  894
554  606  942
382  645  869
318  717  773
71  72  667
314  489  711
17  18  778
356  655  775
121  122  668
403  506  860
418  664  785
476  592  868
324  670  923
85  578  822
127  607  806
302  531  973
87  576  656
428  745  781
84  578  791
486  637  657
383  596  866
120  582  801
498  499  885
380  613  863
495  695  853
455  559  878
422  639  797
415  691  879
388  583  706
119  584  801
341  504  881
135  583  719
118  584  803
294  585  586
307  717  726
413  569  893
407  561  931
360  565  631
86  576  822
394  615  854
420  795  886
395  547  720
334  663  751
295  529  751
348  669  882
314  711  770
108  109  675
47  566  704
275  888  977
473  650  924
564  669  989
413  598  966
513  639  998
438  511  763
332  728  790
333  475  767
333  475  755
430  630  857
322  596  909
276  590  932
298  508  698
401  616  672
95  96  674
406  758  931
567  793  897
379  588  858
136  137  710
375  825  929
419  721  850
77  78  677
37  38  862
418  664  686
388  701  802
382  557  909
325  593  796
591  756  934
307  726  727
488  563  862
277  449  699
398  643  713
363  527  996
73  74  679
396  494  917
301  593  859
436  849  928
388  636  802
393  425  820
351  686  915
367  514  901
104  105  737
324  670  770
432  597  867
290  628  864
363  615  721
88  89  739
404  598  966
321  426  847
469  888  977
97  98  680
369  568  836
417  759  790
371  627  648
300  510  789
290  601  922
368  626  769
89  90  746
530  795  886
568  836  948
383  612  674
59  60  687
340  492  732
440  621  714
442  554  872
94  612  983
443  808  817
340  492  802
64  65  690
398  642  713
340  701  802
279  588  898
384  649  753
327  456  812
381  540  668
480  509  964
353  744  979
383  557  909
418  809  907
406  561  679
318  717  726
46  47  704
108  622  675
133  134  706
336  465  863
50  51  772
128  129  745
471  624  813
373  573  835
31  32  963
29  633  938
537  859  892
479  569  883
371  533  786
270  630  970
385  646  927
545  735  895
77  613  677
412  725  740
105  623  737
391  757  900
488  723  874
458  749  877
373  572  831
336  465  875
326  777  891
268  650  924
427  570  788
326  743  777
24  637  657
29  30  844
449  605  712
282  600  603
438  628  864
408  493  913
48  49  715
22  23  826
421  623  737
274  617  960
386  622  767
50  598  772
463  759  790
304  499  994
283  606  800
420  707  886
74  614  679
135  136  719
431  696  871
363  641  721
55  56  713
449  603  694
329  718  988
422  517  846
78  625  677
359  577  771
337  517  846
397  710  719
357  495  926
385  711  927
301  859  892
292  673  722
429  660  787
315  604  760
411  650  841
322  537  872
354  512  750
273  720  981
372  861  993
112  113  762
49  598  715
452  765  873
334  663  815
301  892  948
95  612  674
439  621  997
369  570  836
76  613  902
107  622  940
303  581  867
382  557  680
106  623  940
377  652  935
401  500  960
508  686  915
401  616  644
339  602  878
81  619  945
462  604  814
75  614  902
350  596  866
60  609  687
321  426  855
80  619  947
543  789  896
496  624  813
302  529  871
434  659  803
129  130  781
398  681  744
36  563  968
270  639  991
20  567  793
61  609  856
90  702  746
489  750  990
274  615  854
113  114  787
272  689  904
306  558  744
79  625  947
335  757  900
342  837  949
313  701  792
304  564  870
534  670  823
103  104  779
20  21  793
133  636  706
336  758  875
297  520  837
130  640  781
406  758  875
380  776  863
406  614  875
386  552  675
349  498  499
13  14  921
414  691  972
132  636  980
428  640  781
305  606  821
336  776  863
119  120  801
275  599  888
286  581  696
117  118  803
414  691  773
449  694  699
560  659  831
309  638  829
338  736  818
486  725  809
396  653  917
269  631  759
98  645  680
341  639  797
329  646  965
68  69  817
62  63  799
555  926  961
355  521  971
267  655  819
385  646  965
428  640  732
381  582  952
127  128  806
323  663  815
111  112  805
68  634  817
368  479  681
527  673  996
131  640  980
69  70  808
421  623  755
40  41  838
453  611  975
65  635  690
343  728  908
85  86  822
391  635  900
430  630  970
316  693  730
349  709  994
59  632  687
560  660  835
423  666  984
91  92  903
117  659  803
266  646  927
114  660  787
532  876  925
410  849  928
372  865  993
323  585  978
378  673  722
83  84  791
269  759  785
599  888  958
285  771  813
361  685  933
88  656  739
360  697  743
357  926  961
419  641  721
362  827  859
330  573  814
429  660  835
70  71  828
67  634  953
559  861  993
481  736  804
434  659  831
111  665  805
334  708  751
374  666  984
373  560  831
312  536  895
66  635  953
58  632  951
397  748  954
316  693  889
407  815  931
405  550  761
295  529  887
387  632  906
431  603  712
124  654  959
383  612  866
405  761  824
424  736  804
505  811  904
311  669  882
410  536  895
3  27  956
3  28  956
61  62  856
63  64  840
373  560  835
125  662  959
448  763  864
417  777  891
482  652  935
447  630  857
55  642  713
410  849  895
451  633  844
15  534  823
345  693  889
266  716  990
422  688  797
447  630  901
376  741  760
452  541  944
89  739  746
56  643  713
417  631  759
568  892  948
518  612  866
450  738  818
267  775  997
375  812  929
453  799  856
93  94  983
373  572  918
0  46  884
104  737  779
293  545  848
350  692  847
356  733  775
512  750  990
442  554  942
417  631  777
272  505  904
348  454  962
422  846  991
4  36  968
4  37  968
285  577  771
374  666  838
315  610  741
369  570  899
57  643  951
277  749  798
54  642  916
384  649  985
530  943  982
0  884  885
280  697  804
404  598  715
128  745  806
367  620  939
360  697  987
129  745  781
331  572  868
294  586  937
275  688  920
365  548  958
456  618  812
288  678  873
284  532  925
307  670  923
272  689  914
28  29  938
71  667  828
299  542  955
342  832  949
306  681  744
415  691  773
285  577  629
52  53  883
435  589  765
383  557  674
113  762  787
387  609  975
430  580  810
505  811  898
411  698  841
363  551  996
281  839  928
343  637  908
136  710  719
75  76  902
31  574  963
302  696  871
328  483  825
112  762  805
338  857  974
468  836  948
537  872  892
433  582  801
433  584  801
51  52  893
328  484  825
323  758  931
316  889  986
414  498  523
464  688  797
361  544  992
335  497  780
434  584  803
387  611  975
492  640  732
53  54  916
360  631  777
446  578  822
389  766  811
502  728  908
521  865  993
408  735  913
346  699  877
275  599  920
282  533  786
335  497  900
387  834  906
446  576  822
275  700  977
444  800  853
311  626  769
397  583  719
472  662  959
276  653  917
384  833  985
397  748  792
400  606  821
420  795  914
359  700  977
397  710  954
106  107  940
344  748  954
421  755  756
462  722  829
369  684  899
448  864  922
407  561  667
398  643  979
303  558  867
350  518  866
432  581  867
81  82  945
472  662  865
457  724  798
463  785  907
405  605  824
479  883  916
79  80  947
326  743  890
424  697  743
430  857  974
475  623  755
362  528  869
530  795  943
421  756  969
726  858  1000
124  125  959
64  690  840
57  58  951
416  590  932
66  67  953
360  743  777
518  612  983
435  765  873
424  697  804
424  736  818
437  854  946
69  808  817
472  654  959
434  584  930
475  622  767
423  705  999
323  815  931
404  566  715
131  132  980
317  879  972
545  849  895
446  578  816
284  532  976
287  564  794
365  599  958
70  808  828
382  827  869
430  580  970
362  528  985
435  678  873
423  943  982
437  718  988
360  565  987
419  850  924
283  800  853
423  666  982
520  837  949
353  834  906
443  634  817
481  810  974
446  576  832
394  718  950
492  636  980
350  692  936
475  622  940
350  596  936
475  623  940
424  743  890
402  726  727
492  636  802
272  683  914
580  846  991
353  503  979
63  799  840
62  799  856
416  783  843
445  766  811
416  754  843
471  771  813
375  618  855
492  640  980
423  705  943
443  708  780
525  633  938
295  663  751
532  821  976
378  638  784
353  503  906
428  732  782
376  760  894
46  704  884
51  772  893
467  619  945
318  726  1000
420  689  914
358  650  841
433  584  930
443  634  780
356  733  946
466  619  947
317  523  972
430  810  974
321  692  847
279  490  910
470  730  845
344  538  954
307  727  823
580  970  991
315  676  964
466  625  947
317  601  879
525  938  956
438  763  864
356  617  946
483  825  929
433  582  952
436  839  928
423  984  999
445  811  904
537  827  859
465  613  902
338  736  974
374  556  984
271  705  999
293  545  849
465  614  902
375  618  812
528  645  869
449  603  712
528  649  985
278  684  899
563  862  968
290  864  922
489  711  927
312  735  913
450  818  890
28  938  956
41  666  838
270  970  991
450  890  957
365  599  995
315  741  760
299  763  955
497  634  780
529  871  887
439  733  775
481  736  974
465  613  863
362  827  869
400  606  800
347  795  943
454  704  884
53  883  916
52  883  893
21  793  935
404  882  966
345  852  889
512  716  990
495  684  926
442  872  892
463  759  785
487  745  806
418  785  907
454  704  962
493  752  913
465  614  875
313  748  792
362  833  859
311  626  989
464  688  920
457  749  798
413  769  966
349  499  994
402  726  858
268  850  950
453  609  856
400  821  976
497  634  953
325  756  969
403  807  912
424  818  890
497  635  953
425  601  879
266  927  990
491  762  805
454  884  885
377  793  935
310  685  933
626  794  989
287  597  794
501  796  969
335  708  780
448  763  955
437  733  946
345  852  967
271  754  843
413  598  772
503  632  951
497  635  900
268  850  924
14  727  921
311  882  966
437  733  988
551  673  996
379  858  1000
459  851  922
394  850  950
448  851  922
506  718  950
493  739  746
503  643  951
503  632  906
599  920  995
327  848  929
461  783  843
480  676  964
362  833  985
566  704  962
479  642  916
305  692  936
477  889  986
311  769  966
402  727  921
450  957  963
366  832  949
453  609  975
565  986  987
399  789  896
361  933  992
519  808  828
327  812  929
13  911  921
312  752  913
326  890  957
556  984  999
496  852  967
307  717  923
489  927  990
37  862  968
538  710  954
503  643  979
477  852  889
402  911  921
535  799  840
574  957  963
490  910  919
441  774  937
439  775  997
319  807  912
484  876  925
691  879  972
325  796  969
477  986  987
431  871  887
464  920  995
302  757  973
564  794  989
569  883  893
379  709  919
490  870  919
414  523  972
524  933  992
379  910  919
483  848  929
