350  383  544
290  490  778
353  469  917
428  686  910
303  530  987
279  632  773
320  601  884
651  798  976
466  576  968
317  386  785
352  524  710
360  541  705
402  500  509
440  581  861
433  728  849
363  532  630
280  620  628
297  437  535
350  544  659
511  601  884
362  798  976
355  417  560
351  424  552
321  497  557
666  674  997
83  84  536
91  92  483
362  574  612
335  499  740
19  728  849
22  478  851
380  580  838
298  494  872
437  535  822
294  563  734
337  580  838
284  710  920
279  429  701
305  528  686
305  686  910
298  471  872
279  429  575
396  698  733
279  523  632
438  486  886
368  493  991
371  495  549
368  565  640
460  573  836
609  840  981
373  508  986
445  651  798
291  573  794
431  799  876
294  425  777
0  555  641
321  497  790
38  497  618
431  473  799
317  521  594
289  440  495
541  705  887
345  558  568
353  469  668
331  633  868
351  424  880
319  568  776
387  718  843
141  641  865
290  490  858
289  495  549
361  480  714
328  370  548
400  763  769
347  706  793
304  466  576
324  584  896
312  488  645
311  564  746
376  482  903
421  722  927
539  668  999
499  740  953
305  451  702
604  928  984
329  635  886
504  576  968
80  81  539
18  719  849
443  671  846
303  530  716
367  743  924
334  543  964
350  383  823
101  102  546
289  440  861
309  502  590
43  688  698
389  717  833
349  729  831
305  528  529
293  473  765
379  551  623
299  672  810
408  558  980
436  574  612
294  477  777
99  100  544
350  513  659
276  444  803
44  698  733
288  455  653
285  426  657
438  746  886
425  576  824
317  386  677
315  517  713
407  609  840
376  482  890
442  662  766
378  464  808
33  537  921
322  565  640
309  538  580
444  620  864
286  595  779
335  450  740
370  459  596
406  595  1014
402  509  829
307  435  515
424  591  880
20  728  851
363  566  631
304  466  588
427  674  997
566  879  913
328  370  459
363  630  631
335  499  586
313  510  741
433  719  849
432  611  952
814  930  938
353  538  917
296  750  752
19  20  728
390  577  715
396  632  698
279  523  701
349  453  525
353  668  999
276  444  889
306  731  756
416  632  698
295  533  802
297  437  605
394  529  600
322  640  852
382  501  894
287  665  1024
452  577  715
379  623  709
355  560  937
373  509  986
500  906  995
67  68  553
335  450  969
444  620  628
25  499  586
322  559  852
505  632  773
333  647  909
313  521  594
309  538  590
33  34  921
282  457  574
361  714  961
444  864  889
368  553  687
408  738  900
615  647  831
364  597  598
449  554  951
419  497  618
511  601  776
95  96  596
366  573  836
289  532  861
341  588  634
508  584  896
281  394  983
373  740  953
21  22  851
353  590  800
378  507  808
288  653  780
313  510  568
387  525  843
419  497  790
329  886  893
332  759  809
277  542  612
313  558  568
305  451  529
400  531  763
447  639  962
302  465  935
393  468  827
308  604  928
400  684  828
334  543  1005
515  891  1019
368  553  860
389  530  931
416  688  698
395  553  860
282  457  649
312  645  909
317  521  685
424  552  621
318  706  793
301  528  686
467  930  938
551  595  1014
345  558  980
389  531  833
364  479  598
359  605  752
431  532  861
342  550  650
37  38  618
484  547  966
419  599  806
460  573  794
439  660  780
352  533  710
393  520  592
456  722  927
402  501  829
461  680  802
382  501  830
137  138  583
392  537  880
379  572  709
364  891  1019
381  474  929
380  538  580
17  18  719
299  642  810
524  710  920
302  619  935
437  605  752
371  742  810
280  799  876
360  726  749
439  780  898
295  467  680
304  576  824
420  533  802
364  479  1019
333  482  903
324  566  631
370  548  985
436  612  1009
399  682  922
450  879  913
522  826  1005
589  696  945
398  683  898
86  87  577
440  495  857
295  533  789
113  114  569
275  501  894
278  827  956
115  116  567
93  94  598
350  548  985
328  725  891
48  49  571
342  550  634
388  565  695
347  479  1019
285  666  674
288  551  623
42  43  688
283  611  952
376  569  689
421  770  927
341  463  534
595  779  869
92  483  848
352  562  772
465  642  810
375  567  696
368  565  991
426  563  734
35  599  806
46  47  561
378  782  851
351  537  880
295  680  802
367  491  795
408  554  900
358  484  704
671  846  934
20  21  851
400  531  828
381  474  648
431  473  847
359  570  971
318  543  608
442  476  818
384  570  670
333  482  606
93  598  848
384  748  845
444  628  803
374  561  707
378  507  782
465  742  810
416  688  764
368  493  687
373  509  953
358  484  966
476  731  756
423  488  645
485  743  924
393  520  827
564  633  868
470  564  746
360  705  778
378  464  954
367  546  663
412  587  805
409  571  882
392  516  1013
347  793  1019
125  126  585
13  14  442
494  640  852
359  527  752
127  128  587
289  532  630
288  780  898
297  543  608
293  473  797
281  394  600
71  72  579
402  500  906
382  496  963
337  580  984
403  587  805
402  501  669
358  704  946
69  70  582
353  538  590
25  26  586
340  702  910
291  573  758
381  556  929
337  762  867
13  442  766
510  568  776
297  605  723
315  822  964
24  906  995
298  749  760
372  622  665
510  741  859
309  540  580
374  571  882
413  775  925
338  530  931
290  504  576
393  468  721
276  556  889
384  519  748
363  628  803
396  733  739
388  646  712
117  118  589
534  684  873
585  714  961
346  449  951
364  459  597
376  503  775
398  623  898
333  606  909
340  702  727
325  485  642
377  522  1005
278  788  956
464  704  946
389  530  763
350  548  619
372  631  679
284  578  705
326  782  813
381  556  854
479  598  848
392  537  949
488  729  831
379  551  595
343  747  955
30  667  1008
287  614  703
0  141  641
321  552  621
380  616  692
83  536  658
507  782  813
325  485  743
43  44  698
0  46  691
313  521  741
293  840  981
416  523  632
361  664  884
414  795  948
33  537  708
330  763  769
380  610  692
413  644  775
345  568  757
288  551  801
378  728  851
484  547  936
360  504  726
84  536  655
315  517  822
425  576  681
514  515  891
314  713  753
420  461  760
454  726  749
506  645  909
311  564  633
373  508  584
439  683  898
431  532  876
542  612  1009
309  502  814
285  426  563
376  569  903
348  682  922
0  555  784
407  649  723
356  688  764
590  800  982
387  638  718
337  604  867
286  460  933
297  535  543
479  483  706
535  543  964
307  435  765
466  588  1012
387  613  729
362  612  675
375  615  647
375  567  907
336  639  962
423  601  783
367  491  663
559  852  1000
371  549  665
384  519  570
336  593  639
30  31  1008
382  779  830
393  592  767
294  425  734
388  624  712
274  572  709
374  571  707
545  672  810
289  549  630
319  511  664
334  452  715
322  559  695
28  29  722
394  528  761
432  527  750
420  533  710
396  505  632
302  465  742
34  35  599
312  488  831
304  588  634
339  864  889
453  525  812
294  563  637
414  629  795
77  78  610
411  573  758
28  722  832
320  729  993
25  499  995
278  821  845
354  490  578
283  670  1021
94  95  597
400  534  684
376  503  689
73  74  617
323  640  872
478  782  851
80  539  668
515  793  1019
372  630  631
62  63  624
490  578  705
300  601  776
75  76  616
429  578  920
503  644  775
423  645  792
390  715  923
310  606  940
60  61  625
458  814  938
365  529  600
321  557  721
391  658  700
374  561  855
349  453  615
318  609  793
81  539  700
285  657  666
283  570  670
622  665  1024
389  625  717
91  483  636
475  733  739
346  677  918
422  518  641
500  509  953
276  566  879
441  569  903
307  837  847
381  854  875
326  501  830
417  637  791
388  695  915
372  549  665
22  478  856
375  696  945
371  495  742
312  647  831
441  567  907
102  546  663
490  657  858
315  713  923
322  565  695
422  555  641
420  461  802
442  476  731
527  750  752
285  563  744
352  562  1021
326  501  669
355  417  791
301  521  685
409  650  883
448  605  723
394  528  529
318  608  609
293  651  840
351  537  921
11  12  682
301  685  686
101  546  661
371  545  810
338  695  915
286  460  836
298  471  895
23  24  906
11  682  745
317  685  881
46  561  691
318  706  768
293  765  981
514  725  891
317  785  881
352  524  772
360  541  749
382  602  963
341  588  769
313  558  918
448  649  723
327  701  863
32  33  708
292  603  643
38  497  911
398  623  709
100  544  661
104  105  629
449  554  862
108  109  627
443  748  845
411  573  703
106  107  626
363  566  803
394  761  983
440  581  837
56  57  684
303  559  987
463  534  834
316  550  650
506  606  940
421  492  875
490  705  778
301  528  761
282  574  786
295  467  938
122  123  638
430  561  855
287  703  947
307  514  515
393  557  721
300  601  783
491  629  795
15  434  724
519  570  971
392  516  754
321  621  747
67  553  687
413  644  697
305  702  910
99  544  659
68  553  694
445  720  799
292  603  792
384  821  845
323  593  639
406  595  933
390  655  699
96  97  607
338  695  987
349  525  992
518  641  865
421  492  770
368  640  860
3  28  832
3  27  832
88  89  652
428  685  686
346  449  965
332  430  855
621  747  955
14  442  818
15  434  818
416  523  764
408  558  951
277  542  944
328  459  891
429  575  958
280  620  720
436  574  786
414  626  693
488  729  993
323  593  872
90  91  636
361  480  613
340  422  796
321  721  747
413  627  697
385  662  744
129  130  654
388  646  991
110  111  644
372  622  679
64  65  646
304  550  634
331  775  925
310  482  606
131  132  656
415  702  727
278  671  827
382  602  779
302  548  619
275  501  829
0  691  784
448  605  971
414  629  693
430  759  784
460  732  933
385  662  731
379  572  869
411  545  672
311  746  886
354  490  657
94  597  598
355  755  791
354  575  997
276  556  854
280  720  799
382  496  894
552  790  919
348  739  745
396  505  739
296  502  753
502  590  982
82  83  658
356  487  956
319  568  757
329  795  948
375  647  907
352  533  611
40  41  592
328  548  690
354  575  958
418  779  830
438  672  758
474  648  708
342  634  972
520  592  988
84  85  655
300  653  783
342  650  883
380  538  917
352  611  1021
389  531  763
330  530  716
317  594  677
403  654  735
283  611  1021
407  649  840
102  103  663
385  563  744
393  557  767
374  711  882
455  603  792
79  80  668
300  510  776
52  53  676
404  673  940
366  614  703
50  51  678
336  867  904
95  596  597
449  751  862
137  583  736
389  625  931
40  592  767
100  101  661
366  836  963
359  570  850
310  482  868
113  569  689
114  569  771
344  785  881
344  512  518
338  472  915
115  567  771
350  619  823
96  596  607
138  583  737
292  506  645
581  837  847
372  549  630
277  612  675
506  606  909
98  99  659
380  616  838
363  532  628
116  567  696
48  571  707
432  611  789
359  605  971
380  610  917
435  515  793
387  638  1018
392  591  1013
511  664  884
408  656  738
429  578  958
355  415  937
429  524  920
319  511  776
420  541  760
399  682  766
330  588  769
288  455  801
535  822  964
286  602  836
47  561  707
2  18  849
2  19  849
438  486  878
540  928  984
423  601  993
403  757  959
434  547  724
406  643  732
440  690  725
292  645  792
274  704  808
309  540  930
356  487  764
49  571  730
397  864  939
404  673  957
278  788  821
336  593  904
66  67  687
44  45  733
22  23  856
464  946  954
314  800  982
286  602  779
428  685  881
367  795  924
298  494  975
330  530  763
23  856  906
404  794  957
31  32  648
318  543  768
541  749  760
69  582  694
294  637  1004
86  577  699
345  757  959
320  613  729
334  452  826
71  579  815
332  430  759
457  651  840
72  579  817
324  631  679
411  703  947
339  516  864
494  640  872
415  555  727
70  582  815
112  113  689
326  669  782
286  595  933
401  622  679
419  790  919
87  577  787
562  670  1021
34  599  921
505  739  960
357  633  925
388  624  915
68  69  694
410  788  821
321  552  790
384  670  821
344  796  888
367  546  994
347  479  706
533  611  789
520  827  956
450  584  740
365  451  529
125  585  714
47  48  707
439  761  983
433  946  954
360  504  778
126  585  781
456  586  1003
369  713  923
484  704  774
127  587  781
128  587  735
287  614  1024
26  586  1003
117  589  696
116  117  696
24  25  995
399  662  744
76  77  692
391  658  901
517  713  753
468  671  827
418  813  830
457  574  976
335  586  927
447  639  899
434  476  819
439  683  983
369  713  811
105  106  693
430  691  784
140  141  865
118  589  820
329  893  924
114  115  771
297  608  723
342  816  972
350  513  985
45  733  902
316  711  882
404  841  940
109  110  697
366  614  963
560  759  809
284  578  920
456  722  832
339  516  754
432  527  952
373  584  740
301  660  932
283  570  850
435  609  793
354  666  997
81  82  700
453  812  820
423  488  993
124  125  714
87  88  787
512  518  865
356  956  988
557  767  911
445  720  798
523  701  863
285  674  744
562  772  978
284  705  887
301  521  932
516  864  939
355  755  979
59  60  717
63  64  712
417  637  1004
559  695  987
346  558  951
415  462  555
324  584  913
376  775  890
126  127  781
485  893  924
274  704  774
637  791  877
337  481  762
434  819  914
397  620  720
331  868  890
440  690  857
121  122  718
136  137  736
390  655  905
77  610  692
594  677  918
338  472  931
443  671  845
448  649  871
85  86  699
340  422  727
323  640  860
138  139  737
357  948  1015
404  643  732
395  582  694
337  481  838
484  774  842
76  616  692
475  739  745
418  572  869
414  626  807
520  956  988
413  627  804
419  618  806
397  720  798
402  669  856
409  678  730
278  671  845
1  45  902
1  10  902
475  733  902
73  617  817
468  721  747
32  648  708
282  649  871
458  750  941
540  580  984
403  587  735
325  619  823
341  463  972
288  623  898
377  483  706
63  624  712
341  634  972
348  739  960
333  647  907
345  489  980
281  683  983
354  657  666
604  867  904
128  129  735
78  610  908
412  664  961
338  530  987
521  741  932
49  50  730
391  539  700
419  599  919
429  524  892
39  40  767
479  483  848
405  660  932
60  625  717
345  489  959
405  741  859
74  617  916
406  603  643
310  673  974
407  608  609
478  669  856
320  601  993
324  679  896
362  675  798
16  724  966
441  903  907
600  819  914
75  616  916
331  633  925
132  133  738
344  881  888
109  627  697
276  566  803
374  711  855
383  743  823
341  534  1023
106  626  693
105  629  693
397  675  798
292  506  841
280  628  876
472  625  931
602  836  963
62  624  885
388  565  991
282  748  871
424  542  944
61  625  885
296  502  912
532  628  876
300  653  859
486  839  878
329  635  948
434  476  818
292  643  841
404  732  794
299  672  878
431  581  847
418  572  813
303  716  968
41  42  825
430  561  691
462  759  937
399  662  766
402  856  906
359  527  850
470  957  973
70  71  815
424  591  944
440  725  837
364  459  891
72  73  817
301  660  761
370  596  607
118  119  820
304  550  824
420  541  887
410  562  670
517  753  926
457  649  840
371  545  853
480  613  1018
365  451  755
135  136  751
348  682  745
455  603  801
482  868  890
422  518  796
12  13  766
306  731  877
293  651  797
110  644  697
429  701  892
377  483  636
456  586  927
108  627  967
313  594  918
15  16  724
424  621  955
436  786  846
296  753  926
107  626  967
119  120  812
39  767  911
519  748  871
421  667  875
64  646  712
337  604  984
307  514  837
357  633  1015
122  638  718
390  577  699
104  629  977
409  650  882
412  664  805
471  593  872
437  517  822
302  742  857
399  674  922
300  510  859
398  774  842
351  919  921
366  573  703
14  15  818
420  710  887
454  749  975
453  615  945
362  574  976
451  755  979
356  688  825
324  566  913
16  866  966
281  683  842
403  654  959
335  770  969
315  715  923
463  834  870
404  643  841
57  684  828
82  658  700
424  542  955
381  667  875
351  552  919
282  748  786
57  58  828
295  938  941
449  736  751
92  93  848
279  575  773
395  553  694
290  504  778
41  592  825
16  17  866
426  657  858
473  797  799
302  548  690
310  868  974
38  39  911
97  607  1001
56  684  873
129  654  735
123  638  942
344  512  785
411  545  947
58  59  833
315  715  964
111  644  1006
492  854  875
65  646  989
314  713  811
316  550  998
377  706  768
308  680  928
132  656  738
466  716  968
88  652  787
410  562  978
357  498  804
54  55  834
408  656  980
386  677  965
467  540  928
497  557  911
35  36  806
403  757  805
391  800  811
399  674  744
512  865  1007
299  839  878
357  498  807
411  672  758
434  547  914
325  642  935
422  555  727
120  121  843
85  655  699
298  749  975
467  540  930
387  525  992
308  680  835
343  846  934
397  620  864
405  660  780
12  682  766
470  673  974
328  690  725
435  765  981
295  789  941
79  668  908
330  588  1012
406  732  933
332  711  855
130  654  943
438  672  878
485  642  839
371  665  853
29  30  844
131  656  943
290  576  681
50  678  730
421  667  844
478  669  782
443  786  846
418  779  869
103  663  977
370  513  607
339  889  929
310  673  940
410  788  874
53  54  870
355  415  979
303  726  968
358  719  866
408  554  951
10  11  1020
405  653  780
90  636  1010
134  135  862
316  650  882
361  664  961
89  652  1010
307  765  847
55  56  873
383  546  661
425  681  734
400  534  1023
537  708  949
53  676  870
326  813  830
398  709  774
334  715  964
61  62  885
470  746  973
405  653  859
383  544  661
477  809  1004
66  687  989
450  584  913
377  522  636
98  659  1001
392  754  949
455  653  783
375  615  945
437  517  926
346  677  965
446  617  762
52  676  1016
426  681  734
51  678  1016
446  617  817
474  754  949
42  688  825
398  683  842
564  868  974
572  813  970
303  726  1000
425  777  998
291  794  957
381  667  1008
112  689  1006
4  36  990
4  37  990
133  134  900
314  753  982
78  79  908
474  708  949
425  824  998
26  27  1003
357  804  925
438  758  973
327  701  892
592  825  988
421  722  844
409  678  883
446  867  962
74  75  916
349  615  831
334  826  1005
379  595  869
407  608  723
274  572  970
358  719  946
59  717  833
294  477  1004
354  578  958
395  582  899
346  558  918
387  613  1018
423  783  792
454  852  1000
454  726  1000
121  718  843
618  806  990
136  736  751
378  728  954
442  662  731
409  571  730
635  948  1015
357  807  948
387  729  992
119  812  820
460  732  794
385  731  877
296  750  912
123  124  942
496  614  963
445  797  799
130  131  943
599  919  921
385  563  637
446  579  817
447  579  815
391  811  901
124  714  942
441  569  771
441  567  771
447  582  815
277  675  939
481  617  762
507  813  970
309  814  930
392  591  880
381  648  1008
486  886  893
433  719  946
308  604  904
449  736  996
433  728  954
340  796  888
575  773  997
431  581  861
30  667  844
432  750  941
325  619  935
275  829  986
120  812  843
471  835  895
469  668  908
107  108  967
514  725  837
316  777  950
417  560  809
58  828  833
556  889  929
401  679  896
274  709  774
298  760  895
339  754  929
319  757  805
427  773  960
103  104  977
410  874  978
284  710  887
319  664  805
452  652  787
299  642  839
287  665  853
401  622  1025
342  526  816
464  704  808
17  719  866
65  66  989
560  759  937
470  564  974
547  724  966
445  651  797
342  526  883
439  660  761
133  738  900
361  613  884
470  673  957
36  806  990
427  674  922
498  626  807
276  854  879
37  618  990
498  627  804
467  680  928
275  894  1026
135  751  862
412  585  781
524  772  892
390  905  923
296  752  926
412  587  781
139  140  1007
111  112  1006
333  903  907
458  750  912
523  764  863
139  737  1007
54  834  870
446  579  962
97  98  1001
506  841  940
327  863  874
55  834  873
397  675  939
487  764  863
51  52  1016
462  759  784
426  681  858
463  676  870
453  589  820
89  90  1010
365  600  819
622  1024  1025
385  637  877
274  808  970
311  635  886
325  743  823
469  610  908
302  690  857
505  773  960
480  714  942
31  648  1008
29  722  844
417  809  1004
320  613  884
481  617  916
463  676  816
457  651  976
481  616  916
391  539  999
277  939  1013
448  871  971
481  616  838
502  814  912
343  747  934
316  777  998
383  743  994
303  559  1000
472  624  885
493  687  989
472  625  885
306  755  791
443  748  786
498  627  967
474  754  929
344  518  796
452  652  826
498  626  967
291  957  973
469  610  917
291  758  973
369  536  901
496  894  1026
134  862  900
367  743  994
415  702  979
281  600  914
447  579  962
491  663  977
461  680  835
332  809  1002
323  639  1022
455  783  792
435  609  981
428  888  910
503  689  1006
369  536  905
509  829  986
512  785  1011
493  646  989
487  788  874
349  729  992
468  671  934
491  629  977
447  582  899
461  760  895
512  737  1011
277  944  1013
314  800  811
281  842  936
311  635  1015
410  670  821
400  769  1023
290  681  858
356  825  988
496  614  1025
503  644  1006
365  755  756
492  770  969
369  811  901
452  577  787
330  716  1012
335  770  927
471  593  1017
311  633  1015
340  888  910
495  742  857
536  658  901
526  676  816
480  638  942
406  603  1014
437  752  926
327  772  892
543  768  1005
475  902  1020
377  768  1005
412  585  961
473  765  847
485  839  893
489  654  943
427  773  997
536  655  905
489  656  943
502  753  982
415  462  937
306  755  756
140  865  1007
370  513  985
472  624  915
391  800  999
336  867  962
527  850  952
383  546  994
456  832  1003
446  762  867
386  583  996
513  659  1001
504  726  968
461  835  895
453  589  945
312  647  909
477  777  950
465  642  935
492  854  879
542  955  1009
512  737  1007
401  896  897
332  711  1002
513  607  1001
526  676  1016
583  736  996
432  789  941
526  678  1016
550  824  998
281  914  936
413  804  925
493  646  991
438  746  973
436  846  1009
526  678  883
343  955  1009
308  904  1017
522  652  826
468  747  934
353  800  999
386  583  1011
487  863  874
500  953  995
365  756  819
316  711  950
27  832  1003
275  897  1026
327  874  978
358  866  966
519  871  971
414  807  948
593  904  1017
341  769  1023
507  808  970
462  555  784
489  654  959
487  788  956
480  638  1018
10  902  1020
306  791  877
499  953  995
545  853  947
369  905  923
11  745  1020
459  596  597
489  656  980
395  860  1022
458  814  912
405  741  932
494  852  975
475  745  1020
531  828  833
458  938  941
516  939  1013
525  812  843
331  775  890
522  636  1010
486  839  893
308  835  1017
522  652  1010
283  850  952
477  809  1002
534  834  873
386  785  1011
427  922  960
603  801  1014
450  879  969
583  737  1011
554  862  900
287  853  947
471  835  1017
508  896  897
329  795  924
466  716  1012
463  816  972
428  881  888
551  801  1014
591  944  1013
454  852  975
343  846  1009
449  965  996
476  756  819
327  772  978
401  897  1026
492  879  969
275  897  986
477  950  1002
496  1025  1026
508  897  986
484  842  936
614  1024  1025
386  965  996
711  950  1002
395  899  1022
547  914  936
323  860  1022
639  899  1022
348  922  960
451  702  979
401  1025  1026
