0  2  1  0.001  12214.4  0  0  1
1  1  2  2  12081.4  2.0625  -0.283701  1
2  1  2  -2  12080.9  2.03324  -0.215587  1
3  3  -2  -2  12104.1  1.97602  -0.316594  1
4  3  -2  2  12201.4  1.97485  -0.31617  1
10  1  2  1.6  12084  2.08488  -0.248467  1
11  1  2  1.2  12084  2.00472  -0.250521  1
12  1  2  0.8  12084  1.99276  -0.253045  1
13  1  2  0.4  12084  1.9922  -0.259953  1
14  1  2  5.50449e-12  12084  2.00449  -0.271297  1
15  1  2  -0.4  12084  2.00187  -0.242668  1
16  1  2  -0.8  12084  1.99634  -0.209676  1
17  1  2  -1.2  12084  2.01701  -0.209733  1
18  1  2  -1.6  12084  2.02834  -0.217563  1
19  0  1.6  -2  12064.3  2.02743  -0.187345  1
20  0  1.2  -2  12040.2  2.0155  -0.177776  1
21  0  0.8  -2  12033.4  2.00608  -0.21191  1
22  0  0.4  -2  12052.1  2.00144  -0.234432  1
23  0  5.50449e-12  -2  12084.9  1.99818  -0.228535  1
24  0  -0.4  -2  12110.1  1.98575  -0.252588  1
25  0  -0.8  -2  12113.5  1.98496  -0.321737  1
26  0  -1.2  -2  12107.1  1.98922  -0.343104  1
27  0  -1.6  -2  12103.4  1.98114  -0.320911  1
28  3  -2  -1.6  12112.4  1.97485  -0.31617  1
29  3  -2  -1.2  12122.7  1.97485  -0.31617  1
30  3  -2  -0.8  12134.4  1.97485  -0.31617  1
31  3  -2  -0.4  12149.2  1.97485  -0.31617  1
32  3  -2  -5.50449e-12  12168.1  1.97485  -0.31617  1
33  3  -2  0.4  12185.3  1.97485  -0.31617  1
34  3  -2  0.8  12193.8  1.97485  -0.31617  1
35  3  -2  1.2  12201.7  1.97485  -0.31617  1
36  3  -2  1.6  12203.1  1.97485  -0.31617  1
37  0  -1.6  2  12212.9  1.97485  -0.31617  1
38  0  -1.2  2  12228  1.97485  -0.31617  1
39  0  -0.8  2  12244.8  1.97485  -0.31617  1
40  0  -0.4  2  12214.9  1.97485  -0.31617  1
41  0  -5.50449e-12  2  12167.4  1.97485  -0.31617  1
42  0  0.4  2  12178.3  1.97485  -0.31617  1
43  0  0.8  2  12175.9  1.97485  -0.31617  1
44  0  1.2  2  12143.9  1.97485  -0.31617  1
45  0  1.6  2  12105.1  1.97485  -0.31617  1
46  2  0.978975  0.00712011  12167.6  -3.05043e-16  7.32387e-17  1
47  2  0.957894  0.0130428  12126.9  0  0  1
48  2  0.936749  0.0187349  12092.3  0  0  1
49  2  0.915531  0.0241452  12052.9  3.56295e-16  -7.79939e-17  1
50  2  0.894278  0.0294183  12017.6  -7.64447e-17  1.64931e-17  1
51  2  0.873027  0.0347002  11971.3  3.23284e-16  -6.99538e-17  1
52  2  0.851768  0.039952  11925.8  -1.06895e-16  2.10127e-17  1
53  2  0.830492  0.0451292  11888.8  -3.37891e-16  7.30021e-17  1
54  2  0.809185  0.0501822  11847.9  0  -1.2326e-32  1
55  2  0.787837  0.0550537  11817.9  -3.97668e-16  8.05007e-17  1
56  2  0.766458  0.0597937  11763.5  1.9364e-16  -3.73899e-17  1
57  2  0.745051  0.0644026  11746  -5.58533e-16  1.06015e-16  1
58  2  0.723614  0.0688683  11720  2.12509e-16  -3.94659e-17  1
59  2  0.702145  0.0731787  11686.8  -4.06448e-16  7.4103e-17  1
60  2  0.680646  0.0773402  11642.4  -1.91834e-16  3.56696e-17  1
61  2  0.659122  0.0813627  11623  0  0  1
62  2  0.637568  0.0852254  11586.9  4.93038e-32  0  1
63  2  0.615982  0.088907  11552  0  0  1
64  2  0.594363  0.0923883  11541.1  1.64569e-16  -2.41229e-17  1
65  2  0.572717  0.0956962  11522.3  2.31821e-16  -2.96539e-17  1
66  2  0.551044  0.0988233  11502.1  6.95462e-16  -8.89617e-17  1
67  2  0.529342  0.101742  11474.2  -7.87405e-17  8.0803e-18  1
68  2  0.507609  0.104423  11472.6  -1.57481e-16  1.61606e-17  1
69  2  0.485847  0.106854  11466.2  -1.62846e-16  1.30001e-17  1
70  2  0.464061  0.109063  11489.2  -1.62846e-16  1.30001e-17  1
71  2  0.442253  0.111034  11486.1  6.1396e-16  -4.99464e-17  1
72  2  0.420422  0.112748  11463.5  -3.94644e-16  2.88425e-17  1
73  2  0.398572  0.114185  11428.1  1.54505e-16  -7.98564e-18  1
74  2  0.376707  0.115373  11429.1  9.05817e-17  -4.09981e-18  1
75  2  0.35483  0.116312  11484.9  -4.81897e-16  1.49678e-17  1
76  2  0.332942  0.116961  11491.1  -1.59565e-16  3.40852e-18  1
77  2  0.311047  0.117278  11491.4  4.69194e-16  -5.65064e-18  1
78  2  0.28915  0.117215  11493.1  -4.7408e-16  -8.62971e-18  1
79  2  0.267258  0.116759  11514.1  1.50818e-16  5.45808e-18  1
80  2  0.245373  0.116009  11581.7  -4.82736e-16  -1.72765e-17  1
81  2  0.223499  0.115003  11526.9  -1.42545e-16  -3.70585e-18  1
82  2  0.201639  0.113712  11432.1  -1.13775e-16  -2.94093e-18  1
83  2  0.179831  0.111769  11565  2.40055e-16  2.37608e-17  1
84  2  0.158202  0.108376  11727.7  4.54967e-16  7.50003e-17  1
85  2  0.13668  0.104343  11929.9  -4.54967e-16  -7.50003e-17  1
86  2  0.115292  0.0996476  12096.6  0  0  1
87  2  0.0940139  0.0944792  12228.7  0  0  1
88  2  0.0731459  0.0878655  12494.2  3.61105e-16  1.00995e-16  1
89  2  0.0526731  0.0801163  12726.2  1.57893e-16  3.77077e-17  1
90  2  0.0332479  0.0700302  13332.3  -3.15786e-16  -7.54155e-17  1
91  2  0.014901  0.0581574  13775.6  4.36529e-17  3.16592e-17  1
92  2  0.00173816  0.0407273  12690.3  1.35395e-16  -7.18144e-17  1
93  2  0.00871548  0.022285  9697.62  0  0  1
94  2  0.0284533  0.0138207  8874.5  2.68192e-16  -8.64969e-17  1
95  2  0.0498785  0.00932021  10020.5  5.36384e-16  -1.72994e-16  1
96  2  0.0716178  0.00673208  10325.4  0  0  1
97  2  0.093424  0.00474388  10623.7  -5.01226e-16  8.88675e-17  1
98  2  0.115278  0.00336546  10730.9  -5.54021e-17  1.09485e-17  1
99  2  0.137143  0.00217932  10923.5  -4.93038e-32  1.2326e-32  1
100  2  0.159021  0.00124135  11021.9  -4.16019e-16  3.91573e-17  1
101  2  0.180908  0.000580805  11114.1  0  0  1
102  2  0.202803  0.000270567  11173.4  -4.18806e-16  3.76834e-17  1
103  2  0.2247  7.31663e-05  11247.9  0  0  1
104  2  0.246597  -6.12496e-05  11321.2  3.55261e-16  -1.60524e-17  1
105  2  0.268494  -0.000117932  11375.4  -1.7169e-16  4.14367e-18  1
106  2  0.290392  -6.84377e-05  11417.9  3.11491e-18  -2.34478e-18  1
107  2  0.312288  0.000133348  11469.9  0  0  1
108  2  0.334183  0.00047478  11521.5  -3.34016e-16  8.23375e-18  1
109  2  0.356076  0.000930362  11561.7  -3.00719e-16  7.03539e-18  1
110  2  0.377966  0.00147803  11616.6  6.06604e-16  -7.23937e-18  1
111  2  0.399855  0.00209573  11622.5  0  0  1
112  2  0.42174  0.00283514  11638.7  2.2874e-16  -3.95318e-18  1
113  2  0.44362  0.00370409  11697.3  2.65342e-16  2.93434e-18  1
114  2  0.465499  0.00461151  11758.1  0  0  1
115  2  0.48738  0.00546642  11756  1.19097e-16  8.49628e-18  1
116  2  0.509265  0.00619446  11780.8  -2.69862e-17  -2.56777e-18  1
117  2  0.531153  0.00686538  11807.6  1.78391e-16  3.55602e-19  1
118  2  0.553041  0.00748137  11853.9  0  0  1
119  2  0.574932  0.00801724  11899.5  -1.30767e-16  -7.85765e-18  1
120  2  0.596826  0.00844781  11926.9  0  7.70372e-34  1
121  2  0.618721  0.00877161  11950  2.27617e-16  1.10529e-18  1
122  2  0.640617  0.00900939  11989.4  1.25423e-16  1.66895e-18  1
123  2  0.662514  0.00914605  12030.4  -2.38365e-16  -1.1545e-18  1
124  2  0.684412  0.00916582  12018.2  0  0  1
125  2  0.706309  0.00905178  12041.4  -1.26485e-16  -2.16728e-18  1
126  2  0.728205  0.00878297  12085.8  -2.12549e-17  -2.23877e-18  1
127  2  0.750098  0.00838548  12081.3  -3.50676e-16  -3.09087e-18  1
128  2  0.771991  0.00789713  12093.4  1.20727e-16  -1.92207e-18  1
129  2  0.793881  0.0073557  12145.6  1.20679e-16  -7.6501e-19  1
130  2  0.815771  0.00676957  12168.4  0  0  1
131  2  0.837658  0.00610315  12162.3  2.09783e-16  -4.69128e-18  1
132  2  0.859544  0.0053856  12177.8  0  0  1
133  2  0.881429  0.00463869  12198.5  -2.08532e-16  3.84291e-18  1
134  2  0.903314  0.00388673  12202.5  0  0  1
135  2  0.925197  0.00309489  12220.6  -1.1231e-16  1.31549e-18  1
136  2  0.947077  0.00221742  12227.9  -2.43042e-16  9.53138e-18  1
137  2  0.968954  0.00128046  12228.6  0  0  1
138  2  0.990831  0.00031925  12249.5  0  0  1
268  0  -0.90394  0.676696  12213.1  1.97611  -0.37597  1
269  0  -0.028455  1.01192  12176.5  1.97098  -0.192641  1
270  0  0.959906  1.00776  12092.3  2.02195  -0.264305  1
271  0  -0.362011  -0.957499  12059.3  2.03455  -0.299794  1
272  0  0.587524  -1.01466  12029.1  2.03666  -0.208817  1
273  0  -0.723395  -0.25023  12149.9  1.98511  -0.401975  1
274  0  1.0649  -0.629285  12080.1  2.00666  -0.179617  1
275  0  0.0936129  -0.598132  11950  2.06715  -0.240158  1
276  0  0.555568  -0.471507  11958.8  2.07291  -0.167486  1
277  0  0.484765  0.724549  12066.1  2.04295  -0.218324  1
278  0  0.935813  0.524548  12041.3  2.04135  -0.28865  1
279  0  0.0778464  0.53032  12173  1.98192  -0.120669  1
280  0  -0.377061  0.347343  12294.7  1.91675  -0.262944  1
281  0  -0.118971  -0.284007  11963.3  2.06053  -0.344565  1
282  0  0.63185  0.410178  11921.2  2.07896  -0.258944  1
283  0  0.3635  0.395627  11940.6  2.08099  -0.140433  1
284  0  1.0622  0.262451  12087.1  2.00749  -0.317167  1
285  0  0.826786  -0.317836  12066.4  2.01847  -0.124994  1
286  0  0.280157  -0.316123  11799.1  2.15907  -0.205019  1
287  0  0.50631  -0.234291  11870.6  2.13171  -0.108858  1
288  0  0.830211  0.280395  11949.8  2.06561  -0.334487  1
289  0  -0.254766  -0.0668575  12200.8  1.93778  -0.375081  1
290  0  1.0139  -0.207871  12169.2  1.98809  -0.137847  1
291  0  -0.0775126  0.306317  12391.6  1.86212  -0.116104  1
292  0  0.14276  0.314745  12133.8  1.98992  -0.0158767  1
293  0  0.0933614  -0.208276  11654  2.21777  -0.326039  1
294  0  0.694349  -0.184978  12007.9  2.08707  -0.0743706  1
295  0  0.489328  0.279113  11777.7  2.14881  -0.202277  1
296  0  0.869369  -0.146448  12141.1  2.03195  -0.083563  1
297  0  0.632151  0.228288  11768.4  2.14157  -0.294827  1
298  0  -0.13261  0.160843  12563  1.75504  -0.212955  1
299  0  -0.0317129  -0.132577  11773.7  2.13523  -0.478812  1
300  0  0.376488  -0.138285  11698.6  2.25122  -0.111798  1
301  0  0.234808  -0.1369  11534.3  2.30435  -0.200495  1
302  0  -0.119043  -0.029948  12238.9  1.8828  -0.493975  1
303  0  0.941084  0.176331  12039.9  2.04839  -0.36933  1
304  0  0.0442929  0.223143  12421.9  1.84553  0.0487464  1
305  0  0.371266  0.243945  11769.2  2.1568  -0.110634  1
306  0  0.250249  0.234771  11863.4  2.11503  0.00216721  1
307  0  0.735959  0.185979  11828.1  2.14237  -0.349526  1
308  0  1.01224  -0.101607  12225.4  1.9346  -0.110931  1
309  0  0.480457  -0.111205  11791.2  2.23543  -0.0606642  1
310  0  0.587988  -0.0989909  11917.3  2.16866  -0.0382862  1
311  0  1.0189  0.105088  12143.4  2.08297  -0.379108  1
312  0  1.50143  -0.0477473  12126.3  1.91134  -0.220516  1
313  0  0.154619  0.214188  12060.1  2.02534  0.0962366  1
314  0  0.819184  0.143215  11896.2  2.17514  -0.40257  1
315  0  0.146306  -0.0979344  11349.7  2.4119  -0.306041  1
316  0  0.0496006  -0.0856097  11336.2  2.34165  -0.505833  1
317  0  0.787544  -0.0908012  12103.3  2.00742  -0.0418297  1
318  0  0.67113  -0.0783084  12013.1  2.04075  -0.0238075  1
319  0  -1.19952  -0.891387  12121.4  1.98277  -0.359439  1
320  0  0.465901  1.23147  12135.8  1.99486  -0.243512  1
321  0  0.090481  -1.13978  12038.8  2.04972  -0.223881  1
322  0  1.26769  -0.051809  12217.7  1.73164  -0.184719  1
323  0  0.551945  0.187674  11663.4  2.23056  -0.262897  1
324  0  1.28396  -0.365051  12128.2  1.985  -0.176004  1
325  0  0.933742  -0.0737609  12209.1  1.85564  -0.0685387  1
326  0  1.30564  -1.35962  12063.2  2.02433  -0.195017  1
327  0  0.999211  -0.0504745  12244.7  1.59005  -0.0752287  1
328  0  1.46062  0.657685  12094.4  2.0045  -0.274528  1
329  0  -0.212705  0.554878  12255.2  1.94637  -0.188838  1
330  0  0.437509  0.193839  11647.8  2.23829  -0.164461  1
331  0  0.94438  0.101077  12073.3  2.12946  -0.413789  1
332  0  0.30033  -0.0897297  11538.2  2.38511  -0.125017  1
333  0  0.000232288  0.152145  12743.5  1.63304  0.0246395  1
334  0  -0.053982  0.0956154  12937.2  1.50964  -0.241493  1
335  0  0.66055  0.160337  11719  2.26314  -0.344563  1
336  0  0.413393  -0.0743481  11675.4  2.25191  -0.0508361  1
337  0  -0.861501  0.230149  12208.6  1.96062  -0.390221  1
338  0  1.13356  -0.0155765  12257.4  1.45652  -0.190238  1
339  0  1.21401  0.155616  12170.7  2.01532  -0.294877  1
340  0  0.863222  -0.0601314  12171.2  1.78799  -0.0439347  1
341  0  -0.629619  1.34236  12202.7  1.96518  -0.298228  1
342  0  0.879214  0.103104  11978.3  2.16081  -0.42986  1
343  0  -0.0157066  -0.049034  11633.2  2.11924  -0.694797  1
344  0  0.322621  0.189886  11688.8  2.2405  -0.044397  1
345  0  -0.265399  -0.616194  12039.4  2.02439  -0.301851  1
346  0  -1.29692  1.31625  12199  1.97055  -0.367482  1
347  0  0.0919506  0.167421  12309.5  1.86718  0.211906  1
348  0  -1.34986  -0.117238  12167  1.97431  -0.356658  1
349  0  0.52263  -0.0602641  11828.6  2.02094  -0.0105777  1
350  0  1.00536  0.0581314  12191.4  1.99599  -0.393788  1
351  0  0.213122  -0.0696408  11362.8  2.43267  -0.191415  1
352  0  0.212808  0.167775  11757.6  2.21253  0.11241  1
353  0  0.719235  0.63809  12028.2  2.06071  -0.260731  1
354  0  -0.540707  0.658485  12231.6  1.96403  -0.30783  1
355  0  1.07113  0.0250576  12262.4  1.62237  -0.303401  1
356  0  -0.582357  0.0439921  12210.4  1.94903  -0.376884  1
357  0  1.11589  -0.149937  12229.2  1.96546  -0.154985  1
358  0  0.383585  -0.740788  11980.4  2.0609  -0.206354  1
359  0  1.45597  -0.825789  12083  1.99216  -0.195581  1
360  0  -0.82249  -1.36469  12100.4  1.99216  -0.337639  1
361  0  -1.37851  0.501363  12194.2  1.97321  -0.349487  1
362  0  0.740116  -0.0480305  12080.9  1.71014  -0.00847816  1
363  0  -0.652969  -0.639407  12098  2.00121  -0.378382  1
364  0  0.502845  0.160392  11569.3  2.34943  -0.229448  1
365  0  0.589137  0.14152  11591.1  2.32901  -0.310826  1
366  0  0.750907  0.125077  11789.4  2.24886  -0.402587  1
367  0  -0.343521  0.127848  12312  1.89184  -0.315802  1
368  0  0.102826  -0.0487173  10988.3  2.50647  -0.38094  1
369  0  0.276522  0.602638  12081.7  2.03886  -0.163227  1
370  0  0.390514  0.167707  11591.2  2.33577  -0.123202  1
371  0  0.135415  -0.39848  11849.7  2.12415  -0.25404  1
372  0  0.346906  -0.0505821  11553.9  2.02856  -0.0535998  1
373  0  0.664362  0.916687  12087.5  2.02078  -0.248834  1
374  0  0.627677  -0.043293  11961  1.69656  -0.00258993  1
375  0  -0.302966  -1.47457  12078  2.02231  -0.256976  1
376  0  1.04504  -0.0359831  12268.5  1.2921  -0.0731667  1
377  0  0.161301  0.159259  11924.1  2.09929  0.228881  1
378  0  -0.430129  -0.287814  12112.1  1.99816  -0.364496  1
379  0  0.456649  -0.0462209  11736.8  1.9212  -0.0117713  1
380  0  0.276008  0.166451  11662.3  2.30227  0.0275325  1
381  0  0.26445  0.901482  12130.3  2.01078  -0.188952  1
382  0  0.789612  -0.562708  12035  2.03209  -0.169048  1
383  0  0.718926  0.293553  11875.7  2.10176  -0.307221  1
384  0  0.773818  0.439241  11977.1  2.05979  -0.290738  1
385  0  0.495956  0.419554  11918.4  2.08722  -0.204673  1
386  0  0.997649  -0.0242593  12258.3  1.05972  -0.042788  1
387  0  1.41662  1.15376  12100.3  2.00963  -0.249923  1
388  0  -0.0687057  0.00412734  12321.9  1.77757  -0.656568  1
389  0  1.21746  0.517532  12090.2  2.01137  -0.284933  1
390  0  0.453446  -1.49536  12047.6  2.01884  -0.229613  1
391  0  0.1685  -0.0476113  11121.4  2.32655  -0.218288  1
392  0  0.272817  -0.51397  11913  2.09181  -0.215528  1
393  0  1.49214  0.297342  12122.8  2.0098  -0.278004  1
394  0  0.257421  -0.048111  11364.9  2.14531  -0.110002  1
395  0  0.804366  -0.0540339  12136  1.73642  -0.022516  1
396  0  0.564555  -0.0361552  11881.1  1.57688  0.012593  1
397  0  0.830668  0.0933206  11880.5  2.0959  -0.423167  1
398  0  0.697927  0.119167  11710.1  2.22994  -0.380069  1
399  0  0.632377  -0.331836  11974.2  2.07479  -0.126465  1
400  0  -0.303529  0.858403  12210.5  1.97028  -0.224771  1
401  0  0.0386875  1.49797  12176.7  1.96104  -0.217813  1
402  0  0.247252  0.349817  11999.8  2.05424  -0.0702364  1
403  0  0.785145  0.0990774  11823.8  2.12716  -0.410541  1
404  0  -1.42393  -1.38907  12114.5  1.9794  -0.336513  1
405  0  0.874832  1.44008  12131.7  2.03396  -0.272327  1
406  0  0.695129  -0.0352025  12033.5  1.49916  0.00347323  1
407  0  -0.236681  0.269114  12377.5  1.86357  -0.220754  1
408  0  1.00511  -0.957613  12058.6  2.01012  -0.204741  1
409  0  0.941512  -0.150991  12171.4  2.01321  -0.104959  1
410  0  1.0549  0.739801  12073.3  2.02791  -0.269057  1
411  0  -0.0371085  -0.83567  12012.4  2.04374  -0.238129  1
412  0  1.03603  -0.364672  12115.3  1.98796  -0.157585  1
413  0  0.383732  -0.267617  11800.6  2.16931  -0.154975  1
414  0  1.13159  -0.31368  12141.4  1.97928  -0.169204  1
415  0  0.959778  -0.0423801  12245.2  1.50191  -0.059758  1
416  0  -1.04715  -0.503142  12136.7  1.98292  -0.378463  1
417  0  0.0268914  0.329964  12301.2  1.9093  -0.0577877  1
418  0  0.457081  0.153465  11556.2  2.36772  -0.185275  1
419  0  -0.030435  0.738963  12186.7  1.99425  -0.165182  1
420  0  0.545978  0.143305  11565.8  2.35707  -0.277176  1
421  0  -0.0427175  0.442708  12267  1.92874  -0.11674  1
422  0  0.951592  0.370828  12028.1  2.03078  -0.313437  1
423  0  0.596937  -0.196697  11934.4  2.10658  -0.0834921  1
424  0  -0.0631388  0.228365  12515.5  1.7829  -0.10094  1
425  0  0.0546069  -0.038796  10835.8  2.5496  -0.623845  1
426  0  -0.0559345  -0.483063  11954.6  2.06444  -0.279054  1
427  0  0.635074  0.126156  11625.2  2.27419  -0.350083  1
428  0  0.158412  0.45769  12130.2  1.99536  -0.101201  1
429  0  0.390063  -0.039059  11627.8  1.77971  -0.0298178  1
430  0  0.766284  -1.37636  12045.9  2.01659  -0.222314  1
431  0  0.050084  0.126777  12683.8  1.67946  0.295014  1
432  0  0.788868  -0.189545  12077.5  2.04704  -0.0841511  1
433  0  0.197717  -0.241634  11692.1  2.21412  -0.24702  1
434  0  0.297033  -0.206633  11687.2  2.2127  -0.174427  1
435  0  -0.00508419  0.100854  13135.3  1.38079  0.00415118  1
436  0  0.59193  0.568233  12001.8  2.07445  -0.23909  1
437  0  0.91041  -0.0330214  12195.8  1.39879  -0.0460203  1
438  0  -0.750734  -1.03811  12104.5  2.00426  -0.359436  1
439  0  -0.630995  0.980005  12211.8  1.98065  -0.317612  1
440  0  0.301723  -0.0415441  11470.5  1.9667  -0.0685387  1
441  0  0.39843  -0.395652  11882  2.11461  -0.179368  1
442  0  0.607382  -0.693571  12006.4  2.05  -0.188857  1
443  0  -0.644827  0.405685  12240  1.949  -0.352857  1
444  0  0.585664  0.328598  11849.9  2.11413  -0.250599  1
445  0  0.959133  0.0526723  12106.9  1.83895  -0.393963  1
446  0  0.91219  0.0645321  12033.2  1.9274  -0.405183  1
447  0  0.341891  0.157968  11580.3  2.34815  -0.0539855  1
448  0  0.114818  0.142174  12177.2  1.96306  0.311547  1
449  0  -0.304589  1.20605  12197.2  1.95322  -0.221165  1
450  0  1.26511  0.347074  12111.5  1.99936  -0.291424  1
451  0  0.302448  0.295472  11893  2.1075  -0.0714579  1
452  0  0.411016  0.326304  11853.5  2.1185  -0.154286  1
453  0  -1.28856  0.891705  12205.7  1.9816  -0.360835  1
454  0  0.495216  0.223736  11701.4  2.18471  -0.21218  1
455  0  0.723217  -0.111374  12040.7  2.08614  -0.0456951  1
456  0  0.446746  -0.57842  11958.2  2.07033  -0.192073  1
457  0  1.04704  -0.0777778  12241.9  1.80106  -0.112941  1
458  0  -0.0215126  0.0719399  13297.9  1.19951  -0.273076  1
459  0  0.386422  0.548329  12026.5  2.0582  -0.178999  1
460  0  -0.240065  0.0464389  12341.5  1.86713  -0.344187  1
461  0  0.502569  -0.0318245  11769.2  1.52826  -0.00259389  1
462  0  0.904859  -0.258519  12113.3  1.99847  -0.120408  1
463  0  0.124279  0.716413  12148.1  2.01366  -0.159374  1
464  0  0.849476  -0.0307011  12174  1.38865  -0.0271569  1
465  0  1.29207  -0.178093  12187.5  1.91895  -0.156851  1
466  0  -1.57391  -0.56104  12142.3  1.97796  -0.337887  1
467  0  -0.203974  0.425314  12301.6  1.91545  -0.179889  1
468  0  -1.01838  1.07691  12206  1.99143  -0.377926  1
469  0  0.193439  0.277884  12029.6  2.04576  0.00202895  1
470  0  0.556725  0.252698  11757.3  2.15286  -0.248336  1
471  0  -0.0282237  -0.255669  11856.7  2.11136  -0.355384  1
472  0  0.996643  0.0342565  12204.6  1.60713  -0.34496  1
473  0  0.859371  0.216535  11957.3  2.06638  -0.359706  1
474  0  0.482069  -0.356969  11902.3  2.10853  -0.156099  1
475  0  0.232839  0.150252  11711.2  2.29887  0.100923  1
476  0  0.0836569  -1.50785  12063.1  2.02597  -0.235734  1
477  0  1.03637  0.0245998  12238.8  1.46412  -0.301803  1
478  0  0.156281  -0.811798  11995.9  2.05322  -0.221552  1
479  0  -0.194772  -0.184676  12061.2  2.00743  -0.375878  1
480  0  0.334371  -1.04168  12025.3  2.04576  -0.214076  1
481  0  1.03034  0.193528  12097.1  2.00428  -0.334816  1
482  0  0.453782  -0.192805  11810.2  2.16506  -0.105449  1
483  0  -1.07283  -0.0671805  12171.9  1.97457  -0.384373  1
484  0  0.832202  -0.815075  12044.9  2.02947  -0.190656  1
485  0  0.540411  -0.152611  11883.7  2.16527  -0.0713758  1
486  0  0.741761  -0.277359  12033.2  2.03769  -0.107434  1
487  0  0.754043  -0.437569  12029.5  2.03567  -0.150299  1
488  0  0.639303  -0.138308  11976.4  2.13563  -0.0546385  1
489  0  0.00341373  -0.0173602  11154.6  2.31466  -1.02692  1
490  0  0.705275  1.23307  12122.6  2.01723  -0.263456  1
491  0  -0.240088  -0.456498  12027.3  2.03193  -0.311212  1
492  0  0.17315  -0.177554  11581.4  2.25813  -0.259631  1
493  0  0.939265  0.274907  12021.6  2.03394  -0.332647  1
494  0  0.213368  -0.0368588  11285.8  2.13019  -0.140297  1
495  0  0.872998  0.72071  12057.8  2.03891  -0.268216  1
496  0  0.760861  -0.0254231  12100  1.35714  -0.00114782  1
497  0  -0.464323  -0.56765  12077.5  2.01012  -0.349287  1
498  0  1.11731  0.106541  12187.8  2.03852  -0.324749  1
499  0  0.0986987  0.260254  12238.3  1.94332  0.0336096  1
500  0  0.434781  0.263061  11769.9  2.1541  -0.165668  1
501  0  0.799534  0.20734  11902.4  2.09347  -0.355936  1
502  0  -0.14468  -1.10625  12048.4  2.05272  -0.247674  1
503  0  -0.105418  0.0493973  12592.9  1.69965  -0.424476  1
504  0  1.32326  1.60444  12121.3  2.07736  -0.25167  1
505  0  0.684202  0.214553  11793.6  2.13488  -0.321863  1
506  0  0.207925  1.22403  12157.2  1.96567  -0.215448  1
507  0  -0.993051  1.62054  12205  1.93801  -0.368874  1
508  0  -0.412828  0.533743  12252.4  1.94767  -0.262822  1
509  0  0.979152  -0.0160459  12254.2  0.88034  -0.0349689  1
510  0  1.68453  -0.385428  12104.2  1.96609  -0.197616  1
511  0  0.123044  -0.0320032  10977.2  2.30958  -0.273294  1
512  0  0.0315157  -0.167992  11666.8  2.19939  -0.404458  1
513  0  0.363462  -0.103014  11647.7  2.32841  -0.105231  1
514  0  -0.469669  -0.11005  12176.4  1.96386  -0.372785  1
515  0  -0.111993  -0.690488  12006.3  2.03941  -0.259662  1
516  0  0.963578  -0.0741497  12221.3  1.83348  -0.0817258  1
517  0  -0.349603  1.63805  12205.2  1.95591  -0.224305  1
518  0  1.1328  0.422607  12083  2.0121  -0.293304  1
519  0  0.420912  0.149662  11552.3  2.37426  -0.159617  1
520  0  0.871191  0.0724652  11970.2  1.96275  -0.41394  1
521  0  0.312982  0.157662  11612.7  2.34133  -0.0205354  1
522  0  0.826634  -0.0819205  12137.9  1.96  -0.0460023  1
523  0  0.0786127  -0.137377  11498  2.26697  -0.389425  1
524  0  1.26549  0.951619  12092.4  2.01387  -0.261632  1
525  0  0.0830576  0.133381  12405.1  1.83699  0.322554  1
526  0  0.608292  -0.0162221  11955.2  0.964855  0.0168362  1
527  0  0.651753  -0.0210061  11997.3  1.0735  0.00519943  1
528  0  0.425852  -0.0334049  11664  1.6487  -0.0152744  1
529  0  -1.05315  0.404612  12204  1.96719  -0.376484  1
530  0  -1.61087  -1.08617  12122.4  1.97482  -0.33081  1
531  0  0.451475  1.66336  12166.1  2.02153  -0.291584  1
532  0  0.188096  0.142354  11679.8  2.16223  0.214019  1
533  0  0.692736  0.520149  11988.5  2.07239  -0.264769  1
534  0  0.665631  0.118353  11689.5  2.25547  -0.369497  1
535  0  -0.0882741  0.607069  12221.2  1.96945  -0.154559  1
536  0  1.14102  1.32785  12114.7  2.03545  -0.256309  1
537  0  1.04188  0.0636215  12199.1  2.00919  -0.372571  1
538  0  0.880896  -0.0357862  12192.9  1.45887  -0.0333843  1
539  0  0.262039  0.429683  12033.7  2.04088  -0.111821  1
540  0  -0.0322444  0.0191798  12392.2  1.64769  -0.968324  1
541  0  0.303868  -0.152768  11631.2  2.25077  -0.154745  1
542  0  0.533015  -0.0299659  11834.5  1.52466  0.00731874  1
543  0  1.02288  -0.0172747  12272.7  0.904248  -0.0595889  1
544  0  -0.142835  0.236224  12460.6  1.81375  -0.176843  1
545  0  -0.520538  -1.25143  12085.9  2.02787  -0.306982  1
546  0  1.06209  -1.62193  12049.7  2.01538  -0.201291  1
547  0  -0.0680729  -0.0509966  12029.3  1.96271  -0.605525  1
548  0  -0.479419  0.16845  12260.4  1.92304  -0.33586  1
549  0  0.128243  0.180803  12122  1.97394  0.173511  1
550  0  0.89279  -0.111643  12175.8  2.00265  -0.0790284  1
551  0  0.740339  0.0946843  11741.7  1.91411  -0.355478  1
552  0  0.0935729  0.378011  12192.9  1.96107  -0.0639041  1
553  0  0.0329577  -0.0124078  10357.3  2.41566  -0.779095  1
554  0  -0.0258973  -0.366052  11901.3  2.09351  -0.304089  1
555  0  0.623711  0.189004  11721.5  2.20509  -0.307805  1
556  0  0.833835  0.561262  12023.2  2.05618  -0.280766  1
557  0  0.126249  -0.288464  11759.6  2.1715  -0.275795  1
558  0  0.465882  0.883258  12098.9  2.02056  -0.218178  1
559  0  1.57611  -1.57611  12063.5  2.0355  -0.186694  1
560  0  0.980476  0.0834471  12120.4  2.08885  -0.410643  1
561  0  0.97298  0.133685  12085  2.07613  -0.383063  1
562  0  0.429249  -0.132701  11756.8  2.23369  -0.0883992  1
563  0  -0.0573933  0.15958  12713.7  1.67096  -0.118912  1
564  0  -1.62634  0.172405  12178.5  1.97477  -0.335197  1
565  0  0.872891  0.156307  11963.5  2.10939  -0.390137  1
566  0  0.916727  0.131484  12024.4  2.117  -0.402214  1
567  0  -1.23469  0.177616  12186.2  1.97147  -0.36464  1
568  0  -0.431611  -0.747635  12069.5  2.01615  -0.331128  1
569  0  1.34508  0.0491439  12177.9  1.90996  -0.258304  1
570  0  0.0797649  -0.0226616  10713.2  2.25732  -0.400224  1
571  0  0.996901  -0.00809648  12270.1  0.690471  -0.0130571  1
572  0  0.522628  0.131952  11504.6  2.16069  -0.233351  1
573  0  0.565596  0.12301  11562.1  2.08806  -0.267099  1
574  0  0.861702  -0.476273  12061.2  2.01846  -0.155296  1
575  0  0.47762  0.134196  11513.4  2.17689  -0.191795  1
576  0  0.0305767  0.0993077  13007.5  1.42217  0.339641  1
577  0  1.26474  -0.597877  12099.6  1.98857  -0.187425  1
578  0  1.1131  0.193763  12128.8  1.99503  -0.314966  1
579  0  0.714517  -0.014263  12050  0.947828  -0.000643859  1
580  0  0.983401  -0.295484  12130.9  1.98463  -0.138452  1
581  0  1.58323  -1.18464  12073.5  2.01893  -0.191046  1
582  0  0.245723  0.185042  11765.6  2.19928  0.044457  1
583  0  0.592766  -0.0622578  11910.3  1.97769  -0.0119799  1
584  0  -1.62979  1.05874  12199  1.97748  -0.336039  1
585  0  0.80427  0.0778581  11837.3  1.79094  -0.362543  1
586  0  0.0354606  0.166569  12606.9  1.71513  0.124747  1
587  0  0.306194  0.240785  11803.3  2.13946  -0.0490084  1
588  0  -0.0508749  0.0475995  12890.7  1.43583  -0.573443  1
589  0  0.609173  0.115492  11570.4  2.0326  -0.293875  1
590  0  -0.260173  -0.318802  12048.7  2.02394  -0.339987  1
591  0  0.253161  -0.0841837  11446.6  2.4071  -0.164015  1
592  0  0.279707  -0.0263832  11399.4  1.5745  -0.0584428  1
593  0  0.323223  -0.0273337  11512.8  1.50428  -0.0370815  1
594  0  0.360271  0.186358  11640.1  2.26705  -0.087362  1
595  0  0.398633  0.211898  11688.5  2.20104  -0.131433  1
596  0  0.36777  -0.0242948  11596.3  1.35432  -0.0316846  1
597  0  0.472782  0.184429  11627.3  2.27083  -0.198954  1
598  0  0.776233  0.161991  11850.8  2.17241  -0.382215  1
599  0  1.07547  0.57864  12069.9  2.02592  -0.281846  1
600  0  -0.617251  -1.68655  12106.3  1.98123  -0.292932  1
601  0  0.649019  0.304831  11851.9  2.11343  -0.28126  1
602  0  -0.912385  -0.766733  12115  1.9912  -0.379417  1
603  0  -0.227201  0.166923  12416.5  1.83577  -0.265147  1
604  0  0.93516  -0.0216964  12223.2  1.09456  -0.0429255  1
605  0  0.6308  -0.0887437  11966.8  2.0873  -0.0242709  1
606  0  -0.0481927  1.19614  12178.9  1.95104  -0.20204  1
607  0  0.217522  -0.672576  11962.7  2.06563  -0.220851  1
608  0  0.220928  -0.412985  11855.2  2.12415  -0.22649  1
609  0  0.142346  0.131108  11918.6  2.04899  0.337771  1
610  0  -1.59789  1.59925  12203.1  1.96571  -0.331863  1
611  0  0.596371  0.79316  12070  2.03295  -0.239507  1
612  0  0.487584  -1.22781  12038.4  2.02951  -0.21977  1
613  0  0.364942  0.139089  11512.4  2.17027  -0.0674091  1
614  0  0.932197  0.0451929  12069.2  1.50976  -0.330246  1
615  0  1.19421  0.0381498  12216.7  1.8056  -0.267452  1
616  0  0.184178  -0.119996  11444.5  2.34184  -0.249308  1
617  0  1.65315  0.890187  12094.7  1.99502  -0.255296  1
618  0  -1.14271  -1.2837  12108.6  1.98305  -0.35109  1
619  0  0.197545  0.229575  11972.1  2.07404  0.0491809  1
620  0  0.0933296  0.21364  12283.1  1.91619  0.111799  1
621  0  0.487454  -0.062664  11764.3  2.09367  -0.0265819  1
622  0  0.332947  0.765763  12100.8  2.03017  -0.192139  1
623  0  1.75096  0.205532  12099.1  2.01125  -0.269804  1
624  0  -0.799084  -0.0133793  12184.1  1.96729  -0.398655  1
625  0  0.804156  -0.0179498  12146.1  1.08698  -0.0068906  1
626  0  1.14752  -0.801562  12075  2.00212  -0.199137  1
627  0  0.74764  -1.64429  12045.3  2.00694  -0.22319  1
628  0  -1.10315  -1.63966  12108.7  1.9839  -0.350078  1
629  0  -0.156293  -0.103855  12108.2  1.97324  -0.425721  1
630  0  0.857518  0.373448  11984.1  2.04942  -0.312786  1
631  0  1.01707  -0.0371797  12263.9  1.36825  -0.0710682  1
632  0  0.973804  0.0291917  12153  1.28202  -0.277413  1
633  0  -0.22946  -0.800577  12038.4  2.03083  -0.27645  1
634  0  0.715073  0.381496  11927.2  2.07288  -0.283412  1
635  0  1.61255  1.46079  12102.7  2.0527  -0.229521  1
636  0  0.698815  0.16252  11758.8  2.22712  -0.351899  1
637  0  0.454284  -0.0195569  11728  1.1068  0.00624421  1
638  0  0.521537  0.349264  11855.1  2.11275  -0.218218  1
639  0  0.540064  -0.104386  11870.2  2.19355  -0.0452317  1
640  0  -0.329647  0.687525  12231.1  1.96429  -0.234955  1
641  0  0.656776  -0.253602  11988.5  2.06811  -0.098905  1
642  0  0.573404  -0.266305  11931.6  2.09893  -0.111338  1
643  0  0.255146  0.139992  11608.9  2.17405  0.0778065  1
644  0  0.00210485  -0.0887152  11572.1  2.18812  -0.557473  1
645  0  -0.572367  -0.413099  12111  2.0003  -0.381313  1
646  0  -0.00627883  0.268644  12417.3  1.84609  -0.0470214  1
647  0  0.771452  -0.0564321  12107.4  1.79299  -0.0175145  1
648  0  0.819702  -0.136364  12109.1  2.04817  -0.0701012  1
649  0  -0.637398  1.63705  12212.6  1.94376  -0.303587  1
650  0  0.761938  0.259449  11892.2  2.09354  -0.331032  1
651  0  0.191597  -0.0233335  11163.1  1.74296  -0.131078  1
652  0  0.235287  -0.0236322  11317.6  1.60681  -0.0735645  1
653  0  1.12661  -0.461861  12109  1.99375  -0.171229  1
654  0  1.05518  -0.131642  12213.7  1.97645  -0.134177  1
655  0  0.979438  -0.036205  12245.8  1.36882  -0.0577147  1
656  0  0.44722  -0.0850205  11734  2.24251  -0.0504387  1
657  0  0.285771  0.204034  11754.9  2.18582  -0.011035  1
658  0  -1.60092  0.741387  12197  1.97377  -0.333189  1
659  0  0.584056  0.219281  11726.7  2.16744  -0.271496  1
660  0  0.174462  0.560795  12123.2  2.01283  -0.138453  1
661  0  -0.0314408  -0.0146905  11857.6  1.96165  -0.866451  1
662  0  0.214253  0.136451  11599.9  2.15678  0.146233  1
663  0  0.846886  0.0649926  11914.9  1.65637  -0.345358  1
664  0  0.147139  -0.0202883  11030.9  1.87358  -0.176349  1
665  0  0.8884  0.0534406  12003.1  1.53478  -0.332975  1
666  0  1.6761  0.528547  12100  1.99841  -0.261611  1
667  0  0.834656  0.885243  12080.4  2.02384  -0.263153  1
668  0  0.843328  -0.210724  12102.3  2.02292  -0.0983555  1
669  0  0.989853  -0.152202  12186.7  2.00252  -0.119125  1
670  0  -0.00490919  0.198582  12574  1.75505  -0.00566238  1
671  0  -0.719131  0.58072  12225.8  1.96379  -0.360165  1
672  0  0.391047  0.140223  11473.3  2.20755  -0.108856  1
673  0  1.25571  -1.04158  12068  2.00445  -0.204488  1
674  0  0.585502  -0.0129055  11891.7  0.903262  0.0112348  1
675  0  0.629896  -0.0120418  11955.8  0.884136  0.0185794  1
676  0  0.716989  0.0914938  11705.6  1.83048  -0.33373  1
677  0  0.676002  -0.0159476  12025.7  0.998797  -0.00896046  1
678  0  0.760147  0.0824989  11767.8  1.74415  -0.336778  1
679  0  1.25017  0.730656  12086  2.01658  -0.272499  1
680  0  0.243322  0.289212  11951.8  2.0819  -0.030208  1
681  0  -0.327122  0.0187834  12265.9  1.91052  -0.347866  1
682  0  0.318688  1.44896  12159.1  1.9824  -0.254019  1
683  0  0.15727  -0.505559  11910.7  2.09017  -0.236663  1
684  0  0.707465  -0.0683148  12038.8  1.95559  -0.018195  1
685  0  0.76758  0.3384  11933.3  2.0716  -0.308319  1
686  0  -1.64632  -0.227554  12159.4  1.97408  -0.333724  1
687  0  -0.342493  0.240695  12318  1.89293  -0.275527  1
688  0  0.542873  0.12021  11514.5  1.98253  -0.232573  1
689  0  0.165955  0.130573  11767.6  2.10401  0.307832  1
690  0  0.454763  0.127653  11528.3  2.02091  -0.16421  1
691  0  -0.310283  0.444004  12282.9  1.92832  -0.226215  1
692  0  0.105602  -0.0175197  10754.1  1.98368  -0.263254  1
693  0  0.058283  -0.0126803  10333  2.24598  -0.488363  1
694  0  0.49931  0.127564  11500.8  2.06808  -0.206071  1
695  0  0.972112  -0.110572  12201.1  1.97408  -0.102142  1
696  0  -0.507544  0.440203  12258.1  1.94265  -0.308979  1
697  0  0.586197  0.113621  11541.7  1.92317  -0.266699  1
698  0  0.900546  -0.0669978  12189.8  1.81957  -0.0592983  1
699  0  -0.67482  0.215917  12227.4  1.94756  -0.373279  1
700  0  0.354405  -0.220636  11740.1  2.19326  -0.153095  1
701  0  0.34554  -0.0190448  11520.8  1.21177  -0.0193827  1
702  0  -0.60919  -0.866517  12089.9  2.01066  -0.360162  1
703  0  0.233381  -1.28626  12043.8  2.03671  -0.225318  1
704  0  0.277797  0.13654  11541.4  2.13507  0.0388648  1
705  0  0.200363  -0.32157  11785.6  2.16332  -0.236296  1
706  0  0.73885  -0.0151527  12088.2  1.01447  -0.0079374  1
707  0  0.138411  -0.0606463  11158.4  2.47733  -0.305637  1
708  0  1.71795  -0.659992  12088.1  1.98087  -0.199869  1
709  0  0.477199  -0.0143951  11761.9  0.919989  -0.00103135  1
710  0  0.779809  -0.0117262  12114  0.902365  0.00807325  1
711  0  0.844538  0.116283  11925.2  2.1921  -0.425199  1
712  0  0.827618  -0.0132993  12168.7  0.94478  -0.0211276  1
713  0  0.695044  0.0941072  11673.1  1.72789  -0.321284  1
714  0  1.06733  0.150027  12135  2.01718  -0.33475  1
715  0  0.781299  0.0761487  11819.3  1.61493  -0.329096  1
716  0  0.0211629  -0.0486538  11144.4  2.38065  -0.727383  1
717  0  0.169433  -0.0178822  11057.5  1.62654  -0.119736  1
718  0  1.01104  0.0181029  12253.4  1.15872  -0.255093  1
719  0  0.257501  -0.0196611  11336.7  1.37455  -0.0366973  1
720  0  0.824282  0.0663923  11858.2  1.56732  -0.327298  1
721  0  0.564451  -0.0112012  11870.5  0.786033  0.0402299  1
722  0  -0.818309  -0.485796  12125.9  1.99098  -0.395879  1
723  0  0.349053  1.04986  12131.6  1.99713  -0.210121  1
724  0  0.695262  -0.00981902  12028.5  0.802021  -0.00192349  1
725  0  0.182956  0.377779  12094.7  2.01085  -0.06722  1
726  0  0.494057  -0.840653  12008.3  2.05133  -0.202778  1
727  0  1.70751  -0.104138  12111.4  1.9815  -0.241711  1
728  0  0.959531  -0.0180159  12237.7  0.985101  -0.0365581  1
729  0  0.357811  0.305718  11857.2  2.11968  -0.115389  1
730  0  0.377064  -0.0692925  11618.6  2.23877  -0.0674266  1
731  0  0.665808  -0.544003  12005  2.04817  -0.17078  1
732  0  1.47094  -0.24446  12131.2  1.94735  -0.167895  1
733  0  -0.937547  -0.262524  12151.7  1.98267  -0.396321  1
734  0  0.913257  0.0931682  12023.8  2.14304  -0.429362  1
735  0  0.804696  -1.00165  12043.4  2.02284  -0.206397  1
736  0  -0.689144  0.778296  12217.9  1.97869  -0.346346  1
737  0  0.0498691  0.276649  12329.2  1.8939  -0.00965626  1
738  0  -0.484788  0.832513  12217.2  1.9724  -0.283382  1
739  0  0.555971  -0.0714205  11881.5  2.06553  -0.0183835  1
740  0  -0.173507  0.328362  12361.3  1.87936  -0.174489  1
741  0  0.0973172  0.878569  12159.3  2.00054  -0.177114  1
742  0  1.09413  -0.0548842  12262.5  1.51491  -0.100458  1
743  0  0.0553106  0.104067  12710.6  1.62627  0.454843  1
744  0  1.48693  -0.511724  12115.8  1.97401  -0.183409  1
745  0  -0.0492533  -1.30505  12059.4  2.04415  -0.238468  1
746  0  -0.0925996  -0.178348  11932.6  2.06434  -0.413674  1
747  0  1.16903  -0.0891691  12247.2  1.75832  -0.15186  1
748  0  -0.336244  -0.174812  12133  1.97893  -0.361916  1
749  0  -0.41393  1.01169  12206.7  1.96614  -0.254592  1
750  0  0.0436187  -0.281287  11793.4  2.14815  -0.317606  1
751  0  0.0509047  -0.469073  11914.1  2.08661  -0.263059  1
752  0  0.667214  -0.0477027  12021.6  1.75836  -0.00347439  1
753  0  -0.118589  -1.73576  12085.7  2.00403  -0.23269  1
754  0  -1.33143  -0.408116  12149.2  1.9764  -0.354819  1
755  0  0.761256  -0.138279  12069.1  2.07364  -0.0610341  1
756  0  0.595157  0.467322  11951  2.07858  -0.239489  1
757  0  0.497385  0.515732  11981.8  2.07449  -0.20883  1
758  0  0.492089  -0.162552  11832.6  2.17586  -0.0836503  1
759  0  0.433812  0.388977  11906.2  2.09287  -0.17252  1
760  0  0.184553  1.72499  12168.4  2.004  -0.260598  1
761  0  0.515872  0.192517  11646.9  2.23942  -0.23442  1
762  0  0.237042  -0.197534  11630.3  2.23475  -0.211562  1
763  0  0.328481  -0.118702  11622  2.3049  -0.126619  1
764  0  -0.185248  0.72155  12216.7  1.97445  -0.187034  1
765  0  0.682601  -0.120895  12011.3  2.10668  -0.0446033  1
766  0  0.892978  -0.641003  12054.9  2.02413  -0.17417  1
767  0  0.101147  -0.0972713  11295  2.41164  -0.389186  1
768  0  1.42351  0.866562  12093.3  2.00654  -0.26605  1
769  0  1.42229  0.469636  12102.1  2.00218  -0.282447  1
770  0  -0.0193322  0.0441117  13115.3  0.948434  -0.818598  1
771  0  0.249873  -1.7351  12062.3  2.01005  -0.235079  1
772  0  -0.02738  0.128303  12902  1.55534  -0.0441631  1
773  0  0.629922  0.104593  11568.2  1.79639  -0.277285  1
774  0  0.301518  -0.0193143  11441.8  1.25603  -0.0289074  1
775  0  0.341506  0.221562  11728.5  2.17154  -0.0819104  1
776  0  -0.8285  0.420681  12220.2  1.95972  -0.379847  1
777  0  0.00796387  0.0765493  13509.1  1.06506  0.109472  1
778  0  -1.66793  -1.66793  12108.9  1.97742  -0.322385  1
779  0  0.98011  0.229046  12054.3  2.02042  -0.339328  1
780  0  0.434337  0.130768  11520.3  2.07727  -0.150948  1
781  0  0.389437  -0.0166238  11622.4  1.01751  -0.0106353  1
782  0  -0.0351808  0.372146  12314.1  1.90319  -0.0977806  1
783  0  0.0518724  -0.714721  11984.2  2.05249  -0.235298  1
784  0  0.373038  0.652888  12067.4  2.0476  -0.189792  1
785  0  0.984571  -1.21816  12056.2  2.01244  -0.214439  1
786  0  0.951984  -0.206568  12150.2  1.99848  -0.119932  1
787  0  0.350197  -0.329267  11826.4  2.14742  -0.180262  1
788  0  1.00955  -0.00862337  12275.2  0.696412  -0.0440452  1
789  0  0.322261  0.13545  11534.1  2.11306  -0.0254482  1
790  0  0.913295  -0.0128275  12208.9  0.889107  -0.0256008  1
791  0  1.37544  -0.0945931  12155.1  1.8429  -0.167135  1
792  0  0.100566  0.115765  12229.1  1.89783  0.411581  1
793  0  -0.625816  -0.108567  12173.9  1.96973  -0.394275  1
794  0  1.53815  0.132405  12130.8  2.01561  -0.273889  1
795  0  0.59168  -0.146599  11924.8  2.15197  -0.0610011  1
796  0  -0.886286  1.34035  12200.2  1.96594  -0.360769  1
797  0  0.410051  -0.0163361  11629  1.03015  -0.0178036  1
798  0  0.952032  0.0327062  12093.3  1.22662  -0.271962  1
799  0  0.773919  1.05066  12100.2  2.02088  -0.261113  1
800  0  0.881031  0.456931  12015.2  2.04413  -0.299468  1
801  0  0.148963  0.255391  12105  2.01283  0.0414788  1
802  0  0.599633  1.44669  12144.7  2.01384  -0.277812  1
803  0  0.602054  0.27048  11798  2.1377  -0.26861  1
804  0  -0.207599  1.02778  12193.8  1.96089  -0.21141  1
805  0  0.180536  -0.0776125  11300.2  2.46809  -0.246922  1
806  0  0.833086  -0.0542281  12152.8  1.73178  -0.0310065  1
807  0  -0.112239  0.387619  12319.1  1.90284  -0.138274  1
808  0  -1.73251  -1.37134  12117.3  1.97559  -0.32343  1
809  0  0.902435  -0.186099  12138.2  2.0158  -0.103366  1
810  0  1.32862  0.211399  12148.6  2.01599  -0.282044  1
811  0  0.92776  -0.368117  12094  1.99911  -0.142218  1
812  0  0.622609  0.150063  11652.1  2.31648  -0.332705  1
813  0  0.90875  0.0437063  12030.6  1.32663  -0.299239  1
814  0  0.934586  -0.048071  12223.2  1.62853  -0.0612382  1
815  0  0.177514  0.187942  11919.4  2.08686  0.128887  1
816  0  0.038612  0.623246  12180  1.99202  -0.14237  1
817  0  0.507458  -0.0905545  11822.4  2.20472  -0.0405811  1
818  0  -1.12808  0.666821  12208.2  1.97501  -0.368444  1
819  0  1.08861  -0.212036  12185.1  1.97927  -0.160275  1
820  0  0.343884  0.133808  11528.3  2.06089  -0.0459618  1
821  0  0.728153  0.770847  12060.6  2.03635  -0.256697  1
822  0  -0.365347  -1.13765  12066.5  2.04732  -0.288619  1
823  0  0.650058  0.10198  11631.1  1.82197  -0.294611  1
824  0  0.992092  0.0179342  12193.8  0.954963  -0.224328  1
825  0  0.983083  0.0515398  12151  1.87697  -0.390654  1
826  0  -1.29778  1.69511  12204.7  1.95074  -0.350789  1
827  0  0.321123  -0.268267  11763.6  2.18705  -0.179416  1
828  0  1.01826  0.0397424  12241.4  1.77041  -0.361866  1
829  0  -1.70772  0.455126  12189  1.97497  -0.327712  1
830  0  0.450052  -0.261283  11844.2  2.14689  -0.134471  1
831  0  0.519571  -0.0114145  11791.6  0.803402  0.00160149  1
832  0  1.03293  1.71441  12144.5  2.06072  -0.279767  1
833  0  1.00188  0.30277  12053.6  2.02138  -0.320615  1
834  0  0.0773461  0.109163  12466.1  1.77611  0.439478  1
835  0  1.00815  0.450834  12051.6  2.02626  -0.297848  1
836  0  -0.00732895  0.00594055  11161.5  2.04273  -1.39398  1
837  0  0.781115  0.127677  11841.3  2.2359  -0.410534  1
838  0  0.892996  0.0773046  11994.3  2.05803  -0.426133  1
839  0  0.122184  0.119316  12112.7  1.95149  0.394761  1
840  0  1.02105  0.146131  12115.4  2.03686  -0.355626  1
841  0  0.281528  -0.122904  11558.6  2.32134  -0.157038  1
842  0  -0.28246  0.34917  12324  1.90129  -0.223133  1
843  0  0.30661  0.355263  11948.2  2.07712  -0.101856  1
844  0  0.410588  0.130049  11488.4  2.02758  -0.121119  1
845  0  0.300048  0.134597  11554.6  2.10813  0.00637806  1
846  0  0.929691  -0.104494  12190.9  1.9769  -0.08863  1
847  0  -0.840931  0.917283  12210.6  1.99263  -0.366572  1
848  0  1.13035  0.0353093  12267.7  1.77273  -0.30689  1
849  0  0.431109  -0.0125518  11668.4  0.845645  0.000653194  1
850  0  0.673475  0.0968473  11670.7  1.79753  -0.314406  1
851  0  0.586656  0.178784  11668.3  2.25971  -0.29181  1
852  0  0.748927  -0.084318  12075.5  2.01169  -0.0298711  1
853  0  -0.425784  0.0285484  12241.5  1.92851  -0.350334  1
854  0  0.284555  -0.059898  11450.7  2.28224  -0.109672  1
855  0  0.532113  0.166022  11600.1  2.33675  -0.260907  1
856  0  0.676949  0.139267  11725.7  2.30287  -0.36733  1
857  0  0.464405  0.337712  11848  2.11817  -0.186481  1
858  0  0.868538  -0.0131445  12185.6  0.939146  -0.0173069  1
859  0  -0.169619  0.0258119  12381  1.83025  -0.400303  1
860  0  -0.187598  -0.0342381  12254.4  1.90098  -0.408244  1
861  0  0.993966  -0.0760808  12230.6  1.83944  -0.0914123  1
862  0  0.335489  -0.0842176  11592.2  2.35174  -0.104545  1
863  0  0.07582  -0.96606  12023.1  2.05068  -0.222718  1
864  0  0.89298  -0.0143757  12201.7  0.958088  -0.0232771  1
865  0  0.678353  -0.843545  12026.4  2.04093  -0.195989  1
866  0  0.60617  0.677067  12040.4  2.05511  -0.241308  1
867  0  0.543015  -0.0101812  11848.5  0.816516  0.027237  1
868  0  -0.101531  1.73967  12184.5  1.9782  -0.220621  1
869  0  0.342776  0.473429  12003.8  2.05656  -0.150079  1
870  0  0.455103  0.226424  11702.9  2.18691  -0.178336  1
871  0  -0.564275  -0.233952  12145.2  1.98494  -0.388054  1
872  0  0.55124  -0.594774  11981.4  2.05904  -0.183993  1
873  0  0.575068  0.385574  11897.8  2.09041  -0.237927  1
874  0  0.8545  0.0900332  11940.7  2.12151  -0.433457  1
875  0  0.54257  0.295449  11802.7  2.13715  -0.23441  1
876  0  -0.112959  0.491178  12264.2  1.9342  -0.147365  1
877  0  -0.145447  -0.543231  11997.6  2.04163  -0.281764  1
878  0  0.928305  1.19281  12110.5  2.02315  -0.263352  1
879  0  0.309084  -0.40702  11865.5  2.12141  -0.201283  1
880  0  0.203927  0.323021  12049.9  2.03234  -0.037095  1
881  0  0.861879  -0.0985399  12151.1  1.99386  -0.0645939  1
882  0  -1.39055  -1.73462  12108.2  1.98279  -0.33274  1
883  0  0.940272  0.0733482  12078  2.05798  -0.420148  1
884  0  0.744352  -0.686842  12028.5  2.0398  -0.182435  1
885  0  -0.0408069  -0.0847473  11788  2.09232  -0.575616  1
886  0  0.416883  0.176678  11615  2.29907  -0.149778  1
887  0  0.666752  0.25803  11820.5  2.12563  -0.299991  1
888  0  0.449881  -0.462768  11925.6  2.08983  -0.179006  1
889  0  0.558375  1.05502  12111.4  2.01316  -0.239744  1
890  0  0.692449  -1.16838  12042.1  2.02231  -0.217494  1
891  0  -0.0194974  -0.583118  11970.2  2.05531  -0.256494  1
892  0  0.56779  -0.358444  11945.2  2.08799  -0.141053  1
893  0  0.886245  0.314101  11992.9  2.04528  -0.327099  1
894  0  0.811034  0.11229  11870  2.20662  -0.422838  1
895  0  0.499197  -0.00919464  11769.1  0.714653  0.00997932  1
896  0  0.726026  0.114527  11744  2.2259  -0.393232  1
897  0  0.137348  0.154273  12039  2.01748  0.261584  1
898  0  0.763531  0.105803  11781.4  2.18951  -0.410228  1
899  0  1.16634  0.283783  12111.8  1.99843  -0.300815  1
900  0  -0.127898  0.877563  12192.4  1.98053  -0.190471  1
901  0  0.0489527  0.45502  12208.2  1.95675  -0.102068  1
902  0  0.659886  0.19094  11752.1  2.176  -0.321583  1
903  0  0.539638  0.221593  11703.4  2.17806  -0.242229  1
904  0  0.193425  -0.0510114  11258.9  2.35752  -0.195144  1
905  0  0.831903  0.178577  11916.1  2.10505  -0.377851  1
906  0  0.64724  -0.414949  11988  2.0599  -0.148408  1
907  0  -0.0239738  -0.187392  11800.7  2.1322  -0.404761  1
908  0  -0.163107  0.0923797  12504.5  1.77251  -0.326757  1
909  0  1.33842  -1.74401  12055.3  2.0275  -0.178307  1
910  0  0.0132423  0.00245564  9847.06  2.30533  -1.24007  1
911  0  0.848567  -0.00913122  12172.6  0.814704  -0.0119826  1
912  0  0.912104  0.219184  12005.6  2.04464  -0.35493  1
913  0  0.0840822  0.310795  12231.7  1.94151  -0.0230122  1
914  0  0.234472  -0.0524853  11351.7  2.29508  -0.146753  1
915  0  -0.141085  -0.408609  11983.5  2.05405  -0.306719  1
916  0  1.7357  -0.928616  12084  2.0015  -0.19508  1
917  0  -1.32047  -1.08795  12117.5  1.97897  -0.346368  1
918  0  1.08361  -0.014074  12286.6  1.22463  -0.161569  1
919  0  -1.0161  -1.04814  12112.1  1.98725  -0.362573  1
920  0  0.131001  -0.13977  11489.8  2.28471  -0.310967  1
921  0  0.567319  0.16028  11624.4  2.33797  -0.284203  1
922  0  0.968289  0.625695  12053.6  2.03985  -0.277026  1
923  0  0.788089  -0.242487  12064.3  2.02556  -0.100564  1
924  0  0.234222  0.131541  11665.3  2.04961  0.109165  1
925  0  0.431732  -0.0574346  11710  2.08818  -0.0249632  1
926  0  0.254173  -0.262016  11728.3  2.20092  -0.208933  1
927  0  0.988157  0.176585  12076.4  2.02463  -0.355291  1
928  0  0.300034  -0.871262  11999.7  2.05494  -0.21256  1
929  0  -1.14776  -0.27164  12154.6  1.97891  -0.374383  1
930  0  0.367185  0.163754  11566.3  2.36551  -0.0875438  1
931  0  -0.759242  1.13708  12207.4  1.98395  -0.340351  1
932  0  0.715798  1.72507  12167  2.04367  -0.297103  1
933  0  0.477804  -0.0373334  11745.7  1.66066  -0.000147202  1
934  0  -1.72873  1.33886  12201  1.9757  -0.331166  1
935  0  1.02102  0.00278909  12267.5  0.769903  -0.134828  1
936  0  0.73851  -0.213829  12039.1  2.05525  -0.085605  1
937  0  0.318569  -0.0605206  11532  2.24428  -0.0872901  1
938  0  0.146088  -0.225265  11668.3  2.22142  -0.279462  1
939  0  0.401425  -0.106515  11690.6  2.30787  -0.0826845  1
940  0  -1.21548  -0.661104  12132  1.98227  -0.36009  1
941  0  1.10021  0.90284  12087.2  2.02058  -0.263824  1
942  0  1.7344  1.18186  12096  2.00293  -0.243044  1
943  0  0.730978  0.144877  11774.8  2.24233  -0.382873  1
944  0  0.065742  0.157356  12494.3  1.76503  0.216186  1
945  0  0.645374  -0.1886  11970.9  2.09599  -0.0754074  1
946  0  -1.44567  -0.839203  12128  1.9787  -0.343151  1
947  0  1.79122  -1.41255  12075.1  2.03132  -0.198761  1
948  0  0.333578  -0.60466  11949.2  2.07269  -0.207233  1
949  0  0.39767  -0.199211  11763.7  2.18506  -0.125461  1
950  0  0.275553  0.26506  11874.6  2.11831  -0.0378397  1
951  0  0.484836  -0.68722  11986.6  2.05799  -0.195866  1
952  0  -0.00434554  0.0590068  13583.3  0.609765  -0.323423  1
953  0  0.213551  -0.0166961  11225.1  1.38027  -0.071281  1
954  0  0.0737327  -0.0621371  11059  2.51766  -0.489774  1
955  0  0.546485  -0.203105  11895.1  2.12398  -0.0902325  1
956  0  0.635024  0.354469  11886.2  2.0924  -0.266714  1
957  0  -0.521564  -1.05024  12083.1  2.02746  -0.330355  1
958  0  0.299926  0.175946  11679.6  2.28412  -0.010756  1
959  0  -0.252089  -1.27333  12067.7  2.04743  -0.263643  1
960  0  1.11487  1.09744  12098.7  2.01862  -0.257748  1
961  0  0.337541  0.266849  11808.5  2.14272  -0.0858425  1
962  0  -0.534947  -1.46221  12093.8  2.00248  -0.289834  1
963  0  0.216768  0.201021  11861.8  2.11269  0.0618828  1
964  0  -1.02856  0.131209  12192.6  1.96715  -0.387184  1
965  0  0.14035  1.04367  12155.2  1.97939  -0.193074  1
966  0  0.964533  0.851271  12078.2  2.02457  -0.265143  1
967  0  1.00876  0.079842  12165.9  2.09156  -0.399435  1
968  0  0.367525  -0.502341  11917.4  2.09128  -0.19695  1
969  0  0.253034  0.162776  11683.7  2.30469  0.0691386  1
970  0  0.714788  -0.148113  12034.7  2.08791  -0.0631374  1
971  0  0.988543  -0.768907  12062.3  2.01785  -0.188166  1
972  0  0.984998  -0.490202  12084.1  2.00656  -0.161169  1
973  0  -0.487168  0.321372  12267.8  1.92825  -0.313443  1
974  0  0.423483  0.460218  11965.5  2.07281  -0.176261  1
975  0  0.0674275  0.190078  12429.4  1.82848  0.137139  1
976  0  0.783209  -0.0337117  12113.9  1.47099  -0.00642697  1
977  0  -0.0092316  0.0263353  12000.1  1.23211  -1.38037  1
978  0  0.369862  -0.0460383  11613.4  1.97697  -0.0444281  1
979  0  0.478746  0.157552  11569.6  2.36894  -0.205575  1
980  0  0.237148  0.697551  12111.2  2.02879  -0.169029  1
981  0  0.0648742  -0.354512  11847.2  2.12397  -0.282049  1
982  0  0.713555  0.242313  11843.9  2.1144  -0.32366  1
983  0  0.707856  -0.346336  12013  2.05132  -0.127309  1
984  0  -0.597395  0.526655  12241.2  1.95347  -0.328525  1
985  0  0.0301554  -0.220895  11746.5  2.16234  -0.361795  1
986  0  1.70716  1.73305  12095.9  2.11926  -0.240344  1
987  0  0.760322  -0.00720387  12085.9  0.735579  0.00189367  1
988  0  0.395838  0.272974  11785.1  2.15078  -0.136799  1
989  0  0.516219  -0.296722  11900.1  2.11613  -0.131161  1
990  0  1.09625  -0.100682  12249.3  1.8928  -0.133949  1
991  0  0.217903  -0.10001  11424.9  2.41086  -0.211677  1
992  0  0.410301  -0.0507196  11627.7  2.06041  -0.0338515  1
993  0  -0.197365  1.42594  12190.5  1.95217  -0.203036  1
994  0  1.77738  -1.77738  12073.5  2.03402  -0.204177  1
995  0  0.681727  0.443677  11952.8  2.07111  -0.268812  1
996  0  1.04655  -0.00207779  12263.3  0.99999  -0.145883  1
997  0  0.0183037  0.39557  12255.6  1.93018  -0.0866788  1
998  0  1.05071  -0.278749  12147.6  1.97674  -0.154652  1
999  0  0.340988  -0.175118  11687.5  2.21604  -0.13948  1
1000  0  0.12558  -0.0125116  10909.9  1.66061  -0.175163  1
1001  0  0.512635  -0.123698  11838.4  2.21105  -0.0641322  1
1002  0  0.866255  0.0531101  11952.9  1.38245  -0.301783  1
1003  0  1.17808  -0.210204  12201.8  1.97218  -0.176838  1
1004  0  0.282389  0.525254  12059.5  2.03671  -0.144592  1
1005  0  0.885439  0.261024  11983  2.04999  -0.341876  1
1006  0  -0.37208  -0.443343  12066.6  2.01688  -0.340104  1
1007  0  0.527055  -1.75987  12046.4  2.0053  -0.234364  1
1008  0  -0.0884996  -0.100348  11981  2.02446  -0.499151  1
1009  0  -1.03598  0.845883  12211.5  1.98963  -0.376866  1
1010  0  0.221139  0.25786  11954.4  2.08574  0.00576579  1
1011  0  0.543645  -0.0489016  11868.8  1.89469  -0.00022262  1
1012  0  -0.0989942  0.196253  12564.6  1.75357  -0.147694  1
1013  0  0.979657  -0.056329  12224.7  1.69292  -0.076714  1
1014  0  -0.835722  -1.67273  12109.6  1.98018  -0.3341  1
1015  0  0.648521  -0.0650889  11997.1  1.99477  -0.0161087  1
1016  0  -0.139488  -0.933211  12037.1  2.0433  -0.250281  1
1017  0  -0.0144478  0.526224  12219.7  1.95954  -0.128819  1
1018  0  -0.102502  0.111563  12698.6  1.66899  -0.263292  1
1019  0  0.52115  0.252255  11749.7  2.15753  -0.226281  1
1020  0  -0.370135  -1.70583  12097.4  1.99203  -0.251891  1
1021  0  0.414969  -0.325359  11852.6  2.13686  -0.160996  1
1022  0  1.08365  0.0673414  12228.7  2.02895  -0.349221  1
1023  0  0.987347  -0.00918383  12270.3  0.738937  -0.0309808  1
1024  0  0.905395  -0.141605  12165.9  2.02242  -0.0925873  1
1025  0  0.65576  0.136774  11689.1  2.32895  -0.362229  1
1026  0  0.717596  -0.0401726  12051.1  1.57628  0.00361916  1
1027  0  -1.79947  1.79981  12203.6  1.97099  -0.317608  1
1028  0  -0.531144  1.17213  12209.2  1.9672  -0.274755  1
1029  0  1.0191  -0.0631839  12243.8  1.711  -0.0926989  1
1030  0  -0.0248138  0.319816  12358.2  1.88208  -0.0805659  1
1031  0  -0.35983  -0.0656934  12205.8  1.94171  -0.360108  1
1032  0  0.981571  -0.00590751  12245.2  0.632372  -0.0326452  1
1033  0  0.489952  0.614466  12027.8  2.06462  -0.214288  1
1034  0  -0.405062  1.37135  12200.6  1.95545  -0.237112  1
1035  0  -1.73822  -0.806728  12133  1.97589  -0.325573  1
1036  0  0.219326  0.493356  12087.5  2.01984  -0.122517  1
1037  0  0.265286  -0.16566  11609.8  2.24791  -0.180181  1
1038  0  1.06283  0.350138  12069.5  2.01461  -0.305992  1
1039  0  0.439976  0.169853  11594.1  2.32381  -0.172504  1
1040  0  0.0260242  -0.122454  11563.3  2.22872  -0.465038  1
1041  0  0.196955  0.805049  12132.3  2.02009  -0.174994  1
1042  0  0.687602  0.336237  11893.6  2.08865  -0.290131  1
1043  0  0.0182644  0.126253  12868.2  1.55957  0.130983  1
1044  0  0.824462  -0.0343366  12155.7  1.45784  -0.0200199  1
1045  0  0.59052  -0.0338948  11921.6  1.53047  0.0146085  1
1046  0  0.293352  0.154239  11626.2  2.34323  0.0063215  1
1047  0  1.37336  1.38671  12105.2  2.04075  -0.241374  1
1048  0  0.124771  0.224855  12161.5  1.98034  0.0901879  1
1049  0  -0.406214  0.436172  12272.1  1.93508  -0.27163  1
1050  0  1.05759  0.106178  12164.8  2.06156  -0.356141  1
