0  46  974
46  639  974
505  597  897
360  496  956
441  514  942
558  727  1012
309  536  1054
446  727  1012
371  561  1025
274  597  897
389  542  987
360  487  956
279  468  1014
297  422  790
282  529  1004
573  721  850
361  490  1045
385  703  852
1  10  653
350  654  691
61  62  531
1  45  653
125  796  831
59  60  532
282  486  692
344  380  720
315  386  567
312  323  605
372  445  745
485  551  895
339  444  518
290  459  579
318  325  575
302  414  743
422  509  511
503  566  614
336  442  502
319  604  719
481  596  902
312  323  939
299  591  709
300  363  927
369  475  784
350  476  691
269  565  956
369  475  578
306  498  773
368  912  972
376  410  573
344  414  574
370  488  912
329  627  751
318  325  644
509  864  964
85  86  541
325  382  681
282  486  1004
433  618  982
365  464  655
377  691  924
377  486  692
273  548  569
490  599  861
281  542  758
328  512  742
340  540  637
126  127  796
286  652  763
344  380  873
271  526  561
271  526  560
360  487  728
315  386  512
360  496  988
278  583  872
373  634  733
344  358  720
303  503  566
371  445  856
10  608  653
433  618  770
271  561  604
425  503  977
13  390  536
296  661  876
354  485  895
364  648  752
125  126  796
327  549  818
314  368  525
476  636  924
310  489  811
127  669  796
335  455  497
430  469  678
385  514  852
97  98  537
350  526  560
339  632  916
294  633  667
270  426  558
355  481  902
426  654  691
312  500  605
360  508  988
314  368  912
408  912  972
286  483  709
303  503  977
338  563  819
350  476  783
279  581  1014
351  551  951
10  11  608
389  430  609
441  539  724
334  441  942
376  560  850
344  358  681
459  579  828
292  520  771
306  595  1009
345  618  982
128  129  556
306  498  1009
295  498  871
292  489  520
353  597  602
328  512  610
307  545  546
272  618  770
436  562  1037
418  803  888
376  410  636
367  537  715
406  538  721
531  628  694
297  422  799
401  506  823
281  469  678
458  743  747
356  521  1039
398  570  766
303  566  610
304  546  880
389  430  678
471  604  719
414  574  864
392  651  859
23  24  562
385  570  766
428  564  803
492  863  1038
315  611  907
372  445  663
295  474  871
542  543  987
356  517  1039
429  547  752
386  567  733
371  526  856
391  487  600
287  457  603
473  642  885
487  600  728
361  651  1045
275  533  1021
440  562  997
322  496  565
295  474  707
354  485  1023
296  521  661
458  803  888
381  450  839
361  490  599
340  540  615
313  500  501
289  459  645
401  506  740
287  740  787
387  448  933
273  785  855
344  414  873
399  571  780
128  556  669
402  628  694
289  592  984
273  548  991
268  543  585
422  509  964
371  565  1025
384  571  780
325  382  644
302  864  964
344  681  950
326  568  575
365  572  769
302  743  747
485  551  951
388  605  793
483  591  709
274  597  712
476  691  924
448  635  742
358  439  534
275  567  733
370  488  845
295  707  935
406  538  996
598  715  915
466  611  737
284  509  511
286  709  782
394  690  860
299  540  917
78  79  570
476  636  783
127  128  669
270  727  745
453  707  935
411  613  714
2  19  704
2  18  704
404  597  602
391  487  829
307  545  645
35  475  865
411  714  983
293  470  916
375  589  711
330  743  873
24  562  997
493  509  864
504  627  751
269  565  938
346  559  629
335  656  718
407  555  1050
400  940  998
35  475  688
23  562  1037
446  727  993
406  721  850
496  565  956
138  686  891
346  507  629
379  559  629
321  458  803
32  464  932
382  633  667
13  390  809
278  583  774
270  426  654
323  357  534
371  526  561
379  559  885
317  651  859
375  586  711
536  684  1054
104  105  571
271  604  978
350  560  783
336  520  659
364  752  776
292  771  906
273  569  855
517  753  1039
310  489  717
309  535  536
428  497  853
367  715  915
308  579  828
366  462  631
355  481  995
386  566  733
288  729  779
371  445  663
312  439  939
275  634  733
429  547  620
436  607  732
500  501  760
273  429  620
351  551  675
290  459  638
281  469  626
288  472  705
335  455  656
517  753  1048
341  539  724
546  734  1055
300  363  706
276  631  823
347  512  742
399  708  868
530  632  916
366  462  588
361  621  753
425  503  748
426  558  617
298  612  738
390  544  842
29  679  806
365  464  769
546  734  735
387  563  1017
291  501  1028
275  533  913
428  803  989
352  620  991
470  753  1048
375  586  867
355  688  784
510  796  831
411  554  613
376  573  850
399  518  868
494  927  1038
472  540  917
440  612  738
305  460  658
273  429  785
327  549  768
446  542  758
395  592  905
328  448  742
281  542  678
337  591  637
414  743  873
451  588  765
391  491  909
305  460  655
341  463  539
366  606  765
314  488  912
457  740  763
447  498  773
310  664  819
330  417  759
388  527  846
300  603  836
338  563  1017
331  555  658
480  583  872
120  121  586
118  119  587
357  534  877
336  520  958
339  444  621
311  540  615
90  91  643
372  642  775
270  558  727
444  827  985
434  510  831
282  617  692
29  30  679
455  497  847
442  502  807
376  560  783
465  685  1017
383  494  927
374  528  1021
373  566  614
391  491  829
451  588  798
277  495  640
38  714  1018
291  501  641
318  801  854
316  632  1032
545  546  880
317  753  1039
393  587  818
122  123  589
293  530  916
504  627  981
337  427  840
553  652  763
285  503  614
287  466  787
291  477  826
331  658  874
374  528  700
330  417  882
284  538  884
417  576  623
386  566  610
294  501  641
271  560  850
421  614  870
33  572  769
350  526  856
331  555  761
336  442  625
373  566  733
465  685  878
289  592  905
378  547  1034
360  508  797
351  504  947
482  548  991
16  17  508
462  631  823
312  667  760
368  525  838
430  469  730
99  100  598
38  39  714
274  480  522
280  513  611
343  727  993
323  357  887
480  522  965
328  610  817
513  611  907
337  590  591
329  627  949
328  448  933
339  518  869
435  587  818
316  520  659
336  502  926
16  508  682
291  488  1028
441  514  808
365  655  813
365  596  813
299  540  637
451  749  874
444  518  851
282  616  617
424  626  906
307  557  645
392  657  725
383  590  1024
435  586  867
451  749  798
301  642  885
397  548  569
62  531  694
366  631  770
295  498  930
364  553  652
363  863  1038
457  603  836
61  531  699
416  492  863
352  583  962
292  730  906
286  483  1035
335  580  778
312  500  760
60  532  699
530  632  1032
437  755  879
407  528  533
528  533  1021
59  532  697
343  727  980
426  617  692
375  674  789
97  537  756
382  633  644
367  537  904
381  450  922
393  647  723
392  646  725
325  575  950
355  572  688
466  611  787
279  764  842
42  594  903
297  580  790
292  489  1015
606  765  1036
310  819  821
362  656  866
295  593  935
464  655  1002
434  674  1008
287  457  740
563  819  977
85  541  693
462  506  823
377  746  924
444  599  985
321  580  989
437  527  879
358  439  681
407  555  947
475  688  784
361  651  753
456  656  718
297  668  744
364  648  652
375  589  931
129  556  683
519  592  984
555  658  675
98  537  715
321  458  953
312  439  667
356  521  772
298  627  981
428  814  853
346  507  612
308  579  690
42  43  903
352  962  991
415  648  652
351  555  675
654  856  1049
378  640  1034
352  583  774
293  470  1048
411  618  777
86  541  687
506  740  787
398  615  849
542  543  993
32  464  769
371  565  938
516  727  745
320  603  706
538  736  996
276  631  666
301  559  885
415  467  729
369  524  784
547  752  1034
421  792  898
396  510  796
495  729  779
268  792  898
358  449  534
450  626  922
438  932  1002
303  610  817
467  709  782
440  612  890
315  611  737
404  608  653
519  638  963
359  557  726
326  568  736
381  616  839
384  659  780
333  674  871
394  628  690
387  448  685
290  762  937
389  542  678
549  818  1011
13  14  536
341  584  735
574  575  950
493  509  884
318  568  575
469  730  906
424  802  911
384  571  702
332  765  1036
283  636  924
423  749  761
347  512  737
82  83  622
413  601  1007
441  539  881
39  40  613
93  94  685
80  81  624
94  685  878
359  557  998
302  414  864
532  697  860
395  592  966
451  765  893
306  595  825
432  748  816
454  684  986
412  629  949
341  584  724
280  588  798
424  626  802
377  486  593
284  721  941
493  538  884
507  612  627
37  38  578
346  562  824
323  605  722
423  513  907
424  771  906
422  511  799
391  607  909
350  654  856
324  690  860
352  774  979
304  601  1007
470  621  753
31  32  932
493  574  864
296  549  768
33  34  572
334  584  820
334  441  724
276  665  666
39  613  714
403  537  904
397  569  1053
415  467  782
436  732  1037
342  734  1055
91  643  908
489  717  1015
409  697  860
428  497  778
322  496  988
281  626  922
428  564  814
385  570  703
334  584  724
337  590  1024
499  722  786
316  520  771
43  44  602
404  597  712
355  572  902
400  810  998
279  468  764
477  762  937
320  619  1030
351  504  951
402  628  726
337  427  833
448  685  889
0  138  716
416  431  643
35  36  865
306  825  866
535  536  920
491  642  775
434  805  831
324  525  838
405  581  582
401  740  763
411  618  910
557  645  828
335  580  718
397  554  1053
340  615  849
500  605  793
285  609  816
116  117  647
114  115  646
95  96  660
460  658  874
346  562  890
356  616  862
396  595  830
463  539  875
438  804  1002
421  614  834
19  20  728
298  612  627
289  459  984
272  618  777
452  835  948
459  645  828
383  590  927
279  581  582
441  812  881
388  527  793
310  811  904
93  685  889
365  572  902
461  608  712
381  616  617
307  546  1055
456  656  866
321  580  790
423  513  749
387  563  933
393  587  723
519  592  1019
385  671  766
333  674  1008
288  472  968
285  503  748
416  431  619
296  521  772
401  553  763
291  488  826
456  800  866
433  631  770
299  591  637
505  597  923
392  657  1045
138  686  901
564  814  1052
507  627  949
343  543  993
372  745  976
112  113  657
449  577  877
366  606  770
396  595  825
324  690  946
439  534  939
393  818  1011
272  606  973
356  517  630
404  608  712
325  681  950
332  596  1036
280  506  787
419  776  785
387  685  1017
275  567  913
78  570  703
489  520  958
495  640  966
397  554  689
374  634  1021
516  727  980
435  818  867
294  501  760
277  495  975
410  573  941
369  578  1018
104  571  702
418  564  794
79  570  713
381  617  1012
105  571  708
356  616  839
19  704  728
397  689  837
70  71  670
316  659  780
301  791  909
34  35  688
298  662  981
329  700  1033
432  748  821
297  668  799
592  640  966
390  842  843
378  547  979
92  635  889
543  585  957
66  67  676
444  827  851
373  634  834
452  668  835
68  69  673
353  594  945
402  726  952
326  493  538
308  628  690
434  510  1008
64  65  677
34  572  688
331  749  874
88  89  672
310  664  904
430  609  816
300  603  706
37  578  1031
288  705  992
454  649  719
40  41  689
423  533  913
469  626  906
340  637  833
311  540  967
471  561  604
383  494  687
393  647  857
280  513  798
403  660  756
392  646  858
429  776  785
352  547  620
327  707  768
317  661  1039
580  778  989
517  630  1048
332  596  813
398  615  766
136  137  650
411  554  910
388  786  846
554  613  689
464  932  1002
403  664  1010
477  762  896
513  749  798
20  21  600
344  574  950
400  673  741
396  510  830
413  601  992
359  940  998
418  564  803
317  661  859
391  607  732
436  562  824
320  416  619
121  586  711
403  660  1010
432  730  816
452  668  744
423  533  761
341  463  734
486  593  935
409  838  860
118  587  723
277  752  1034
129  130  683
369  524  983
285  748  816
474  674  789
415  648  975
284  538  721
485  662  981
402  694  750
120  586  788
119  587  788
400  676  741
269  775  829
84  85  693
26  27  781
349  484  857
472  540  967
349  484  858
322  471  1047
442  807  822
62  63  694
122  589  711
280  588  900
335  497  778
320  416  863
50  51  696
471  719  1047
431  643  908
420  781  848
403  537  756
441  808  812
56  57  698
306  800  866
329  949  1033
462  588  900
52  53  695
356  772  862
413  705  992
54  55  701
420  738  767
377  691  692
319  649  719
625  811  958
60  61  699
90  643  1003
401  553  1027
123  589  805
378  592  640
296  768  970
516  745  976
474  674  871
58  59  697
293  630  1048
27  781  918
21  22  732
304  546  735
300  590  927
86  87  687
290  638  762
326  574  575
295  593  930
319  568  649
481  596  1036
315  512  737
420  662  738
402  677  750
420  662  848
359  726  952
308  628  726
294  667  760
298  662  738
290  579  946
578  865  1031
367  811  904
489  811  958
379  585  680
360  704  728
455  847  894
438  551  804
311  671  766
504  751  947
425  748  821
287  466  892
77  78  703
277  648  752
449  534  877
18  704  797
505  583  962
41  689  837
322  471  1025
419  665  666
317  651  753
320  892  1030
297  580  718
360  704  797
422  747  953
662  848  1023
103  104  702
99  598  715
14  536  684
92  635  908
353  597  923
473  516  980
268  585  944
349  661  859
399  518  869
100  598  822
394  531  699
105  106  708
535  801  854
399  632  780
544  764  842
301  559  791
482  548  945
394  532  699
331  749  761
340  832  833
291  477  896
495  729  975
339  621  916
353  602  903
315  567  907
333  595  830
17  18  797
457  763  1035
268  792  987
460  655  813
121  122  711
396  669  796
282  616  862
272  777  973
468  764  1005
399  632  869
351  555  947
394  531  628
480  582  965
663  775  938
481  606  973
465  660  1010
282  529  862
459  638  984
491  775  829
419  665  776
609  792  870
98  99  715
447  593  746
44  602  919
272  606  770
305  655  1002
372  642  976
79  80  713
445  856  1049
404  602  919
330  743  888
449  577  686
473  642  976
268  543  987
507  629  949
364  665  776
427  693  731
340  479  849
341  734  735
455  656  841
417  650  815
136  650  794
297  718  744
478  781  848
440  562  890
417  650  759
433  666  982
379  680  885
364  665  795
366  588  765
117  118  723
409  697  754
326  538  736
313  500  793
322  682  988
286  652  782
113  114  725
17  508  797
320  603  892
340  479  832
304  601  880
289  545  645
308  557  726
422  790  953
364  553  795
44  45  919
475  578  865
32  33  769
278  519  963
347  737  1030
286  763  1035
444  621  1046
558  617  1012
307  557  998
305  658  675
447  746  948
447  498  930
409  698  754
318  568  854
395  601  880
314  488  826
447  593  930
3  27  918
3  28  918
410  636  835
398  624  713
573  721  941
332  765  893
386  512  610
454  649  1054
408  695  757
337  637  833
385  514  942
408  701  757
378  592  1019
80  624  713
412  629  883
138  716  891
377  593  746
119  120  788
45  653  919
394  532  860
83  84  731
294  633  955
461  809  961
383  541  687
456  718  744
321  803  989
290  937  946
12  13  809
323  722  887
353  594  903
40  613  689
313  501  1028
421  792  870
117  647  723
416  492  643
285  609  870
114  646  725
311  615  766
21  732  1013
82  622  929
83  622  731
74  75  812
478  781  918
349  876  1011
308  557  828
391  600  1013
415  729  975
25  26  1040
369  714  983
524  777  983
343  543  957
67  68  741
38  578  1018
470  621  916
81  624  929
349  661  876
354  806  848
123  124  805
438  551  895
293  630  802
511  941  1022
15  684  986
14  15  684
96  97  756
365  596  902
473  680  885
403  664  904
443  716  891
20  600  728
432  717  821
607  791  909
461  608  961
326  493  574
113  657  725
63  64  750
463  875  899
400  810  928
473  516  976
423  567  907
427  622  731
324  525  946
555  761  1050
338  664  1010
75  76  808
480  583  897
133  134  814
135  136  794
443  886  974
101  102  807
499  722  887
390  536  920
576  623  901
327  818  867
327  707  789
276  665  795
49  50  755
362  556  841
100  101  822
41  42  837
374  700  1033
434  674  931
384  659  926
313  845  1028
316  632  780
57  58  754
338  664  819
548  945  1029
385  671  942
521  661  1039
116  647  954
115  646  954
53  54  757
284  509  884
42  594  837
579  690  946
374  710  1033
363  927  1038
277  648  975
296  549  876
283  636  835
422  747  964
392  651  1045
293  530  911
407  528  925
418  650  794
379  629  883
374  710  898
376  636  783
354  679  806
556  683  841
442  625  915
280  506  900
334  671  820
437  696  755
280  611  787
584  820  1007
108  109  827
96  660  756
415  652  782
367  625  811
433  631  666
482  923  945
382  439  681
443  716  974
319  604  996
423  567  913
112  657  994
443  877  891
383  541  1024
462  506  900
43  602  903
417  576  882
342  810  928
396  669  1020
46  47  786
362  656  841
440  738  767
429  752  776
339  632  869
92  93  889
384  702  1041
446  542  993
124  125  831
395  880  905
405  582  872
430  730  816
304  584  735
12  809  961
396  825  1020
541  840  1024
102  103  844
568  649  854
363  706  863
455  683  841
474  707  789
436  607  791
284  511  941
15  16  986
87  687  1016
47  48  846
268  710  898
345  855  1053
76  77  852
400  673  928
346  559  824
410  941  1022
293  802  911
495  779  966
483  591  914
131  132  847
431  619  1026
130  683  894
310  717  821
405  762  896
594  945  1029
107  108  851
283  835  948
95  660  878
390  809  843
354  679  895
269  775  938
399  571  708
132  133  853
329  700  925
472  917  968
94  95  878
450  626  802
427  693  840
375  674  931
322  682  1047
285  614  870
343  680  957
68  673  741
330  873  882
71  670  899
455  683  894
382  439  667
404  653  919
67  676  741
406  978  996
91  92  908
418  759  888
425  819  821
84  693  731
296  772  970
106  107  868
405  872  963
395  779  966
388  722  786
333  595  1009
400  676  940
22  23  1037
478  806  848
110  111  861
329  751  925
453  707  768
311  705  1000
72  73  875
522  843  943
453  768  970
398  570  713
16  682  986
488  845  1028
103  702  844
70  670  1001
389  609  792
490  861  994
64  677  750
30  31  959
438  679  895
388  605  722
426  691  692
48  49  879
73  74  881
398  624  849
444  599  1046
89  672  1003
524  777  973
77  703  852
47  786  846
69  673  1001
402  677  952
361  621  1046
551  675  804
424  911  1032
274  480  897
106  708  868
71  72  899
424  771  1032
130  131  894
303  563  817
66  676  999
372  663  775
11  608  961
435  586  788
435  587  788
11  12  961
65  677  999
24  25  997
309  535  854
352  547  979
46  499  639
0  716  974
434  589  805
437  845  934
63  694  750
137  650  815
274  712  943
349  858  859
88  672  1016
346  612  890
324  838  860
454  684  1054
306  773  800
268  710  944
427  622  832
553  795  1027
299  709  917
288  729  968
133  814  853
413  705  1000
101  807  822
50  696  755
305  675  804
75  808  812
345  618  910
336  659  926
456  744  800
461  712  943
367  625  915
283  746  948
124  805  831
311  705  967
381  758  922
508  682  988
57  698  754
25  767  1040
343  680  980
525  937  946
46  499  786
58  697  754
466  737  1030
549  876  1011
53  695  757
405  581  896
28  29  1051
54  701  757
323  534  939
292  730  1015
278  519  1019
361  599  1046
135  794  1052
397  548  1029
102  807  844
81  82  929
623  739  1043
412  710  944
407  533  1050
21  600  1013
357  886  887
294  641  955
569  855  1053
134  814  1052
342  515  936
450  630  802
458  743  888
374  898  921
334  671  942
492  643  1003
437  527  934
288  779  992
76  808  852
132  847  853
375  789  867
51  696  1042
494  687  1016
52  695  1042
56  698  1044
442  598  822
108  827  851
55  701  1044
342  515  928
371  663  938
362  556  1020
74  812  881
623  739  815
585  680  957
410  668  835
356  630  839
115  116  954
4  36  1031
4  37  1031
318  644  801
274  522  943
314  525  1006
409  698  969
418  650  759
412  949  1033
395  601  779
131  847  894
483  836  914
378  774  979
528  700  925
300  836  914
590  591  914
408  695  971
491  642  909
460  813  893
419  785  855
107  851  868
408  701  972
467  729  968
448  635  889
634  834  921
359  523  940
281  758  922
407  751  925
522  842  843
481  606  1036
379  585  883
353  923  945
485  662  1023
359  523  952
438  679  959
454  682  1047
601  779  992
49  755  879
303  563  977
349  857  1011
109  110  985
319  568  736
291  641  1014
373  614  834
289  545  905
461  809  843
348  764  1005
432  730  1015
111  112  994
378  774  1019
48  846  879
332  813  893
109  827  985
524  784  995
277  640  1034
275  634  1021
465  1010  1017
301  642  909
463  734  936
467  917  968
374  634  921
134  135  1052
407  751  947
65  66  999
69  70  1001
369  714  1018
409  838  969
419  666  982
482  962  991
357  443  877
362  825  866
635  742  1026
313  793  934
577  686  891
419  855  982
392  858  859
484  647  954
427  832  833
484  646  954
89  90  1003
458  747  953
29  806  1051
138  901  1043
73  875  881
408  912  971
320  706  863
484  647  857
519  638  984
484  646  858
322  565  1025
72  875  899
87  88  1016
450  630  839
446  758  1012
529  772  862
437  696  960
505  583  897
490  657  994
110  861  985
434  589  931
111  861  994
479  622  929
463  670  936
358  449  720
442  598  915
278  872  963
604  978  996
336  625  958
479  624  929
452  773  800
479  622  832
463  670  899
492  672  1038
22  732  1037
270  745  1049
482  923  962
278  774  1019
51  52  1042
425  819  977
55  56  1044
559  791  824
321  790  953
345  855  982
330  759  888
479  624  849
564  794  1052
302  747  964
468  641  955
291  896  1014
556  669  1020
357  443  886
449  686  720
668  799  1022
478  918  1051
355  784  995
390  544  920
529  772  970
417  623  815
413  820  1007
28  918  1051
337  840  1024
638  762  963
370  912  971
447  773  948
452  744  800
368  838  969
473  680  980
437  845  960
412  883  944
327  789  867
381  758  1012
287  603  892
283  746  924
454  682  986
505  923  962
316  771  1032
451  874  893
391  732  1013
348  633  644
304  584  1007
348  801  990
461  843  943
413  820  1000
452  773  948
468  955  1005
467  709  917
541  693  840
457  836  1035
30  679  959
354  848  1023
515  670  936
279  582  965
530  911  1032
370  550  960
535  920  990
313  845  934
273  620  991
370  550  971
465  660  878
497  847  853
401  823  1027
362  825  1020
440  767  997
368  552  969
368  552  972
432  717  1015
502  926  1041
269  829  956
563  817  933
347  619  1026
510  830  1008
348  764  990
436  791  824
420  767  1040
307  810  1055
492  672  1003
270  654  1049
428  778  989
515  670  1001
472  705  967
410  668  1022
300  590  914
445  745  1049
370  845  960
380  873  882
515  673  1001
431  635  908
342  734  936
502  807  844
420  781  1040
454  719  1047
384  926  1041
421  898  921
523  676  999
405  762  963
471  561  1025
523  677  999
518  851  868
490  657  1045
499  886  887
515  673  928
309  649  854
480  582  872
545  880  905
481  973  995
314  826  1006
411  777  983
639  886  974
345  910  1053
311  671  1000
305  804  1002
514  808  852
527  793  934
347  619  1030
279  842  965
397  837  1029
328  817  933
544  920  990
342  810  1055
338  1010  1017
533  761  1050
460  874  893
585  883  944
494  672  1016
389  792  987
431  635  1026
599  861  985
421  834  921
523  676  940
576  686  720
412  710  1033
671  820  1000
333  871  1009
527  846  879
26  781  1040
523  677  952
576  686  901
525  937  1006
535  801  990
31  932  959
550  696  1042
550  695  1042
483  836  1035
276  823  1027
468  641  1014
552  698  1044
25  767  997
552  701  1044
494  672  1038
348  633  1005
524  973  995
438  932  959
276  795  1027
309  649  1054
539  875  881
702  844  1041
380  576  882
348  644  801
594  837  1029
478  806  1051
550  696  960
319  736  996
393  857  1011
552  698  969
550  695  971
504  951  981
552  701  972
487  829  956
577  877  891
466  892  1030
406  850  978
36  865  1031
633  955  1005
477  826  1006
486  935  1004
333  830  1008
581  896  1014
453  935  1004
511  799  1022
485  951  981
477  937  1006
498  871  1009
380  576  720
554  910  1053
453  970  1004
271  850  978
307  810  998
623  901  1043
347  742  1026
544  764  990
502  844  1041
529  970  1004
522  842  965
137  739  815
499  639  886
137  138  739
138  739  1043
