0  2  1  0.0006  12748.5  0  0  1
1  1  2  2  12679.5  1.99391  -0.0303126  1
2  1  2  -2  12681.6  2.0055  -0.0259026  1
3  3  -2  -2  12684.9  2.00003  -0.02309  1
4  3  -2  2  12663.6  1.99987  -0.0230975  1
10  1  2  1.6  12683  1.98699  -0.0424675  1
11  1  2  1.2  12683  1.98486  -0.0523164  1
12  1  2  0.8  12683  1.98364  -0.0618309  1
13  1  2  0.4  12683  1.99231  -0.0795384  1
14  1  2  5.50449e-12  12683  1.98986  -0.0713886  1
15  1  2  -0.4  12683  1.99394  -0.0448761  1
16  1  2  -0.8  12683  2.00882  -0.0340853  1
17  1  2  -1.2  12683  2.00768  -0.0271165  1
18  1  2  -1.6  12683  2.00609  -0.0255221  1
19  0  1.6  -2  12678.8  2.00589  -0.0269429  1
20  0  1.2  -2  12677.2  2.00604  -0.0283436  1
21  0  0.8  -2  12673.7  2.00694  -0.0305903  1
22  0  0.4  -2  12669.8  2.00789  -0.0322528  1
23  0  5.50449e-12  -2  12668.8  2.00797  -0.0315536  1
24  0  -0.4  -2  12670.9  2.00703  -0.0285777  1
25  0  -0.8  -2  12676  2.00449  -0.0258904  1
26  0  -1.2  -2  12680.2  2.00219  -0.0246884  1
27  0  -1.6  -2  12683.1  2.00081  -0.023646  1
28  3  -2  -1.6  12686.6  1.99987  -0.0230975  1
29  3  -2  -1.2  12689.6  1.99987  -0.0230975  1
30  3  -2  -0.8  12692.4  1.99987  -0.0230975  1
31  3  -2  -0.4  12694.1  1.99987  -0.0230975  1
32  3  -2  -5.50449e-12  12692.5  1.99987  -0.0230975  1
33  3  -2  0.4  12687.2  1.99987  -0.0230975  1
34  3  -2  0.8  12679.5  1.99987  -0.0230975  1
35  3  -2  1.2  12671.7  1.99987  -0.0230975  1
36  3  -2  1.6  12666.2  1.99987  -0.0230975  1
37  0  -1.6  2  12659.8  1.99987  -0.0230975  1
38  0  -1.2  2  12652.8  1.99987  -0.0230975  1
39  0  -0.8  2  12644.6  1.99987  -0.0230975  1
40  0  -0.4  2  12636.3  1.99987  -0.0230975  1
41  0  -5.50449e-12  2  12630.3  1.99987  -0.0230975  1
42  0  0.4  2  12630.1  1.99987  -0.0230975  1
43  0  0.8  2  12636.1  1.99987  -0.0230975  1
44  0  1.2  2  12648.4  1.99987  -0.0230975  1
45  0  1.6  2  12666.2  1.99987  -0.0230975  1
46  2  0.978575  0.00560646  12737.7  0  0  1
47  2  0.95713  0.0105268  12726.7  0  0  1
48  2  0.93567  0.0153791  12695.1  0  0  1
49  2  0.914191  0.0201468  12659.7  0  -6.16298e-33  1
50  2  0.892683  0.0247807  12646.4  -7.19783e-17  9.33785e-18  1
51  2  0.871148  0.0292911  12588.1  2.85335e-16  -4.34042e-17  1
52  2  0.84959  0.0336913  12542  -8.26563e-17  1.11306e-17  1
53  2  0.828009  0.0379724  12497.5  3.13486e-16  -4.71396e-17  1
54  2  0.806403  0.0421252  12452.4  1.67575e-16  -2.53135e-17  1
55  2  0.784771  0.0461465  12393.7  0  0  1
56  2  0.763118  0.0500486  12340.1  -1.04769e-16  1.21404e-17  1
57  2  0.741442  0.053821  12314.5  3.65712e-16  -4.90033e-17  1
58  2  0.719741  0.0574509  12240.4  -7.92641e-17  1.13744e-17  1
59  2  0.698016  0.0609252  12208.7  0  0  1
60  2  0.676268  0.0642601  12181.8  0  0  1
61  2  0.6545  0.0674621  12103.6  0  0  1
62  2  0.632709  0.0704989  12071.7  0  0  1
63  2  0.610891  0.0733376  12042.8  0  0  1
64  2  0.589044  0.0759494  12011.5  0  0  1
65  2  0.567175  0.0783567  11974.9  -3.96439e-16  3.31311e-17  1
66  2  0.545283  0.080561  11936.7  2.29599e-16  -1.61698e-17  1
67  2  0.523372  0.0825511  11912.8  0  0  1
68  2  0.501441  0.0843163  11889.4  2.36192e-16  -1.27795e-17  1
69  2  0.479493  0.0858653  11863.8  5.88786e-17  -5.68855e-18  1
70  2  0.457533  0.0872164  11823.2  -4.79798e-16  1.60143e-17  1
71  2  0.43556  0.0883331  11814.7  1.75246e-16  -5.17229e-18  1
72  2  0.413574  0.089177  11759.2  0  0  1
73  2  0.391579  0.0897124  11739.9  -4.76067e-16  6.5303e-18  1
74  2  0.369578  0.0899805  11743.5  2.2801e-16  1.98551e-18  1
75  2  0.347577  0.0899758  11711.3  2.2801e-16  1.98551e-18  1
76  2  0.325577  0.0896564  11691.6  -6.54297e-16  -1.31006e-17  1
77  2  0.303586  0.0889803  11657.6  0  1.54074e-33  1
78  2  0.281607  0.0879662  11640.9  -5.18988e-16  -3.67405e-17  1
79  2  0.259641  0.0867108  11656.3  1.56687e-16  1.21559e-17  1
80  2  0.2377  0.0850838  11664.5  2.58125e-16  2.83814e-17  1
81  2  0.215803  0.0829409  11655.3  0  0  1
82  2  0.193981  0.0801389  11686  1.54252e-16  1.98216e-17  1
83  2  0.172282  0.0765124  11797  0  0  1
84  2  0.150684  0.0723166  11893.1  -1.53626e-16  -2.11964e-17  1
85  2  0.129158  0.0677618  11878.7  0  -6.16298e-33  1
86  2  0.107687  0.0629606  11813.4  -4.86808e-16  -1.10105e-16  1
87  2  0.0863045  0.0577883  12036.8  2.3429e-16  6.79942e-17  1
88  2  0.0660347  0.0493229  12364.3  1.01781e-16  1.86149e-17  1
89  2  0.046002  0.0402418  12728.8  -4.09223e-16  -1.50342e-16  1
90  2  0.0267767  0.0296278  13322.7  1.55095e-16  5.27937e-17  1
91  2  0.00998038  0.0154244  13784.4  1.99066e-16  9.07004e-17  1
92  2  0.000746297  -0.00305742  13452.3  -2.46519e-32  6.16298e-33  1
93  2  0.0162332  -0.0183403  11847.5  0  0  1
94  2  0.0362023  -0.0267569  10599.2  -1.36457e-15  4.58436e-16  1
95  2  0.0581781  -0.0270714  11380.6  1.77772e-16  -4.84997e-17  1
96  2  0.0801034  -0.028753  12097.1  -8.06412e-16  7.1792e-17  1
97  2  0.10193  -0.03103  11851.1  -1.47528e-16  1.25176e-17  1
98  2  0.123927  -0.0314977  11838.8  0  0  1
99  2  0.145927  -0.0317863  11982.2  -4.40141e-16  1.25244e-17  1
100  2  0.167928  -0.0319268  12076.6  -2.84723e-16  1.26706e-17  1
101  2  0.18993  -0.0318881  12110.1  -4.08757e-16  2.63384e-18  1
102  2  0.211929  -0.0315708  12168  -1.063e-15  7.33407e-18  1
103  2  0.233922  -0.0309191  12221.8  0  0  1
104  2  0.255906  -0.0300508  12283.9  0  0  1
105  2  0.277888  -0.0290967  12318.5  0  0  1
106  2  0.299871  -0.0281873  12351.3  0  0  1
107  2  0.321857  -0.0273414  12371.4  -1.53266e-16  -4.32165e-18  1
108  2  0.343842  -0.0264749  12397.8  -1.8362e-16  -7.22622e-18  1
109  2  0.365826  -0.0255978  12415.8  1.59026e-16  4.24397e-18  1
110  2  0.38781  -0.0247203  12430.6  1.47475e-16  2.97809e-18  1
111  2  0.409795  -0.0238515  12456.5  3.14465e-16  9.75154e-18  1
112  2  0.43178  -0.0229861  12482.5  0  0  1
113  2  0.453765  -0.0221213  12507  -3.56726e-16  -1.1903e-17  1
114  2  0.47575  -0.0212564  12530.6  -3.58303e-16  -9.22171e-18  1
115  2  0.497735  -0.0203908  12529.7  0  0  1
116  2  0.51972  -0.0195238  12545.7  -1.52241e-16  -4.57137e-18  1
117  2  0.541705  -0.018656  12565.5  4.06978e-17  1.21354e-18  1
118  2  0.56369  -0.0177879  12572.1  -1.5183e-16  -4.26005e-18  1
119  2  0.585675  -0.0169201  12579  0  0  1
120  2  0.60766  -0.0160534  12593  1.50607e-16  3.61211e-18  1
121  2  0.629645  -0.0151877  12600.5  1.50607e-16  3.61211e-18  1
122  2  0.651629  -0.0143225  12611.5  0  0  1
123  2  0.673614  -0.0134576  12634.4  1.71905e-16  3.95766e-18  1
124  2  0.695599  -0.0125925  12632.7  0  0  1
125  2  0.717584  -0.0117273  12639.7  0  0  1
126  2  0.739569  -0.0108622  12521.7  1.55611e-16  3.92922e-18  1
127  2  0.761554  -0.00999704  12548.9  7.23416e-16  1.60122e-17  1
128  2  0.783539  -0.0091315  12682.8  1.4828e-16  5.15458e-18  1
129  2  0.805524  -0.00826525  12667.1  0  0  1
130  2  0.827509  -0.00739799  12644.9  -5.93783e-16  -1.69845e-17  1
131  2  0.849494  -0.0065301  12658.9  -2.77109e-16  -8.93852e-18  1
132  2  0.871479  -0.00566216  12678.3  1.32133e-16  5.21853e-18  1
133  2  0.893464  -0.00479478  12673.9  1.29437e-16  4.8012e-18  1
134  2  0.915449  -0.00393904  12676.2  0  0  1
135  2  0.937435  -0.0031075  12683.4  0  0  1
136  2  0.959422  -0.002276  12690.3  -1.14775e-16  -7.26663e-18  1
137  2  0.981407  -0.00141696  12724.8  2.50935e-16  1.50292e-17  1
138  2  1.00339  -0.000480021  12758.9  -7.66451e-17  -2.26523e-17  1
268  0  0.0351228  -0.592627  12638.4  2.0276  -0.0551334  1
269  0  0.953317  -1.00448  12671.9  2.01031  -0.02329  1
270  0  0.574092  -0.560017  12629.5  2.03172  -0.0145028  1
271  0  1.01683  -0.470675  12690.8  2.00071  -0.00524977  1
272  0  -0.707033  0.880364  12667.5  2.00481  -0.00126341  1
273  0  0.185068  1.023  12584.8  2.04459  -0.00478741  1
274  0  1.12131  0.894218  12618.2  2.02552  -0.0680484  1
275  0  -0.302198  -0.307044  12738.4  1.97554  -0.065156  1
276  0  -0.187312  0.600559  12640.3  2.02248  0.0384659  1
277  0  0.271293  0.550161  12462.1  2.10756  0.0228489  1
278  0  0.720918  0.541036  12494  2.09038  -0.0806786  1
279  0  1.1034  0.381896  12633.6  2.02156  -0.123539  1
280  0  -0.381032  0.199239  12778.4  1.95473  0.0206172  1
281  0  0.295675  -0.366992  12554.6  2.06907  -0.0365337  1
282  0  0.561683  -0.273747  12588.3  2.05482  0.0128782  1
283  0  0.804111  -0.251822  12657.2  2.01889  0.023472  1
284  0  1.00102  -0.203273  12729.7  1.9853  0.0220949  1
285  0  0.0394478  -0.299837  12585.8  2.05269  -0.106377  1
286  0  0.0543399  0.351945  12529.3  2.08015  0.131527  1
287  0  -0.136728  0.205947  12825.2  1.92932  0.114403  1
288  0  0.282  0.318124  12275.1  2.20464  0.074462  1
289  0  0.535774  0.331484  12294.1  2.19419  -0.0796122  1
290  0  0.739855  0.275385  12393.2  2.1396  -0.163536  1
291  0  0.938321  0.21104  12593.6  2.04845  -0.194125  1
292  0  0.204123  -0.208527  12435.7  2.129  -0.0609982  1
293  0  0.361191  -0.185393  12479.2  2.10899  0.00417148  1
294  0  1.04785  0.135355  12723.3  2.04285  -0.189763  1
295  0  0.672174  -0.1668  12617.3  2.05343  0.0354012  1
296  0  0.530679  -0.148175  12559.9  2.08858  0.0346482  1
297  0  0.893407  -0.13424  12690.7  2.04069  0.0462938  1
298  0  -0.694196  -1.14398  12684.3  2.0026  -0.0323563  1
299  0  0.157331  0.230319  12299.8  2.18336  0.205548  1
300  0  0.0207372  0.175474  12669.9  1.99106  0.288734  1
301  0  0.314025  -1.15362  12660.9  2.01476  -0.0332649  1
302  0  1.00172  -0.0991227  12767.6  2.01787  0.052044  1
303  0  -0.04214  -0.165576  12673.3  2.01136  -0.19782  1
304  0  0.406173  0.237205  12114.8  2.27235  -0.0116197  1
305  0  -1.14375  -0.194882  12706.2  1.99386  -0.0228271  1
306  0  0.764436  -0.117987  12635.7  2.08169  0.0447978  1
307  0  0.514754  0.212151  12125.1  2.26401  -0.101551  1
308  0  0.637244  0.187924  12217.7  2.24333  -0.180278  1
309  0  1.4984  -0.0727145  12720.5  1.89258  -0.0487355  1
310  0  0.110507  -0.145151  12350.9  2.16979  -0.141724  1
311  0  0.260822  0.199289  12065.3  2.29055  0.134243  1
312  0  1.0225  0.0615616  12778  1.87376  -0.221121  1
313  0  0.94624  0.102378  12665.2  2.09981  -0.248524  1
314  0  0.83491  0.16079  12476  2.13893  -0.240471  1
315  0  -0.258954  -0.0317713  12875.9  1.90254  -0.0502939  1
316  0  0.266137  -0.134399  12388.6  2.17315  -0.0139097  1
317  0  0.453344  -0.113865  12514.1  2.15006  0.0352579  1
318  0  1.24875  -0.0394965  12797.2  1.74318  -0.029716  1
319  0  1.26338  -0.311243  12725.6  1.98361  -0.0212153  1
320  0  -0.0542483  0.10765  13043  1.79574  0.214208  1
321  0  0.929681  -0.0775471  12709.4  2.03025  0.0625592  1
322  0  1.3483  -0.773398  12687.7  2.00354  -0.0234087  1
323  0  1.01164  0.0337586  12775  1.36687  -0.191913  1
324  0  0.728572  0.154922  12326.4  2.22396  -0.239426  1
325  0  1.13667  -0.0133633  12859.4  1.53512  -0.0390267  1
326  0  1.1392  -0.155673  12782.4  1.98734  0.0016167  1
327  0  0.597975  -0.105133  12587.1  2.12335  0.0458596  1
328  0  -0.0695617  -0.0791934  12896.5  1.86701  -0.254499  1
329  0  -0.385481  -0.730662  12686.9  2.0025  -0.0434664  1
330  0  0.994646  -0.0485759  12770.3  1.85198  0.0775099  1
331  0  -0.729761  -0.160492  12729.3  1.98199  -0.0250612  1
332  0  -0.944975  0.369163  12701.5  1.99311  -0.00891924  1
333  0  0.713413  -0.0902455  12616.9  2.09922  0.0489673  1
334  0  0.34044  0.171159  11953.2  2.37016  0.0514752  1
335  0  0.863062  -0.0713314  12668.6  2.01263  0.0602779  1
336  0  0.202979  -0.105269  12280.1  2.25364  -0.0427556  1
337  0  0.125242  0.152284  12248.8  2.18141  0.330352  1
338  0  0.045364  -0.107393  12371.4  2.12031  -0.244784  1
339  0  0.335451  -0.0967266  12418.1  2.20453  0.0230818  1
340  0  0.195686  0.153238  12039.4  2.28615  0.253005  1
341  0  0.40374  0.161099  11955.8  2.39014  -0.020477  1
342  0  0.472814  0.152935  11990.3  2.4071  -0.0930587  1
343  0  0.293019  -0.659164  12627  2.03272  -0.0366924  1
344  0  1.05351  -0.0375751  12861.7  1.60284  0.0639222  1
345  0  -0.275347  1.08301  12631  2.02148  0.00115335  1
346  0  -0.183123  -1.2469  12671  2.00883  -0.034991  1
347  0  -0.108813  0.00937538  13168  1.73745  -0.0425225  1
348  0  1.21863  0.157117  12754.4  2.00711  -0.124754  1
349  0  0.508892  -0.0868057  12544.2  2.13754  0.0508039  1
350  0  0.79247  -0.472073  12657.9  2.01787  -0.000701824  1
351  0  -0.854938  -0.591827  12703.1  1.9948  -0.0316695  1
352  0  0.518497  0.816884  12537.2  2.06984  -0.0315921  1
353  0  0.704868  1.43026  12616.1  2.02641  -0.0310292  1
354  0  -1.35822  -1.0233  12690.8  1.99976  -0.026739  1
355  0  -1.36201  0.807084  12679.3  1.99972  -0.0151859  1
356  0  0.462685  -0.21462  12542  2.07511  0.0137297  1
357  0  1.00858  0.0185809  12766.9  0.739555  -0.110664  1
358  0  1.04379  0.00356397  12862.8  0.940726  -0.0183803  1
359  0  0.566262  0.150038  12095.1  2.36954  -0.169462  1
360  0  1.39761  -1.27715  12679.6  2.00668  -0.0261364  1
361  0  0.405969  -0.0781735  12474.9  2.1465  0.0471008  1
362  0  0.796786  -0.0659203  12649.9  2.00651  0.0594873  1
363  0  0.017087  0.129149  12779.2  1.92215  0.362549  1
364  0  0.0420317  0.583255  12560.6  2.05909  0.0464285  1
365  0  -1.42211  0.277735  12693.5  1.99766  -0.0180158  1
366  0  -0.548032  0.524005  12694.1  1.99521  0.0123325  1
367  0  0.134568  -0.0893358  12134.2  2.31559  -0.119996  1
368  0  0.791809  0.119686  12432  2.21335  -0.274367  1
369  0  -1.13171  1.38517  12661.1  2.0038  -0.0157504  1
370  0  0.874925  0.097187  12570.4  2.13284  -0.280625  1
371  0  0.929624  -0.721728  12672  2.01119  -0.0158834  1
372  0  0.648212  -0.868634  12655.7  2.0188  -0.0233139  1
373  0  -0.123362  -0.303033  12694.1  1.99832  -0.0964809  1
374  0  -0.210235  -0.531069  12682.3  2.00531  -0.0591437  1
375  0  0.643196  -0.0657409  12592.3  1.98598  0.0528407  1
376  0  0.924931  -0.330559  12685.9  2.00543  0.0110922  1
377  0  0.693826  -0.291342  12628.3  2.03406  0.0168856  1
378  0  0.480025  0.5923  12458.7  2.1085  -0.029808  1
379  0  0.102308  -0.91187  12655.2  2.01825  -0.0396258  1
380  0  1.02313  -0.031459  12830.3  1.58939  0.0834208  1
381  0  0.43059  -0.343484  12566.3  2.06432  -0.0108793  1
382  0  1.10908  0.0508225  12845.9  1.69321  -0.164445  1
383  0  0.0828093  0.114797  12358.8  2.11491  0.472152  1
384  0  0.246761  -0.0790447  12304.8  2.23043  -0.00109262  1
385  0  0.294518  0.135933  11821.8  2.47289  0.116082  1
386  0  -0.189538  -0.143643  12822  1.93203  -0.100941  1
387  0  0.00207575  -0.0737503  12526  2.03386  -0.396414  1
388  0  0.971664  0.043432  12740.5  1.50503  -0.207353  1
389  0  0.147682  -0.425907  12586.8  2.0513  -0.0613782  1
390  0  1.56385  0.403472  12692  1.99857  -0.0894587  1
391  0  0.736507  -1.44187  12669.7  2.00988  -0.0291072  1
392  0  0.466621  -0.0690571  12496.5  2.04012  0.0503698  1
393  0  0.552226  -0.0585712  12564.8  1.95183  0.051577  1
394  0  0.673643  0.122006  12192  2.28904  -0.250221  1
395  0  0.404542  0.370435  12291.1  2.19417  -0.00881807  1
396  0  0.752311  -0.0548802  12613.1  1.92703  0.0514403  1
397  0  -0.00914968  1.44815  12620.7  2.02446  -0.0118587  1
398  0  0.245379  0.130285  11844.2  2.4628  0.219072  1
399  0  0.294999  -0.0714251  12343.2  2.15949  0.0252939  1
400  0  0.516254  0.131234  11970.3  2.40266  -0.13682  1
401  0  -0.13745  0.40266  12672.4  2.00437  0.0741618  1
402  0  0.605685  0.122472  12091  2.33469  -0.208276  1
403  0  0.0867739  -0.0760704  12068.3  2.33331  -0.254271  1
404  0  1.2662  1.43047  12643.8  2.00989  -0.0436739  1
405  0  0.89463  0.412677  12539.3  2.06838  -0.128093  1
406  0  1.0666  -0.318846  12718.4  1.98849  0.00258403  1
407  0  -0.555088  -0.48769  12711.8  1.99053  -0.0416525  1
408  0  0.826599  0.0784664  12469.3  1.93003  -0.276503  1
409  0  0.7384  0.102318  12310.4  2.15735  -0.275436  1
410  0  0.907819  -0.239287  12690.3  2.0022  0.0231565  1
411  0  -0.606541  1.34445  12646.5  2.01139  -0.0089925  1
412  0  -0.133471  -0.776125  12666.2  2.01245  -0.0463222  1
413  0  0.32693  0.249913  12138.9  2.26437  0.0547738  1
414  0  1.03335  -0.0746881  12807.2  1.97254  0.0505626  1
415  0  0.17348  0.427365  12449.6  2.11758  0.0778594  1
416  0  -0.0211436  0.0656808  13255.3  1.63245  0.327177  1
417  0  0.992814  -0.0260784  12761.1  1.45375  0.0886444  1
418  0  0.958169  -0.0370449  12714.5  1.69153  0.0775359  1
419  0  -0.0709858  0.840342  12606.6  2.03513  0.0160251  1
420  0  -1.06632  -1.48825  12683.3  2.00187  -0.0276706  1
421  0  -0.0404631  -0.421958  12645.2  2.02232  -0.0780493  1
422  0  0.947227  -0.133186  12719.7  2.02533  0.0449971  1
423  0  -0.453482  -0.151167  12768.2  1.96298  -0.0388116  1
424  0  0.284783  -0.213064  12464.8  2.11251  -0.0238025  1
425  0  0.0386542  -0.19206  12521.1  2.08461  -0.160977  1
426  0  0.606667  -0.433712  12620.2  2.03675  -0.00378845  1
427  0  0.153026  0.117942  12065.8  2.33241  0.382734  1
428  0  0.904266  -0.0419226  12690.2  1.77155  0.0597697  1
429  0  0.203798  0.805085  12554  2.06168  0.00499024  1
430  0  0.16154  -0.33733  12549.8  2.0715  -0.0681837  1
431  0  -0.0314166  0.0302458  13607.3  1.43394  0.152238  1
432  0  0.118713  -0.232737  12486  2.10263  -0.103786  1
433  0  -0.391675  0.803335  12652.2  2.01295  0.0122767  1
434  0  0.68617  -0.0527602  12620.1  1.87232  0.0464842  1
435  0  0.598266  -0.0570545  12578.9  1.92907  0.053883  1
436  0  0.197619  -1.54545  12668.5  2.00958  -0.0328515  1
437  0  0.914305  0.0602637  12637.9  1.72873  -0.244265  1
438  0  -1.48534  -0.557148  12696.4  1.99847  -0.024826  1
439  0  1.0531  0.0380342  12844.3  1.47235  -0.18632  1
440  0  -0.530832  -1.53439  12676.3  2.00549  -0.0304831  1
441  0  0.356847  0.131331  11837  2.4753  0.0351757  1
442  0  0.182447  -0.0734483  12187.6  2.26085  -0.0434469  1
443  0  1.00467  0.00873429  12760.7  0.271602  -0.0477168  1
444  0  0.356972  -0.0638643  12412.8  2.04872  0.0406696  1
445  0  0.739858  -0.702942  12656.2  2.01879  -0.0168464  1
446  0  0.376759  -0.501963  12597.6  2.04737  -0.0293808  1
447  0  0.745942  -0.19553  12636.8  2.03193  0.0320335  1
448  0  -0.0264694  -0.049944  12909.5  1.83432  -0.433418  1
449  0  1.02156  0.00259757  12793.9  0.582312  0.0298425  1
450  0  0.381268  -0.281934  12532.7  2.08274  -0.011434  1
451  0  -0.674716  0.168705  12731.9  1.97912  -0.00585337  1
452  0  0.826712  -0.180735  12664.8  2.02182  0.0359025  1
453  0  0.600876  -0.167818  12589.1  2.05969  0.0322266  1
454  0  1.61744  -0.452705  12702.7  1.99572  -0.030711  1
455  0  0.842945  -0.0444373  12653.6  1.77522  0.0560415  1
456  0  0.827117  -0.109352  12665.8  2.06968  0.0493071  1
457  0  -0.0508636  0.277616  12700.6  1.99264  0.144708  1
458  0  0.962583  -0.0767334  12731.6  2.0161  0.0644424  1
459  0  0.636777  0.295039  12318.8  2.17763  -0.129241  1
460  0  -0.992965  0.0326207  12711.6  1.99013  -0.0177457  1
461  0  1.54428  0.881152  12661.5  2.00038  -0.0672922  1
462  0  -0.366545  0.43361  12705.5  1.98869  0.0310224  1
463  0  0.422952  0.128602  11878  2.4544  -0.0502225  1
464  0  -1.57776  -0.0849574  12695.9  1.99842  -0.0215802  1
465  0  0.0466567  -0.0641936  12120  2.34551  -0.429623  1
466  0  -0.179772  0.120761  12919.2  1.87831  0.0589312  1
467  0  0.180286  0.332033  12387.4  2.1483  0.111453  1
468  0  1.09147  0.258792  12668.9  2.00436  -0.146287  1
469  0  0.233613  -0.313893  12524  2.08518  -0.0503789  1
470  0  0.379734  -0.132878  12474.2  2.14254  0.0205694  1
471  0  1.27409  -0.599135  12696  1.99844  -0.0196459  1
472  0  0.226328  0.264643  12232.7  2.22189  0.124687  1
473  0  0.388813  -0.885159  12647.4  2.0222  -0.0317652  1
474  0  0.661511  -0.119273  12609.3  2.0956  0.0385089  1
475  0  -1.53164  1.26163  12668.1  2.00107  -0.0188831  1
476  0  0.792287  -0.364086  12656.1  2.01984  0.00928749  1
477  0  0.847337  0.259075  12504.1  2.08346  -0.184552  1
478  0  -1.5478  -1.46255  12686.5  2.00037  -0.0250598  1
479  0  0.19992  0.11975  11892.1  2.44605  0.310995  1
480  0  1.00448  0.673839  12589.7  2.04105  -0.0838825  1
481  0  -1.04738  0.697697  12683  1.99892  -0.00961014  1
482  0  0.493565  1.17521  12590  2.03988  -0.0252833  1
483  0  0.0723252  0.261862  12512.6  2.08249  0.192282  1
484  0  0.509744  -0.0561798  12551.1  1.93518  0.0552573  1
485  0  -1.05753  -0.925068  12692.4  1.99935  -0.0290745  1
486  0  0.631391  -0.245616  12606.9  2.04435  0.0205591  1
487  0  1.07132  -1.38958  12674.4  2.00822  -0.0270513  1
488  0  0.888096  0.148053  12561.4  2.11506  -0.240772  1
489  0  0.164711  -0.167852  12378  2.15544  -0.0865024  1
490  0  0.417774  -0.0539291  12477.7  1.91776  0.0543062  1
491  0  0.692992  -1.1782  12665.4  2.01292  -0.0278419  1
492  0  0.0137424  0.0688768  13079.1  1.70322  0.52298  1
493  0  1.05851  -0.146629  12762.2  1.98981  0.0188205  1
494  0  0.0641384  0.0918078  12494.5  2.03331  0.570163  1
495  0  0.307925  0.450136  12392.9  2.14153  0.0277316  1
496  0  1.26844  -1.03987  12680.6  2.00653  -0.024201  1
497  0  0.873417  -0.0424275  12671.1  1.78047  0.057844  1
498  0  0.725876  -0.146779  12629.9  2.05555  0.0388706  1
499  0  0.989967  0.0183811  12747.9  0.599511  -0.0923098  1
500  0  0.987524  0.0882931  12712.4  2.05158  -0.23451  1
501  0  0.98476  0.146675  12672.1  2.06253  -0.214094  1
502  0  0.211109  -0.0722461  12230.1  2.23609  -0.0136195  1
503  0  -0.00497543  -0.227861  12609.1  2.04099  -0.144571  1
504  0  -0.691319  -0.79862  12695.1  1.9986  -0.0348573  1
505  0  0.793704  0.999877  12584.1  2.04375  -0.0466612  1
506  0  -0.267024  0.324826  12735.6  1.97428  0.0524181  1
507  0  -0.296241  -1.04722  12675.7  2.00721  -0.0373997  1
508  0  1.69895  -1.05172  12683.3  2.00631  -0.027264  1
509  0  0.997975  -0.153772  12743.6  1.99594  0.0327558  1
510  0  0.71983  -0.0476415  12610.9  1.85379  0.0466376  1
511  0  0.957217  -0.179037  12717.1  1.99713  0.0323042  1
512  0  -0.141785  -0.0561238  12968.1  1.84639  -0.114477  1
513  0  -0.431221  0.0324612  12790.2  1.95012  -0.0116173  1
514  0  0.323113  0.125454  11834.5  2.49592  0.0742385  1
515  0  0.470704  0.123021  11923.4  2.43006  -0.099681  1
516  0  0.473327  -0.732128  12639.3  2.02725  -0.0271068  1
517  0  0.422941  -0.17432  12509.7  2.09613  0.017483  1
518  0  0.323817  -0.0658024  12401.3  2.10661  0.0336299  1
519  0  0.651173  0.44916  12425.3  2.12384  -0.0859244  1
520  0  0.218894  -0.149942  12365.5  2.16734  -0.0452116  1
521  0  0.48927  -0.166414  12543.6  2.0831  0.0271475  1
522  0  1.22193  0.677966  12629.7  2.01978  -0.0849115  1
523  0  0.560439  0.116471  12029.3  2.33897  -0.178905  1
524  0  -1.016  1.1165  12665.4  2.00373  -0.0112062  1
525  0  0.780475  0.171316  12408  2.16374  -0.231061  1
526  0  0.918571  -0.549292  12674.2  2.00944  -0.00763961  1
527  0  0.944222  0.0517116  12689.6  1.62909  -0.227037  1
528  0  -0.382887  -0.496165  12705.1  1.99421  -0.0509701  1
529  0  0.549805  -0.220511  12576.5  2.0575  0.0210774  1
530  0  0.323639  -0.154912  12439.9  2.13667  0.0013129  1
531  0  0.648959  0.0961569  12102.8  1.95199  -0.221919  1
532  0  0.691943  0.0939055  12193.3  1.91371  -0.231708  1
533  0  -0.458976  -0.332644  12732.5  1.97905  -0.0480959  1
534  0  1.02436  0.0196118  12808.6  0.897767  -0.116074  1
535  0  1.40443  0.0818935  12727.5  1.92473  -0.080919  1
536  0  1.67544  0.094602  12703.3  1.96131  -0.0743537  1
537  0  0.110997  -0.0607901  11985.5  2.18492  -0.167766  1
538  0  1.0787  -0.213685  12745.7  1.97798  0.0101143  1
539  0  0.38956  0.133047  11856.6  2.48162  -0.0101145  1
540  0  0.208385  0.209236  12161.5  2.24563  0.184023  1
541  0  0.111353  0.0948811  12054.4  2.19239  0.495868  1
542  0  0.249381  -0.470351  12590.1  2.05109  -0.0433945  1
543  0  0.176242  -0.589048  12621.9  2.03589  -0.0461367  1
544  0  1.3769  0.319777  12686.5  1.98808  -0.102782  1
545  0  0.486488  0.273356  12198.6  2.23714  -0.0668955  1
546  0  0.455967  0.219525  12098.9  2.27721  -0.0547983  1
547  0  0.37408  0.714987  12512.2  2.08251  -0.0103719  1
548  0  0.251295  1.25416  12601.6  2.03435  -0.0147954  1
549  0  0.554592  -0.111039  12570.4  2.12502  0.0439494  1
550  0  0.867796  0.0669598  12569.7  1.79718  -0.264634  1
551  0  -1.13897  -0.638411  12698.7  1.99701  -0.0280164  1
552  0  0.780107  0.0811048  12411.3  1.96955  -0.276952  1
553  0  -0.0357117  0.474613  12602.4  2.03659  0.0705608  1
554  0  -0.328093  1.43383  12634.2  2.01747  -0.00972655  1
555  0  -0.746283  -0.379358  12716.7  1.98817  -0.0323014  1
556  0  0.795814  -0.0360424  12642.1  1.5281  0.0539743  1
557  0  0.576496  0.199485  12162.2  2.25641  -0.146151  1
558  0  0.52173  -0.478099  12611.1  2.04099  -0.012902  1
559  0  0.0906177  -1.13987  12663.4  2.01322  -0.0360714  1
560  0  0.896086  -0.441989  12677.5  2.00799  0.000820546  1
561  0  1.07931  -0.578099  12687.6  2.00245  -0.012991  1
562  0  -0.185459  -1.62739  12671  2.00789  -0.0317835  1
563  0  0.00299711  -0.117732  12547.9  2.05562  -0.271092  1
564  0  0.930644  -0.0317132  12687.4  1.57929  0.0643048  1
565  0  1.11424  -0.85586  12678.2  2.00798  -0.021315  1
566  0  -0.101827  -0.220224  12719.8  1.98534  -0.127382  1
567  0  -0.308976  -0.171166  12790.5  1.9508  -0.061194  1
568  0  1.25677  -0.167324  12768.8  1.96579  -0.0199871  1
569  0  0.0231582  1.19918  12609.7  2.03078  -0.00614337  1
570  0  0.269015  0.116091  11737  2.33731  0.165465  1
571  0  0.268293  -0.055962  12297.9  1.90343  0.0267775  1
572  0  -1.66015  0.58766  12684.7  1.99946  -0.0194625  1
573  0  0.965738  -0.285264  12701.6  1.99682  0.0147304  1
574  0  1.08543  -0.0942666  12811.7  1.97793  0.0254436  1
575  0  1.16652  -0.0861616  12820.4  1.90163  0.00441058  1
576  0  1.00885  -0.0189871  12779.2  1.24536  0.0786052  1
577  0  1.01337  0.00283214  12795.8  0.435804  0.0526516  1
578  0  -1.41608  1.65123  12660.6  2.0023  -0.0200863  1
579  0  0.675953  0.227004  12304.9  2.18234  -0.175098  1
580  0  0.895551  -0.0888603  12686.7  2.04678  0.0598952  1
581  0  0.985562  0.374363  12586.8  2.04531  -0.134733  1
582  0  1.00304  0.491367  12586.4  2.04367  -0.111275  1
583  0  0.744951  0.753803  12549.5  2.0632  -0.061121  1
584  0  0.374947  0.197734  12022.3  2.31365  0.0127446  1
585  0  0.110063  -0.72783  12643.4  2.02432  -0.0450145  1
586  0  0.619237  -0.0429907  12597.3  1.6112  0.0471495  1
587  0  0.575659  -0.0421048  12571.4  1.58753  0.0480919  1
588  0  -0.509895  0.331417  12728.9  1.97838  0.0132907  1
589  0  0.663744  -0.0390351  12619.4  1.54838  0.0356474  1
590  0  0.0795707  0.160277  12444.8  2.08871  0.338999  1
591  0  0.107718  0.205398  12375.5  2.1412  0.254172  1
592  0  0.500494  0.440649  12373.4  2.15191  -0.0448555  1
593  0  0.690111  -0.218502  12622.8  2.03669  0.0275374  1
594  0  0.430095  1.64299  12620.7  2.02373  -0.0219792  1
595  0  0.74538  -0.0902377  12634.4  2.08494  0.050383  1
596  0  -1.17799  0.449857  12692.9  1.99682  -0.0126497  1
597  0  0.975587  1.19381  12616.2  2.02595  -0.0468742  1
598  0  0.158964  -0.054777  12103.5  1.98222  -0.0564051  1
599  0  0.388883  -0.0585052  12451.3  1.98573  0.0499418  1
600  0  1.01053  -1.69794  12674.6  2.00716  -0.0286995  1
601  0  0.371052  0.294814  12204.8  2.23886  0.015917  1
602  0  0.966952  1.66109  12633.3  2.01547  -0.0325143  1
603  0  -0.0509446  0.185685  12809.5  1.92786  0.195756  1
604  0  1.15469  -0.437306  12706.9  1.99283  -0.0125475  1
605  0  0.993675  0.0549575  12756.2  1.79852  -0.229731  1
606  0  -0.775266  0.662764  12683.4  1.99901  -0.000799762  1
607  0  0.436748  -1.45571  12667.2  2.01064  -0.0316496  1
608  0  1.62299  1.25391  12663.7  1.99749  -0.0514821  1
609  0  0.0850414  -0.3756  12586  2.05174  -0.079645  1
610  0  -0.10019  -0.131581  12814.2  1.9375  -0.17138  1
611  0  -0.292186  0.0675174  12853.7  1.91673  0.00490374  1
612  0  -0.471286  -1.24702  12678.2  2.00527  -0.0333732  1
613  0  -0.529741  1.66769  12641.1  2.01195  -0.0148454  1
614  0  -0.0390333  -0.318869  12644.5  2.02244  -0.103705  1
615  0  0.232627  0.165362  12000.8  2.32064  0.189982  1
616  0  0.485274  -0.293671  12568.3  2.06535  0.00337829  1
617  0  0.524632  -0.370596  12593.7  2.05047  -0.00287361  1
618  0  -0.495533  1.0091  12649.7  2.01247  0.00114018  1
619  0  -0.0643555  0.0548813  13278.4  1.65609  0.120233  1
620  0  0.332319  0.880377  12552.2  2.06223  -0.0114684  1
621  0  0.371119  -0.097086  12444.1  2.18812  0.0300897  1
622  0  0.179546  0.101762  11837.2  2.2981  0.361544  1
623  0  0.996973  -0.0124004  12767.1  1.01921  0.0709532  1
624  0  0.224477  0.107256  11772.3  2.32499  0.255637  1
625  0  0.166459  -0.101821  12234.4  2.27668  -0.0796292  1
626  0  0.311487  -0.277673  12513.7  2.09185  -0.0281794  1
627  0  -0.51177  -0.945099  12684.9  2.00301  -0.0368706  1
628  0  0.638797  0.136354  12151.4  2.32853  -0.219851  1
629  0  -0.0932829  -0.970568  12666.6  2.01221  -0.0399442  1
630  0  0.400152  -0.218353  12514.7  2.08762  0.00334153  1
631  0  -0.365157  0.615546  12668.4  2.00747  0.0243282  1
632  0  0.299481  -0.108219  12400.2  2.20207  0.00757069  1
633  0  1.12606  0.127093  12765.6  2.01894  -0.159171  1
634  0  -0.194231  -0.379202  12700  1.99487  -0.0751011  1
635  0  -0.0303284  -0.00751008  13560.9  1.37023  -0.329771  1
636  0  0.854982  -0.296815  12670  2.01302  0.0173264  1
637  0  0.158637  0.181887  12202.3  2.21837  0.259312  1
638  0  0.702026  0.360776  12408.6  2.13506  -0.122875  1
639  0  0.991635  0.0107713  12742.4  0.270253  -0.030699  1
640  0  0.389579  0.522119  12424.1  2.12601  -0.00635153  1
641  0  1.02523  0.199677  12661.4  2.01483  -0.176312  1
642  0  0.511152  -1.01929  12657.3  2.01712  -0.0294278  1
643  0  0.00219682  0.0389797  13494.3  1.39697  0.475524  1
644  0  1.18859  0.0570303  12809.4  1.79732  -0.11477  1
645  0  0.562171  0.258761  12226  2.21984  -0.1116  1
646  0  0.487858  -0.0441499  12517.8  1.61366  0.0415309  1
647  0  0.530985  -0.0414415  12562.2  1.55455  0.0466405  1
648  0  0.169619  0.52424  12495.4  2.09043  0.0487652  1
649  0  1.43102  -0.256643  12729.2  1.98249  -0.0294549  1
650  0  0.972312  -0.0198679  12721.4  1.22641  0.0699185  1
651  0  0.441391  -0.0882065  12501.1  2.16365  0.0405723  1
652  0  0.0767308  0.447074  12531  2.07478  0.0833689  1
653  0  1.59035  1.62307  12665.1  1.9975  -0.0385243  1
654  0  0.687571  -0.50634  12640.6  2.02649  -0.00643205  1
655  0  -1.26358  0.0108321  12701.5  1.99537  -0.0196269  1
656  0  0.829136  -0.0761374  12654.2  2.04535  0.0536679  1
657  0  0.443622  -0.0441344  12504.6  1.60655  0.0536063  1
658  0  -0.923236  -0.194748  12716.1  1.98883  -0.0238333  1
659  0  0.238219  -0.111377  12333.5  2.22829  -0.0187639  1
660  0  0.0671341  -0.0532013  12000.5  2.21619  -0.270873  1
661  0  0.49036  -0.125647  12532.4  2.12591  0.0367267  1
662  0  -0.968254  -1.21191  12686.6  2.00126  -0.0294306  1
663  0  0.799933  -0.823124  12662.8  2.01544  -0.02009  1
664  0  0.0835786  -0.116033  12292.1  2.18485  -0.203077  1
665  0  -0.0741686  0.686267  12604.2  2.0391  0.0323035  1
666  0  -0.226965  0.750668  12634.8  2.02252  0.0218984  1
667  0  1.06294  0.081751  12790.7  1.99832  -0.201635  1
668  0  0.877687  -0.188804  12685.9  2.01149  0.0348481  1
669  0  0.769215  -0.0327013  12616.4  1.44348  0.0666978  1
670  0  0.447672  0.10992  11847.4  2.16082  -0.0721219  1
671  0  0.29926  0.175754  11975.4  2.34817  0.0949298  1
672  0  0.0468058  0.0650679  12656.7  1.84298  0.677078  1
673  0  0.49186  0.108587  11918.1  2.12743  -0.115107  1
674  0  0.674123  -0.0839024  12606.4  2.08662  0.0471526  1
675  0  -1.02628  -0.413549  12706.5  1.99357  -0.0273617  1
676  0  0.536785  0.105103  11947.7  2.06805  -0.145645  1
677  0  0.58052  0.100729  12038.4  1.99887  -0.179383  1
678  0  0.218049  -0.388974  12561.4  2.06422  -0.0522297  1
679  0  -1.66062  -0.8669  12692.4  1.9995  -0.0246569  1
680  0  0.258489  -0.794173  12643  2.02472  -0.0375707  1
681  0  1.08385  0.00269766  12891.2  1.28637  -0.0474114  1
682  0  1.63364  -0.743573  12689.3  2.00213  -0.0281778  1
683  0  0.81839  -0.028304  12657.5  1.33708  0.0382457  1
684  0  1.77754  -0.200041  12695.6  1.97193  -0.0428855  1
685  0  0.0182977  -0.0479529  12000  2.19039  -0.636201  1
686  0  1.01203  -0.0047116  12796.9  0.798698  0.0745375  1
687  0  0.0871185  0.0815936  12171  2.1103  0.612437  1
688  0  -1.6664  0.950638  12676  1.99991  -0.0192616  1
689  0  -0.185258  1.71656  12631.1  2.01672  -0.0151095  1
690  0  0.68634  0.163295  12265.4  2.25051  -0.220431  1
691  0  0.710435  -0.38766  12637.4  2.02885  0.00537303  1
692  0  0.622005  -0.336021  12612.6  2.04179  0.00792947  1
693  0  0.135483  0.0910107  11989.3  2.20123  0.442133  1
694  0  0.623219  0.0987939  12082.1  1.96523  -0.209434  1
695  0  0.84371  0.0574789  12522  1.41182  -0.212298  1
696  0  0.886564  0.0486866  12622.9  1.28503  -0.195475  1
697  0  0.715495  0.0850017  12236.5  1.80866  -0.226961  1
698  0  0.756522  0.0744706  12342.6  1.64702  -0.220691  1
699  0  0.669063  0.0887582  12165.5  1.80124  -0.219724  1
700  0  -0.324619  -0.61189  12689.7  2.00159  -0.0498729  1
701  0  0.799582  0.0656279  12434.2  1.50938  -0.228004  1
702  0  0.245704  -0.0504799  12290.1  1.81556  0.0258291  1
703  0  0.291659  0.108798  11671.4  2.1956  0.121755  1
704  0  1.65457  -1.64722  12680.4  2.00597  -0.0263113  1
705  0  0.277026  0.249653  12167.2  2.25132  0.0969367  1
706  0  -0.0160307  0.14391  12857.2  1.89329  0.281577  1
707  0  0.625578  -0.134362  12597.3  2.07936  0.038192  1
708  0  0.289702  -0.0485194  12310.7  1.65948  0.0312996  1
709  0  0.13131  0.287028  12412.5  2.1333  0.164012  1
710  0  -0.102501  -0.637706  12663  2.01476  -0.0538547  1
711  0  0.64141  -0.034389  12584.4  1.41694  0.04189  1
712  0  1.30795  1.08632  12639.8  2.01243  -0.0582753  1
713  0  0.247197  0.105776  11733.8  2.24574  0.201324  1
714  0  -0.873535  1.66414  12651  2.00718  -0.0161462  1
715  0  0.138479  -0.0581469  11995.6  2.09303  -0.0891144  1
716  0  1.00288  0.00342285  12753.2  0.173577  -0.0301148  1
717  0  0.128463  -0.190356  12428.8  2.13348  -0.110589  1
718  0  0.860765  -0.105456  12674.3  2.0642  0.0518215  1
719  0  1.38121  -0.450477  12707.9  1.9917  -0.0229131  1
720  0  1.02715  -0.0144285  12827.2  1.12464  0.0824447  1
721  0  1.02779  -0.261351  12717.3  1.98835  0.01226  1
722  0  0.99334  0.0357054  12750.6  1.28189  -0.189129  1
723  0  0.553026  -0.0362137  12564.6  1.39236  0.048922  1
724  0  0.370839  0.162453  11929  2.40211  0.0142857  1
725  0  0.465523  -0.0401438  12498.9  1.4703  0.0521339  1
726  0  0.600965  0.153327  12139.5  2.34298  -0.184916  1
727  0  0.439545  -0.594228  12620.5  2.03619  -0.025314  1
728  0  1.32234  -1.66865  12677.6  2.00645  -0.027225  1
729  0  0.240192  0.379453  12366.8  2.15718  0.067506  1
730  0  0.174126  -0.264838  12495.9  2.09883  -0.0725688  1
731  0  0.158204  0.0919089  11948  2.1645  0.400484  1
732  0  0.505797  -1.7125  12669.9  2.00862  -0.0315584  1
733  0  -0.206733  -0.251574  12743.6  1.97429  -0.0892981  1
734  0  0.442416  0.165564  11982.4  2.37119  -0.0597007  1
735  0  0.416649  0.196225  12033.5  2.31082  -0.026121  1
736  0  1.17635  -0.229952  12756.8  1.97278  -0.0103549  1
737  0  -0.183039  0.0293357  12980.1  1.84518  -0.0136918  1
738  0  -0.755156  -1.38261  12681.3  2.00331  -0.0300856  1
739  0  0.992806  -0.00483154  12769.2  0.843879  0.0515776  1
740  0  -0.142905  0.301686  12734.1  1.97761  0.0935899  1
741  0  0.513942  0.102358  11902.4  1.96237  -0.129586  1
742  0  -0.0767625  -0.0296441  13170.3  1.70829  -0.214578  1
743  0  0.993289  -0.0741103  12765.7  1.99453  0.0652792  1
744  0  0.849061  -0.143194  12672.6  2.04262  0.0427596  1
745  0  0.596163  -0.693677  12642.1  2.02554  -0.0207307  1
746  0  0.750569  -0.24512  12641.4  2.02694  0.0248164  1
747  0  0.97294  -0.10015  12740.6  2.0307  0.0548124  1
748  0  0.0600545  -0.238162  12530.8  2.08004  -0.125907  1
749  0  -0.599704  -0.0246613  12749.9  1.97073  -0.0190415  1
750  0  0.602275  0.0939443  12042.1  1.82921  -0.19243  1
751  0  -0.561356  -0.675213  12696.5  1.99787  -0.0397852  1
752  0  0.206871  0.656279  12519.7  2.07927  0.0199406  1
753  0  0.413271  -0.12247  12486.6  2.14899  0.0300507  1
754  0  0.733786  0.0747345  12292.5  1.56478  -0.203924  1
755  0  0.907335  0.0386893  12647.5  0.987675  -0.15458  1
756  0  0.0893877  -0.049969  11881.4  2.10026  -0.211934  1
757  0  0.820861  0.0563342  12459.3  1.26936  -0.202699  1
758  0  0.369212  -0.412716  12576.1  2.05803  -0.0258785  1
759  0  0.978726  -0.0379127  12753.4  1.71468  0.0794112  1
760  0  1.02111  0.102727  12729.2  2.06748  -0.217031  1
761  0  -0.595982  -0.235671  12737.9  1.97788  -0.0337908  1
762  0  0.809483  0.326199  12476.7  2.10001  -0.151395  1
763  0  -0.0291572  0.365171  12621.7  2.03328  0.108291  1
764  0  1.22008  0.277678  12687.6  1.99368  -0.120391  1
765  0  -0.747942  0.400862  12706.4  1.99017  -0.000914149  1
766  0  0.266937  0.153786  11906.9  2.39805  0.154809  1
767  0  -0.802108  -1.65909  12678.7  2.00369  -0.0279272  1
768  0  0.579758  -0.13888  12579.5  2.08548  0.0375085  1
769  0  -1.732  0.236088  12691.1  1.99927  -0.0211213  1
770  0  -0.576334  0.72837  12669.9  2.00497  0.00748085  1
771  0  0.254132  -0.182072  12426.4  2.13213  -0.0331197  1
772  0  0.518183  -0.196375  12559.6  2.06614  0.0229482  1
773  0  0.777377  -0.165115  12645.8  2.03763  0.0373506  1
774  0  0.625509  0.645392  12498.5  2.08872  -0.0515971  1
775  0  0.777413  -0.995211  12664.6  2.01374  -0.0244297  1
776  0  0.065541  0.747576  12572.4  2.05335  0.0217717  1
777  0  -0.764774  1.09255  12659.1  2.00696  -0.00640031  1
778  0  0.887614  -0.0611639  12684.1  1.977  0.0625413  1
779  0  0.335818  0.361738  12304.7  2.18869  0.0315917  1
780  0  0.270022  -0.0939989  12343.2  2.23296  0.00193302  1
781  0  -1.34766  -1.68044  12683.6  2.00114  -0.0253859  1
782  0  0.124121  0.374317  12466.9  2.11085  0.110049  1
783  0  0.861676  -0.371877  12669.4  2.0132  0.00765116  1
784  0  -1.30292  1.07832  12671  2.00137  -0.0153088  1
785  0  0.0657873  0.888687  12585.6  2.0455  0.00805403  1
786  0  0.972608  0.0240163  12736.5  0.746445  -0.108401  1
787  0  -0.23898  0.200543  12814.7  1.93615  0.0569853  1
788  0  0.597408  -0.0352813  12584.2  1.39444  0.0466154  1
789  0  0.63353  -0.0993582  12601.6  2.1187  0.0434966  1
790  0  0.922691  -0.105008  12704  2.04856  0.0547523  1
791  0  0.220945  -1.33165  12665.4  2.01166  -0.0333844  1
792  0  0.049504  -0.460536  12620.9  2.03507  -0.0683688  1
793  0  0.963306  0.068842  12712.3  1.95054  -0.249989  1
794  0  0.94748  -0.0182736  12693.4  1.16375  0.05362  1
795  0  -0.0788499  0.568165  12609.4  2.03702  0.0490708  1
796  0  0.738796  -0.0299773  12591.6  1.30319  0.028845  1
797  0  1.73221  -1.33515  12682  2.00641  -0.0262225  1
798  0  -0.519314  0.141432  12757.5  1.96625  -0.000545309  1
799  0  0.918201  -0.16463  12702  2.00973  0.0382316  1
800  0  0.807041  -0.136851  12656  2.05501  0.0435077  1
801  0  1.2922  0.0594418  12769.7  1.86866  -0.0857422  1
802  0  0.343174  -0.227975  12496  2.09746  -0.0106822  1
803  0  0.939687  -0.0544095  12708.5  1.92586  0.0696748  1
804  0  -1.23358  -0.403883  12701.2  1.9963  -0.0251154  1
805  0  0.685311  -0.0306688  12624.2  1.29185  0.0284002  1
806  0  -1.61891  -1.18794  12689.1  2.00004  -0.0250219  1
807  0  0.201193  -0.0500131  12164.9  1.84088  -0.0118618  1
808  0  0.337622  0.10871  11755.6  2.17329  0.0456865  1
809  0  1.73667  0.663688  12683.4  1.99013  -0.073172  1
810  0  0.504327  0.165791  12041.5  2.3586  -0.108476  1
811  0  0.142618  -0.122815  12276  2.21911  -0.110656  1
812  0  0.358482  0.105376  11753.4  2.05373  0.0178839  1
813  0  -1.10892  0.223383  12702.2  1.99347  -0.0146384  1
814  0  0.908975  -0.0199635  12678.6  1.16587  0.0432454  1
815  0  0.985229  -0.0140729  12759.6  1.02128  0.0717091  1
816  0  0.105377  -0.298476  12540.9  2.0756  -0.0925163  1
817  0  -0.0468784  -0.117773  12753.4  1.96751  -0.245438  1
818  0  0.57684  -0.0768637  12571.7  2.09632  0.0520195  1
819  0  0.0536242  -0.145957  12432.5  2.12693  -0.197715  1
820  0  0.333737  0.207097  12041.6  2.29685  0.0542179  1
821  0  0.0850027  -0.190737  12458.3  2.11683  -0.139788  1
822  0  0.179769  -0.0489116  12120.8  1.8051  -0.0324012  1
823  0  -0.236332  0.474787  12677.8  2.00153  0.0473085  1
824  0  0.0202458  -1.37783  12668.1  2.01005  -0.0340275  1
825  0  0.771015  -0.0773122  12639.2  2.05711  0.0558817  1
826  0  0.866231  0.195703  12523.6  2.08294  -0.214222  1
827  0  0.355523  -0.0417243  12403.7  1.43238  0.0382263  1
828  0  0.617728  0.233643  12249  2.20406  -0.148683  1
829  0  0.90075  -1.20983  12670.5  2.0106  -0.0261753  1
830  0  0.729292  -0.0698648  12627  2.03217  0.0564984  1
831  0  0.707269  -0.0293662  12624.8  1.31941  0.0178905  1
832  0  0.176551  0.128532  11976.4  2.35134  0.328709  1
833  0  0.157218  0.148804  12102.4  2.24149  0.304613  1
834  0  -0.103404  -0.378772  12670  2.00977  -0.0837628  1
835  0  0.848948  -0.231668  12671.5  2.01185  0.0274748  1
836  0  0.0123284  0.239421  12637.4  2.02036  0.202973  1
837  0  0.155434  1.74968  12624.3  2.01984  -0.0174865  1
838  0  0.752112  0.127676  12357.2  2.25719  -0.266806  1
839  0  0.433407  -0.268145  12546.6  2.07597  -0.00065616  1
840  0  0.125995  0.117414  12128.3  2.26729  0.41548  1
841  0  0.816915  -0.0508935  12652.5  1.87065  0.0611711  1
842  0  1.27561  0.483177  12656.9  2.00944  -0.100445  1
843  0  1.45029  0.649405  12660.9  2.00379  -0.0829882  1
844  0  0.22344  -0.0486071  12224.8  1.79726  0.00878101  1
845  0  0.911021  0.100708  12610.6  2.11095  -0.261359  1
846  0  0.951645  0.0298748  12719.9  0.877199  -0.127018  1
847  0  0.859932  -0.0239653  12661.7  1.24799  0.0402555  1
848  0  -1.29346  -1.30622  12687  2.00067  -0.0267751  1
849  0  0.219618  0.135178  11914.4  2.40474  0.253513  1
850  0  0.9968  -0.364632  12698.5  1.99857  0.00397408  1
851  0  0.335586  -0.0449543  12409.1  1.59571  0.0365683  1
852  0  0.314043  0.106846  11750.2  2.1845  0.0877605  1
853  0  0.885255  -0.0231226  12680  1.24199  0.0394567  1
854  0  1.35526  -0.065807  12739.6  1.85174  -0.0387891  1
855  0  -0.0683707  1.02652  12610.4  2.03228  0.00284579  1
856  0  0.799857  -0.587055  12658  2.01772  -0.0101685  1
857  0  0.530733  -0.0649694  12549.6  2.04058  0.052667  1
858  0  0.490877  -0.0701139  12531.2  2.07696  0.055594  1
859  0  0.478198  -0.0933085  12521.7  2.15816  0.0451305  1
860  0  0.711086  0.120676  12270  2.27609  -0.264244  1
861  0  0.400497  -0.039604  12462.4  1.41622  0.043917  1
862  0  0.513859  -0.243881  12567.3  2.06399  0.0143911  1
863  0  -0.00370918  0.100798  12983.9  1.80419  0.363153  1
864  0  1.02704  -0.115837  12778  2.0057  0.0342115  1
865  0  -1.71994  1.51889  12665.8  2.00067  -0.0212596  1
866  0  0.797644  -0.0968381  12643.9  2.08086  0.0511086  1
867  0  0.617072  -0.0772281  12590.1  2.08873  0.0517383  1
868  0  0.311125  -0.0467945  12365.3  1.65952  0.0259436  1
869  0  0.313437  -0.0855432  12388.3  2.2229  0.0251915  1
870  0  0.0188994  -0.37536  12618.7  2.03543  -0.0866246  1
871  0  0.697692  -0.119315  12617.5  2.09257  0.0419325  1
872  0  0.871757  0.545859  12540.4  2.0666  -0.0971661  1
873  0  1.01869  -0.053272  12799.9  1.87078  0.0692305  1
874  0  -0.790865  0.0215032  12726  1.98266  -0.0168282  1
875  0  0.403945  0.108849  11785.5  2.14401  -0.0294099  1
876  0  0.52257  -0.115214  12550  2.13242  0.0416647  1
877  0  1.01343  0.0090984  12792  0.385646  -0.0466702  1
878  0  0.0452938  -0.0438352  11642.6  2.29725  -0.417007  1
879  0  0.928575  0.0341828  12669.9  0.983778  -0.140068  1
880  0  0.432319  0.28827  12201  2.23949  -0.026633  1
881  0  0.378332  0.109716  11773.7  2.1648  0.00294048  1
882  0  1.00763  -0.0356745  12781.4  1.68232  0.087808  1
883  0  -0.004575  -0.820839  12657.7  2.01683  -0.0440213  1
884  0  1.02854  -0.172687  12746.6  1.98208  0.0213763  1
885  0  0.257208  -0.987316  12654.7  2.01841  -0.0349253  1
886  0  0.99883  0.0145693  12751.1  0.454749  -0.0639141  1
887  0  1.00011  0.0252397  12748.3  0.965785  -0.153463  1
888  0  0.971183  -0.0547978  12740.7  1.92388  0.0773068  1
889  0  -0.00430411  -0.0253609  12878.6  1.6801  -0.776208  1
890  0  -0.34225  -1.41769  12674.1  2.00702  -0.0325584  1
891  0  1.00822  0.00288771  12779.8  0.305675  0.00773632  1
892  0  -0.107683  0.13726  12945.1  1.85941  0.13246  1
893  0  -0.860945  0.201044  12714.2  1.98774  -0.0105526  1
894  0  0.839654  -0.0221269  12658.3  1.1539  0.0392997  1
895  0  -1.37088  -0.791174  12694.4  1.99877  -0.0265638  1
896  0  0.913323  0.309302  12554.1  2.06073  -0.158281  1
897  0  0.928005  0.90311  12590.6  2.0403  -0.0608247  1
898  0  -0.0605915  -0.541304  12654.4  2.02007  -0.0634222  1
899  0  0.42474  0.104976  11828.7  2.01291  -0.0530036  1
900  0  -0.381515  0.320656  12737.6  1.97282  0.0307919  1
901  0  1.00394  -0.00808447  12792.8  0.935919  0.0553119  1
902  0  -1.36808  0.568265  12686.7  1.99858  -0.0153744  1
903  0  0.660383  1.74687  12627.3  2.01849  -0.0253022  1
904  0  0.109947  -0.100535  12202.1  2.26356  -0.168224  1
905  0  0.469695  0.334283  12273.5  2.20392  -0.0418532  1
906  0  0.243711  -0.243345  12475.6  2.10988  -0.0455001  1
907  0  -0.353266  -0.0538207  12815.9  1.93604  -0.0309675  1
908  0  -0.0115282  0.014623  13881.1  0.882381  0.0655234  1
909  0  0.496736  -1.24719  12664.1  2.01295  -0.0308313  1
910  0  -0.379856  1.22172  12637.4  2.01684  -0.00424803  1
911  0  0.320385  -0.189824  12462  2.11324  -0.00852826  1
912  0  0.838309  0.110699  12493.5  2.1831  -0.278848  1
913  0  -0.381903  -0.244428  12756.1  1.96876  -0.0548964  1
914  0  0.0585358  0.208486  12532.2  2.07126  0.255834  1
915  0  0.156271  -0.0769884  12152.2  2.31102  -0.0760325  1
916  0  0.345102  -0.129202  12447.4  2.16231  0.0144044  1
917  0  0.178204  0.273228  12307.2  2.18628  0.151465  1
918  0  -1.71734  -1.71734  12685.1  2.00026  -0.0239366  1
919  0  1.31092  1.72428  12650.4  2.00513  -0.0338684  1
920  0  1.47825  0.22459  12709.7  2.01776  -0.0923124  1
921  0  -0.121255  -0.456272  12669.8  2.01158  -0.0711998  1
922  0  0.360557  -0.339704  12549.8  2.07234  -0.0215648  1
923  0  0.676412  1.18757  12596.3  2.03588  -0.035004  1
924  0  0.767702  -0.306141  12648.2  2.02394  0.0162922  1
925  0  -0.45028  -0.592294  12698.5  1.99726  -0.0454039  1
926  0  0.223331  -0.0910482  12290.6  2.26589  -0.0155909  1
927  0  0.051659  0.128434  12588.7  1.99999  0.40883  1
928  0  0.491192  0.136314  11969.7  2.44291  -0.111793  1
929  0  0.202746  0.0983697  11759.4  2.22459  0.304416  1
930  0  0.708452  -0.181025  12627.2  2.03905  0.0331736  1
931  0  0.665855  -0.0607729  12619.3  1.97705  0.0497756  1
932  0  -1.71555  -0.344999  12695.5  1.99928  -0.023229  1
933  0  -0.0275673  -0.0876786  12717.8  1.94839  -0.326032  1
934  0  0.935819  0.0767808  12647.3  2.01928  -0.260777  1
935  0  0.635153  -0.19152  12603.1  2.04847  0.0301456  1
936  0  0.451312  0.136008  11920.1  2.45637  -0.0763277  1
937  0  0.79018  0.236731  12442.4  2.11648  -0.191407  1
938  0  0.930167  -0.867395  12670  2.01178  -0.0207029  1
939  0  1.0279  0.0382415  12823.8  1.50633  -0.202828  1
940  0  0.544311  0.135537  12021.7  2.4017  -0.159924  1
941  0  0.962209  -0.227481  12709.8  1.99237  0.0224601  1
942  0  0.322836  0.147926  11901.2  2.44103  0.0736346  1
943  0  1.32043  0.857472  12640.1  2.01278  -0.0726835  1
944  0  -0.00359148  -0.702564  12653.9  2.01876  -0.0492059  1
945  0  0.474705  1.36052  12606.9  2.03121  -0.023825  1
946  0  0.737074  0.198041  12360.4  2.16411  -0.205071  1
947  0  -0.681797  -0.586542  12705.1  1.99399  -0.0362668  1
948  0  0.792531  -0.209757  12653.8  2.02136  0.030605  1
949  0  -0.272029  -0.858539  12676.3  2.00767  -0.0420164  1
950  0  1.10371  -0.0486149  12849.5  1.6862  0.0391029  1
951  0  -0.90924  -0.782771  12696  1.99805  -0.031321  1
952  0  0.582774  0.128607  12078.4  2.38357  -0.189066  1
953  0  0.947024  -0.0985249  12723.5  2.03869  0.0568032  1
954  0  0.509208  -0.0363372  12542.8  1.37351  0.0420099  1
955  0  1.08961  0.18747  12703.1  2.00149  -0.159663  1
956  0  1.07633  -1.13888  12675.6  2.00851  -0.0248258  1
957  0  0.209453  -0.692554  12633.6  2.0295  -0.0415556  1
958  0  0.179132  -0.12954  12313.3  2.19968  -0.0710532  1
959  0  -1.77306  -0.602785  12694.3  1.99949  -0.0237642  1
960  0  0.889286  0.0726703  12603.5  1.94471  -0.269511  1
961  0  1.78132  1.01953  12674.5  1.99053  -0.0608365  1
962  0  0.604594  0.982246  12571.3  2.05133  -0.0357764  1
963  0  0.775369  0.436487  12483.3  2.09619  -0.112056  1
964  0  0.988195  -0.122165  12748.2  2.02124  0.0438777  1
965  0  1.13897  0.536746  12620.6  2.02643  -0.100216  1
966  0  0.383168  0.440654  12361.8  2.15704  -0.0011945  1
967  0  0.241651  0.228964  12154.7  2.25178  0.138238  1
968  0  0.230632  0.315879  12317.5  2.18316  0.102513  1
969  0  0.76379  0.101051  12383.6  2.17989  -0.283528  1
970  0  0.56454  -0.180383  12576.1  2.06214  0.0288921  1
971  0  0.850268  0.0821583  12533.4  2.02898  -0.284025  1
972  0  0.803879  0.0903865  12440.3  2.10368  -0.287703  1
973  0  -0.908022  0.878497  12672.3  2.00224  -0.00680113  1
974  0  0.996705  0.0066634  12744.7  0.2243  -0.0267583  1
975  0  0.232502  0.466271  12435  2.12139  0.0494325  1
976  0  0.515538  -0.847057  12649.4  2.0218  -0.0268935  1
977  0  0.00784094  -0.16215  12565.1  2.06561  -0.19932  1
978  0  1.07392  -0.391544  12706.3  1.99379  -0.00393147  1
979  0  0.499528  0.692391  12499.6  2.08808  -0.0317737  1
980  0  0.363678  -0.744488  12636.6  2.02854  -0.0319678  1
981  0  -0.80415  -0.962836  12689.8  2.00058  -0.0323217  1
982  0  -0.254813  0.918829  12631.3  2.0225  0.00922931  1
983  0  -0.878512  1.32056  12656.1  2.00667  -0.011928  1
984  0  0.603472  0.369378  12360.4  2.1601  -0.0926586  1
985  0  0.37738  -0.0392313  12417.5  1.45457  0.0307339  1
986  0  1.83048  -0.584301  12695.5  2.00167  -0.0348863  1
987  0  0.131586  -0.507694  12611.5  2.04088  -0.0557516  1
988  0  1.46082  -0.974796  12683.8  2.0054  -0.0257476  1
989  0  0.910738  -0.0648286  12696.9  1.9961  0.0629253  1
990  0  1.32937  0.191845  12730.3  2.01174  -0.100221  1
991  0  0.389033  1.03175  12575  2.04926  -0.0195417  1
992  0  0.3217  0.29462  12220.1  2.23249  0.0516254  1
993  0  0.304423  -0.555895  12609.9  2.04158  -0.03649  1
994  0  0.420694  -0.036901  12472.9  1.32581  0.0504699  1
995  0  -1.12727  0.915619  12674.2  2.00111  -0.0116297  1
996  0  1.15418  -0.320826  12727.5  1.98433  -0.00620989  1
997  0  -0.55671  -1.77822  12674.3  2.00571  -0.0283821  1
998  0  0.538425  0.168315  12075.2  2.33826  -0.137599  1
999  0  0.55804  0.0962442  11978.2  1.83518  -0.151836  1
1000  0  0.298103  0.214745  12073.7  2.28322  0.0886828  1
1001  0  0.469452  0.102922  11873.1  1.96064  -0.0917265  1
1002  0  -1.40326  -0.262506  12699.3  1.99736  -0.0229747  1
1003  0  0.0271047  0.0485588  13069.7  1.6131  0.694004  1
1004  0  0.595134  -0.204872  12590.2  2.05166  0.0252602  1
1005  0  1.14917  0.20163  12706  1.99308  -0.139434  1
1006  0  0.823827  0.204723  12472.4  2.10546  -0.212248  1
1007  0  0.36443  0.237312  12107.5  2.27459  0.0229696  1
1008  0  0.705466  -0.065894  12597.6  2.02983  0.0510285  1
1009  0  0.728159  -0.112132  12628.9  2.09878  0.0460205  1
1010  0  0.0597032  -0.0833775  12184  2.23091  -0.303014  1
1011  0  0.540976  -0.0855771  12557.4  2.13833  0.0498788  1
1012  0  0.443061  -0.429834  12594.1  2.04949  -0.0172753  1
1013  0  0.769707  -1.71928  12672.2  2.00783  -0.0300903  1
1014  0  1.00955  0.289178  12618.3  2.02919  -0.15494  1
1015  0  0.161326  -0.222155  12449.8  2.1221  -0.0862988  1
1016  0  0.0701769  0.0686047  12351.6  1.98006  0.704361  1
1017  0  0.0287121  -0.0833734  12333.6  2.11563  -0.343032  1
1018  0  -1.15533  1.67514  12656.6  2.00443  -0.0183154  1
1019  0  0.595624  0.533708  12446.4  2.11277  -0.0602536  1
1020  0  0.777028  -0.0533713  12632.5  1.9119  0.056103  1
1021  0  -0.309705  -0.409225  12711.6  1.98957  -0.0600953  1
1022  0  0.924627  -0.199848  12699.8  2.00036  0.0302856  1
1023  0  -1.16937  -1.11663  12689.1  2.00036  -0.0281048  1
1024  0  0.10487  0.130953  12261.6  2.15971  0.403164  1
1025  0  1.15853  -0.701304  12685.1  2.00456  -0.0186964  1
1026  0  -0.0626084  0.0100331  13430.9  1.55334  -0.06447  1
1027  0  -0.137647  0.499056  12642  2.01929  0.0567908  1
1028  0  0.936598  0.142148  12629.1  2.08824  -0.229507  1
1029  0  0.252593  1.50519  12615.1  2.02727  -0.0173139  1
1030  0  -0.116435  0.0736043  13075  1.78995  0.0776896  1
1031  0  -1.77195  1.77543  12663.1  2.00069  -0.0222749  1
1032  0  0.290195  -0.160039  12428.1  2.13873  -0.0116089  1
1033  0  -0.230591  -0.688303  12677  2.0073  -0.049046  1
1034  0  0.34437  0.607169  12475.9  2.10079  -0.000202925  1
1035  0  0.0117945  0.299203  12601.1  2.04292  0.154761  1
1036  0  -0.930816  0.549888  12692.2  1.99625  -0.00657219  1
1037  0  0.195729  -1.81267  12669.6  2.00827  -0.032457  1
1038  0  0.0316206  0.0973556  12762.4  1.88628  0.483302  1
1039  0  0.453611  -0.152361  12521.7  2.10368  0.027204  1
1040  0  -1.07106  -1.73597  12680.7  2.00247  -0.0261863  1
1041  0  0.230069  -0.0682852  12277.7  2.20411  0.00212198  1
1042  0  0.863762  0.0472215  12560.2  1.11861  -0.180182  1
1043  0  0.999277  -0.00644912  12766.6  0.885157  0.0576114  1
1044  0  0.77665  0.0628175  12378.2  1.32018  -0.195574  1
1045  0  0.435075  -0.0667001  12499.9  2.07606  0.0532877  1
1046  0  0.37829  -0.0746447  12433.3  2.15919  0.043881  1
1047  0  1.45851  -0.612349  12696  1.99815  -0.0249463  1
1048  0  0.391232  -0.166136  12492.8  2.1077  0.0141316  1
1049  0  0.679508  -0.610006  12645  2.02395  -0.0136226  1
1050  0  -0.589082  -0.358841  12724.9  1.98372  -0.038959  1
1051  0  -1.78704  -1.40353  12687.4  2.00006  -0.0240297  1
1052  0  0.9269  -0.0156319  12682.3  1.01108  0.0421596  1
1053  0  -0.183143  1.23678  12623.8  2.02333  -0.00441566  1
1054  0  1.60109  -0.212426  12711  1.9672  -0.0360992  1
1055  0  0.48018  0.186187  12046.6  2.31154  -0.0841779  1
