0  2  1  0  12334.2  0  0  1
1  1  2  2  12432.1  1.81195  0.38138  1
2  1  2  -2  12473.5  1.99108  0.475003  1
3  3  -2  -2  12677.7  1.9388  0.490959  1
4  3  -2  2  12120.4  1.94038  0.494431  1
10  1  2  1.6  12452  1.78347  0.3453  1
11  1  2  1.2  12452  1.7632  0.277791  1
12  1  2  0.8  12452  1.73613  0.176302  1
13  1  2  0.4  12452  1.77087  0.0861674  1
14  1  2  5.50449e-12  12452  2.00299  0.100791  1
15  1  2  -0.4  12452  2.1731  0.197097  1
16  1  2  -0.8  12452  2.1628  0.291053  1
17  1  2  -1.2  12452  2.14579  0.377146  1
18  1  2  -1.6  12452  2.08861  0.441759  1
19  0  1.6  -2  12560.1  1.9388  0.490959  1
20  0  1.2  -2  12667  1.9388  0.490959  1
21  0  0.8  -2  12744.9  1.9388  0.490959  1
22  0  0.4  -2  12793.9  1.9388  0.490959  1
23  0  5.50449e-12  -2  12802.3  1.9388  0.490959  1
24  0  -0.4  -2  12786.9  1.9388  0.490959  1
25  0  -0.8  -2  12756.2  1.9388  0.490959  1
26  0  -1.2  -2  12719.3  1.9388  0.490959  1
27  0  -1.6  -2  12692.6  1.9388  0.490959  1
28  3  -2  -1.6  12661  1.9388  0.490959  1
29  3  -2  -1.2  12632.5  1.9388  0.490959  1
30  3  -2  -0.8  12579.8  1.9388  0.490959  1
31  3  -2  -0.4  12502  1.9388  0.490959  1
32  3  -2  -5.50449e-12  12414.6  1.9388  0.490959  1
33  3  -2  0.4  12320.5  1.9388  0.490959  1
34  3  -2  0.8  12239.4  1.9388  0.490959  1
35  3  -2  1.2  12181.3  1.9388  0.490959  1
36  3  -2  1.6  12141.3  1.9388  0.490959  1
37  0  -1.6  2  12107.6  1.94527  0.499603  1
38  0  -1.2  2  12082.8  1.95504  0.508655  1
39  0  -0.8  2  12058  1.96458  0.519194  1
40  0  -0.4  2  12049.7  1.96912  0.521838  1
41  0  -5.50449e-12  2  12071.3  1.95965  0.513912  1
42  0  0.4  2  12151.7  1.93409  0.479524  1
43  0  0.8  2  12237.6  1.90653  0.430038  1
44  0  1.2  2  12292  1.88063  0.39682  1
45  0  1.6  2  12364.7  1.84644  0.386942  1
46  2  0.980076  0.008825  11956.4  1.45031e-17  -4.90994e-17  1
47  2  0.959575  0.0162057  11907  0  0  1
48  2  0.938577  0.0220445  11868  -1.30832e-16  2.40407e-17  1
49  2  0.917363  0.0270471  11845.5  0  0  1
50  2  0.896037  0.0315489  11792.7  -1.4975e-16  2.64822e-17  1
51  2  0.874626  0.0356299  11697.9  6.67642e-17  -1.37368e-17  1
52  2  0.853153  0.0393676  11658.5  0  0  1
53  2  0.831631  0.0428186  11626  0  0  1
54  2  0.810068  0.0459987  11594.3  0  0  1
55  2  0.788471  0.048938  11544.2  0  0  1
56  2  0.766846  0.0516638  11452.5  0  0  1
57  2  0.745196  0.0541908  11402.9  0  0  1
58  2  0.723523  0.0565073  11341.5  0  0  1
59  2  0.701831  0.0586342  11261.7  6.64695e-17  -9.70129e-18  1
60  2  0.680122  0.0605878  11170.7  5.98579e-18  2.12003e-17  1
61  2  0.658399  0.0623737  11068.2  0  0  1
62  2  0.636662  0.063979  10984.3  4.93481e-17  -5.79442e-18  1
63  2  0.614912  0.0654133  10883.9  0  0  1
64  2  0.593153  0.0666843  10774.4  -4.60522e-17  1.53387e-17  1
65  2  0.571385  0.0677978  10668.9  1.19455e-17  -1.72656e-18  1
66  2  0.549609  0.0687444  10565.9  1.19437e-16  -6.64149e-18  1
67  2  0.527827  0.0695216  10432.5  0  0  1
68  2  0.506039  0.0701368  10277  -9.64174e-17  3.38258e-18  1
69  2  0.484247  0.0705951  10136.1  -1.1717e-16  1.21785e-17  1
70  2  0.462453  0.0708889  10015.4  -1.80467e-17  -1.87157e-17  1
71  2  0.440656  0.0710024  9822.97  3.22825e-19  -7.71207e-18  1
72  2  0.41886  0.0709378  9679.34  -6.45651e-19  1.54241e-17  1
73  2  0.397065  0.0707019  9650.36  0  0  1
74  2  0.375272  0.0702898  9549.8  0  0  1
75  2  0.353484  0.0696853  9360.1  0  0  1
76  2  0.331703  0.0688776  9161.21  -7.37482e-18  -6.67372e-18  1
77  2  0.30993  0.0678644  8916.9  -1.62563e-16  -2.24163e-17  1
78  2  0.288168  0.0666367  8717.61  -4.37444e-18  9.11434e-18  1
79  2  0.266421  0.0651731  8690.08  0  0  1
80  2  0.244693  0.0634498  8734.43  0  0  1
81  2  0.222988  0.0614568  8672.08  -1.32407e-16  1.80558e-17  1
82  2  0.201312  0.0591704  8595.24  3.97244e-17  1.64349e-17  1
83  2  0.179673  0.0565525  8660.64  7.94948e-17  4.49862e-17  1
84  2  0.158084  0.0535579  8710.32  -1.61154e-17  8.30166e-17  1
85  2  0.136556  0.0501485  8703.09  0  0  1
86  2  0.115112  0.0462471  8681.71  0  0  1
87  2  0.0937866  0.0417435  8675.64  0  0  1
88  2  0.0726312  0.0365019  8537.94  -3.28488e-16  -1.70506e-16  1
89  2  0.051743  0.0302852  8298.37  -4.27985e-16  -3.2505e-16  1
90  2  0.0313264  0.0226719  7449.98  0  0  1
91  2  0.0119888  0.0126733  5743.49  0  0  1
92  2  0.00267568  -0.00253825  9528.59  1.15829e-16  2.64087e-16  1
93  2  0.0244019  -0.00292182  14465.4  -1.85677e-16  -6.74759e-17  1
94  2  0.0461152  -0.00103537  14500.7  1.58506e-16  1.91775e-16  1
95  2  0.0677824  0.00133454  14268.6  -3.66877e-17  -1.23344e-17  1
96  2  0.0894327  0.00385458  14160.6  3.66877e-17  1.23344e-17  1
97  2  0.111078  0.00641931  14097.3  2.0476e-16  3.78994e-17  1
98  2  0.132727  0.00895152  14003  1.8596e-16  2.28078e-17  1
99  2  0.154381  0.011436  13924  1.8596e-16  2.28078e-17  1
100  2  0.176044  0.0138441  13917.1  3.05443e-16  4.10053e-17  1
101  2  0.197716  0.0161703  13890.5  1.2982e-16  1.56023e-17  1
102  2  0.219398  0.0184065  13852.7  0  0  1
103  2  0.241089  0.0205485  13832.9  0  0  1
104  2  0.262791  0.0225772  13805.9  5.53601e-17  4.45763e-18  1
105  2  0.284502  0.0245064  13763.7  -2.78126e-16  -2.68507e-17  1
106  2  0.306222  0.0263244  13754  1.41566e-16  1.32146e-17  1
107  2  0.327951  0.0280447  13747.8  -1.99097e-16  -1.4552e-17  1
108  2  0.349688  0.0296467  13710.3  -2.88666e-16  -2.1833e-17  1
109  2  0.371434  0.0311266  13704.3  1.43046e-16  8.7276e-18  1
110  2  0.393188  0.0324922  13683.1  1.43046e-16  8.7276e-18  1
111  2  0.414949  0.0337376  13652.6  8.80688e-17  4.16264e-18  1
112  2  0.436716  0.0348715  13638.1  1.54353e-16  7.20471e-18  1
113  2  0.458489  0.0358806  13608.8  0  0  1
114  2  0.480268  0.0367541  13603.5  0  0  1
115  2  0.502052  0.0374998  13605.7  -9.96505e-17  -2.72275e-18  1
116  2  0.52384  0.0381139  13592.8  -3.11099e-16  -7.45484e-18  1
117  2  0.545631  0.038599  13574.8  3.62374e-16  8.1864e-18  1
118  2  0.567424  0.0389485  13562.9  -3.13101e-16  -3.56484e-18  1
119  2  0.58922  0.0391479  13547.4  2.63512e-16  2.0222e-18  1
120  2  0.611016  0.0391958  13540.8  -1.06211e-16  -4.58627e-19  1
121  2  0.632812  0.0390951  13539.4  -3.02382e-16  5.4938e-19  1
122  2  0.654608  0.0388435  13510.3  0  0  1
123  2  0.6764  0.0384342  13470.2  -3.2527e-16  5.783e-18  1
124  2  0.698189  0.037857  13470.8  0  0  1
125  2  0.719972  0.0370995  13479.4  0  7.70372e-34  1
126  2  0.741749  0.0361617  13455.2  0  0  1
127  2  0.763516  0.0350361  13436.1  1.56042e-16  -8.62527e-18  1
128  2  0.785272  0.0337053  13420  0  0  1
129  2  0.807012  0.0321483  13390.7  -1.14033e-16  6.29992e-18  1
130  2  0.828734  0.0303401  13383.3  -1.21217e-16  1.09115e-17  1
131  2  0.850432  0.0282789  13366.9  3.52577e-16  -2.99999e-17  1
132  2  0.872101  0.0259223  13334.9  0  0  1
133  2  0.89373  0.0232253  13296.7  -1.19773e-16  1.49677e-17  1
134  2  0.915302  0.0201102  13236  3.58395e-16  -4.51163e-17  1
135  2  0.936792  0.0164732  13158.3  0  0  1
136  2  0.958139  0.01208  13041.9  2.52338e-16  -4.1626e-17  1
137  2  0.97924  0.00662696  12822.6  0  0  1
266  0  0.763301  -0.912671  12926.2  1.8607  0.336584  1
267  0  0.872711  -0.407836  13024  1.82051  0.151271  1
268  0  0.34389  -0.547599  13195.7  1.67463  0.369598  1
269  0  -0.932608  0.511553  12204.5  1.9812  0.624952  1
270  0  -0.0414817  0.999955  11860  2.12168  0.54111  1
271  0  0.911654  1.01343  12060.7  2.02903  0.275713  1
272  0  0.462483  0.683063  11618.2  2.26462  0.336977  1
273  0  0.936847  0.54095  11948  2.09931  0.0811833  1
274  0  0.0127989  0.516414  11432.2  2.32957  0.673161  1
275  0  -0.402315  0.255869  12054.7  2.03102  0.824395  1
276  0  0.562175  -0.285847  13326.7  1.62509  0.180894  1
277  0  0.0200145  -0.367416  13262.5  1.55812  0.555661  1
278  0  0.298792  -0.249462  13489.6  1.48182  0.312478  1
279  0  -0.388342  -0.160008  12642.4  1.79508  0.793891  1
280  0  0.643129  0.375563  11374.8  2.37397  0.0454176  1
281  0  0.356334  0.35988  10818.3  2.63833  0.325433  1
282  0  1.11409  0.284495  12191  2.02414  -0.0794  1
283  0  0.142735  0.288409  10545.2  2.70315  0.756829  1
284  0  -0.0817923  0.206272  11282.8  2.30639  1.10897  1
285  0  0.751482  -0.199701  13239.1  1.69362  0.0583426  1
286  0  0.865139  0.265391  11765.7  2.24809  -0.124346  1
287  0  0.943752  -0.164059  12984.3  1.84249  -0.0252669  1
288  0  0.123899  -0.176808  13652.3  1.31824  0.459978  1
289  0  0.438547  -0.137755  13526.4  1.49261  0.163989  1
290  0  0.581931  -0.0911487  13463.1  1.55244  0.0703455  1
291  0  -0.564155  -1.11756  12789.9  1.86148  0.533012  1
292  0  0.503564  0.252329  10759.1  2.71289  0.0129888  1
293  0  0.367103  0.20412  9985.44  3.10236  0.206675  1
294  0  0.638073  0.202741  11102.5  2.62457  -0.170191  1
295  0  0.313942  -0.0966438  13662  1.399  0.205503  1
296  0  -0.117406  0.077903  11678.3  1.99013  1.31162  1
297  0  0.0107891  -0.120678  13585.5  1.22236  0.724776  1
298  0  0.24624  0.18178  9489.89  3.18654  0.592006  1
299  0  0.747637  0.176197  11421.6  2.38681  -0.214275  1
300  0  0.0460695  0.179682  10336.4  2.67176  1.15677  1
301  0  0.195886  -0.0929956  13782.6  1.28651  0.295861  1
302  0  0.855187  0.157379  11699.5  2.2317  -0.227746  1
303  0  0.981763  0.136674  12014.6  2.0531  -0.252338  1
304  0  0.683138  -0.0720823  13401  1.59306  0.0131745  1
305  0  0.785278  -0.0683226  13310.6  1.65314  -0.0478362  1
306  0  -0.136528  -0.0686166  12823.8  1.55508  1.08363  1
307  0  -0.89526  0.0258912  12400.9  1.92787  0.653224  1
308  0  0.126794  -1.18109  12902.4  1.8298  0.465196  1
309  0  1.4776  -0.244091  12617.5  2.0665  0.11903  1
310  0  0.494489  -0.0601175  13548.8  1.48962  0.0981685  1
311  0  0.156806  0.148553  9290.68  3.2003  1.00439  1
312  0  0.110586  -0.0820528  13905.2  1.14165  0.419875  1
313  0  0.408939  -0.0519874  13610.1  1.43983  0.127635  1
314  0  -0.38718  0.73164  11931.4  2.09157  0.642574  1
315  0  0.892429  -0.0795151  13122.5  1.75937  -0.10829  1
316  0  0.625524  -0.609141  13093.9  1.76575  0.286596  1
317  0  1.1683  0.0678589  12470  1.5045  -0.0831861  1
318  0  1.18107  -0.14288  12661.3  2.00647  0.0465661  1
319  0  1.25678  -0.767691  12756.7  1.97788  0.264491  1
320  0  -0.823845  -0.610074  12669.2  1.87418  0.596617  1
321  0  -0.362545  -0.668003  12868.9  1.78759  0.583381  1
322  0  -0.010732  -0.734  13020  1.74578  0.506331  1
323  0  0.451831  0.169151  10133  2.76287  -0.0380715  1
324  0  0.547982  0.160953  10621.3  2.47784  -0.179315  1
325  0  0.966581  -0.0688608  12919.8  1.88985  -0.16541  1
326  0  0.445974  1.20386  11970.4  2.06171  0.418424  1
327  0  1.48913  0.731474  12322.3  1.86929  0.147584  1
328  0  -0.0226925  0.103773  10585.1  2.45877  1.54634  1
329  0  -0.837944  1.28532  12081.3  1.9839  0.551595  1
330  0  0.621578  -0.0336647  13477.4  1.55134  0.0214539  1
331  0  1.55568  0.32294  12404.2  1.86505  0.0451587  1
332  0  0.386474  0.135168  9586.77  1.79665  0.0372555  1
333  0  0.320483  0.135548  9223.97  2.08992  0.171516  1
334  0  0.608075  0.135245  10870.5  1.8885  -0.198728  1
335  0  0.672823  0.130209  11140.6  1.93109  -0.230365  1
336  0  0.341342  -0.0359286  13688.9  1.36948  0.142361  1
337  0  0.279269  -0.0397433  13747.1  1.31518  0.171599  1
338  0  0.557549  -0.0249164  13532.1  1.51686  0.0490807  1
339  0  -0.118585  -0.255546  13120.3  1.56828  0.726704  1
340  0  -0.19463  0.432116  11684.3  2.19853  0.786547  1
341  0  -0.336484  0.0304192  12340.2  1.89203  0.896229  1
342  0  -1.3821  -1.26323  12668.6  1.92415  0.51673  1
343  0  -0.0556996  0.0405983  11351.9  1.94257  1.80175  1
344  0  0.0422564  -0.0715782  13893.3  0.901863  0.629783  1
345  0  -0.0362116  -0.0653912  13375.3  1.10851  0.96032  1
346  0  0.165384  -0.333976  13398  1.51556  0.438741  1
347  0  0.0903421  0.114525  9227.88  3.04893  1.31452  1
348  0  0.728165  -0.0259711  13408.3  1.61727  -0.0388551  1
349  0  0.423571  -0.832851  13025.2  1.78219  0.384477  1
350  0  1.17459  -1.37329  12717.4  1.98249  0.398745  1
351  0  0.828261  -0.0257533  13307.9  1.68525  -0.112291  1
352  0  1.0236  0.0586603  12169.9  1.03274  -0.270972  1
353  0  0.674007  -1.41387  12825.7  1.90651  0.430448  1
354  0  0.202041  0.466177  11129.6  2.47774  0.545221  1
355  0  1.06451  -0.332396  12860.9  1.91439  0.104114  1
356  0  0.785988  0.116385  11496.4  1.7519  -0.212514  1
357  0  0.68303  0.613921  11714.9  2.21786  0.189634  1
358  0  0.159161  0.743972  11635  2.24658  0.515716  1
359  0  0.128273  -0.505892  13202  1.62887  0.47057  1
360  0  0.899784  0.0875835  11769.5  1.39708  -0.216077  1
361  0  -1.408  0.305299  12323.5  1.948  0.564886  1
362  0  -1.39613  -0.310129  12498.8  1.92582  0.561324  1
363  0  0.228295  0.122839  8800.31  2.10893  0.469376  1
364  0  1.09411  -0.0867143  12678.5  2.03073  -0.0203073  1
365  0  -1.35266  0.917307  12184.5  1.95504  0.547157  1
366  0  0.652457  -0.174006  13346.5  1.62014  0.0831224  1
367  0  0.150568  -0.043138  13920.4  1.12828  0.252422  1
368  0  -0.22968  0.199137  11852.7  2.08143  0.972562  1
369  0  0.717177  -0.339334  13179  1.72404  0.146721  1
370  0  0.496718  0.122894  10233.2  1.37308  -0.106221  1
371  0  1.38592  1.3282  12295.8  1.87788  0.296373  1
372  0  0.450366  -0.0170472  13599.5  1.46661  0.0863106  1
373  0  0.21427  -0.0381053  13828.9  1.23075  0.205434  1
374  0  0.427192  -0.273065  13412.9  1.55862  0.243211  1
375  0  -0.215039  -0.462329  12977.7  1.69787  0.632902  1
376  0  0.499717  0.398494  11159.9  2.49419  0.18195  1
377  0  0.489407  -0.43689  13250.6  1.6595  0.271584  1
378  0  1.10856  0.0175467  12499.5  1.19502  -0.023861  1
379  0  0.0487886  0.0808564  8827.13  2.69648  1.4711  1
380  0  -0.573804  0.0848506  12336.9  1.93212  0.75602  1
381  0  0.638268  0.890852  11874.4  2.13383  0.308417  1
382  0  0.018301  -0.234491  13409.5  1.42322  0.62485  1
383  0  0.890659  -0.676224  12944.4  1.86274  0.256154  1
384  0  0.664083  -0.0104452  13461.3  1.59469  -0.0131709  1
385  0  -0.666776  0.362721  12181.5  1.99588  0.696931  1
386  0  0.718338  0.283091  11441.6  2.36752  -0.0855415  1
387  0  0.918766  -0.0303783  13108.7  1.80164  -0.220226  1
388  0  0.429614  0.119564  9761.7  1.24111  -0.0666586  1
389  0  0.00903233  0.282704  10976.1  2.48079  0.949852  1
390  0  -0.692773  -0.250898  12579.6  1.87024  0.675651  1
391  0  0.841869  -0.138983  13169.1  1.73558  -0.0226183  1
392  0  0.856033  -0.264853  13097.1  1.78017  0.0691607  1
393  0  0.513063  -0.00435643  13570.7  1.51461  0.0570427  1
394  0  0.186828  0.101473  8667.02  1.54464  0.43957  1
395  0  0.77065  -0.00761185  13385.1  1.64565  -0.0811921  1
396  0  0.272819  0.110281  8744.41  1.2521  0.197558  1
397  0  0.279643  0.284209  10375.9  2.80681  0.457976  1
398  0  0.140443  0.0952726  8772.55  1.87935  0.712919  1
399  0  0.718621  0.103296  11311  1.32271  -0.181767  1
400  0  0.822899  0.0928083  11604.2  1.33291  -0.170302  1
401  0  0.933969  0.0694976  11855.4  1.11118  -0.187912  1
402  0  1.21348  0.558232  12182.7  1.96219  0.0824098  1
403  0  0.0819188  -0.0396089  14110  0.850383  0.299424  1
404  0  0.843306  1.46297  12149.5  1.96357  0.36719  1
405  0  0.050266  1.50043  12021  2.01274  0.4986  1
406  0  0.218366  -0.187048  13602.4  1.38867  0.345833  1
407  0  -0.0765709  -0.150936  13248.3  1.40603  0.820573  1
408  0  -0.463253  1.14398  12007.9  2.02851  0.565292  1
409  0  0.794136  0.421055  11703.7  2.22486  0.0237045  1
410  0  0.566091  0.110758  10655.9  1.05739  -0.125611  1
411  0  0.875619  -0.0158294  13255.6  1.72508  -0.17795  1
412  0  0.38271  -0.0107707  13666.6  1.40911  0.104067  1
413  0  0.521774  -0.186929  13433.5  1.55578  0.14788  1
414  0  0.333067  -0.37055  13352.4  1.57449  0.333685  1
415  0  0.882869  0.758285  11961  2.08572  0.194475  1
416  0  -0.435476  0.47449  11978.4  2.07456  0.726853  1
417  0  -0.284865  -1.484  12817.9  1.86932  0.495733  1
418  0  -0.469876  -0.424024  12765.6  1.79781  0.659956  1
419  0  -0.759996  0.910355  12079.2  2.0073  0.592119  1
420  0  -0.0535099  -0.0214641  12838.6  1.27111  1.45052  1
421  0  1.43395  -0.0181374  12533.8  1.80931  0.0551867  1
422  0  0.00970665  -0.0407279  13729  0.700892  1.00533  1
423  0  -0.200377  0.665762  11802.7  2.15537  0.656459  1
424  0  1.02807  -0.149879  12825  1.92569  -0.0233212  1
425  0  -0.235071  -0.969431  12889.4  1.8129  0.521422  1
426  0  0.356673  -0.177966  13541.4  1.46587  0.236849  1
427  0  -0.0017721  0.0615672  9481.3  2.55381  2.00327  1
428  0  0.364285  -0.0967186  13618  1.43532  0.179803  1
429  0  0.96566  -0.0319986  12914.4  1.92194  -0.262762  1
430  0  0.601105  0.0013062  13519.3  1.56332  0.0136584  1
431  0  0.391888  0.513337  11300.5  2.41874  0.339824  1
432  0  0.595045  0.29682  11162.1  2.48039  -0.0167247  1
433  0  -0.864109  -1.49344  12740.6  1.89767  0.51132  1
434  0  1.04108  -0.0611809  12629.6  2.04801  -0.0896759  1
435  0  0.976258  0.363708  11959.3  2.08252  -0.0433204  1
436  0  0.362327  0.915232  11798.3  2.16832  0.423506  1
437  0  0.222837  -0.721716  13090.8  1.72689  0.435799  1
438  0  0.0664558  -0.116273  13774  1.19038  0.5697  1
439  0  0.737239  -0.11943  13319.1  1.64422  0.0129342  1
440  0  -0.254292  -0.166143  12788.9  1.698  0.840684  1
441  0  0.367751  0.10834  9496.09  0.704853  0.000869369  1
442  0  -0.132292  0.367552  11534.2  2.25668  0.845382  1
443  0  1.01424  -0.52373  12902.7  1.89458  0.19496  1
444  0  0.624077  0.103495  10919.2  1.02812  -0.131195  1
445  0  -0.0536403  -0.521868  13088.5  1.66307  0.554289  1
446  0  -1.3022  -0.729208  12603.3  1.92095  0.548613  1
447  0  0.0792626  0.416385  11144.5  2.45864  0.70668  1
448  0  -1.29541  1.49618  12117.1  1.95283  0.522561  1
449  0  0.319987  -0.00688808  13726.4  1.36708  0.128727  1
450  0  0.943996  0.229633  11917.9  2.21203  -0.159937  1
451  0  0.411378  0.291852  10626.9  2.70476  0.20288  1
452  0  0.174723  0.224648  10094.7  2.87981  0.789406  1
453  0  -0.666526  0.63421  12083.4  2.02713  0.648784  1
454  0  0.25515  -0.0127819  13794.6  1.30188  0.153724  1
455  0  0.609273  0.530077  11532.7  2.30959  0.184233  1
456  0  1.54661  -1.09161  12625  2.05011  0.338515  1
457  0  -0.220266  0.00344154  12366.9  1.82396  1.04397  1
458  0  0.756743  -0.497174  13083.5  1.78309  0.213488  1
459  0  0.246377  -0.0778318  13746.4  1.33133  0.232107  1
460  0  0.710739  0.000357138  13446.2  1.61264  -0.0383921  1
461  0  1.27397  -0.489699  12741.4  1.99091  0.178017  1
462  0  1.63667  -0.66435  12598.7  2.07954  0.244112  1
463  0  1.1958  0.892621  12178.1  1.96458  0.201951  1
464  0  0.598889  -0.421078  13213  1.69414  0.228005  1
465  0  -0.936588  -0.999411  12703.5  1.89339  0.54647  1
466  0  0.107536  0.201918  10097  2.81315  0.993023  1
467  0  0.83912  -0.0813944  13214.5  1.70622  -0.0705685  1
468  0  0.762628  0.0934417  11436.3  1.20504  -0.168175  1
469  0  0.559216  -1.15985  12894.5  1.86003  0.406453  1
470  0  0.414169  1.58724  12086.3  1.98236  0.458148  1
471  0  1.10446  0.164169  12297.1  1.95074  -0.176837  1
472  0  -0.465554  1.59599  12041.2  1.98865  0.532588  1
473  0  0.81889  -0.000149455  13359.9  1.66692  -0.121393  1
474  0  0.0490117  -0.181447  13546.6  1.34204  0.602554  1
475  0  0.096557  0.0814674  8801.81  2.06738  0.923492  1
476  0  0.243746  0.633212  11476.8  2.326  0.480863  1
477  0  0.515781  -0.127504  13480.5  1.53285  0.120954  1
478  0  -0.960708  0.306865  12278.2  1.96314  0.633855  1
479  0  0.565974  0.229895  10900.7  2.68373  -0.0754278  1
480  0  0.63808  -0.0885656  13423  1.57922  0.0434819  1
481  0  1.36957  0.285923  12377.2  1.91966  0.0181337  1
482  0  0.870064  0.0729704  11687.1  1.06833  -0.174118  1
483  0  0.201889  -1.69516  12824  1.90233  0.476312  1
484  0  0.306494  0.192213  9689.76  3.17923  0.378281  1
485  0  -1.03296  -0.257967  12515.5  1.90882  0.613147  1
486  0  1.04839  -1.07485  12799.3  1.93849  0.350664  1
487  0  0.155559  -0.12729  13749.8  1.28295  0.380682  1
488  0  -0.0216317  0.0299566  10202.3  1.97676  2.27182  1
489  0  -0.0322542  -0.184826  13371.9  1.40701  0.728841  1
490  0  0.47149  -0.585075  13152.4  1.71548  0.327154  1
491  0  0.210963  0.378268  10849.5  2.60512  0.572556  1
492  0  -0.666359  -0.776778  12748.1  1.85519  0.575716  1
493  0  0.194352  -0.0185271  13877.1  1.21132  0.183886  1
494  0  1.26608  -0.0261206  12571.3  1.70195  0.0287914  1
495  0  0.983643  0.0508963  11997.4  0.901156  -0.209156  1
496  0  0.107757  -0.266797  13457.2  1.44319  0.493217  1
497  0  -0.331884  -0.373093  12857.3  1.7408  0.682957  1
498  0  -1.36015  0.616092  12242.5  1.95447  0.560629  1
499  0  -1.04028  0.896501  12141.3  1.97693  0.574517  1
500  0  0.286908  -0.173192  13598.2  1.41774  0.27628  1
501  0  0.319677  0.10473  9100.02  0.773423  0.0228139  1
502  0  0.118592  -0.0340131  14028  1.00041  0.24313  1
503  0  0.557132  0.00380485  13551.9  1.54002  0.0331366  1
504  0  0.479772  -0.00308533  13589.1  1.49881  0.0716661  1
505  0  0.426862  -0.00364865  13630.3  1.46218  0.0837384  1
506  0  0.222862  -0.449399  13272  1.59996  0.418066  1
507  0  0.472126  0.105806  10061.2  0.617848  -0.0466614  1
508  0  0.516565  0.103318  10348.5  0.637717  -0.0940564  1
509  0  -0.0988735  0.0104322  12191.7  1.70687  1.40986  1
510  0  0.700808  -0.260323  13246  1.68644  0.112794  1
511  0  -0.182255  0.285739  11652.2  2.18767  0.919757  1
512  0  0.689033  0.182708  11241.3  2.48491  -0.209806  1
513  0  0.545263  -0.0754176  13503.4  1.52521  0.0809696  1
514  0  0.635032  0.00396308  13502.7  1.57904  -0.00654069  1
515  0  -1.25279  0.0682097  12390.4  1.93775  0.590843  1
516  0  0.671802  0.0979992  11105.7  1.06357  -0.16231  1
517  0  0.689828  1.20257  12033.3  2.0323  0.365999  1
518  0  0.352064  -0.0072204  13694.8  1.38912  0.114885  1
519  0  0.986754  -0.286685  12935.7  1.87118  0.0756824  1
520  0  0.927316  -0.112641  13018.9  1.81839  -0.0862028  1
521  0  0.288261  -0.0119603  13752.4  1.33392  0.143474  1
522  0  0.590401  -0.181399  13388.2  1.59051  0.115896  1
523  0  0.400863  0.107729  9597.64  0.638207  0.0283582  1
524  0  0.594418  0.103198  10799.1  1.00983  -0.127613  1
525  0  0.448425  -0.0852102  13562.6  1.48205  0.128669  1
526  0  -0.0178047  0.17211  10774.9  2.47135  1.23806  1
527  0  -0.490734  -0.0588501  12481.4  1.86786  0.777244  1
528  0  0.246755  -0.141033  13663.4  1.36746  0.286408  1
529  0  1.04776  0.663145  12078.8  2.02272  0.136214  1
530  0  -0.123961  -0.368775  13089.9  1.62491  0.645852  1
531  0  0.804266  0.177807  11588.7  2.35143  -0.219452  1
532  0  1.09512  1.28771  12193.2  1.9409  0.307353  1
533  0  0.586302  -0.0586067  13481.6  1.53609  0.0532392  1
534  0  1.57516  -1.53082  12573.8  2.06151  0.430502  1
535  0  -0.46167  0.117661  12269.7  1.95214  0.81412  1
536  0  -0.593062  0.237982  12223.2  1.97757  0.734352  1
537  0  0.786349  0.238732  11565.7  2.37266  -0.15105  1
538  0  0.999221  -0.0434084  12755.8  2.00653  -0.182141  1
539  0  0.0198802  0.680541  11626.4  2.24553  0.593972  1
540  0  -0.156514  0.163821  11667.7  2.13376  1.10662  1
541  0  0.80125  -1.19024  12846.9  1.89946  0.385859  1
542  0  0.922578  0.155349  11870.3  2.17338  -0.237796  1
543  0  0.423842  0.224201  10318.3  2.93267  0.104572  1
544  0  -1.55405  -1.5405  12678.1  1.92896  0.502537  1
545  0  0.231326  0.0898104  8699.25  0.372199  0.203733  1
546  0  0.489729  0.175584  10347.1  2.76899  -0.103221  1
547  0  0.0547699  -0.0355686  14210.2  0.657417  0.395723  1
548  0  -0.237891  0.875914  11884.9  2.11012  0.598667  1
549  0  0.0311722  0.054268  8479.58  2.20341  1.40617  1
550  0  -0.176527  1.29953  11983.1  2.03442  0.529662  1
551  0  0.210642  1.09094  11891  2.10702  0.46763  1
552  0  0.122763  0.596053  11465.8  2.32434  0.568965  1
553  0  0.226201  -0.268735  13488.8  1.46723  0.377964  1
554  0  0.740155  0.00106891  13427.4  1.62839  -0.0594563  1
555  0  0.130574  -0.977599  12964.2  1.7949  0.46286  1
556  0  0.79267  -0.0353596  13332.8  1.65354  -0.0773389  1
557  0  -1.60081  -0.972069  12621.5  1.93281  0.51795  1
558  0  0.742165  -0.0737797  13341.1  1.63151  -0.0185811  1
559  0  0.775033  -0.267631  13174.6  1.73227  0.0919706  1
560  0  0.198927  0.17429  9523.92  3.20415  0.808442  1
561  0  1.02278  0.203117  12099.7  2.12321  -0.171267  1
562  0  -0.290818  0.279542  11890.6  2.09322  0.87336  1
563  0  1.70588  1.08168  12376.4  1.82112  0.2427  1
564  0  0.868582  -0.198493  13102.9  1.77439  0.019796  1
565  0  0.572313  0.186416  10786.9  2.71169  -0.1631  1
566  0  0.802591  0.0719718  11573.8  0.655691  -0.102207  1
567  0  0.564957  -0.744263  13045.9  1.78306  0.335262  1
568  0  0.692801  -0.0294436  13429.7  1.59469  -0.0154445  1
569  0  -0.172217  -0.620205  12981.3  1.73157  0.56493  1
570  0  -1.65104  -0.621178  12556.8  1.93327  0.523902  1
571  0  0.165255  0.0811777  8647.57  0.716025  0.4052  1
572  0  -0.776905  0.196302  12299.1  1.95525  0.681591  1
573  0  0.285786  0.149669  9086.37  2.67422  0.35036  1
574  0  0.912525  0.05689  11816.4  0.674414  -0.119265  1
575  0  -0.0167003  -0.0290874  13016.1  0.521648  1.18934  1
576  0  0.846149  -0.00689707  13321.4  1.69503  -0.147758  1
577  0  0.692357  0.468824  11584.4  2.28974  0.0988423  1
578  0  0.146501  -0.0154955  13951.3  1.07738  0.170483  1
579  0  0.883861  -0.126618  13108.8  1.77141  -0.0564335  1
580  0  1.08094  0.499526  12087.5  2.02551  0.0494291  1
581  0  -1.67611  0.589264  12269.8  1.94407  0.527081  1
582  0  0.0931814  -0.420562  13263  1.57859  0.500316  1
583  0  0.310321  -0.0573401  13697.2  1.37193  0.175666  1
584  0  0.489081  -0.347389  13329.5  1.61243  0.234799  1
585  0  0.900073  -0.0047086  13215.1  1.61407  -0.203186  1
586  0  0.0242067  0.133677  10130.4  2.70784  1.387  1
587  0  0.346573  0.168405  9612.5  2.93231  0.209197  1
588  0  0.215989  0.291694  10452  2.76464  0.612191  1
589  0  0.453216  -0.205209  13460.6  1.52993  0.191623  1
590  0  0.642522  0.157364  11055.1  2.36281  -0.225555  1
591  0  -0.0896889  0.131144  11289.8  2.21489  1.28482  1
592  0  0.44877  0.0101833  13613.9  1.39029  0.0648943  1
593  0  0.749103  0.12504  11393.5  1.88014  -0.209704  1
594  0  0.00593321  -0.0769269  13679.2  0.974319  0.838061  1
595  0  0.629806  -0.235451  13319.5  1.63814  0.127794  1
596  0  0.184544  -0.0505914  13854.5  1.20954  0.24312  1
597  0  0.161054  -0.0808641  13851.4  1.22058  0.313945  1
598  0  0.345318  0.283972  10509.1  2.75957  0.332211  1
599  0  1.29645  1.71085  12294.8  1.87998  0.361421  1
600  0  0.22538  -0.0157192  13833.1  1.25886  0.170351  1
601  0  1.71009  -0.116034  12526.8  2.03705  0.104534  1
602  0  0.928129  -0.0688082  13057.8  1.81028  -0.15502  1
603  0  0.864399  -0.0504031  13218.8  1.71538  -0.120256  1
604  0  0.596114  0.735734  11740.9  2.2032  0.281149  1
605  0  -1.52167  -0.0229816  12418  1.93618  0.55061  1
606  0  0.795534  -0.128414  13241.4  1.68966  -0.0108847  1
607  0  -0.296196  -0.054901  12541  1.79523  0.90952  1
608  0  -0.10175  0.469747  11550  2.26492  0.751214  1
609  0  0.806069  0.539011  11791.7  2.18084  0.106417  1
610  0  0.653618  0.27335  11271.2  2.44971  -0.0737354  1
611  0  0.265797  0.430917  11008.5  2.54428  0.477573  1
612  0  0.868345  -0.525922  13004.6  1.83358  0.203036  1
613  0  1.71853  0.576003  12400.8  1.8036  0.107872  1
614  0  -0.343895  0.579168  11885.8  2.11612  0.696862  1
615  0  0.861171  0.110328  11682.4  1.75007  -0.228524  1
616  0  0.932663  -1.65399  12745.3  1.95904  0.449812  1
617  0  0.0749667  -0.0777978  13940  1.03368  0.4965  1
618  0  0.943683  -0.0125348  13048  1.69618  -0.260557  1
619  0  0.525634  -0.0418269  13536.8  1.49898  0.0725335  1
620  0  0.481625  0.324345  10900.5  2.58387  0.122724  1
621  0  0.984549  -0.0170628  12697.3  1.81654  -0.302775  1
622  0  0.161221  -0.227223  13556.6  1.39454  0.430241  1
623  0  0.653887  -0.045702  13445.1  1.56805  0.0132201  1
624  0  -1.00118  1.69292  12082.1  1.96205  0.523554  1
625  0  0.679571  -0.1216  13365.5  1.61505  0.041125  1
626  0  -0.0163714  0.382312  11273.3  2.38134  0.812138  1
627  0  -0.124437  -1.21076  12867.5  1.83781  0.493716  1
628  0  0.0774692  0.062848  8680.88  1.47938  0.767889  1
629  0  -0.37397  0.144774  12180  1.97128  0.861627  1
630  0  0.0571484  0.240392  10574.6  2.63324  0.987021  1
631  0  0.407632  0.183679  9986.05  3.01666  0.0784118  1
632  0  0.711704  0.137173  11286.1  2.05889  -0.230321  1
633  0  0.246135  -0.36463  13369.1  1.54681  0.387948  1
634  0  0.121693  0.0709579  8674.42  0.934382  0.415856  1
635  0  0.47541  0.21385  10473  2.9098  -0.00227115  1
636  0  0.725073  -0.70781  13007.8  1.81819  0.292334  1
637  0  0.795019  0.322285  11639.7  2.25323  -0.0626266  1
638  0  0.114957  0.155634  9561.18  3.11198  1.15329  1
639  0  -0.0394872  -0.302465  13241.3  1.53516  0.630492  1
640  0  0.348099  -1.04231  12946.9  1.81774  0.424673  1
641  0  0.689481  0.0174018  13457.4  1.43088  -0.0303128  1
642  0  1.2126  0.39153  12240.8  1.95355  0.00780969  1
643  0  1.40456  0.511848  12312.6  1.89057  0.0806202  1
644  0  0.737567  0.079274  11370.5  0.672654  -0.0733506  1
645  0  0.956083  0.0443229  11898.7  0.589213  -0.10827  1
646  0  0.88492  0.364855  11827.5  2.15685  -0.0359435  1
647  0  1.26737  1.10145  12225.4  1.92806  0.255132  1
648  0  0.997755  0.0270614  12005.4  0.384462  -0.16469  1
649  0  1.05992  0.0193885  12421  1.0039  -0.0810794  1
650  0  -1.59204  1.29056  12154.5  1.94526  0.515979  1
651  0  0.352935  -0.301588  13419.5  1.54135  0.296666  1
652  0  -0.660404  -0.423448  12674.5  1.84795  0.641388  1
653  0  -0.543094  -0.611324  12777.6  1.8204  0.606285  1
654  0  -0.219595  0.10237  12024.7  1.97931  1.06204  1
655  0  0.406812  -0.0948451  13584.9  1.46315  0.155506  1
656  0  -1.14536  1.19111  12127.9  1.96503  0.544937  1
657  0  0.795276  0.0114045  13376.3  1.497  -0.101796  1
658  0  -0.142279  -0.157988  13019.5  1.54321  0.865388  1
659  0  -0.58184  -1.36484  12782.1  1.8757  0.513017  1
660  0  0.845603  0.0646353  11641.6  0.658367  -0.0748892  1
661  0  0.635611  -0.321251  13252.2  1.67371  0.170833  1
662  0  0.297874  0.0898177  8781.68  0.0197007  -0.0410474  1
663  0  0.34228  0.09118  9256.59  -0.0664265  -0.0601115  1
664  0  0.429119  0.0942327  9714.35  0.00290775  -0.0694641  1
665  0  -0.361335  0.357445  11943.1  2.08375  0.795743  1
666  0  1.03081  -0.020638  12495.7  1.70496  -0.0683335  1
667  0  0.535205  0.0172545  13568  1.40106  0.0335736  1
668  0  0.460855  0.133304  9977.83  1.72598  -0.0799472  1
669  0  0.578515  0.0179541  13546.1  1.41008  0.0160546  1
670  0  0.385306  -0.138039  13566.9  1.46027  0.192146  1
671  0  0.376276  -0.043321  13648.5  1.40551  0.133712  1
672  0  0.346122  -1.37164  12866.1  1.86726  0.449768  1
673  0  1.57221  1.64506  12350.5  1.84812  0.343942  1
674  0  0.265412  0.234877  10063.9  2.97254  0.508571  1
675  0  0.649134  0.0848988  11019.2  0.444488  -0.0521915  1
676  0  0.692909  0.082643  11227.8  0.598704  -0.0873815  1
677  0  0.539277  0.0914199  10508.6  0.27574  -0.0760267  1
678  0  0.495592  0.0917308  10188.9  0.093463  -0.0396135  1
679  0  0.946715  -0.865356  12874.6  1.89828  0.305749  1
680  0  -0.552783  -0.302401  12664.7  1.83141  0.687666  1
681  0  1.10372  -0.199572  12768.1  1.96233  0.0420096  1
682  0  0.477051  -0.0320946  13578.2  1.46699  0.0886709  1
683  0  0.616183  -0.134067  13406.3  1.58487  0.0767194  1
684  0  0.107799  -0.124024  13776.8  1.23436  0.467978  1
685  0  0.499505  -0.255148  13390.5  1.5824  0.194107  1
686  0  0.758498  -0.0422254  13364.6  1.62922  -0.0494806  1
687  0  0.817302  0.134037  11604.5  2.05239  -0.232255  1
688  0  -0.433248  -0.868597  12826.5  1.82984  0.555498  1
689  0  0.102791  -0.339958  13360.6  1.51866  0.49851  1
690  0  0.209947  0.0811945  8696.45  0.178903  0.0740161  1
691  0  0.81536  -0.205257  13164.2  1.73958  0.0384754  1
692  0  0.253898  0.0852214  8685.71  -0.0110896  0.0754435  1
693  0  0.246327  -0.0441964  13782.5  1.28538  0.196076  1
694  0  0.0803608  -0.0145264  14194.1  0.851373  0.162177  1
695  0  -0.0822544  -0.0514097  12934.6  1.38795  1.20023  1
696  0  0.202567  -0.138601  13698.9  1.3318  0.330875  1
697  0  0.00754563  0.0323751  7884.49  2.05053  1.85036  1
698  0  1.24626  -0.366301  12745.9  1.98361  0.137424  1
699  0  -0.0312949  -0.121567  13447.8  1.25978  0.811318  1
700  0  -1.20448  -1.52067  12703.5  1.91587  0.508626  1
701  0  0.506191  0.501984  11372.4  2.38977  0.239811  1
702  0  -0.187512  1.72697  12044.6  1.98504  0.516642  1
703  0  -0.213096  -0.314076  12972  1.66633  0.704034  1
704  0  0.881751  0.637242  11923  2.10753  0.139448  1
705  0  0.0563608  0.0529519  8413.9  1.54636  0.841516  1
706  0  0.450911  -0.0476458  13584.4  1.45638  0.106385  1
707  0  0.382822  0.0163778  13695.6  1.28845  0.0786112  1
708  0  0.169058  -0.00661995  13917.4  1.13074  0.158341  1
709  0  1.21634  0.21619  12366.9  1.93161  -0.0677564  1
710  0  0.980661  -0.11557  12886.5  1.89092  -0.0708991  1
711  0  0.744859  0.750485  11850.8  2.14506  0.234094  1
712  0  0.987103  -0.399527  12935.5  1.87446  0.137704  1
713  0  0.329204  0.761016  11652.8  2.24385  0.425459  1
714  0  0.273551  1.33181  11993.2  2.03973  0.461639  1
715  0  0.988513  0.0928441  12028.4  1.6002  -0.264773  1
716  0  0.662578  0.0150919  13481  1.46489  -0.0260443  1
717  0  0.144233  0.0713443  8743.34  0.417248  0.207955  1
718  0  0.780218  0.070605  11482.5  0.583078  -0.107168  1
719  0  0.420948  0.42538  11099.9  2.51699  0.283622  1
720  0  0.525868  0.196871  10625.2  2.80351  -0.106277  1
721  0  0.940003  0.106193  11881.7  1.76431  -0.256868  1
722  0  0.887897  0.0552176  11741.6  0.601358  -0.12373  1
723  0  -1.12985  -0.465906  12569.4  1.90967  0.58235  1
724  0  0.451656  0.0903681  9958.23  -0.081275  -0.084288  1
725  0  0.188174  0.0770267  8561.17  0.0734236  0.0658631  1
726  0  0.80818  0.896379  11969.5  2.08194  0.261444  1
727  0  0.275942  0.0844858  8672.27  -0.299888  0.0439455  1
728  0  0.880543  0.00554976  13308.4  1.47442  -0.168091  1
729  0  1.06718  -0.715471  12850.8  1.92021  0.253576  1
730  0  -0.478247  0.947633  11991.8  2.04962  0.595324  1
731  0  0.840362  0.206105  11689.6  2.35613  -0.18716  1
732  0  0.561478  0.0866881  10629.4  0.107596  -0.0155515  1
733  0  0.343139  -0.690189  13105.6  1.7292  0.390715  1
734  0  0.536527  0.126407  10498.3  1.54821  -0.155604  1
735  0  0.513477  0.0189422  13589.4  1.33542  0.0419251  1
736  0  -0.645597  -0.0886856  12481.7  1.89108  0.713994  1
737  0  0.558981  0.354492  11171.5  2.47029  0.0818997  1
738  0  0.557448  0.613525  11580.7  2.28164  0.256433  1
739  0  0.819316  -0.33957  13101  1.77375  0.122422  1
740  0  -1.13026  0.4606  12261  1.96226  0.59734  1
741  0  0.773244  0.0155729  13415.9  1.4055  -0.0776895  1
742  0  0.71489  0.0760709  11293.8  0.46059  -0.0932399  1
743  0  0.936574  0.304397  11905.7  2.13853  -0.0886528  1
744  0  0.720884  0.363537  11528.6  2.29667  -0.00278833  1
745  0  0.995661  -0.200338  12907.2  1.88625  0.00975133  1
746  0  0.822559  0.0636466  11596.7  0.549914  -0.0571574  1
747  0  0.922923  -0.00220764  13169.9  1.5619  -0.229504  1
748  0  0.931703  0.0439605  11846.1  0.484697  -0.0722047  1
749  0  -0.788702  -1.21376  12746.4  1.88529  0.529553  1
750  0  0.592141  -0.0310685  13502.8  1.53582  0.036356  1
751  0  0.712052  -0.161564  13306.4  1.64931  0.0494991  1
752  0  0.57559  0.146294  10722.4  2.12873  -0.195136  1
753  0  0.332467  -0.136596  13605.6  1.42459  0.221922  1
754  0  0.276992  -0.0706705  13723.4  1.3533  0.205253  1
755  0  0.723678  0.222356  11391  2.47984  -0.15863  1
756  0  0.48076  -0.158303  13485.1  1.52051  0.151477  1
757  0  0.57323  -0.930631  12962.4  1.82605  0.369512  1
758  0  0.715141  -0.0554488  13387.2  1.60497  -0.0160868  1
759  0  0.287725  0.519974  11266.9  2.42624  0.44783  1
760  0  -1.62477  1.64808  12124.8  1.94201  0.504884  1
761  0  -0.490885  0.335481  12089.3  2.0267  0.75188  1
762  0  1.08403  0.0758227  12358.6  1.358  -0.204981  1
763  0  -0.150153  -0.804979  12948.6  1.77589  0.52924  1
764  0  -0.023232  -0.001455  11312.9  0.916025  2.14016  1
765  0  -0.604671  -1.69553  12773.9  1.89873  0.499004  1
766  0  -0.243868  1.08569  11950.2  2.06228  0.557056  1
767  0  0.360683  -0.24124  13481.7  1.50291  0.265444  1
768  0  1.33334  -1.67252  12643.3  2.00746  0.446064  1
769  0  0.413312  -0.365297  13337  1.59694  0.285676  1
770  0  0.0739033  0.316159  10853.6  2.56122  0.825234  1
771  0  0.129513  0.1214  9055.55  2.99695  1.10275  1
772  0  0.0391833  0.835829  11753.5  2.18427  0.546391  1
773  0  0.3393  0.11645  9301.84  1.15608  0.0486001  1
774  0  1.00334  -0.0799101  12763.1  1.96333  -0.117494  1
775  0  0.576934  -0.00640448  13529.3  1.55113  0.0281573  1
776  0  0.65249  0.110321  11042.3  1.34332  -0.183234  1
777  0  -0.0712917  0.288957  11303.2  2.33224  0.956974  1
778  0  -0.870982  -0.36943  12584  1.88791  0.625985  1
779  0  0.0132388  -0.0197197  13773.7  -0.0781941  0.79227  1
780  0  0.102424  -0.0131632  14117.2  0.922158  0.170684  1
781  0  -0.0297185  0.2315  11002.6  2.4365  1.06655  1
782  0  0.425326  0.355355  10904.1  2.59904  0.232402  1
783  0  0.307836  -0.0303721  13722.1  1.33221  0.152045  1
784  0  0.175181  1.7659  12076.5  1.97282  0.495181  1
785  0  0.571048  1.39159  12067.6  2.00474  0.412149  1
786  0  0.320791  0.239975  10144.9  2.94307  0.342163  1
787  0  1.74428  1.42349  12389.8  1.81341  0.31055  1
788  0  -0.0370008  -1.05405  12915.7  1.8126  0.489499  1
789  0  0.170983  -0.177678  13648.7  1.34032  0.391759  1
790  0  0.818138  -0.0576164  13274.2  1.67577  -0.0802069  1
791  0  0.404709  0.00955495  13650.9  1.36042  0.0765934  1
792  0  0.493117  0.0174839  13602.3  1.35743  0.0522851  1
793  0  0.0391286  -0.101193  13757.6  1.1219  0.663833  1
794  0  -0.0675792  0.0856081  11327.1  2.12832  1.52367  1
795  0  0.891017  -0.0412226  13162.5  1.76407  -0.169511  1
796  0  1.31128  -1.00755  12715  1.99534  0.326864  1
797  0  -1.16531  0.246907  12326.2  1.95137  0.60229  1
798  0  0.129599  -0.0665812  13931.6  1.13373  0.329735  1
799  0  0.56187  -0.138149  13441.8  1.55801  0.104623  1
800  0  1.72437  -0.398613  12551  2.12873  0.184419  1
801  0  0.220732  -0.554199  13186.3  1.66483  0.421831  1
802  0  0.0345269  -1.42438  12850.7  1.86173  0.476878  1
803  0  0.0191475  1.21171  11944.9  2.06314  0.511137  1
804  0  0.568778  -0.511018  13174.2  1.71631  0.271157  1
805  0  0.408867  -0.177373  13513.6  1.49021  0.202167  1
806  0  0.481664  0.835295  11765.8  2.18853  0.359206  1
807  0  0.966254  -0.00857784  12916.8  1.66641  -0.29145  1
808  0  0.483924  -0.1035  13520.7  1.50856  0.125468  1
809  0  1.6065  0.106349  12469.5  1.80331  0.0333788  1
810  0  0.428557  -0.0277663  13618  1.43513  0.104446  1
811  0  -1.688  0.927089  12208.3  1.94194  0.516891  1
812  0  0.080597  -0.154979  13663.8  1.28498  0.548354  1
813  0  0.0866018  -0.218466  13527.5  1.37592  0.527269  1
814  0  0.266405  -0.105522  13695.7  1.36718  0.242162  1
815  0  0.0343348  -0.023234  14327.4  0.438611  0.539074  1
816  0  0.390149  -0.461202  13262.8  1.63854  0.326715  1
817  0  -0.0880978  0.599465  11652.8  2.22907  0.66556  1
818  0  0.017775  0.0925638  9647.5  2.83132  1.7105  1
819  0  0.600286  0.0231445  13530.1  1.32377  0.00693668  1
820  0  1.05892  0.38128  12082.3  2.02368  -0.0199451  1
821  0  -1.73135  0.256813  12349.1  1.94257  0.525783  1
822  0  0.288068  0.351774  10724.6  2.6677  0.455396  1
823  0  0.677033  0.231052  11264.2  2.5236  -0.132559  1
824  0  0.537716  -0.0100081  13551.8  1.52324  0.0490871  1
825  0  -0.205315  -0.0816201  12704.9  1.67637  0.967882  1
826  0  0.416388  0.149302  9796.62  2.27742  -0.00401427  1
827  0  0.620629  0.0215238  13530.4  1.36181  -0.00247419  1
828  0  0.385437  0.0887208  9610.25  -0.208302  0.00411874  1
829  0  1.32899  0.103164  12481  1.71079  -0.0259687  1
830  0  0.127588  0.494775  11272.9  2.41054  0.608651  1
831  0  0.614119  0.246516  11112  2.57538  -0.0991175  1
832  0  0.12274  -0.00951069  14043.4  1.00537  0.152237  1
833  0  -0.348723  -0.518183  12873.2  1.7601  0.621475  1
834  0  -0.102625  0.781337  11770.1  2.17066  0.599842  1
835  0  0.6061  0.084104  10839.3  0.2074  -0.0690794  1
836  0  0.0266306  -0.473663  13178.1  1.62096  0.528964  1
837  0  0.641132  0.0237035  13527.7  1.32861  -0.0160471  1
838  0  0.145378  0.351715  10833  2.59882  0.686759  1
839  0  0.471096  0.0192991  13596.8  1.32232  0.0552175  1
840  0  -0.587928  0.4891  12081.3  2.03053  0.691151  1
841  0  0.921594  -0.230183  13017  1.8245  0.0351956  1
842  0  0.160947  0.11627  8821.65  2.50624  0.816002  1
843  0  0.426401  0.0169397  13646.6  1.31995  0.0642109  1
844  0  0.255692  0.135696  8957.36  2.51557  0.437642  1
845  0  0.338287  0.0114517  13724.5  1.30004  0.0983273  1
846  0  0.760385  -0.590799  13039.8  1.80537  0.249952  1
847  0  0.691077  -0.419206  13161.8  1.73093  0.196142  1
848  0  1.48206  -0.815272  12659.7  2.03682  0.280001  1
849  0  1.48251  -0.480631  12648.7  2.05089  0.185887  1
850  0  0.197269  0.131848  8922.25  2.74373  0.718881  1
851  0  -0.670418  1.11271  12051.1  2.00864  0.571159  1
852  0  -0.897864  1.06494  12100.2  1.98645  0.567119  1
853  0  0.541038  0.291576  10989.7  2.55785  0.0256537  1
854  0  0.299328  0.118009  8921.4  1.49748  0.133469  1
855  0  0.364845  0.0856431  9477.43  -0.305217  -0.0900763  1
856  0  0.11571  0.0967246  8809.66  2.4216  0.971032  1
857  0  0.665813  1.7339  12161.1  1.94547  0.425121  1
858  0  -1.03487  -0.756195  12651  1.90071  0.565136  1
859  0  0.97019  1.74846  12225.1  1.91306  0.389894  1
860  0  -0.594208  1.32872  12042.2  2.0013  0.550708  1
861  0  0.0548468  0.111327  9551.3  3.04273  1.53141  1
862  0  0.0743667  0.147042  9785.23  2.93553  1.27097  1
863  0  0.536494  -1.69742  12805.3  1.92294  0.464772  1
864  0  0.563368  -0.227005  13375  1.59974  0.152089  1
865  0  0.406269  0.0864643  9644.25  -0.347869  0.0376906  1
866  0  0.836757  0.0134546  13370.8  1.42252  -0.122832  1
867  0  0.344279  -0.0690059  13656.5  1.41016  0.165636  1
868  0  -0.499545  0.612893  12002.3  2.0624  0.670849  1
869  0  0.0587374  -0.0162028  14270.7  0.718926  0.249903  1
870  0  -1.01473  -1.75821  12730.3  1.91478  0.499365  1
871  0  0.0262808  -0.615996  13092.9  1.68512  0.513238  1
872  0  0.626177  0.080378  10938.7  0.171301  -0.0381838  1
873  0  1.01256  0.298398  12030.2  2.08875  -0.0894374  1
874  0  0.583131  0.0840871  10710.8  0.16286  -0.0414342  1
875  0  1.33222  -0.125059  12641.7  2.02071  0.0904713  1
876  0  -0.389427  -0.0563618  12497.2  1.83874  0.838698  1
877  0  0.904199  1.19568  12106.5  1.99564  0.315355  1
878  0  0.362834  0.0117686  13693.3  1.3173  0.0937326  1
879  0  0.0736007  0.0902048  9019.29  2.74445  1.33074  1
880  0  0.273467  0.00628026  13779.7  1.25257  0.120925  1
881  0  0.22156  0.221049  9969.67  2.99799  0.667139  1
882  0  -0.849635  -0.142548  12490.8  1.90294  0.654278  1
883  0  0.209461  0.00127651  13866.5  1.16931  0.140533  1
884  0  0.298467  0.00822427  13748.1  1.27511  0.119027  1
885  0  -0.053198  -1.67201  12819.9  1.89198  0.486399  1
886  0  0.248406  0.10877  8710.51  1.31309  0.278328  1
887  0  -0.824293  0.731595  12128.2  2.00048  0.614314  1
888  0  0.210918  0.105488  8727.27  1.50926  0.390516  1
889  0  0.751801  0.0195177  13440.3  1.41034  -0.065528  1
890  0  0.188692  0.902375  11776.2  2.17641  0.487893  1
891  0  0.266427  -0.852716  13021.4  1.7723  0.428575  1
892  0  -1.69817  -1.27519  12653.2  1.93423  0.504831  1
893  0  0.728828  0.0194033  13456.8  1.39588  -0.0532563  1
894  0  1.13005  -0.426354  12822.4  1.94019  0.151298  1
895  0  0.356596  0.139255  9474.55  2.04529  0.0732141  1
896  0  1.03937  0.127312  12189.6  1.87833  -0.254315  1
897  0  0.777648  0.147665  11496.7  2.21242  -0.236667  1
898  0  0.876161  0.455886  11842.2  2.15661  0.038399  1
899  0  0.318183  0.0134314  13749  1.2422  0.104408  1
900  0  -0.0045307  0.0142024  7851.49  1.37444  2.27877  1
901  0  -0.751693  0.509424  12149.5  2.00221  0.655009  1
902  0  1.08069  -0.032025  12571.6  1.72143  -0.0149923  1
903  0  0.693572  0.110264  11221.6  1.47422  -0.210082  1
904  0  0.0601884  -0.0550861  14066.5  0.803133  0.461339  1
905  0  -0.357188  -1.16047  12832.4  1.84706  0.51793  1
906  0  0.219288  -0.067845  13790.9  1.28783  0.240375  1
907  0  0.711834  -0.0899188  13362.8  1.61858  0.00776139  1
908  0  0.379865  0.250025  10308.9  2.86127  0.223589  1
909  0  0.151106  0.183944  9771.72  3.05032  0.942368  1
910  0  0.640445  -0.0189359  13475.9  1.57123  0.00608693  1
911  0  0.0508364  -0.289726  13373.1  1.47534  0.558626  1
912  0  -0.16498  -0.0184822  12471.9  1.70478  1.14095  1
913  0  0.0426535  -0.141244  13643.1  1.26203  0.643776  1
914  0  -0.164192  0.0473648  12074.4  1.87161  1.20229  1
915  0  0.508006  1.02492  11902.2  2.11128  0.381226  1
916  0  -1.65414  -0.312611  12488  1.93317  0.529828  1
917  0  1.73997  -0.91754  12556.9  2.09904  0.315921  1
918  0  0.887374  0.191124  11796.8  2.28333  -0.203207  1
919  0  0.942007  -0.0440304  13011.4  1.85755  -0.210532  1
920  0  0.997781  0.876038  12073.4  2.0263  0.220847  1
921  0  1.07647  1.05147  12145.2  1.98099  0.260378  1
922  0  0.584941  0.438239  11374.8  2.39494  0.137499  1
923  0  -0.0237454  -0.893456  12958.9  1.78284  0.49588  1
924  0  0.634807  0.127522  11014.7  1.81775  -0.210638  1
925  0  -1.21639  -1.00423  12658.6  1.91493  0.537397  1
926  0  0.252818  0.00848739  13818.3  1.18409  0.121293  1
927  0  0.770077  -0.103099  13289.4  1.66223  -0.0157983  1
928  0  -0.430167  -0.275895  12724.1  1.79047  0.719738  1
929  0  0.976241  0.030337  11927.1  0.334924  -0.11049  1
930  0  0.758329  0.0696651  11433.4  0.438863  -0.085121  1
931  0  1.79017  0.270701  12451.5  1.82149  0.0429211  1
932  0  0.362065  0.61707  11471  2.33393  0.391849  1
933  0  0.225285  0.149291  9149.18  3.05946  0.645402  1
934  0  0.709187  0.022364  13472.8  1.33091  -0.0381523  1
935  0  0.453156  0.261035  10619.2  2.72948  0.0888829  1
936  0  0.100924  0.0606528  8686.73  0.717718  0.392984  1
937  0  -0.52357  -0.17099  12590.4  1.84349  0.731411  1
938  0  -0.0327182  0.0698217  10586.1  2.27397  1.84127  1
939  0  -1.06539  -1.24912  12705  1.90603  0.525087  1
940  0  0.888592  0.132664  11764.1  2.04432  -0.246196  1
941  0  -0.7509  0.0133999  12403.6  1.92072  0.691133  1
942  0  0.9356  -0.464254  12972.4  1.8575  0.171108  1
943  0  0.264747  -0.214669  13549  1.43733  0.318758  1
944  0  -1.0459  -0.0564391  12437.9  1.92298  0.620034  1
945  0  0.8554  -0.0248991  13270.4  1.71522  -0.14552  1
946  0  0.0129454  0.221278  10745.6  2.54265  1.08405  1
947  0  0.866694  0.0536097  11681.3  0.406513  -0.0806989  1
948  0  0.859821  0.0113332  13335  1.45846  -0.145273  1
949  0  0.141742  -0.643527  13107.2  1.70201  0.468959  1
950  0  0.449292  -0.719381  13081.8  1.75346  0.360297  1
951  0  0.827428  -0.797139  12944.9  1.85479  0.302419  1
952  0  0.906488  -0.3244  13019.2  1.82353  0.0998588  1
953  0  -0.207661  0.534101  11739.5  2.18327  0.7205  1
954  0  0.171323  -0.0281652  13905.7  1.15102  0.207149  1
955  0  0.687726  -0.00636769  13452.6  1.61579  -0.0267128  1
956  0  0.585914  0.124061  10750.7  1.60684  -0.188264  1
957  0  0.291159  -0.308999  13429.2  1.52361  0.340297  1
958  0  0.513597  0.148062  10431.7  2.31179  -0.153929  1
959  0  -0.576263  0.768751  12036  2.04197  0.628037  1
960  0  -0.291759  0.124885  12112.4  1.97956  0.946875  1
961  0  0.927935  -1.36063  12782.6  1.93867  0.406562  1
962  0  0.749367  -0.0186849  13398.6  1.63259  -0.0584854  1
963  0  0.363098  -0.0243102  13672.5  1.37431  0.124637  1
964  0  0.787561  -0.421507  13090.9  1.77735  0.173369  1
965  0  0.555778  -0.359341  13276.9  1.64896  0.216715  1
966  0  1.45394  0.968531  12292.2  1.8904  0.2108  1
967  0  0.74198  0.100263  11378.7  1.34904  -0.182079  1
968  0  0.817334  0.0174396  13378.5  1.35442  -0.106268  1
969  0  1.74044  -1.30487  12545.6  2.08967  0.390486  1
970  0  0.801149  -0.0114939  13353.6  1.67418  -0.0995396  1
971  0  0.87316  -1.02522  12867.4  1.89524  0.348766  1
972  0  -0.713997  -0.971722  12753.1  1.86756  0.551081  1
973  0  0.614463  -0.0617049  13463.7  1.54912  0.0404554  1
974  0  0.3875  -0.072224  13623.4  1.43926  0.150818  1
975  0  0.00930025  -0.164133  13499  1.33866  0.692711  1
976  0  -1.38765  -1.762  12698.3  1.92671  0.497804  1
977  0  0.700554  -1.04632  12903.6  1.86653  0.370433  1
978  0  0.866791  -0.0987614  13164.7  1.73395  -0.075343  1
979  0  0.808336  -0.0963049  13250.5  1.68661  -0.0420321  1
980  0  -0.235237  0.346805  11759  2.15847  0.838162  1
981  0  -1.51923  0.762438  12228.5  1.94655  0.537364  1
982  0  -0.0383918  -0.239373  13277.7  1.48222  0.691956  1
983  0  -0.0496737  -0.415389  13155.8  1.61216  0.586434  1
984  0  -0.318059  0.205051  12023.6  2.02971  0.893211  1
985  0  -0.272583  0.0457553  12283.1  1.89272  0.977413  1
986  0  0.606091  0.173629  10920.9  2.56081  -0.198122  1
987  0  -0.770299  1.51497  12066.7  1.97842  0.537627  1
988  0  0.135028  -0.0980425  13840.2  1.21327  0.381986  1
989  0  -0.145604  0.224928  11547.7  2.207  1.01732  1
990  0  1.44065  -1.32852  12643.8  2.03236  0.390278  1
991  0  0.797595  -0.162477  13214.9  1.70718  0.0148176  1
992  0  0.320293  0.0844939  9061.01  -0.392566  -0.0869161  1
993  0  0.380128  0.163321  9701.16  2.7696  0.110286  1
994  0  1.65616  0.817357  12366.1  1.8348  0.18065  1
995  0  0.850497  0.0861436  11667.8  1.28482  -0.196969  1
996  0  0.679985  0.323087  11366  2.3662  -0.0290537  1
997  0  1.75647  -1.75647  12535.7  2.03206  0.45838  1
998  0  -1.09758  0.678421  12193.3  1.97012  0.586522  1
999  0  -0.209687  -0.225839  12949.3  1.64146  0.778064  1
1000  0  -0.0841898  -0.102651  13164.9  1.35745  0.945237  1
1001  0  0.231593  0.00581289  13834.2  1.19035  0.134348  1
1002  0  -1.73003  -1.76685  12680.3  1.93436  0.494776  1
1003  0  0.451481  0.110407  9912.57  0.769124  -0.0885657  1
1004  0  0.514061  -0.0844183  13513.9  1.51733  0.0989269  1
1005  0  0.50098  -0.0291149  13565.9  1.48221  0.0769527  1
1006  0  0.963255  0.18114  11972.8  2.19389  -0.214516  1
1007  0  0.790865  0.0890425  11519.1  1.17165  -0.170921  1
1008  0  -0.837056  -0.809001  12704.1  1.87974  0.568709  1
1009  0  -0.817738  0.377373  12225.1  1.9791  0.659065  1
1010  0  0.544651  -0.106201  13481.3  1.54007  0.0951891  1
1011  0  -1.03748  1.42366  12095.7  1.96733  0.53642  1
1012  0  0.107278  0.25289  10447.9  2.71895  0.868344  1
1013  0  0.670473  0.0777005  11109.6  0.26197  -0.0827209  1
1014  0  -0.485368  0.208453  12186.5  1.98339  0.791416  1
1015  0  0.556781  0.0233122  13568.3  1.31711  0.0210346  1
1016  0  -0.675767  1.76757  12058.9  1.97159  0.527567  1
1017  0  1.1721  -0.599115  12800.7  1.95349  0.211649  1
1018  0  0.288836  -0.132431  13644.8  1.39171  0.247179  1
1019  0  -0.0455946  0.0114651  11892.7  1.57196  1.88612  1
1020  0  0.188328  0.00151563  13901.7  1.11733  0.139721  1
1021  0  0.618775  -0.0125997  13498.3  1.56409  0.0139989  1
1022  0  0.229546  -0.103971  13731.7  1.33364  0.27235  1
1023  0  -0.00931803  -0.0530334  13514.1  0.905571  0.971005  1
1024  0  0.896835  -0.163411  13069.7  1.79555  -0.0204048  1
1025  0  -1.37044  1.77342  12105  1.94887  0.509744  1
1026  0  0.482843  0.149036  10189.4  2.29036  -0.12789  1
1027  0  0.965599  0.43884  11959.5  2.09365  0.0130149  1
1028  0  1.29283  0.719793  12230.7  1.92993  0.142057  1
1029  0  -0.124247  -0.472123  13052.9  1.66763  0.594956  1
1030  0  1.05847  -0.251925  12850.3  1.92077  0.0568434  1
1031  0  0.0337956  -0.047941  14022.7  0.687126  0.646409  1
1032  0  -1.40649  -0.497398  12545.7  1.92533  0.55187  1
1033  0  -0.296372  0.454021  11836.9  2.13378  0.7622  1
1034  0  1.29213  -0.253955  12679.9  2.0202  0.107341  1
1035  0  0.690048  -0.206169  13293.9  1.65778  0.0859742  1
1036  0  0.315361  -0.209149  13536.5  1.45758  0.279608  1
1037  0  -0.276081  1.5046  12020.8  2.00696  0.526786  1
1038  0  0.473306  0.0854298  10085.5  -0.209613  -0.0155578  1
1039  0  0.517185  0.0843261  10350.4  -0.120442  -0.0561694  1
1040  0  0.0902172  -0.10135  13863.2  1.15701  0.490989  1
1041  0  1.3831  -0.63502  12701.4  2.0155  0.226155  1
1042  0  1.12607  -0.886184  12802.3  1.94649  0.298873  1
1043  0  0.301005  -0.455495  13278.2  1.61332  0.374244  1
1044  0  0.315737  0.162565  9366.42  2.95987  0.294924  1
1045  0  1.3602  -0.369958  12686.8  2.02049  0.148789  1
1046  0  0.962588  0.0707869  11930.2  1.25342  -0.229149  1
1047  0  -0.304578  -0.252509  12822.5  1.72474  0.754798  1
1048  0  1.1182  1.50764  12228.1  1.91608  0.346237  1
1049  0  -0.268547  -1.77031  12802  1.90306  0.493019  1
1050  0  0.162032  -0.403103  13311.6  1.56312  0.450701  1
1051  0  0.664522  -0.506594  13128.2  1.75066  0.241424  1
1052  0  -0.429302  0.0275048  12360.3  1.90444  0.827854  1
1053  0  0.408335  0.127941  9654.46  1.57258  -0.0208159  1
1054  0  -0.081616  -0.197734  13209.3  1.48456  0.770608  1
1055  0  0.158746  -0.281364  13457.5  1.46853  0.447776  1
1056  0  -1.02857  0.144427  12358.2  1.94283  0.6289  1
1057  0  1.00384  -0.0210637  12589  1.96009  -0.229836  1
1058  0  1.45894  0.160048  12402.9  1.80342  0.0102718  1
1059  0  1.15193  -0.0416705  12544.5  1.71046  0.0257808  1
1060  0  -1.21618  -0.176647  12472.2  1.92291  0.586827  1
1061  0  0.599502  0.209517  10975.6  2.69554  -0.142193  1
1062  0  1.15298  -0.277894  12769  1.96635  0.091983  1
1063  0  0.3456  0.427122  11041.6  2.54003  0.383553  1
1064  0  1.02297  0.0136499  12199.2  0.664733  -0.125899  1
1065  0  -0.153638  0.105665  11783.8  2.0418  1.19137  1
1066  0  0.152009  0.420868  11048.3  2.51084  0.626714  1
1067  0  -0.291336  -0.792348  12898  1.79292  0.553634  1
1068  0  0.196773  0.542038  11323.6  2.39247  0.530557  1
1069  0  0.55954  -0.051845  13505.4  1.52067  0.0619437  1
1070  0  0.799716  0.659789  11845.4  2.14773  0.173693  1
1071  0  0.121184  -0.803836  13027.5  1.75665  0.466389  1
1072  0  -0.369915  1.32642  12008.3  2.02011  0.545307  1
1073  0  0.407217  -0.223187  13479.2  1.51213  0.227304  1
1074  0  0.456015  0.585796  11467.6  2.33732  0.312929  1
1075  0  0.404675  -0.0213232  13635.3  1.42562  0.105118  1
1076  0  0.100556  -0.0602987  14015.4  1.02105  0.362077  1
1077  0  0.672385  -0.818589  12981  1.82593  0.327443  1
1078  0  1.8137  1.8  12408.5  1.81839  0.362166  1
1079  0  0.727341  1.03567  11988.2  2.06486  0.31983  1
1080  0  1.03729  -0.105371  12764  1.95766  -0.0482411  1
1081  0  1.08244  -0.145799  12740.5  1.96419  0.000521414  1
1082  0  1.05274  -0.189753  12827.9  1.93138  0.0157194  1
1083  0  0.760663  -0.145781  13267.2  1.67333  0.017814  1
