16  462  800
466  638  862
343  509  794
351  473  970
290  533  1069
436  551  915
365  499  998
371  532  1048
515  605  1060
290  513  1069
365  498  998
301  487  597
403  694  869
439  625  907
295  428  867
377  490  816
397  588  822
279  440  607
365  650  656
452  466  1012
360  574  722
452  466  909
335  512  590
314  423  548
328  526  586
80  81  545
300  526  586
362  605  1060
45  599  673
325  520  602
300  466  862
284  777  989
445  569  871
481  642  643
287  710  745
360  401  574
511  777  989
285  510  559
432  610  996
304  480  623
352  648  1064
382  474  975
350  486  796
15  16  800
548  730  766
349  640  757
493  600  883
282  642  709
323  543  631
289  525  808
361  515  605
356  400  1007
325  429  538
274  539  552
270  772  890
299  531  537
387  602  795
273  529  580
284  540  591
297  594  699
380  535  1052
273  529  704
351  556  970
448  650  656
427  488  697
92  575  779
332  441  523
386  537  637
336  449  518
320  492  653
454  600  693
412  707  878
290  533  973
395  741  889
309  421  601
324  565  720
397  598  822
315  520  579
410  732  874
335  512  632
306  509  695
89  90  549
313  525  706
289  756  808
486  541  961
314  423  614
420  509  695
426  500  753
268  490  816
375  530  703
361  498  581
446  557  925
358  476  552
320  652  653
411  585  795
388  668  826
321  653  688
343  509  1019
403  547  869
376  701  922
336  449  783
380  535  1014
322  569  871
334  444  524
297  699  975
286  537  637
292  479  853
588  674  881
315  520  602
339  530  639
326  551  915
391  467  978
44  45  599
500  753  1018
360  482  722
336  583  783
395  554  889
387  585  795
406  500  528
280  432  996
439  625  751
304  480  625
377  490  804
285  510  1035
316  490  567
391  467  979
348  686  758
368  511  562
407  658  1000
371  599  1048
403  502  780
310  525  706
353  616  863
290  480  973
328  526  591
375  497  703
427  488  938
351  603  790
281  451  598
393  504  792
342  557  925
358  539  552
429  538  621
396  573  854
293  543  631
345  420  575
410  734  752
369  510  559
288  622  813
488  697  900
323  543  635
286  731  918
300  466  630
580  642  820
442  511  777
274  447  626
357  455  577
337  454  521
298  484  573
562  665  980
351  473  576
373  493  600
520  579  1024
368  540  989
375  497  833
361  498  740
318  364  1081
292  479  720
412  518  878
314  548  730
382  639  911
283  452  1012
392  841  952
411  728  948
446  557  570
420  509  1019
395  556  686
54  55  566
403  694  780
21  616  863
380  527  1052
348  460  554
274  608  626
422  594  1031
393  504  1005
345  594  699
306  658  1000
442  608  626
307  572  1056
49  50  574
342  544  892
410  524  874
410  677  734
392  559  739
318  364  1059
301  487  696
274  539  817
382  489  975
384  568  623
491  588  822
270  551  890
372  504  592
380  536  1014
373  600  693
367  502  578
324  720  958
620  737  853
287  520  710
393  735  792
372  505  592
350  486  961
313  525  655
352  649  1064
4  36  760
417  659  905
22  23  483
392  739  952
301  596  597
457  607  985
91  697  900
98  99  578
392  559  691
534  768  997
284  526  591
377  464  965
333  573  854
283  452  588
356  400  687
417  659  765
4  37  760
473  576  866
296  509  794
281  598  822
375  569  833
405  470  714
295  428  753
419  499  887
309  421  875
367  597  798
83  84  571
371  647  966
478  572  1056
463  966  1028
325  520  710
353  469  541
295  583  867
305  556  686
368  511  989
445  569  1029
436  551  890
385  761  840
315  602  795
406  553  622
531  537  731
469  640  757
355  712  894
290  683  799
546  635  720
344  617  793
508  677  734
374  584  685
387  618  747
387  618  919
304  568  623
385  536  761
293  484  587
546  720  958
630  770  1012
412  707  791
375  569  1029
342  544  700
366  522  595
318  681  1081
409  577  744
280  577  744
112  113  592
348  460  568
397  588  674
298  484  674
489  699  975
432  479  853
286  450  918
523  664  865
279  607  876
285  559  691
345  420  695
437  733  891
339  530  703
317  378  1059
350  796  990
269  478  1009
416  614  868
417  627  905
352  649  762
455  701  738
387  585  747
401  721  1046
407  658  1054
325  429  919
287  520  1024
429  618  919
301  596  906
282  471  561
452  560  881
377  769  816
279  440  1047
288  487  684
337  693  754
406  553  943
369  661  847
450  743  873
280  432  737
411  576  948
485  723  1060
340  442  608
383  443  612
408  730  766
450  561  873
430  514  827
298  560  881
404  517  877
294  512  590
359  506  1050
380  536  572
333  587  895
32  605  916
371  563  966
342  557  892
349  733  891
133  134  585
19  768  997
14  601  809
452  560  909
736  882  941
300  526  946
388  523  664
276  584  685
359  582  1050
424  710  745
303  561  896
389  626  770
442  511  980
409  577  609
335  590  924
399  632  903
323  668  826
267  612  964
367  596  597
359  836  871
326  714  785
15  601  800
35  36  650
311  560  909
293  631  993
344  594  1031
423  548  834
372  504  682
316  490  804
331  481  643
277  639  911
31  32  916
418  652  680
305  558  686
377  584  965
377  584  769
412  791  1075
30  557  570
392  564  691
337  454  693
384  514  716
296  591  1065
290  480  683
28  544  892
496  689  1055
331  613  643
449  518  845
297  594  793
360  401  721
665  980  1033
357  577  609
340  442  980
391  564  1024
415  529  920
504  682  1005
310  525  808
400  566  1007
558  686  758
469  640  672
477  756  808
122  123  716
510  595  661
467  603  790
418  497  833
373  493  596
370  508  734
597  798  988
283  588  838
80  545  692
349  733  950
480  623  973
81  545  690
412  671  1075
504  592  839
441  523  828
308  640  672
29  30  557
641  716  955
370  507  668
358  476  713
279  527  876
417  765  1049
361  740  797
36  650  760
464  661  847
343  488  938
496  622  813
414  769  816
292  635  720
327  613  643
415  529  704
316  567  636
505  592  843
294  823  831
382  813  911
390  736  882
479  565  720
337  583  783
90  91  697
23  483  885
505  791  1075
452  588  881
335  632  903
409  609  898
418  653  833
403  502  1076
481  642  709
317  494  829
443  712  894
404  517  785
306  509  912
303  561  1006
299  512  632
40  472  702
444  524  835
492  653  688
422  779  815
416  761  840
322  569  763
268  733  801
502  578  832
320  492  1008
389  626  777
449  521  884
391  579  1024
393  619  824
407  489  699
273  580  1027
371  532  647
366  522  683
492  688  972
701  738  1074
391  564  691
289  525  655
324  734  752
463  647  966
135  136  618
327  966  1028
382  474  813
457  825  912
540  591  1065
394  571  842
454  521  880
282  642  820
369  559  739
399  593  632
369  739  964
11  12  563
315  603  978
330  623  973
369  510  661
368  540  654
435  820  1027
381  806  915
376  737  922
370  507  678
370  508  678
47  48  645
389  630  770
398  571  842
341  629  1052
465  925  939
299  537  755
393  667  735
289  589  756
269  478  740
275  562  665
611  759  1063
346  553  633
371  599  673
321  653  833
460  554  893
385  536  572
20  21  616
14  809  931
410  677  732
455  701  922
458  846  1051
405  702  784
286  537  731
440  999  1047
90  549  697
293  786  908
519  841  952
277  582  689
277  639  983
354  491  611
268  490  733
333  773  895
376  620  737
270  766  803
335  776  924
281  451  782
323  546  635
123  641  716
316  846  1051
383  443  729
275  629  1014
330  750  973
467  603  978
341  607  985
413  477  799
405  470  784
276  595  661
402  580  642
313  671  1075
291  659  905
437  733  801
369  847  964
356  687  897
422  575  779
42  470  857
389  630  946
324  565  752
419  499  852
352  715  896
379  628  705
438  617  793
288  487  789
409  637  646
338  619  824
353  469  672
431  759  1063
310  682  706
314  614  868
381  604  711
339  658  1054
404  785  857
313  706  810
404  532  877
71  72  664
278  553  943
480  625  683
445  836  871
539  817  834
311  638  909
340  980  1033
12  563  994
334  590  924
22  483  863
402  642  643
457  607  825
28  544  1002
459  693  754
286  637  646
311  842  850
358  713  890
326  517  915
30  31  570
38  39  624
423  817  834
285  751  1035
284  540  989
426  500  1036
500  528  1018
425  688  905
40  472  1016
291  688  972
274  447  830
522  683  799
270  548  834
304  568  758
299  531  897
458  612  964
14  15  601
353  672  863
85  86  634
362  723  1060
396  692  727
390  652  680
311  560  850
286  450  743
356  468  593
292  620  935
0  46  648
413  477  756
273  609  898
456  917  969
377  464  804
394  690  725
371  563  787
484  587  1044
89  549  705
289  589  805
373  596  906
402  529  1028
413  522  799
87  88  628
0  137  621
357  455  738
273  609  704
304  625  907
413  589  685
57  58  644
271  877  921
703  999  1047
19  20  768
447  626  770
123  124  641
395  657  741
34  581  811
20  616  768
470  714  785
42  470  784
586  861  862
379  549  818
357  604  738
357  604  711
430  514  1021
426  805  1073
270  772  834
427  549  818
33  34  581
315  579  978
355  894  1062
396  573  844
395  554  962
302  531  731
365  499  656
402  529  580
38  624  1025
367  502  798
470  785  857
346  689  1055
454  600  1001
446  570  1032
52  53  660
344  594  793
436  806  915
432  479  831
280  577  922
389  781  946
418  652  653
415  704  1070
400  615  687
321  569  833
293  543  908
278  553  957
312  798  988
293  484  786
496  813  911
372  505  810
332  441  895
396  662  727
299  512  755
483  672  863
392  564  841
454  926  1001
95  96  694
394  842  850
384  716  955
406  528  696
381  604  806
358  772  890
331  613  931
414  633  1043
491  588  838
17  917  969
402  643  1028
317  709  829
274  552  830
332  523  1053
99  578  708
532  877  921
128  129  657
517  915  1079
289  655  670
673  787  1078
390  680  937
671  867  974
448  624  1025
406  500  943
359  582  836
399  676  742
308  672  802
98  578  832
337  583  754
75  76  663
379  818  861
271  877  1079
77  78  662
350  616  768
309  601  800
376  701  719
380  527  736
291  659  749
390  736  937
428  655  670
288  812  813
581  811  981
0  666  1057
298  573  844
291  688  905
18  534  969
326  551  714
415  726  920
334  444  924
530  639  983
276  595  864
303  715  896
28  29  892
422  815  1031
353  541  961
92  575  764
61  62  675
533  750  973
430  819  827
469  541  977
272  604  738
715  721  1046
288  684  812
116  117  667
487  696  789
373  693  906
118  119  669
372  682  706
55  566  718
485  723  778
347  638  771
474  812  813
421  601  809
460  568  955
320  723  778
361  515  797
387  602  919
463  529  920
59  60  676
83  571  725
374  584  769
54  566  746
84  571  717
109  110  707
66  67  677
113  592  839
366  625  751
68  69  678
112  592  843
432  737  853
316  636  846
386  755  823
381  711  726
413  589  756
383  679  729
360  482  615
450  561  1006
506  633  1043
449  521  783
411  603  945
282  471  709
361  581  821
395  556  970
451  620  935
421  494  829
463  647  921
393  667  824
535  629  1052
267  739  952
514  716  837
384  623  910
302  531  687
21  22  863
391  579  978
463  529  1028
345  699  1000
50  574  722
317  494  1059
336  671  867
29  557  892
352  495  648
333  587  1044
269  887  998
365  498  981
346  689  1050
374  589  685
405  550  803
358  539  772
294  512  823
279  527  937
308  555  640
425  627  788
300  586  862
430  750  1021
328  591  794
79  80  692
426  767  1073
277  582  836
443  712  942
81  82  690
453  887  959
133  585  728
372  706  810
336  583  867
386  637  744
341  629  960
522  595  864
283  770  1012
418  497  928
532  647  921
382  639  982
134  585  747
487  597  988
292  620  853
298  844  933
486  541  971
535  629  1014
353  616  961
409  637  744
361  605  821
411  603  795
405  550  1037
465  749  939
374  651  767
270  551  803
299  593  632
311  638  771
384  514  910
350  768  990
92  93  779
391  606  979
399  644  742
360  721  940
478  572  1009
403  547  904
334  590  986
325  602  919
498  581  981
333  573  1044
442  626  777
295  753  1018
310  619  1004
267  612  942
326  517  785
49  574  748
499  887  998
385  572  1009
278  651  767
345  695  1000
334  524  956
323  631  826
305  558  927
415  711  1070
350  616  961
437  801  949
396  692  886
342  925  939
413  522  864
394  690  888
323  546  1026
284  526  781
346  633  1050
610  823  831
368  562  984
580  820  1027
412  518  963
287  841  1024
10  787  1078
491  611  822
288  622  789
376  620  782
449  884  899
307  572  941
386  537  755
359  506  801
336  518  963
553  633  957
490  567  950
376  719  782
18  534  997
276  584  965
550  766  803
436  713  890
468  593  967
366  595  1035
404  532  1048
99  100  708
493  596  954
384  568  955
598  786  908
379  628  879
395  657  970
270  548  766
502  798  1076
295  583  754
386  610  823
347  475  856
301  696  1022
507  668  1003
422  594  1023
41  702  784
16  462  917
282  561  873
383  679  951
332  826  993
351  603  945
55  56  718
317  378  762
16  17  917
334  752  986
484  674  786
441  828  855
338  503  775
338  503  824
664  724  1003
309  800  849
380  572  941
12  13  613
348  568  758
50  51  722
349  640  891
513  619  1004
303  542  721
290  513  1010
400  660  746
406  622  789
135  618  747
398  771  842
413  685  864
367  578  954
506  801  1043
298  560  933
332  895  993
354  611  759
132  133  728
540  654  1065
449  845  899
425  627  905
371  673  787
0  666  1064
379  549  705
32  605  821
84  85  717
466  638  909
351  556  790
300  630  946
354  491  1066
308  627  788
403  617  904
388  523  1053
272  604  806
419  730  851
366  625  683
70  71  724
356  468  1007
136  618  807
347  475  879
330  623  910
453  887  901
444  835  872
458  612  846
517  877  1079
352  495  715
454  880  926
88  89  705
308  627  802
476  552  1068
286  646  743
318  494  1059
396  662  854
448  650  760
405  714  803
397  598  786
115  116  735
451  620  782
31  570  916
399  593  967
71  664  724
281  822  1063
330  750  1021
65  66  732
127  128  741
347  638  862
365  650  811
325  538  774
460  893  934
305  556  790
78  79  727
410  524  956
393  619  1005
403  617  1076
337  521  783
481  709  829
82  83  725
433  765  870
414  651  957
531  687  897
279  928  937
328  427  818
551  714  803
327  613  994
362  916  1032
40  41  702
362  605  916
417  627  802
421  494  875
24  25  765
390  652  778
476  713  932
506  633  1050
306  658  825
409  646  898
534  768  990
134  135  747
394  571  725
269  887  901
85  634  717
374  651  769
398  634  717
32  33  821
405  702  1037
11  563  787
48  49  748
482  615  995
306  825  912
338  750  1069
698  894  1062
338  619  1069
381  915  1079
72  664  865
58  59  742
414  633  957
275  665  761
428  670  753
416  665  761
399  676  903
408  730  851
333  501  773
96  97  780
53  54  746
271  726  920
17  18  969
321  569  1067
333  501  854
433  659  765
511  562  980
42  43  857
565  986  1061
272  713  932
459  693  906
96  694  780
297  793  913
440  607  825
86  634  936
128  657  741
315  603  795
564  841  1024
388  664  1003
431  701  719
578  708  954
110  111  791
88  628  705
114  115  792
274  608  817
414  651  769
136  137  807
483  672  802
419  887  959
406  696  789
282  820  873
433  659  749
124  641  934
438  793  913
87  628  936
499  656  852
325  710  774
455  577  922
294  590  986
456  796  990
116  667  735
276  661  965
411  576  945
322  949  1071
451  543  908
471  561  896
281  719  782
370  734  958
95  694  869
328  586  818
294  986  1061
608  817  953
278  651  957
328  427  938
495  715  1046
58  644  742
587  895  993
346  553  1055
78  662  727
344  617  904
582  689  1050
137  621  807
322  871  949
311  771  842
119  120  819
93  94  815
430  669  819
339  703  999
93  779  815
395  686  962
415  711  726
484  573  1044
34  35  811
295  754  814
349  567  757
110  707  791
119  669  819
302  615  687
66  677  732
10  11  787
397  674  786
287  745  841
570  916  1032
451  543  935
48  645  748
275  629  984
367  596  954
400  615  995
75  663  855
432  610  831
329  656  852
13  14  931
129  657  968
57  644  930
464  804  1051
435  646  1027
464  847  1051
555  640  891
457  654  914
73  74  828
35  650  811
378  649  762
268  801  1043
430  669  775
275  562  984
308  555  788
345  575  1023
451  598  908
120  121  827
364  434  1080
339  658  999
464  661  965
293  587  993
97  98  832
277  689  911
362  723  1032
569  763  1067
79  692  727
448  624  1011
435  820  873
586  818  861
439  558  907
439  558  927
473  866  968
109  707  878
425  763  923
53  660  746
646  898  1027
76  663  992
82  690  725
23  24  1049
77  662  992
266  679  951
469  757  977
43  44  859
428  867  974
117  667  1015
547  904  1031
63  64  835
62  675  872
118  669  1015
113  114  839
431  759  932
298  674  881
348  554  962
92  764  900
528  696  1022
59  676  742
321  688  1067
355  519  712
111  112  843
352  762  896
33  581  821
47  645  929
74  75  855
388  668  1003
25  765  870
317  471  709
312  684  988
606  927  1083
466  630  1012
335  516  776
122  716  837
107  108  845
39  40  1016
439  927  1083
67  677  1039
69  678  1038
296  591  794
68  678  1039
41  42  784
302  918  940
44  599  859
52  660  947
320  723  858
61  675  1013
416  614  1033
438  684  812
327  643  1028
363  850  933
382  489  982
478  740  797
374  767  1073
710  774  1080
398  771  856
496  689  911
341  607  876
62  63  872
335  516  903
289  670  805
91  92  900
314  730  959
510  595  1035
60  676  1013
400  566  746
72  73  865
313  655  974
347  771  856
493  883  1020
25  26  870
121  122  837
631  826  993
412  671  963
512  755  823
275  761  1014
94  95  869
64  65  874
375  530  1029
411  585  728
439  751  1083
115  735  792
390  778  882
130  131  866
108  109  878
611  822  1063
399  644  967
430  750  775
422  575  1023
527  736  937
348  686  962
351  576  945
398  571  717
12  613  994
543  635  935
317  471  762
307  882  941
46  648  929
398  634  856
104  105  880
309  875  1034
105  106  884
435  646  743
426  670  805
519  712  952
423  614  953
106  107  899
565  752  986
126  127  889
3  27  1002
3  28  1002
284  777  781
425  788  923
427  549  697
272  713  806
26  27  976
101  102  883
497  703  1047
125  126  893
46  47  929
441  663  773
370  668  1026
312  684  1040
433  700  870
2  18  997
2  19  997
533  750  1069
544  976  1002
100  708  1020
27  976  1002
426  670  753
528  814  1018
24  765  1049
305  927  979
23  885  1049
441  663  855
364  434  902
97  780  832
276  685  864
408  766  1072
299  593  897
341  960  985
542  721  940
339  639  982
383  636  846
271  726  1079
283  770  838
114  792  839
357  711  1070
423  817  953
13  613  931
111  791  843
94  815  869
103  104  926
56  57  930
127  741  889
310  619  1005
542  918  940
65  732  874
120  819  827
444  675  776
291  749  972
1  10  1078
39  624  1016
132  728  948
374  589  1073
312  617  1076
37  38  1025
391  691  991
459  754  814
426  767  1036
269  901  1009
1  45  1078
124  125  934
86  87  936
503  669  775
437  949  1071
418  680  928
431  719  1063
363  545  886
296  509  914
462  800  849
347  861  879
440  658  825
70  724  1038
363  545  888
407  489  1054
444  675  872
269  740  998
56  718  930
342  700  939
51  52  947
410  752  956
400  660  995
500  943  1036
472  702  1037
338  750  775
547  815  1031
349  567  950
320  652  778
401  645  748
318  494  875
74  828  855
680  928  937
389  777  781
313  810  1075
513  619  1069
292  635  935
131  132  948
305  790  979
121  827  837
443  729  1017
433  700  939
550  766  1072
429  618  807
73  828  865
404  857  859
496  622  1055
501  663  773
336  671  963
558  758  907
51  722  947
129  130  968
318  1034  1062
267  712  952
331  481  1058
63  835  872
303  715  721
319  796  848
468  718  1007
356  593  897
503  667  824
108  845  878
391  606  991
344  904  1031
64  835  874
304  758  907
368  960  984
654  914  1065
266  679  971
394  850  888
417  802  885
340  608  953
107  845  899
281  719  1063
272  738  1074
368  654  960
354  830  1068
456  848  917
539  772  834
438  617  1040
467  790  979
303  542  1006
460  641  934
302  731  918
438  684  1040
456  796  848
401  574  748
443  612  942
76  77  992
383  612  846
343  794  938
105  880  884
486  796  1042
106  884  899
493  708  1020
419  851  852
434  538  666
538  666  1057
479  565  1061
448  656  1011
102  103  1001
465  749  972
516  675  776
553  622  1055
323  668  1026
117  118  1015
126  889  893
100  101  1020
428  655  974
60  61  1013
408  851  860
380  736  941
329  656  1011
104  880  926
649  666  902
473  657  968
386  610  996
0  648  1064
425  688  1067
383  636  951
419  730  959
487  684  988
503  667  1015
503  669  1015
280  737  922
266  971  977
310  682  1005
379  861  879
416  665  1033
69  70  1038
67  68  1039
125  893  934
416  840  868
447  830  1066
468  718  930
345  594  1023
526  781  946
131  866  948
429  621  807
446  723  858
507  724  1038
130  866  968
458  847  964
700  870  976
340  953  1033
475  634  936
319  796  1042
396  844  886
438  812  913
609  704  1070
365  811  981
545  692  886
447  770  838
443  894  1017
475  628  936
501  662  854
457  654  985
0  621  1057
545  690  888
102  883  1001
475  628  879
476  759  932
101  883  1020
475  634  856
493  708  954
386  744  996
285  691  991
460  641  955
459  814  1022
334  752  956
322  763  923
421  809  1058
355  519  1030
501  663  992
347  861  862
501  662  992
285  751  1083
414  816  1043
103  926  1001
329  851  860
359  871  949
560  850  933
434  538  774
515  944  1056
339  982  1054
508  677  1039
459  906  1022
507  678  1038
508  678  1039
267  712  942
421  829  1058
606  927  979
290  799  1010
329  987  1011
278  767  1036
544  700  976
331  809  931
567  636  1077
485  778  882
435  743  873
312  617  1040
306  695  1000
363  850  888
360  615  940
385  840  901
313  671  974
462  848  1041
473  657  970
491  838  1066
490  733  950
279  928  1047
555  788  923
462  849  1041
450  542  918
516  675  1013
509  912  914
456  969  990
482  722  947
492  972  1008
497  928  1047
45  673  1078
468  644  930
516  676  1013
37  760  1025
301  906  1022
507  724  1003
516  676  903
477  799  1010
437  891  1071
515  797  1056
388  826  1053
278  943  1036
354  830  1066
519  745  1030
434  666  902
547  815  869
307  944  1056
636  951  1077
314  868  959
26  870  976
441  773  895
302  615  940
448  760  1025
502  780  832
465  858  925
267  739  964
504  792  839
436  713  806
536  761  1014
505  791  843
433  749  939
462  848  917
343  488  1019
357  609  1070
329  851  852
310  808  1004
440  658  999
363  844  886
277  836  983
567  757  1077
271  920  921
280  744  996
327  966  994
363  844  933
307  882  944
424  710  1080
629  960  984
296  914  1065
295  814  1018
450  542  1006
445  836  983
514  827  837
354  759  1068
324  734  958
477  1004  1010
478  797  1056
425  763  1067
534  969  990
328  794  938
541  971  977
513  1004  1010
552  830  1068
366  751  1035
505  810  1075
461  1017  1041
482  660  947
518  845  878
461  849  1045
698  1034  1062
297  913  975
444  776  924
463  920  921
294  831  1061
329  860  987
431  701  1074
477  808  1004
359  801  949
472  860  1072
465  972  1008
483  802  885
404  859  1048
445  983  1029
320  858  1008
486  679  971
521  880  884
322  923  1071
43  857  859
461  698  894
498  740  998
446  858  925
332  826  1053
554  889  893
420  575  764
370  958  1026
266  757  977
523  828  865
468  644  967
488  764  900
679  729  1042
486  679  1042
309  849  1045
401  645  1046
624  987  1011
524  835  874
453  840  868
576  866  948
566  718  1007
319  848  1041
514  910  1021
472  1037  1072
600  883  1001
453  840  901
447  838  1066
318  681  1062
479  831  1061
431  932  1074
465  858  1008
446  723  1032
341  876  1052
461  849  1041
474  812  913
614  953  1033
528  814  1022
385  901  1009
453  868  959
268  816  1043
331  809  1058
266  951  1077
364  902  1059
381  726  1079
474  913  975
519  745  841
624  987  1016
489  982  1054
319  1017  1041
482  660  995
481  829  1058
485  882  944
599  859  1048
476  759  1068
266  757  1077
408  860  1072
472  860  987
471  762  896
495  645  929
563  966  994
316  804  1051
458  847  1051
555  891  1071
417  885  1049
407  699  1000
488  764  1019
472  987  1016
589  805  1073
318  875  1034
457  912  914
555  923  1071
424  745  1082
495  648  929
654  960  985
681  1030  1062
319  729  1017
461  698  1045
606  991  1083
312  798  1076
378  902  1059
649  666  1064
538  621  1057
273  898  1027
550  1037  1072
378  649  902
355  1030  1062
330  910  1021
309  1034  1045
546  958  1026
319  729  1042
530  983  1029
272  932  1074
495  645  1046
364  1080  1081
285  991  1083
434  774  1080
461  894  1017
745  1030  1082
485  944  1060
527  876  1052
698  1034  1045
420  764  1019
515  944  1060
424  1080  1081
424  1081  1082
681  1030  1082
681  1081  1082
