0  2  1  0  14293  0  0  1
1  1  2  2  14127.3  1.98879  -0.00115023  1
2  1  2  -2  14130.3  2.00908  0.00725123  1
3  3  -2  -2  14156.7  1.99998  0.00805206  1
4  3  -2  2  14080.3  2.00041  0.00837831  1
10  1  2  1.6  14131.4  1.97669  -0.0151311  1
11  1  2  1.2  14131.4  1.9719  -0.0266328  1
12  1  2  0.8  14131.4  1.96851  -0.0395816  1
13  1  2  0.4  14131.4  1.96748  -0.0558643  1
14  1  2  5.50449e-12  14131.4  1.99569  -0.0418009  1
15  1  2  -0.4  14131.4  2.02594  -0.0118165  1
16  1  2  -0.8  14131.4  2.02307  -0.00146717  1
17  1  2  -1.2  14131.4  2.01982  0.00407671  1
18  1  2  -1.6  14131.4  2.01906  0.00579277  1
19  0  1.6  -2  14130.8  1.99998  0.00805206  1
20  0  1.2  -2  14133.7  1.99998  0.00805206  1
21  0  0.8  -2  14135.1  1.99998  0.00805206  1
22  0  0.4  -2  14137.7  1.99998  0.00805206  1
23  0  5.50449e-12  -2  14143.4  1.99998  0.00805206  1
24  0  -0.4  -2  14148.8  1.99998  0.00805206  1
25  0  -0.8  -2  14152.4  1.99998  0.00805206  1
26  0  -1.2  -2  14154.8  1.99998  0.00805206  1
27  0  -1.6  -2  14156.1  1.99998  0.00805206  1
28  3  -2  -1.6  14157  1.99998  0.00805206  1
29  3  -2  -1.2  14156.8  1.99998  0.00805206  1
30  3  -2  -0.8  14155.4  1.99998  0.00805206  1
31  3  -2  -0.4  14150.9  1.99998  0.00805206  1
32  3  -2  -5.50449e-12  14141.5  1.99998  0.00805206  1
33  3  -2  0.4  14127.9  1.99998  0.00805206  1
34  3  -2  0.8  14112.1  1.99998  0.00805206  1
35  3  -2  1.2  14097.7  1.99998  0.00805206  1
36  3  -2  1.6  14086.6  1.99998  0.00805206  1
37  0  -1.6  2  14075.3  2.00248  0.00968122  1
38  0  -1.2  2  14065.8  2.00746  0.0123909  1
39  0  -0.8  2  14052.9  2.01339  0.0177088  1
40  0  -0.4  2  14047.3  2.01595  0.0230303  1
41  0  -5.50449e-12  2  14053.5  2.01422  0.0228703  1
42  0  0.4  2  14069.2  2.01018  0.0104851  1
43  0  0.8  2  14071.3  2.01052  0.00141262  1
44  0  1.2  2  14079.9  2.00659  0.00544041  1
45  0  1.6  2  14110.2  1.99998  0.00805206  1
46  2  0.978575  0.00435731  14210.3  -3.0395e-16  5.18676e-17  1
47  2  0.957182  0.00894556  14183.8  -1.2381e-16  2.62241e-17  1
48  2  0.935677  0.0129738  14163.5  -7.05391e-17  8.34099e-18  1
49  2  0.914112  0.0166736  14142.5  2.76724e-16  -3.97568e-17  1
50  2  0.89253  0.0202709  14098.4  -2.64459e-16  3.78609e-17  1
51  2  0.870952  0.0238936  14104.6  0  0  1
52  2  0.84938  0.0275471  14089.5  1.54357e-16  -2.23888e-17  1
53  2  0.827815  0.031246  14027  -1.40352e-17  -3.53004e-19  1
54  2  0.806258  0.0349921  14019.5  -8.10755e-17  1.16434e-17  1
55  2  0.78471  0.0387902  13984.4  -3.13276e-16  4.66837e-17  1
56  2  0.76317  0.0426272  13947.7  1.69381e-16  -2.41143e-17  1
57  2  0.741635  0.0465003  13927.7  -1.59578e-16  2.8164e-17  1
58  2  0.720106  0.0503998  13894.6  0  0  1
59  2  0.69858  0.0543212  13847.9  -3.64132e-16  5.53762e-17  1
60  2  0.677057  0.0582571  13808  0  0  1
61  2  0.655533  0.0621847  13771.4  0  0  1
62  2  0.634008  0.0661092  13725.8  -4.93038e-32  0  1
63  2  0.612477  0.0699991  13667.3  -1.75599e-16  2.47511e-17  1
64  2  0.59094  0.0738587  13607.8  0  0  1
65  2  0.569393  0.0776637  13570.6  0  0  1
66  2  0.547834  0.0813972  13479.7  0  0  1
67  2  0.526262  0.0850551  13439.2  -8.56249e-17  8.69139e-18  1
68  2  0.50467  0.0885917  13366.2  -9.15735e-16  1.18134e-16  1
69  2  0.48306  0.092014  13297.9  2.39406e-16  -2.73163e-17  1
70  2  0.461424  0.0952735  13229.4  5.77423e-17  -1.09941e-17  1
71  2  0.439764  0.0983649  13142.5  4.93038e-32  -3.08149e-33  1
72  2  0.418075  0.101246  13064.6  0  0  1
73  2  0.396354  0.103882  12977.9  2.6369e-16  -1.91455e-17  1
74  2  0.374602  0.106241  12915.2  6.86032e-16  -5.85833e-17  1
75  2  0.352816  0.108261  12803.7  0  0  1
76  2  0.330998  0.109904  12692.8  1.85346e-16  -7.70441e-18  1
77  2  0.30915  0.111061  12577  1.80242e-16  -3.12466e-18  1
78  2  0.287279  0.111669  12469.1  0  0  1
79  2  0.265401  0.111559  12397  -1.79678e-16  -1.61143e-19  1
80  2  0.24354  0.110679  12343.8  5.48735e-16  4.79951e-17  1
81  2  0.221731  0.108938  12298.1  -1.77718e-16  -8.37529e-18  1
82  2  0.200007  0.106338  12342.7  -1.72599e-16  -1.2053e-17  1
83  2  0.178411  0.102836  12412.9  -7.14896e-16  -1.34612e-16  1
84  2  0.156982  0.098426  12465.4  1.54731e-16  2.9086e-17  1
85  2  0.135775  0.0930499  12645.5  0  0  1
86  2  0.114851  0.0866609  12770.9  0  0  1
87  2  0.0942934  0.0791791  12878.5  4.792e-16  1.82094e-16  1
88  2  0.0742271  0.0704671  13243.2  2.396e-16  9.10471e-17  1
89  2  0.0548394  0.0603375  13641.2  4.93038e-32  2.46519e-32  1
90  2  0.0364437  0.0485089  14248.3  -1.51331e-16  -9.36557e-17  1
91  2  0.019648  0.0345169  15107.1  2.8924e-16  1.11532e-16  1
92  2  0.00584964  0.0176103  15564.2  -3.79893e-17  -4.61553e-17  1
93  2  0.000388598  -0.00304236  14470.7  -1.44256e-16  8.70748e-17  1
94  2  0.0189083  -0.012952  13178.1  9.45892e-17  -9.81598e-17  1
95  2  0.0404199  -0.0169149  13347.5  -1.06812e-16  1.47275e-17  1
96  2  0.0621475  -0.0194798  13657.4  -4.57602e-16  5.56511e-17  1
97  2  0.0839411  -0.0214146  13706.1  1.3211e-16  -1.71917e-17  1
98  2  0.105759  -0.0230588  13783.8  0  0  1
99  2  0.127589  -0.0245347  13821.7  4.43397e-16  -3.82147e-17  1
100  2  0.149425  -0.0259192  13848.6  0  0  1
101  2  0.171266  -0.0272236  13855.4  1.55169e-16  -1.23022e-17  1
102  2  0.19311  -0.0284669  13865.2  -2.47126e-16  1.58866e-17  1
103  2  0.214959  -0.0296417  13872.7  -4.0755e-16  2.21336e-17  1
104  2  0.23681  -0.0307527  13870.7  1.93989e-16  -9.87327e-18  1
105  2  0.258666  -0.0317891  13882.2  2.1232e-16  -1.08034e-17  1
106  2  0.280525  -0.0327422  13856.9  3.66562e-16  -1.81827e-17  1
107  2  0.302387  -0.0336176  13859.2  -1.61682e-16  9.50226e-18  1
108  2  0.324252  -0.0344101  13865.9  4.23476e-16  -1.70035e-17  1
109  2  0.346121  -0.0351249  13856  -1.55161e-16  5.3616e-18  1
110  2  0.367991  -0.0357549  13833.6  0  0  1
111  2  0.389864  -0.0363026  13835.1  1.59442e-16  -3.22995e-18  1
112  2  0.411739  -0.0367708  13834.2  2.08201e-16  -5.96974e-18  1
113  2  0.433615  -0.0371625  13833.2  0  0  1
114  2  0.455493  -0.037475  13835.5  0  0  1
115  2  0.477372  -0.0377  13826  -4.20236e-16  5.23137e-18  1
116  2  0.499251  -0.0378393  13813.3  2.10118e-16  -2.61568e-18  1
117  2  0.521131  -0.0378926  13820.1  0  0  1
118  2  0.543011  -0.0378604  13821.1  4.25463e-16  -7.28273e-20  1
119  2  0.56489  -0.0377367  13801.1  5.4977e-17  1.03737e-18  1
120  2  0.586769  -0.0375138  13794.3  -2.3941e-16  4.83818e-18  1
121  2  0.608646  -0.0371904  13805.9  -1.50051e-16  -8.50149e-19  1
122  2  0.630522  -0.0367557  13820.8  7.28126e-16  1.13316e-17  1
123  2  0.652395  -0.0362067  13815.4  1.93662e-16  5.34863e-18  1
124  2  0.674264  -0.0355278  13832  0  0  1
125  2  0.696129  -0.0347117  13813.9  0  0  1
126  2  0.717987  -0.0337365  13817.6  3.59227e-16  1.49827e-17  1
127  2  0.739836  -0.0325881  13825  1.99403e-16  9.01617e-18  1
128  2  0.761673  -0.031218  13837.7  1.54531e-16  1.25718e-17  1
129  2  0.78349  -0.0295584  13843.3  3.96717e-17  -1.40413e-18  1
130  2  0.805274  -0.0275245  13866.9  0  0  1
131  2  0.826999  -0.0249322  13925.8  -3.37844e-16  -2.9026e-17  1
132  2  0.848659  -0.0218397  13968.1  1.34684e-16  1.60416e-17  1
133  2  0.870235  -0.0182043  14058.3  -1.42812e-16  -1.37231e-17  1
134  2  0.891765  -0.0143144  14137.1  -2.71239e-16  -3.0486e-17  1
135  2  0.913312  -0.0105232  14185.1  1.21968e-16  1.4867e-17  1
136  2  0.935026  -0.0078349  14254.8  1.37899e-16  1.38593e-17  1
137  2  0.956686  -0.00481083  14281.1  0  0  1
138  2  0.978163  -0.00103679  14325.8  0  0  1
268  0  0.981372  -0.453161  14126.8  2.02309  0.0277166  1
269  0  0.203125  -0.972008  14129.6  2.01631  -0.00955762  1
270  0  0.485108  -0.540642  14066.8  2.04796  -0.00916149  1
271  0  -0.00646213  -0.507374  14147.6  2.00462  -0.0420633  1
272  0  0.994669  -0.184993  14181.2  1.988  0.0763168  1
273  0  -0.904381  0.708866  14108.2  2.00319  0.0373725  1
274  0  0.0390762  1.06705  14003.7  2.04731  0.0325363  1
275  0  1.03506  0.982877  14045.2  2.02266  -0.0421235  1
276  0  -0.953244  -0.262804  14174.3  1.98686  0.0170103  1
277  0  0.522168  0.642303  13878.2  2.11133  -0.0338397  1
278  0  0.960718  0.531608  14026.8  2.03972  -0.0980771  1
279  0  -0.289691  0.539781  14073.6  2.0212  0.0879553  1
280  0  -0.454311  0.149501  14215.7  1.95979  0.0649383  1
281  0  0.787006  -0.239082  14034.1  2.05806  0.0626746  1
282  0  0.120064  0.498331  13841.4  2.13216  0.102008  1
283  0  0.555278  -0.272608  13978.6  2.09172  0.00304801  1
284  0  0.280363  -0.310218  14026.5  2.06619  -0.0557196  1
285  0  0.0540754  -0.254609  14127.8  2.00917  -0.10427  1
286  0  0.388561  0.385823  13617.9  2.24474  -0.0222485  1
287  0  0.676216  0.350285  13835.1  2.13315  -0.14807  1
288  0  0.900594  0.268791  14031.8  2.03273  -0.174735  1
289  0  1.33935  0.26837  14164.4  1.99123  -0.0876086  1
290  0  -0.0554626  0.304357  13997.4  2.05344  0.216993  1
291  0  0.8739  -1.07728  14125.4  2.02087  0.00396081  1
292  0  -0.682889  -1.09208  14160.3  1.99866  0.00180251  1
293  0  0.129447  0.286488  13614.7  2.23589  0.233098  1
294  0  -0.303151  -0.187117  14278.9  1.93287  -0.0131723  1
295  0  -0.13037  0.119426  14410.3  1.84546  0.202301  1
296  0  0.417883  -0.185687  13935  2.10099  -0.0348923  1
297  0  0.294203  -0.170491  13951.9  2.0912  -0.073612  1
298  0  0.150578  -0.160752  14004.6  2.06155  -0.122843  1
299  0  -0.0669904  -0.161811  14295.5  1.9181  -0.116783  1
300  0  1.36017  -0.0920867  14219.7  1.91209  -0.0165222  1
301  0  0.276119  0.263694  13354  2.35425  0.0745611  1
302  0  0.667397  -0.176101  13940  2.10228  0.0457275  1
303  0  0.521315  0.263641  13600.8  2.24444  -0.158997  1
304  0  0.647982  0.204993  13758.7  2.17597  -0.231457  1
305  0  0.778272  0.175912  13935.4  2.09475  -0.237772  1
306  0  1.01216  0.170821  14170.7  1.996  -0.17133  1
307  0  0.556736  -0.152244  13904.1  2.1288  0.00767432  1
308  0  0.87965  -0.139922  14091.5  2.0577  0.113642  1
309  0  0.0335607  0.20088  13856.6  2.1002  0.378303  1
310  0  0.399087  0.230495  13333  2.37675  -0.0937979  1
311  0  0.877905  0.126344  14069.9  2.12395  -0.253248  1
312  0  0.774983  -0.137527  13971.7  2.12637  0.0936166  1
313  0  0.0644566  -0.117179  14047.1  2.02699  -0.190258  1
314  0  0.123699  0.185202  13382.7  2.33819  0.410936  1
315  0  -0.166986  -0.0146666  14475.5  1.8164  0.022325  1
316  0  0.350561  -0.119606  13902.5  2.1369  -0.0686261  1
317  0  0.221182  -0.113197  13930.4  2.10612  -0.110847  1
318  0  0.204162  0.184429  13041.9  2.50494  0.250353  1
319  0  0.624855  -0.120182  13886.7  2.1848  0.0326182  1
320  0  0.488772  -0.116311  13875.5  2.18852  -0.0208005  1
321  0  0.952467  -0.100499  14198.9  2.05141  0.127287  1
322  0  1.06693  -0.0872472  14306  1.95237  0.0649251  1
323  0  1.16379  0.0589946  14265.9  1.76524  -0.117249  1
324  0  0.27597  0.185086  13013  2.54094  0.0800394  1
325  0  0.69246  -0.449346  14062.8  2.05325  0.0161784  1
326  0  0.559757  0.18624  13586.6  2.28195  -0.238865  1
327  0  0.709889  -0.103007  13900.7  2.21556  0.0768578  1
328  0  0.347938  0.180756  13108.3  2.50785  -0.0713484  1
329  0  -0.475642  -0.648218  14179.2  1.98798  -0.00522293  1
330  0  0.463341  0.17903  13376.2  2.38308  -0.206694  1
331  0  0.421631  -0.101468  13884.1  2.21203  -0.0470966  1
332  0  0.00224654  0.123521  14191.8  1.89897  0.513967  1
333  0  0.700107  0.138376  13839  2.26485  -0.29323  1
334  0  0.288893  -0.100468  13911.8  2.16673  -0.0907349  1
335  0  -0.481717  0.998991  14061  2.02077  0.0427665  1
336  0  0.535282  1.18646  14011.5  2.04131  -0.00260217  1
337  0  1.40551  -0.849958  14138.6  2.01556  0.00550893  1
338  0  0.940041  0.0919754  14171.6  2.0766  -0.25571  1
339  0  0.613667  0.142593  13688.1  2.33  -0.29484  1
340  0  -0.0407311  0.0700098  14768  1.59074  0.346189  1
341  0  1.00913  0.0633159  14285.9  1.8083  -0.237698  1
342  0  -0.968035  0.279406  14147.2  1.99245  0.0337651  1
343  0  1.23356  -0.280154  14192.9  1.98763  0.0153411  1
344  0  0.857756  -0.756813  14114.1  2.02564  0.00862639  1
345  0  -0.130462  -0.328076  14213.6  1.96825  -0.0548034  1
346  0  0.237245  -0.554706  14093.6  2.03253  -0.0314633  1
347  0  -0.292317  0.272405  14186.5  1.96769  0.116299  1
348  0  0.808584  0.116023  13993.6  2.18634  -0.2761  1
349  0  0.135133  -0.0904548  13936.7  2.13396  -0.157046  1
350  0  -0.987246  1.44686  14072.5  2.00851  0.0228158  1
351  0  0.42457  -0.340747  14008.9  2.07691  -0.024794  1
352  0  -1.39312  -0.856064  14159.6  1.9982  0.00875648  1
353  0  0.823279  -0.0860804  13972.1  2.15834  0.146138  1
354  0  1.32198  0.697079  14092.9  1.9974  -0.0618975  1
355  0  0.543639  -0.877005  14111.7  2.02684  -0.00321275  1
356  0  0.443296  -1.31814  14131  2.01638  -0.00055633  1
357  0  0.891596  -0.0793088  14107.9  2.08366  0.162409  1
358  0  0.910397  -0.257029  14113  2.02229  0.0648877  1
359  0  -0.613998  0.445288  14133.2  1.9954  0.0577693  1
360  0  0.0841307  0.139087  13462.3  2.26902  0.600974  1
361  0  -0.155111  -0.841701  14152.3  2.00394  -0.0140846  1
362  0  -0.23877  -1.35595  14147.5  2.00595  -0.000622054  1
363  0  -0.0298961  -0.0760023  14399.7  1.82738  -0.251386  1
364  0  -1.48594  0.554381  14122.7  1.99947  0.0196716  1
365  0  0.67942  -0.300477  14015.4  2.07679  0.0292197  1
366  0  0.553492  -0.0960278  13852.7  2.24398  0.00134238  1
367  0  1.38466  -1.43143  14131.9  2.01853  0.00490361  1
368  0  1.08595  0.31677  14111.8  1.99579  -0.126333  1
369  0  0.991384  -0.050502  14311.6  1.79637  0.133768  1
370  0  -0.0579975  0.758435  13983.9  2.0611  0.0633512  1
371  0  0.755929  -0.076877  13863.1  2.14007  0.108568  1
372  0  0.143919  -0.413496  14096.2  2.03223  -0.0549699  1
373  0  0.665807  -0.0831958  13844  2.18596  0.0539602  1
374  0  -0.272968  1.39984  14044.3  2.02348  0.029539  1
375  0  -1.38019  0.0439562  14147.9  1.99623  0.0186112  1
376  0  0.413544  0.154733  13156.2  2.5435  -0.188538  1
377  0  0.50273  0.138601  13395.8  2.44959  -0.273445  1
378  0  -0.648959  -0.163234  14205  1.96997  0.0196331  1
379  0  0.740074  0.0992632  13884.4  2.07806  -0.296666  1
380  0  0.231771  0.7551  13916.6  2.09362  0.0310898  1
381  0  0.091267  -0.0697825  13875.1  2.17  -0.210722  1
382  0  0.182764  -0.0667216  13888.7  2.18518  -0.13756  1
383  0  0.732138  0.588804  13930.7  2.08613  -0.0791782  1
384  0  1.04619  -0.300442  14164.7  2.00074  0.0419153  1
385  0  0.870214  0.0845228  14076.2  2.02444  -0.270288  1
386  0  0.566718  0.124934  13556  2.3128  -0.302577  1
387  0  0.653347  0.111187  13735.9  2.17515  -0.304218  1
388  0  0.0407733  -0.0606116  13955.5  2.11742  -0.330045  1
389  0  -0.0433627  0.0178021  15109.3  1.45996  0.06309  1
390  0  0.548975  0.411775  13755.7  2.17572  -0.0899954  1
391  0  0.167931  -0.269947  14054.6  2.04876  -0.0853742  1
392  0  0.9266  -0.046794  14207.5  1.77192  0.164182  1
393  0  -1.19861  -1.39184  14157.6  1.99974  0.00694385  1
394  0  0.844105  -0.387399  14088.6  2.04192  0.0355059  1
395  0  -0.0669045  0.525561  13975.8  2.06661  0.110482  1
396  0  0.161192  0.142558  12871.8  2.60477  0.473019  1
397  0  0.224665  0.394294  13651.9  2.22737  0.0958448  1
398  0  1.38206  1.3884  14088.7  1.99866  -0.0218546  1
399  0  0.333281  -0.0779032  13867.7  2.19822  -0.0859186  1
400  0  0.377858  -0.0787511  13850.5  2.18884  -0.0650714  1
401  0  1.23133  -0.603387  14144.3  2.01289  0.0119556  1
402  0  1.54445  -0.407627  14164.4  2.01226  -0.00345535  1
403  0  -1.2785  1.00182  14098.1  2.00257  0.0232483  1
404  0  0.310586  0.572874  13814.2  2.14528  0.0236794  1
405  0  0.947416  1.48213  14057.7  2.0153  -0.0136201  1
406  0  0.243606  -0.0687974  13891  2.18002  -0.11536  1
407  0  0.179243  1.44927  14032.8  2.02907  0.0187074  1
408  0  0.646114  -0.67632  14094.7  2.03372  0.00277143  1
409  0  0.073096  -0.748812  14134  2.01377  -0.0213495  1
410  0  -0.909386  -0.673658  14170.2  1.99255  0.00721434  1
411  0  0.487175  -0.178286  13922.3  2.10678  -0.0142002  1
412  0  0.764603  0.882717  13992.4  2.05081  -0.038132  1
413  0  0.59831  -0.0780733  13827.6  2.15213  0.0256208  1
414  0  0.512547  -0.0761656  13835.1  2.16813  -0.0152966  1
415  0  0.463862  -0.0762177  13846.5  2.17698  -0.0359891  1
416  0  0.790161  0.31209  13931.1  2.08359  -0.168751  1
417  0  0.0394045  0.107917  13939  1.97134  0.708328  1
418  0  0.542698  -0.428793  14040.9  2.06315  -0.00234117  1
419  0  0.876574  -1.57252  14132.6  2.01689  0.00411849  1
420  0  -0.271108  0.103655  14309.6  1.91013  0.0923672  1
421  0  -0.245291  -0.563675  14180.7  1.98712  -0.021968  1
422  0  -1.48219  1.48673  14083.5  2.00272  0.0152076  1
423  0  -0.0536765  0.188388  14172.9  1.95395  0.302019  1
424  0  0.334744  -0.244977  13982.7  2.08634  -0.0534535  1
425  0  0.837215  -0.564233  14101.1  2.03213  0.0168949  1
426  0  1.05491  -0.639174  14129.7  2.01837  0.0144471  1
427  0  0.371474  -0.729156  14102.1  2.03034  -0.0127321  1
428  0  0.229323  0.15131  12753.2  2.69528  0.227305  1
429  0  0.219141  -0.182424  13980.2  2.07897  -0.0931081  1
430  0  -0.513413  0.703158  14085.1  2.01422  0.0571221  1
431  0  -0.00176249  0.0734325  14654.3  1.57523  0.611416  1
432  0  0.050084  0.408453  13851.3  2.12889  0.152684  1
433  0  0.29932  0.151104  12807.5  2.68929  0.0061033  1
434  0  0.327263  -0.444535  14062.3  2.05098  -0.0326613  1
435  0  -1.37227  -0.418681  14158.9  1.99636  0.0123925  1
436  0  1.07514  -0.972397  14128.5  2.02033  0.00671523  1
437  0  0.695001  0.0955633  13841.1  2.02835  -0.295655  1
438  0  0.778493  0.0790311  13977.4  1.90145  -0.27368  1
439  0  0.825715  0.0693338  14031.2  1.79179  -0.261907  1
440  0  0.456253  0.13647  13262.4  2.49851  -0.250304  1
441  0  0.741522  -0.163312  13967.9  2.09734  0.073691  1
442  0  -0.593167  -1.60994  14151.9  2.00278  0.00466435  1
443  0  0.364554  0.148008  13002.8  2.62374  -0.132862  1
444  0  0.95558  0.0482715  14196.1  1.62243  -0.239909  1
445  0  -0.491487  -0.439801  14201.7  1.97499  -0.00368636  1
446  0  0.907992  0.0564656  14114.5  1.69279  -0.236222  1
447  0  -0.150012  0.241634  14181.8  1.96672  0.186204  1
448  0  1.67222  0.164284  14158.9  1.96465  -0.0600809  1
449  0  1.16902  0.216189  14182.9  1.99082  -0.113636  1
450  0  0.0344831  0.29152  13844.6  2.129  0.253625  1
451  0  0.70864  -0.0696813  13859.3  2.11876  0.0765442  1
452  0  0.824375  -0.187712  14041.4  2.0489  0.0849899  1
453  0  1.0814  0.030892  14369  1.5213  -0.124343  1
454  0  0.865148  -0.0538568  14047.9  1.88839  0.177304  1
455  0  1.05932  -0.0262822  14388.1  1.42196  0.0389889  1
456  0  0.94192  0.718316  14018.7  2.03721  -0.0669641  1
457  0  0.419597  1.00109  13979.4  2.06006  0.00186952  1
458  0  0.598972  -0.215928  13953  2.09474  0.0179215  1
459  0  0.793386  0.462524  13942.3  2.08416  -0.114151  1
460  0  0.801456  -0.0643599  13915.3  2.05115  0.145086  1
461  0  -0.122052  0.0521089  14579.1  1.75715  0.118149  1
462  0  0.46664  -0.276655  13978.8  2.09141  -0.0188925  1
463  0  -0.231171  0.797537  14028.5  2.03921  0.0605303  1
464  0  -0.0420814  -0.0331135  14712.7  1.66032  -0.275661  1
465  0  -0.708276  0.0907977  14184.3  1.97667  0.0379957  1
466  0  0.113743  0.123511  13179.1  2.45498  0.653878  1
467  0  0.442271  0.529639  13799.8  2.15448  -0.0229864  1
468  0  -0.173665  0.380888  14077.3  2.02133  0.13988  1
469  0  0.290101  -0.0671986  13892.4  2.16982  -0.0972233  1
470  0  0.442687  0.322089  13580.9  2.25607  -0.07806  1
471  0  0.340418  0.311593  13475.1  2.30438  0.00588992  1
472  0  -0.815216  1.08498  14079.5  2.01032  0.0329125  1
473  0  0.136339  -0.0611674  13887.3  2.18509  -0.167665  1
474  0  0.201244  0.260834  13406  2.32742  0.174305  1
475  0  0.010477  -0.385728  14147.5  2.00616  -0.0622049  1
476  0  0.422082  -0.0726826  13858.9  2.16085  -0.0501191  1
477  0  0.715986  0.201585  13855.7  2.12726  -0.23154  1
478  0  1.66943  0.495271  14134  1.97251  -0.0590271  1
479  0  0.960706  0.168585  14136.9  2.01625  -0.19908  1
480  0  0.608144  0.108562  13676.5  2.1803  -0.306881  1
481  0  0.0876401  -0.1927  14078.3  2.03271  -0.127807  1
482  0  1.12049  -0.220416  14216.4  1.97744  0.0362226  1
483  0  -0.391501  -0.0834735  14271.3  1.93228  0.0209614  1
484  0  1.60815  1.05639  14107  1.98628  -0.0361825  1
485  0  0.116435  -1.37706  14138.7  2.01171  -0.00176442  1
486  0  0.939718  -0.151757  14155.6  2.01815  0.101333  1
487  0  0.00177872  -0.163442  14182.5  1.97369  -0.155813  1
488  0  -0.0617413  -0.255184  14222.6  1.96063  -0.0894625  1
489  0  0.841283  0.210582  13990.3  2.05196  -0.209814  1
490  0  0.450649  -0.155181  13913  2.11517  -0.0276735  1
491  0  -0.536945  1.39714  14056.8  2.01714  0.0294299  1
492  0  0.628561  -0.0738777  13839.3  2.15164  0.041748  1
493  0  -0.416795  -1.138  14155.3  2.0016  -0.00154507  1
494  0  0.609498  0.288132  13738.8  2.17689  -0.167947  1
495  0  0.515234  1.6402  14052.7  2.01815  0.005633  1
496  0  0.718333  -0.244007  14002.9  2.07614  0.0466888  1
497  0  0.213122  -0.0659151  13901.9  2.19228  -0.123204  1
498  0  0.192426  0.151959  12856.5  2.63263  0.34713  1
499  0  0.0420384  0.149693  13837.4  2.09087  0.525986  1
500  0  -1.14563  0.520587  14125.6  1.9986  0.0293156  1
501  0  1.16361  -0.452362  14155.3  2.01002  0.0191621  1
502  0  -0.0980856  -0.0835487  14457.3  1.80977  -0.114302  1
503  0  0.341939  0.236045  13277.1  2.39924  -0.0203339  1
504  0  1.19942  0.564007  14086.8  2.00647  -0.0799115  1
505  0  0.262393  0.155318  12775.3  2.6955  0.113889  1
506  0  0.339387  -0.184001  13949.3  2.09483  -0.0614968  1
507  0  -0.423548  0.432022  14124.9  1.9985  0.078475  1
508  0  -0.79192  -0.378427  14183.5  1.98337  0.0118939  1
509  0  0.270897  -0.246966  13999.9  2.07725  -0.068543  1
510  0  0.520266  0.116127  13413.7  2.06205  -0.266014  1
511  0  -0.057899  0.125679  14392  1.83192  0.342163  1
512  0  -0.00898999  0.0403109  15189.9  1.30262  0.502296  1
513  0  1.21622  -0.0847876  14286.5  1.91519  0.0016453  1
514  0  0.00150194  -0.0554529  14254.2  1.93733  -0.385917  1
515  0  0.0213241  -0.105286  14142.4  1.9761  -0.230964  1
516  0  1.02323  -0.103918  14271.6  2.0158  0.0865455  1
517  0  0.839155  -0.148727  14042.1  2.07434  0.106919  1
518  0  0.331764  0.150548  12912.3  2.65885  -0.0727136  1
519  0  -1.56333  -1.18808  14157.8  1.99951  0.00793011  1
520  0  0.39414  -0.15913  13914.7  2.10726  -0.0453783  1
521  0  0.299238  -1.62023  14136.9  2.01297  0.00142422  1
522  0  0.690516  0.266243  13825.4  2.13274  -0.191946  1
523  0  0.0804491  0.23849  13714.4  2.1719  0.31558  1
524  0  1.13555  -0.0327506  14316.3  1.665  -0.00952968  1
525  0  0.986226  0.240971  14102.5  1.9975  -0.164171  1
526  0  -0.180599  1.13648  14030.2  2.03329  0.0366577  1
527  0  0.993509  0.0353633  14261.1  1.43288  -0.245958  1
528  0  0.0242233  -1.13449  14140  2.0104  -0.00667923  1
529  0  0.754871  -0.360443  14057.3  2.05721  0.0321018  1
530  0  0.664801  -0.131228  13896.1  2.16242  0.0477983  1
531  0  0.553994  -0.0645839  13810.1  1.91611  -0.000327985  1
532  0  0.456603  0.250698  13480.2  2.30128  -0.124572  1
533  0  -0.0974453  -0.663391  14154.2  2.00131  -0.0252398  1
534  0  0.949486  -0.0323217  14259.7  1.34779  0.128225  1
535  0  0.611633  0.561193  13878.6  2.1139  -0.0669076  1
536  0  0.0723436  0.101054  13394.1  2.15813  0.820079  1
537  0  0.259873  1.18379  14007.4  2.0441  0.0155109  1
538  0  -0.178778  -0.158825  14338.1  1.89748  -0.0485875  1
539  0  0.0304568  0.0751906  14128.1  1.75707  0.880465  1
540  0  0.178236  -0.121561  13954.1  2.08149  -0.123629  1
541  0  0.50883  0.17622  13468.4  2.35731  -0.230285  1
542  0  0.356318  -0.0610638  13844.9  1.94738  -0.0687123  1
543  0  -1.01661  -1.00222  14161.9  1.99737  0.00609212  1
544  0  1.36913  0.0872808  14210.9  1.88458  -0.0706432  1
545  0  1.067  0.102253  14269.2  1.96536  -0.16897  1
546  0  0.549404  -0.214824  13945.7  2.09727  0.00394022  1
547  0  0.898306  -0.0515543  14138.9  1.8644  0.175937  1
548  0  1.61823  -1.16853  14133.7  2.0178  0.0043672  1
549  0  -0.0927837  -0.00386998  14708.5  1.67787  -0.00614235  1
550  0  0.834146  -0.0605585  13971.2  2.00848  0.165979  1
551  0  1.13851  -1.20914  14130.2  2.01858  0.00482234  1
552  0  0.847176  0.35536  13975.8  2.06563  -0.147907  1
553  0  0.96546  0.36849  14046.3  2.03135  -0.133496  1
554  0  0.488153  -0.0625798  13823.4  1.89258  -0.02356  1
555  0  0.0706751  -0.0471339  13796.2  2.06086  -0.25063  1
556  0  -0.211327  0.186961  14264.8  1.92665  0.145965  1
557  0  0.238441  0.222243  13187  2.43353  0.145246  1
558  0  -1.62955  0.869528  14108  2.00017  0.0160472  1
559  0  0.413614  -1.08874  14124.3  2.01958  -0.00439964  1
560  0  0.603911  -0.161332  13915.4  2.12193  0.0224678  1
561  0  0.504589  -0.33481  14008.5  2.07902  -0.00827678  1
562  0  -0.296449  -0.371114  14218.7  1.96593  -0.0230773  1
563  0  0.655659  0.146542  13753.5  2.27787  -0.287213  1
564  0  1.05409  -0.153476  14234.9  1.9888  0.064053  1
565  0  -1.54706  -1.5956  14156.8  2.00004  0.00768594  1
566  0  0.0215503  0.608791  13936.9  2.08559  0.0831982  1
567  0  -0.531907  0.291965  14168.4  1.98019  0.0648338  1
568  0  0.600482  -0.346503  14016.4  2.07608  0.00987398  1
569  0  0.10609  -0.138395  14024.2  2.04524  -0.153005  1
570  0  -1.66579  -0.180237  14149.3  1.99852  0.0123478  1
571  0  0.734701  -0.957733  14118.1  2.02455  0.00227524  1
572  0  -0.742405  1.6177  14059.9  2.0129  0.0233163  1
573  0  0.858737  -0.084462  14040.7  2.12163  0.158348  1
574  0  0.864516  0.0514066  14088.8  1.39032  -0.20166  1
575  0  -1.05453  0.0202033  14161.1  1.98973  0.0243391  1
576  0  -1.66669  -0.632326  14155.6  1.99924  0.00966487  1
577  0  0.16311  0.221258  13377.3  2.33662  0.286167  1
578  0  -0.413497  -0.900349  14162  1.9981  -0.00539522  1
579  0  0.433048  0.126825  13142.1  2.27088  -0.216794  1
580  0  0.47585  0.120253  13316.9  2.15638  -0.246044  1
581  0  -0.0158658  0.241415  13990.2  2.04773  0.295769  1
582  0  1.30779  -0.420609  14164.9  2.00382  0.011139  1
583  0  0.671263  0.0857185  13779.5  1.69441  -0.252414  1
584  0  -0.106248  0.926026  14011.2  2.04577  0.0473493  1
585  0  0.713645  0.0791844  13880.4  1.6399  -0.249392  1
586  0  -1.66393  0.261397  14135.5  1.99917  0.0144447  1
587  0  0.899547  -0.197288  14108.3  2.01997  0.0871381  1
588  0  0.588694  0.227176  13661  2.21507  -0.206109  1
589  0  0.58547  -0.111868  13867.5  2.21223  0.0152903  1
590  0  0.982418  0.119032  14204.8  2.05156  -0.217726  1
591  0  0.520323  -0.106286  13868.2  2.22689  -0.0104073  1
592  0  0.368466  -0.54794  14075.7  2.04244  -0.0211135  1
593  0  0.238783  -0.398571  14063.8  2.04905  -0.0488466  1
594  0  0.258625  -0.138738  13940.3  2.09416  -0.0907566  1
595  0  0.096905  -0.330165  14109.5  2.02357  -0.0749404  1
596  0  0.756558  0.0690924  13935.9  1.52565  -0.217202  1
597  0  0.799632  0.060421  14003.4  1.41087  -0.210245  1
598  0  0.387796  0.129957  13011.7  2.3751  -0.172447  1
599  0  0.730323  -0.0563355  13845.4  1.79606  0.0812105  1
600  0  0.315624  -0.137284  13922.3  2.10368  -0.0740949  1
601  0  0.686395  -0.0586038  13822  1.82401  0.0538871  1
602  0  -0.841014  0.479129  14130  1.9968  0.0423485  1
603  0  0.602449  -0.501862  14063  2.05115  0.00347645  1
604  0  0.634598  -1.1196  14123.5  2.02076  0.00036926  1
605  0  0.80555  1.16085  14029.6  2.03245  -0.0203075  1
606  0  0.445052  -0.443659  14044.6  2.06077  -0.0175642  1
607  0  0.929018  0.0388574  14152.3  1.24626  -0.179049  1
608  0  1.60994  -0.137276  14172.1  1.97436  -0.022054  1
609  0  1.03819  0.0220568  14388.3  1.25777  -0.125711  1
610  0  0.914976  -0.111697  14138.9  2.07455  0.132466  1
611  0  0.140695  0.118159  12793.2  2.46882  0.593917  1
612  0  0.076899  0.185326  13627  2.21815  0.432717  1
613  0  0.513495  -0.686259  14095.6  2.03342  -0.00508555  1
614  0  0.116569  -0.524031  14116.4  2.02097  -0.0403615  1
615  0  0.946411  -0.352993  14122.4  2.02523  0.0423355  1
616  0  0.77464  -0.0528299  13858.2  1.74922  0.10059  1
617  0  0.134309  0.378147  13723.6  2.18811  0.1442  1
618  0  -0.472255  -0.222027  14231.6  1.95799  0.0073659  1
619  0  -0.55595  -0.00384978  14222.1  1.95792  0.0364512  1
620  0  0.384571  0.178349  13177.1  2.47727  -0.126159  1
621  0  -0.151381  0.634403  14014.1  2.04832  0.0839075  1
622  0  0.27979  0.338264  13544.2  2.2772  0.0583932  1
623  0  0.137929  -0.221029  14048.9  2.04998  -0.108598  1
624  0  0.312525  -0.0559394  13880.6  1.90716  -0.0765768  1
625  0  0.229014  0.956292  13970.9  2.06444  0.0226719  1
626  0  0.26864  -0.0541804  13867.3  1.91241  -0.0973084  1
627  0  0.988765  -0.0233913  14324.6  1.14215  0.0979949  1
628  0  0.115318  -0.0471306  13841.8  1.99688  -0.172104  1
629  0  0.306284  0.430819  13685.4  2.21364  0.0338084  1
630  0  -0.265073  -0.0760688  14342.3  1.89072  0.00995808  1
631  0  0.159182  -0.0486174  13876.8  1.95476  -0.137785  1
632  0  0.44368  -0.0592493  13846.2  1.86103  -0.0361463  1
633  0  0.400336  -0.0582927  13845.8  1.87531  -0.0537706  1
634  0  1.71052  -0.618323  14144.3  2.01702  -0.00205463  1
635  0  0.831441  0.154722  14005  2.11095  -0.245178  1
636  0  1.40576  0.500147  14121.8  1.98154  -0.0737576  1
637  0  -0.689693  -0.823214  14168.9  1.99375  0.00148472  1
638  0  0.584451  0.0987175  13607.9  1.82381  -0.2525  1
639  0  0.627207  0.0913228  13714.7  1.73761  -0.262899  1
640  0  0.785399  -0.0952318  13934.7  2.18562  0.122046  1
641  0  0.984661  -0.252439  14152.1  2.00184  0.0597941  1
642  0  0.773828  0.111143  13938.7  2.17571  -0.289923  1
643  0  0.73906  0.144218  13890.5  2.20035  -0.272146  1
644  0  0.405034  -0.254918  13972.9  2.0922  -0.035393  1
645  0  -1.18106  0.257523  14142.9  1.99573  0.0256063  1
646  0  0.838291  -0.303219  14076.3  2.047  0.05116  1
647  0  0.0986689  0.104381  13077.6  2.29114  0.758993  1
648  0  1.30622  1.14343  14078  2.0052  -0.0349767  1
649  0  0.359888  -0.313988  14009.4  2.07537  -0.0401803  1
650  0  -0.334891  0.182945  14238.2  1.94608  0.0941373  1
651  0  0.657764  -0.230408  13974  2.08724  0.033913  1
652  0  0.679331  0.460959  13873  2.12003  -0.106542  1
653  0  -0.728641  0.261007  14160.1  1.98578  0.0463667  1
654  0  0.387049  -0.113254  13889.2  2.17035  -0.0564121  1
655  0  0.456273  -0.111294  13880.4  2.19401  -0.033827  1
656  0  0.777548  -0.179483  14002.8  2.06864  0.0784469  1
657  0  0.576037  -0.0579928  13814.6  1.77643  0.0081478  1
658  0  0.529967  -0.0589544  13845.1  1.80459  -0.00841499  1
659  0  -0.00706243  0.170299  14079.1  1.99178  0.400152  1
660  0  0.743178  -0.113915  13924.3  2.18728  0.0881915  1
661  0  0.166627  0.607867  13872.1  2.11655  0.0593386  1
662  0  -0.816164  -0.0703116  14183.8  1.9786  0.026218  1
663  0  0.220159  -0.706718  14113.8  2.02415  -0.0193094  1
664  0  -0.193232  0.087901  14405.8  1.85848  0.112849  1
665  0  0.543531  0.108425  13461.1  1.96276  -0.259586  1
666  0  -0.00311392  -0.0252401  14189.6  1.74669  -0.684455  1
667  0  -0.957203  -1.67494  14154.9  2.00103  0.00666361  1
668  0  -1.18666  1.65291  14073.5  2.00588  0.0171485  1
669  0  0.92616  -0.0263751  14218  1.09859  0.13391  1
670  0  0.163898  0.119553  12592.4  2.47819  0.501778  1
671  0  -1.09452  -0.46733  14167.7  1.99236  0.0122293  1
672  0  0.838969  0.100818  14040  2.11747  -0.276574  1
673  0  -0.674995  0.882321  14082.7  2.01208  0.0425356  1
674  0  -0.0565224  0.404251  13980.9  2.06647  0.154089  1
675  0  0.515732  -0.142563  13895.8  2.13598  -0.00822241  1
676  0  1.44762  -0.586752  14150.4  2.01021  0.0056202  1
677  0  0.0484192  -0.0372489  13755.8  2.01534  -0.320103  1
678  0  0.0244848  -0.0347367  13759.8  2.03194  -0.481153  1
679  0  1.66019  -1.66248  14130.7  2.01832  0.00572291  1
680  0  0.600672  -1.63919  14133.6  2.01476  0.00299507  1
681  0  0.75248  -0.0499697  13820.1  1.63135  0.0885682  1
682  0  0.947922  -0.207406  14142.4  2.00238  0.0781969  1
683  0  0.663932  -0.05528  13840.6  1.74435  0.0481762  1
684  0  0.428455  0.195191  13324.6  2.39125  -0.161301  1
685  0  0.972421  0.0278325  14207.7  1.09007  -0.17454  1
686  0  0.334558  -0.0539826  13856.3  1.80494  -0.0644199  1
687  0  0.378474  -0.054033  13829.4  1.77085  -0.0570828  1
688  0  0.246542  -0.0466606  13891.2  1.7473  -0.0889305  1
689  0  -1.12786  0.780427  14107.6  2.0018  0.029097  1
690  0  0.959417  -0.0620333  14247.1  1.94857  0.147348  1
691  0  -0.850088  -1.35683  14157  2.00023  0.0050643  1
692  0  0.18166  -0.0444797  13850.2  1.79483  -0.113163  1
693  0  0.887389  0.0420823  14106.5  1.19102  -0.17051  1
694  0  0.839908  0.0499435  14053.2  1.24472  -0.192437  1
695  0  1.13899  0.749865  14060.3  2.01357  -0.0635423  1
696  0  0.0933975  -0.0415116  13792.5  1.9466  -0.192251  1
697  0  0.497315  0.111117  13345.4  1.95363  -0.252246  1
698  0  0.409764  0.123329  13053.7  2.19686  -0.196952  1
699  0  -0.282735  0.38261  14117.7  2.00186  0.110092  1
700  0  0.332894  -0.877953  14116.9  2.02297  -0.0105939  1
701  0  -0.694302  0.633333  14106.9  2.00516  0.0493122  1
702  0  0.311777  0.184677  13044.3  2.53054  -0.00273464  1
703  0  0.18603  0.329445  13586.8  2.25569  0.156734  1
704  0  0.541809  0.341132  13695.4  2.20013  -0.119283  1
705  0  0.734404  0.068888  13878.6  1.40715  -0.216071  1
706  0  0.790021  -0.46881  14083.5  2.04305  0.022729  1
707  0  0.699372  -0.560173  14083.6  2.0404  0.0099078  1
708  0  0.648271  0.0833045  13734.1  1.53087  -0.245052  1
709  0  0.905916  0.0876434  14111.1  2.05058  -0.263068  1
710  0  0.561877  0.0983719  13539.7  1.71576  -0.235265  1
711  0  0.0825493  0.858937  13972.4  2.06574  0.042117  1
712  0  0.597363  0.182658  13670.8  2.24341  -0.248098  1
713  0  -0.142056  -0.474406  14178.4  1.988  -0.0360443  1
714  0  0.00277122  1.28378  14027.8  2.0331  0.0264298  1
715  0  0.662819  0.723436  13937.6  2.07988  -0.0471393  1
716  0  0.540929  0.143404  13497.6  2.40446  -0.2815  1
717  0  0.802158  -1.3361  14129.4  2.01817  0.00289424  1
718  0  0.854631  -0.229547  14073.8  2.03627  0.0735919  1
719  0  0.76813  0.24275  13914  2.09077  -0.200565  1
720  0  0.534416  0.214994  13562.5  2.26337  -0.200435  1
721  0  1.22657  1.68317  14082.8  2.00104  -0.00783759  1
722  0  -0.0940018  1.65222  14045.4  2.02025  0.0236377  1
723  0  -0.698844  -0.536242  14182.8  1.98526  0.00451323  1
724  0  0.890939  -0.465842  14106.4  2.03224  0.0273454  1
725  0  1.04002  -0.222353  14189.9  1.98045  0.0557431  1
726  0  1.37609  -0.252727  14190.1  2.00354  -0.00148277  1
727  0  0.383003  0.699983  13884.5  2.10817  -7.41457e-05  1
728  0  0.0544759  0.0831641  13712.8  1.97611  0.938384  1
729  0  -1.53407  1.17105  14094  2.00153  0.0160818  1
730  0  1.21392  0.389633  14124.3  1.98978  -0.0984551  1
731  0  1.61154  0.767894  14112  1.98382  -0.0524539  1
732  0  1.17988  -0.777686  14133.7  2.01747  0.0094536  1
733  0  0.61662  -0.282643  13988.3  2.08771  0.018325  1
734  0  0.897957  0.185204  14070.8  2.03444  -0.210124  1
735  0  -0.0152879  0.0124278  15496.7  0.869656  -0.0777976  1
736  0  0.97934  -0.132082  14213.3  2.01159  0.0966309  1
737  0  1.15608  -1.68781  14132.9  2.01665  0.00532714  1
738  0  -0.303264  -1.70578  14147.4  2.00531  0.00414971  1
739  0  1.65492  1.66658  14111.3  1.9869  -0.0115492  1
740  0  0.59794  -0.0531305  13815.4  1.61754  0.0187964  1
741  0  0.510191  -0.0552673  13812.3  1.69535  -0.0122636  1
742  0  0.465862  -0.0551574  13834.3  1.72407  -0.0247423  1
743  0  -0.42179  0.58332  14090.4  2.01328  0.0709501  1
744  0  -1.75588  0.577061  14121.1  1.99981  0.0134203  1
745  0  -1.25547  1.32028  14084.5  2.00455  0.0202897  1
746  0  -1.20902  -0.202227  14161.1  1.99295  0.0166931  1
747  0  0.126721  0.151161  13186.7  2.42485  0.515769  1
748  0  0.0400706  -0.622374  14134.3  2.01161  -0.0315676  1
749  0  1.07064  0.219849  14152.8  1.98332  -0.142815  1
750  0  0.221023  -0.229608  14010.3  2.07051  -0.0838063  1
751  0  0.230044  1.68429  14049.7  2.01828  0.0166916  1
752  0  0.290408  0.219542  13173  2.4454  0.056895  1
753  0  -0.299695  -0.70236  14168.5  1.9941  -0.0139045  1
754  0  0.231396  0.125223  12478.1  2.47128  0.216151  1
755  0  0.441505  -0.0841824  13860  2.21763  -0.0440128  1
756  0  0.0247034  -0.926478  14138.6  2.01126  -0.0129543  1
757  0  0.20863  0.126346  12503.6  2.55567  0.311613  1
758  0  0.617644  -0.0554313  13813.4  1.7109  0.0251568  1
759  0  0.850745  0.577444  13980.7  2.06059  -0.0884969  1
760  0  1.01718  -0.0184399  14363  1.15  0.0493504  1
761  0  0.239739  0.186024  12976.4  2.54275  0.166987  1
762  0  0.638158  -0.152879  13914.8  2.12205  0.0369699  1
763  0  0.00921527  -1.69411  14141.9  2.00873  0.00255752  1
764  0  -0.0208383  0.0968926  14483.8  1.73133  0.488107  1
765  0  1.72669  1.36674  14113.9  1.98409  -0.0222255  1
766  0  -0.37428  -0.523933  14189.6  1.98169  -0.0139837  1
767  0  -0.974452  0.941331  14093.5  2.00577  0.0319718  1
768  0  0.955104  -0.54556  14119  2.02401  0.0199694  1
769  0  0.205472  -0.333509  14062.6  2.04776  -0.0647016  1
770  0  1.13232  -0.126215  14278  1.98303  0.030166  1
771  0  0.226358  -0.0480023  13881.7  1.83544  -0.099681  1
772  0  0.969724  -0.0202915  14291.9  1.0162  0.104026  1
773  0  0.102907  -0.099783  13962.4  2.08278  -0.176495  1
774  0  0.401791  -0.0848896  13868.9  2.21327  -0.0572527  1
775  0  0.199054  -0.091365  13920  2.15549  -0.125323  1
776  0  0.691109  0.0746089  13828.2  1.40671  -0.218814  1
777  0  0.0168652  0.489314  13913.8  2.09712  0.119917  1
778  0  0.453268  0.115437  13214.3  2.01211  -0.218311  1
779  0  0.212647  0.482433  13769.5  2.16777  0.0733414  1
780  0  0.669031  -0.377256  14038  2.06589  0.0192534  1
781  0  -0.248665  0.0257813  14365.8  1.87861  0.0552581  1
782  0  1.09526  1.23154  14059.7  2.01569  -0.0258961  1
783  0  0.184094  0.124932  12599.4  2.53891  0.416914  1
784  0  0.204392  -0.146806  13966.5  2.0765  -0.106487  1
785  0  0.923209  -0.0788553  14174.6  2.04763  0.155949  1
786  0  0.298596  0.126206  12611.7  2.35953  -0.0134778  1
787  0  0.16673  0.181156  13142.6  2.44679  0.355192  1
788  0  0.888639  -0.899778  14120.1  2.02411  0.00592187  1
789  0  -0.0847524  0.0827496  14586.4  1.73913  0.241079  1
790  0  0.201996  -0.0472045  13881.6  1.84988  -0.111881  1
791  0  0.46769  0.391958  13695.2  2.20629  -0.0644274  1
792  0  0.253098  -0.098818  13911.8  2.15464  -0.105574  1
793  0  0.268868  -0.0778924  13892  2.20361  -0.106599  1
794  0  0.309516  -0.0816731  13889.4  2.21073  -0.0930976  1
795  0  0.32423  -0.104208  13897.6  2.18354  -0.0803549  1
796  0  0.276249  0.12954  12565.7  2.50047  0.0540782  1
797  0  -1.28797  -1.1128  14159.2  1.9988  0.0075074  1
798  0  0.640791  -0.0545916  13833  1.70759  0.0336369  1
799  0  0.0161996  0.0557328  14710.1  1.49663  0.869139  1
800  0  0.664915  1.42592  14040.5  2.02539  -0.00506976  1
801  0  0.817272  -0.0432157  13912.1  1.52152  0.130721  1
802  0  -0.450757  1.70196  14050.8  2.01672  0.0241745  1
803  0  0.299143  -0.208881  13972.1  2.08759  -0.0672959  1
804  0  0.320571  -0.371525  14038.9  2.06162  -0.041301  1
805  0  -0.556342  -1.31056  14154.5  2.00185  0.00213217  1
806  0  0.253756  0.128844  12523.3  2.52687  0.138242  1
807  0  -0.176412  0.478653  14039.8  2.03781  0.115152  1
808  0  1.335  -1.08535  14133.3  2.01792  0.00570845  1
809  0  0.776776  0.0580779  13967.9  1.2262  -0.188228  1
810  0  0.819924  0.0495866  14011.9  1.11805  -0.173837  1
811  0  0.507835  -0.231039  13952.7  2.09838  -0.00880692  1
812  0  0.531322  0.831221  13944.1  2.07701  -0.0177034  1
813  0  0.969506  0.0778881  14221.3  1.97118  -0.253579  1
814  0  0.906263  0.0356522  14124.3  1.03053  -0.158777  1
815  0  -0.400702  0.286658  14176.8  1.9752  0.0872161  1
816  0  -0.0755859  0.0445501  14785.9  1.62243  0.151384  1
817  0  0.344407  0.128176  12820  2.37189  -0.116686  1
818  0  0.0843938  0.334836  13780.4  2.16241  0.198888  1
819  0  0.701426  -0.141648  13928.8  2.13979  0.0639391  1
820  0  0.949927  0.0278362  14166.3  0.973954  -0.150501  1
821  0  0.234794  0.31269  13502  2.29414  0.115909  1
822  0  0.720389  -0.798202  14109  2.02843  0.00378185  1
823  0  0.906652  -0.0301889  14174.6  1.22155  0.137297  1
824  0  0.752017  0.376455  13904.5  2.10115  -0.142368  1
825  0  0.365325  0.124682  12925.4  2.24737  -0.148237  1
826  0  0.320983  0.127655  12727.1  2.4024  -0.0655825  1
827  0  -0.204947  -0.250229  14263.5  1.94141  -0.0414778  1
828  0  1.50166  0.0425911  14201.4  1.90404  -0.0486893  1
829  0  1.47375  0.183266  14194.2  1.9759  -0.0760811  1
830  0  0.367279  0.210075  13230  2.4306  -0.0753461  1
831  0  0.155673  -0.0726755  13906.3  2.19215  -0.155297  1
832  0  0.376545  -0.201586  13947.5  2.09868  -0.0478787  1
833  0  0.773186  -0.66207  14102.2  2.03058  0.00935774  1
834  0  -1.70563  1.70563  14081.4  2.00108  0.0109458  1
835  0  0.458437  -0.217284  13944.6  2.09956  -0.0231463  1
836  0  0.795285  0.142475  13952  2.17432  -0.262928  1
837  0  0.206365  -0.47022  14088.1  2.03685  -0.0418377  1
838  0  -0.128584  -0.230825  14264.8  1.93913  -0.0740466  1
839  0  1.02334  -0.0608537  14350.3  1.86981  0.104055  1
840  0  -0.086126  0.246795  14119.8  1.99303  0.234414  1
841  0  0.533853  -0.0822226  13844.6  2.20451  -0.00930789  1
842  0  0.573778  -0.0817947  13831.3  2.19991  0.0131732  1
843  0  0.729592  -0.083963  13874.1  2.19966  0.0891652  1
844  0  -0.016061  -0.314005  14171.2  1.99131  -0.078528  1
845  0  1.33699  0.899589  14083  2.00009  -0.0483279  1
846  0  0.927491  0.129797  14129.3  2.08339  -0.237121  1
847  0  0.690145  -0.0842235  13865  2.2066  0.0652651  1
848  0  0.141612  -0.123357  13968.6  2.068  -0.141192  1
849  0  -0.0245274  -0.124065  14317.1  1.89788  -0.180699  1
850  0  0.0607536  0.124254  13671.2  2.12632  0.663967  1
851  0  0.910668  -0.656339  14115.3  2.02474  0.0133779  1
852  0  0.994499  -0.783698  14124.2  2.02169  0.00984567  1
853  0  0.879965  -0.106805  14086.4  2.10826  0.140468  1
854  0  0.488231  -0.089869  13851.9  2.23261  -0.026218  1
855  0  0.643558  -0.0964962  13869.4  2.22813  0.0458625  1
856  0  0.707805  -0.0503583  13825.7  1.60569  0.06013  1
857  0  0.755584  -0.289445  14036.9  2.06661  0.0443696  1
858  0  -1.26172  -1.70185  14156  2.00039  0.00741527  1
859  0  0.179863  -0.199787  14010.5  2.06731  -0.101982  1
860  0  0.745156  -0.205704  13993.5  2.0703  0.0621687  1
861  0  -1.73399  -0.94039  14157.1  1.99951  0.00846246  1
862  0  0.0944182  0.722107  13936.6  2.08416  0.0563987  1
863  0  0.116193  -0.0736637  13905.7  2.17121  -0.182025  1
864  0  1.26267  0.00975673  14250.6  1.73238  -0.0492201  1
865  0  0.882352  -0.0338897  14095.1  1.29275  0.147033  1
866  0  -1.74438  1.43268  14088.7  2.00103  0.0119358  1
867  0  0.0622725  -0.444522  14124.7  2.01737  -0.0543788  1
868  0  0.60916  0.385458  13785.7  2.15991  -0.118052  1
869  0  0.832058  0.275005  13973.7  2.06177  -0.18096  1
870  0  0.00256542  0.347002  13900.4  2.10267  0.195797  1
871  0  0.108271  -0.266529  14086.6  2.03017  -0.0976323  1
872  0  0.354883  -0.0924642  13875.8  2.21494  -0.0741025  1
873  0  0.595966  1.00028  13989.5  2.05396  -0.0155049  1
874  0  -1.7757  -1.41898  14157.1  1.99999  0.00795649  1
875  0  0.861275  -0.0332468  14024.3  1.21312  0.144489  1
876  0  0.80622  1.72185  14062.7  2.01287  -0.00194377  1
877  0  -0.588746  0.155693  14192.4  1.97156  0.0505004  1
878  0  0.380682  -0.392199  14033.8  2.06502  -0.0298282  1
879  0  0.84225  -0.0396083  13970.7  1.43455  0.141469  1
880  0  0.397432  1.42832  14031.7  2.0298  0.00811294  1
881  0  -0.0079777  -0.225574  14187.2  1.97814  -0.114714  1
882  0  0.578021  0.150093  13615.8  2.35688  -0.284739  1
883  0  -1.33349  0.745349  14112  2.00049  0.0234216  1
884  0  0.0652626  -0.0841811  13978.9  2.0859  -0.232835  1
885  0  0.813302  -0.123618  13992.3  2.1368  0.11571  1
886  0  1.0716  -1.4474  14131.2  2.01828  0.00450337  1
887  0  0.394882  0.289457  13469.7  2.3047  -0.0580721  1
888  0  0.80406  0.0877816  13996.7  2.04209  -0.27959  1
889  0  0.681943  0.115017  13803.9  2.25473  -0.309248  1
890  0  -1.41815  0.304908  14134.8  1.99829  0.021265  1
891  0  0.5902  0.12498  13641.7  2.3331  -0.308036  1
892  0  0.978393  0.0518246  14237.4  1.71933  -0.252576  1
893  0  0.119639  0.225114  13531.8  2.2618  0.333389  1
894  0  0.54635  -0.121798  13878.9  2.18437  0.00148823  1
895  0  0.631605  0.120042  13707.3  2.28727  -0.308318  1
896  0  1.08056  0.46412  14072.7  2.0181  -0.103005  1
897  0  1.05791  0.614215  14049.6  2.02361  -0.0820153  1
898  0  0.796426  -0.0434977  13862.8  1.48255  0.110561  1
899  0  1.77012  -1.40232  14131.7  2.01927  0.00475135  1
900  0  0.200772  0.221975  13239.8  2.40197  0.230155  1
901  0  -0.0214537  -0.00783243  15060.1  1.32325  -0.507869  1
902  0  1.23981  -0.176064  14224.1  1.99528  0.00334407  1
903  0  0.358941  0.848736  13940.7  2.08035  0.00806139  1
904  0  0.241429  -1.16871  14132.6  2.01482  -0.00493272  1
905  0  -0.177067  -0.0849376  14401.7  1.85374  -0.0207169  1
906  0  0.13757  -0.0414739  13855.6  1.83843  -0.142641  1
907  0  0.604644  0.0884921  13649  1.52986  -0.232581  1
908  0  0.571204  -0.184683  13926.9  2.1033  0.0107314  1
909  0  1.06214  -0.400171  14147.9  2.01382  0.0295841  1
910  0  1.07474  -0.515636  14137.7  2.01652  0.020154  1
911  0  0.290854  -0.0482476  13876.1  1.73291  -0.0782577  1
912  0  0.120816  0.104757  12945.2  2.31151  0.687615  1
913  0  0.986428  -0.0831962  14262.5  2.0205  0.118069  1
914  0  0.232307  -0.280284  14030.9  2.06271  -0.0713032  1
915  0  0.1743  -0.841891  14125.3  2.01849  -0.0154612  1
916  0  0.16494  -0.0961991  13934.8  2.13292  -0.139398  1
917  0  -1.03811  1.17275  14083.7  2.00692  0.0264929  1
918  0  0.0339837  0.243311  13858.4  2.10941  0.30841  1
919  0  0.692013  0.16861  13823  2.17494  -0.261537  1
920  0  0.969984  -0.0410263  14300.1  1.65421  0.140352  1
921  0  0.619198  -0.42632  14043.6  2.06201  0.00892183  1
922  0  0.679996  -0.10663  13882  2.21669  0.0595328  1
923  0  1.75562  -0.934278  14135.1  2.01767  0.00277213  1
924  0  0.00990142  0.0953906  14295.1  1.76859  0.631734  1
925  0  0.42229  -0.0528316  13841.9  1.69256  -0.0399674  1
926  0  0.861625  -0.179116  14072  2.03714  0.0931354  1
927  0  0.711638  0.111937  13870.2  2.22476  -0.304876  1
928  0  0.47465  0.151701  13356.5  2.49227  -0.243192  1
929  0  0.443744  0.157984  13273.3  2.5102  -0.218946  1
930  0  0.847865  0.071205  14045.8  1.86157  -0.265953  1
931  0  -0.773669  -0.232699  14188.9  1.97937  0.0170947  1
932  0  0.0511711  -0.15914  14105.8  2.01152  -0.163334  1
933  0  0.0373375  -0.199093  14140.6  2.00122  -0.132167  1
934  0  0.332281  0.366281  13589  2.2584  0.0175218  1
935  0  1.77697  -0.314413  14148.5  2.02084  -0.0140638  1
936  0  0.934272  0.065594  14166.6  1.8832  -0.253021  1
937  0  0.260505  -0.196185  13975.2  2.08345  -0.0797044  1
938  0  0.387616  0.152762  13089.3  2.59497  -0.15874  1
939  0  0.360551  -0.152477  13921.2  2.10411  -0.0579553  1
940  0  0.60591  -0.759447  14102.4  2.03065  -0.000454859  1
941  0  -0.777244  1.30542  14069.5  2.01201  0.0285045  1
942  0  0.849015  -0.114936  14038.3  2.12215  0.131503  1
943  0  -0.11253  0.188892  14256.8  1.91953  0.233335  1
944  0  1.25255  0.131876  14195.7  1.91646  -0.0986929  1
945  0  -0.305904  0.982545  14040.7  2.03068  0.0461829  1
946  0  0.631277  -0.189396  13939.9  2.09901  0.0307358  1
947  0  -0.855128  0.11622  14167.3  1.98521  0.033742  1
948  0  0.7032  -0.197343  13969.8  2.08442  0.0541797  1
949  0  -1.15718  -0.68359  14164.1  1.9957  0.00927323  1
950  0  0.15966  -0.622952  14115.9  2.0211  -0.0282494  1
951  0  1.40817  -1.78646  14131.7  2.01676  0.00576531  1
952  0  -0.61657  1.14304  14066.1  2.01575  0.0352557  1
953  0  -0.40317  1.18007  14049.6  2.0231  0.0363357  1
954  0  -0.13168  0.311837  14083.1  2.01417  0.177573  1
955  0  -0.206956  0.296056  14150.7  1.98341  0.145647  1
956  0  -1.43825  1.75156  14075.8  2.0034  0.0128773  1
957  0  0.493512  0.314015  13607.3  2.24053  -0.111761  1
958  0  0.884376  0.456897  13993.9  2.05862  -0.117204  1
959  0  0.100172  0.165096  13459.5  2.29761  0.485975  1
960  0  -0.422053  0.844535  14060.5  2.02384  0.0528713  1
961  0  0.616784  -0.0944272  13855.5  2.2422  0.0332686  1
962  0  -1.42053  -0.182044  14153.9  1.99609  0.015205  1
963  0  0.478993  -0.142031  13893  2.13276  -0.0207442  1
964  0  1.49309  0.345595  14150.8  1.97933  -0.0715066  1
965  0  0.564084  -0.598444  14081.3  2.04012  -0.00175965  1
966  0  0.385428  0.466449  13728.2  2.19235  -0.0098023  1
967  0  -1.77184  -1.77184  14156.7  2.00001  0.00797342  1
968  0  0.887205  0.0644241  14104.2  1.80836  -0.25233  1
969  0  1.04803  0.0574796  14372.8  1.75967  -0.2077  1
970  0  0.790445  0.698143  13973.8  2.06098  -0.0624046  1
971  0  0.761153  0.0904801  13945.1  2.03878  -0.293237  1
972  0  -0.962372  1.77329  14063.5  2.00974  0.0179846  1
973  0  0.628097  0.169669  13712.9  2.23498  -0.261329  1
974  0  0.432657  -0.623403  14086.3  2.03685  -0.0123641  1
975  0  -0.632441  -0.318926  14199.5  1.97519  0.0100933  1
976  0  0.530007  -0.17978  13923.8  2.10605  -0.00140294  1
977  0  -0.33825  0.683789  14058.7  2.02667  0.0690044  1
978  0  0.805873  -0.155413  14011.2  2.08182  0.0955076  1
979  0  0.225613  -0.0864956  13911.3  2.17655  -0.118821  1
980  0  0.779326  -0.0728461  13897.4  2.14201  0.129218  1
981  0  0.421271  -0.137669  13900.5  2.13141  -0.0408426  1
982  0  1.13486  -0.336765  14175.4  1.99869  0.0261778  1
983  0  0.64853  -0.0726882  13859  2.1339  0.0504943  1
984  0  -0.204807  -1.03015  14150.1  2.00472  -0.00691748  1
985  0  -0.0711999  -0.409972  14172.1  1.99259  -0.0542291  1
986  0  0.482094  0.211419  13464.3  2.31084  -0.180476  1
987  0  0.595826  0.461974  13822.8  2.14645  -0.0874609  1
988  0  0.992189  0.0164436  14221  0.792651  -0.155438  1
989  0  1.01182  0.0186192  14290.1  1.04507  -0.174761  1
990  0  0.298277  -0.630813  14097.9  2.03073  -0.021308  1
991  0  0.531427  0.499807  13804.5  2.1534  -0.0602583  1
992  0  0.508586  -0.278778  13979.8  2.0923  -0.00851819  1
993  0  -0.552117  0.571423  14107.2  2.00577  0.0623816  1
994  0  -0.364578  0.0461733  14281.4  1.92541  0.0539101  1
995  0  -0.908869  -0.476991  14175.4  1.98865  0.0103895  1
996  0  0.730717  0.313458  13880.9  2.10717  -0.170324  1
