0  2  1  0  16254.8  -1.0779e-16  1.04134e-16  1
1  1  2  2  16306.3  1.91126  0.249376  1
2  1  2  -2  16320.4  2.01007  0.345542  1
3  3  -2  -2  16482.4  1.96836  0.354351  1
4  3  -2  2  16149.9  1.97  0.353151  1
10  1  2  1.6  16308  1.8965  0.235499  1
11  1  2  1.2  16308  1.87128  0.203971  1
12  1  2  0.8  16308  1.84655  0.151922  1
13  1  2  0.4  16308  1.87969  0.0980796  1
14  1  2  5.50449e-12  16308  2.03395  0.110681  1
15  1  2  -0.4  16308  2.14213  0.180429  1
16  1  2  -0.8  16308  2.12657  0.241675  1
17  1  2  -1.2  16308  2.10901  0.287521  1
18  1  2  -1.6  16308  2.07788  0.321808  1
19  0  1.6  -2  16373  1.96836  0.354351  1
20  0  1.2  -2  16446.6  1.96836  0.354351  1
21  0  0.8  -2  16494.9  1.96836  0.354351  1
22  0  0.4  -2  16524  1.96836  0.354351  1
23  0  5.50449e-12  -2  16541.2  1.96836  0.354351  1
24  0  -0.4  -2  16537.7  1.96836  0.354351  1
25  0  -0.8  -2  16522.7  1.96836  0.354351  1
26  0  -1.2  -2  16506.2  1.96836  0.354351  1
27  0  -1.6  -2  16491.2  1.96836  0.354351  1
28  3  -2  -1.6  16477.5  1.96836  0.354351  1
29  3  -2  -1.2  16462.2  1.96836  0.354351  1
30  3  -2  -0.8  16429.2  1.96836  0.354351  1
31  3  -2  -0.4  16381.7  1.96836  0.354351  1
32  3  -2  -5.50449e-12  16323  1.96836  0.354351  1
33  3  -2  0.4  16264.7  1.96836  0.354351  1
34  3  -2  0.8  16213.3  1.96836  0.354351  1
35  3  -2  1.2  16176  1.96836  0.354351  1
36  3  -2  1.6  16157.5  1.96836  0.354351  1
37  0  -1.6  2  16135.7  1.97613  0.354901  1
38  0  -1.2  2  16115.5  1.98343  0.361317  1
39  0  -0.8  2  16104.9  1.98763  0.364492  1
40  0  -0.4  2  16111.9  1.98583  0.355741  1
41  0  -5.50449e-12  2  16121  1.98793  0.328957  1
42  0  0.4  2  16097.3  2.00116  0.315661  1
43  0  0.8  2  16134  1.98692  0.309796  1
44  0  1.2  2  16225.6  1.95026  0.284937  1
45  0  1.6  2  16281.1  1.9257  0.261647  1
46  2  0.978803  0.00404467  16097.3  0  0  1
47  2  0.957104  0.00689565  16021.5  6.16298e-33  -1.54074e-33  1
48  2  0.935407  0.0097597  15931.4  0  0  1
49  2  0.913727  0.0127465  15890.1  1.64217e-18  -1.60271e-17  1
50  2  0.892052  0.0157776  15860.9  0  0  1
51  2  0.870402  0.0189781  15851.5  3.19115e-18  -2.62848e-17  1
52  2  0.848766  0.0222704  15778  0  0  1
53  2  0.82716  0.0257587  15653.7  0  0  1
54  2  0.805568  0.0293278  15606.6  0  3.85186e-34  1
55  2  0.784008  0.0330896  15592.3  0  0  1
56  2  0.762468  0.0369624  15577.1  0  0  1
57  2  0.740958  0.0409949  15528.6  8.91032e-17  1.52514e-18  1
58  2  0.71948  0.045197  15489.2  0  -3.08149e-33  1
59  2  0.698014  0.0494637  15505.4  0  0  1
60  2  0.676581  0.0538866  15448.1  0  0  1
61  2  0.655169  0.0584174  15409.8  -4.93038e-32  4.62223e-33  1
62  2  0.633769  0.0630007  15355.9  0  0  1
63  2  0.6124  0.0677269  15346.7  -3.93581e-17  -1.42036e-17  1
64  2  0.591041  0.0724962  15273.8  0  0  1
65  2  0.569675  0.0772373  15170.8  0  0  1
66  2  0.548319  0.0820211  15114.3  0  0  1
67  2  0.526953  0.0867602  15016.7  7.93446e-17  -1.37538e-17  1
68  2  0.505561  0.0913828  15028.8  -7.87868e-17  5.73806e-18  1
69  2  0.484146  0.0958951  14907.3  0  0  1
70  2  0.462677  0.100142  14757.1  0  0  1
71  2  0.441127  0.103954  14581.4  0  0  1
72  2  0.419481  0.10718  14430.5  -2.05227e-16  8.64898e-18  1
73  2  0.397746  0.109732  14268.8  0  0  1
74  2  0.375933  0.111497  14109.2  0  0  1
75  2  0.354081  0.112691  13985.5  0  0  1
76  2  0.332204  0.113256  13869  -2.31648e-16  -1.31916e-17  1
77  2  0.310319  0.11315  13717  0  0  1
78  2  0.288445  0.112492  13571  0  0  1
79  2  0.266601  0.111161  13486.8  0  0  1
80  2  0.244809  0.109144  13375.8  7.54525e-17  6.72044e-18  1
81  2  0.223088  0.106474  13293.2  0  0  1
82  2  0.201477  0.103028  13165.6  3.83888e-16  8.69627e-17  1
83  2  0.179973  0.0989653  13150.4  0  0  1
84  2  0.158623  0.0941623  13095.1  0  0  1
85  2  0.137452  0.0886159  12851  0  0  1
86  2  0.116511  0.0822671  12815.4  6.92938e-16  2.44601e-16  1
87  2  0.0959012  0.0749084  12812.7  0  0  1
88  2  0.0757204  0.0664519  12755.9  -6.0557e-16  -3.06862e-16  1
89  2  0.0561171  0.0567284  12870.2  0  0  1
90  2  0.0373993  0.0454041  12864  1.99907e-17  7.27115e-17  1
91  2  0.0198955  0.0322968  12632.4  0  0  1
92  2  0.00503914  0.0163265  14094.1  0  0  1
93  2  0.000583237  -0.00446914  16716.9  -2.76138e-16  -1.30633e-16  1
94  2  0.0168012  -0.0178965  17881.5  0  0  1
95  2  0.0381359  -0.0225808  17872.2  0  0  1
96  2  0.0598908  -0.0249152  17607.6  -4.93038e-32  1.54074e-33  1
97  2  0.0817312  -0.0263145  17470.4  0  0  1
98  2  0.103602  -0.0271086  17365.5  -3.26194e-16  -4.69269e-18  1
99  2  0.125479  -0.0276854  17279  0  0  1
100  2  0.147363  -0.0279292  17212.9  2.7682e-16  5.37749e-18  1
101  2  0.169248  -0.0281169  17152.9  0  0  1
102  2  0.191133  -0.0280627  17105.2  0  0  1
103  2  0.213018  -0.0279476  17052.7  0  0  1
104  2  0.234902  -0.0277052  17051  0  0  1
105  2  0.256785  -0.027389  17064.7  0  0  1
106  2  0.278668  -0.0270832  17010.9  0  0  1
107  2  0.30055  -0.0266673  16780.6  0  0  1
108  2  0.322432  -0.0262647  16783.7  0  0  1
109  2  0.344313  -0.025842  16916.5  0  0  1
110  2  0.366192  -0.0253301  16878.1  0  0  1
111  2  0.388073  -0.0248593  16872.6  0  0  1
112  2  0.409952  -0.0243534  16843.1  0  0  1
113  2  0.43183  -0.0237684  16812.8  0  0  1
114  2  0.453707  -0.0231843  16792.9  0  0  1
115  2  0.475583  -0.022546  16794.6  0  0  1
116  2  0.497457  -0.0218334  16772.5  0  0  1
117  2  0.519331  -0.0211208  16754.3  1.83606e-16  6.42099e-18  1
118  2  0.541202  -0.0203418  16727  -3.93724e-16  -1.39335e-17  1
119  2  0.563071  -0.0194761  16704.7  0  0  1
120  2  0.584939  -0.0186271  16700.6  0  0  1
121  2  0.606806  -0.0177237  16698.8  2.28744e-16  1.09904e-17  1
122  2  0.62867  -0.0167524  16706.3  1.33708e-16  4.57046e-18  1
123  2  0.650535  -0.01581  16700.5  0  0  1
124  2  0.672398  -0.014819  16676.5  0  0  1
125  2  0.694259  -0.0137832  16672.7  1.91877e-16  8.35292e-18  1
126  2  0.71612  -0.0127613  16664.6  0  0  1
127  2  0.737979  -0.0116792  16651.8  -1.38681e-16  -5.48238e-18  1
128  2  0.759837  -0.0105767  16640.9  0  0  1
129  2  0.781694  -0.00946807  16641.5  1.38137e-16  7.38394e-18  1
130  2  0.803549  -0.00832237  16634.1  0  0  1
131  2  0.825408  -0.00724148  16630.1  -4.93038e-32  0  1
132  2  0.847265  -0.00613185  16630.9  0  0  1
133  2  0.869126  -0.00510017  16620.9  -1.4252e-16  -6.82279e-18  1
134  2  0.890988  -0.00407695  16609.9  0  0  1
135  2  0.912854  -0.00317217  16594.9  -1.45866e-16  -5.78695e-18  1
136  2  0.934723  -0.00233243  16574.3  0  0  1
137  2  0.956599  -0.0016748  16529  -1.41538e-16  -1.02606e-17  1
138  2  0.978478  -0.00116922  16449.5  0  0  1
268  0  -0.82594  0.832811  16115.5  2.0141  0.419801  1
269  0  0.0743081  1.02597  15911.4  2.11299  0.35905  1
270  0  1.05566  0.983144  16099.1  2.01077  0.170002  1
271  0  -0.678657  -0.899987  16539.2  1.92166  0.387665  1
272  0  0.221402  -1.04669  16618.8  1.91181  0.317029  1
273  0  1.03578  -0.806366  16532.8  1.98895  0.23278  1
274  0  -0.620363  0.105466  16290.3  1.96322  0.518696  1
275  0  -0.241908  0.550847  15871.1  2.13911  0.510536  1
276  0  0.527723  0.683406  15753.2  2.21477  0.201617  1
277  0  0.946833  0.450438  16007.1  2.08842  -0.00893359  1
278  0  -0.0838473  -0.597596  16717.5  1.82889  0.35764  1
279  0  0.380474  -0.518853  16747.3  1.84786  0.237554  1
280  0  0.805105  -0.452458  16628.2  1.93322  0.177778  1
281  0  0.13232  -0.347326  16905.3  1.74173  0.276221  1
282  0  0.363251  -0.259705  16848.8  1.79099  0.158795  1
283  0  0.581485  -0.23829  16732.6  1.86751  0.13324  1
284  0  -0.195486  -0.255923  16775.4  1.74464  0.482041  1
285  0  0.180005  0.478561  15404.1  2.37486  0.409637  1
286  0  0.782337  -0.208337  16646.9  1.91934  0.12637  1
287  0  1.01196  -0.219353  16579  1.96243  0.132307  1
288  0  0.66826  0.368113  15622.6  2.28235  -0.00584052  1
289  0  0.868604  0.258884  15890.4  2.1779  -0.145463  1
290  0  0.436512  0.343212  15225.3  2.46958  0.128336  1
291  0  -0.0312815  0.306662  15398.4  2.32545  0.697185  1
292  0  0.226006  -0.176821  17003.3  1.68919  0.144403  1
293  0  0.10209  -0.164847  17150.7  1.58686  0.217804  1
294  0  -0.323666  0.0998127  16253.6  1.95111  0.655633  1
295  0  -0.129421  0.156303  15803.6  2.08012  0.880852  1
296  0  1.21537  0.267147  16304.8  1.96369  -0.0266207  1
297  0  1.39687  -0.106843  16469.8  1.96867  0.101174  1
298  0  1.01253  0.169468  16205  2.13422  -0.218806  1
299  0  0.272472  0.285959  14803.9  2.6204  0.326561  1
300  0  0.7298  0.213143  15616.1  2.39766  -0.162743  1
301  0  0.571866  0.232773  15310.2  2.50648  -0.0837651  1
302  0  0.447517  -0.160566  16811.5  1.81457  0.108225  1
303  0  0.334711  -0.136988  16901  1.76741  0.0967887  1
304  0  0.138738  0.232406  14580.3  2.64939  0.631735  1
305  0  0.879947  -0.134391  16610.7  1.952  0.112213  1
306  0  0.668338  -0.146247  16692.1  1.89638  0.109501  1
307  0  0.556528  -0.130826  16743.8  1.86829  0.100461  1
308  0  0.814505  0.144207  15700  2.31915  -0.244381  1
309  0  0.916171  0.121006  15943  2.09736  -0.285985  1
310  0  0.00783859  -0.125678  17286.1  1.47174  0.356128  1
311  0  0.036522  0.175901  14694.6  2.50183  0.936603  1
312  0  0.37013  0.237764  14743  2.69659  0.122127  1
313  0  0.470162  0.219453  14996  2.68245  -0.0323658  1
314  0  -0.18561  -0.0684171  16672.3  1.71031  0.664571  1
315  0  0.74629  -0.103666  16655.7  1.94017  0.101256  1
316  0  -0.0217693  0.118703  15050.6  2.28188  1.15976  1
317  0  -0.102572  0.0360374  16309.8  1.76757  1.04008  1
318  0  0.156661  -0.115917  17151  1.61187  0.123287  1
319  0  0.967149  -0.0995206  16575.3  1.99501  0.113566  1
320  0  1.16698  -0.123699  16524.8  1.97706  0.10843  1
321  0  1.28772  -0.506243  16489.1  2.02443  0.179444  1
322  0  -0.710635  -0.355647  16476.5  1.91243  0.447584  1
323  0  0.644498  0.156717  15405.6  2.53172  -0.202207  1
324  0  0.275453  -0.107852  16972.2  1.74114  0.0771028  1
325  0  -0.238302  -1.04666  16595.7  1.90832  0.358848  1
326  0  0.0915521  -0.0974159  17312.2  1.50421  0.148165  1
327  0  -1.34993  -0.104997  16346.5  1.96575  0.404765  1
328  0  0.223978  0.204156  14323.8  2.82603  0.44851  1
329  0  0.486293  -0.0995215  16785  1.86963  0.0829849  1
330  0  0.422648  -0.0897816  16826.7  1.85446  0.0777478  1
331  0  0.297149  0.186973  14276.6  2.99549  0.26343  1
332  0  0.8179  -0.0769681  16636.9  1.99956  0.0981744  1
333  0  0.744532  0.116258  15540.8  1.9401  -0.210119  1
334  0  0.569484  1.15191  15993.6  2.07536  0.263504  1
335  0  0.527009  0.167113  15096.1  2.6859  -0.148059  1
336  0  -0.485712  1.35847  16063.2  2.02036  0.378741  1
337  0  1.16259  0.0652402  16484.8  1.6911  -0.0408643  1
338  0  0.618117  -0.765119  16627.2  1.92486  0.247541  1
339  0  0.717844  -1.443  16526  1.97392  0.314364  1
340  0  -1.12529  -0.659655  16455.9  1.94592  0.398103  1
341  0  -1.27266  -1.28223  16486.4  1.95759  0.369855  1
342  0  0.620514  -0.0889691  16712.1  1.92804  0.0912427  1
343  0  0.685016  -0.0773841  16684.8  1.95776  0.0924383  1
344  0  0.973474  0.0778  16108.8  1.52488  -0.288964  1
345  0  -0.0191942  -0.259729  16978.3  1.65258  0.375563  1
346  0  0.135767  -0.558848  16766.7  1.818  0.299906  1
347  0  -0.038657  -0.0607985  17332.2  1.31877  0.641708  1
348  0  -0.38804  -0.167512  16548.3  1.84806  0.527174  1
349  0  0.105408  0.145301  13888.2  2.95601  0.967432  1
350  0  0.85375  0.0781826  15748.6  1.30339  -0.222747  1
351  0  -1.05659  0.420234  16224.6  1.98314  0.431345  1
352  0  1.29959  0.619688  16199.3  1.96672  0.0800766  1
353  0  -0.417424  -0.514452  16605.9  1.86528  0.421979  1
354  0  -1.41151  1.35354  16149.4  1.97594  0.370795  1
355  0  0.200803  -0.0809626  17095.9  1.70269  0.0549178  1
356  0  0.35601  -0.0801808  16853.9  1.84266  0.0684988  1
357  0  1.35865  -1.33174  16431.5  2.0374  0.294926  1
358  0  0.902538  -0.0765395  16597.3  2.01864  0.102035  1
359  0  -0.597056  -1.38478  16539.1  1.93894  0.364347  1
360  0  0.0415165  -0.074878  17536.8  1.37071  0.211477  1
361  0  0.413349  0.163231  14566.7  2.87997  -0.0495012  1
362  0  0.594783  -0.453391  16696.7  1.88722  0.192715  1
363  0  -0.0981406  -0.152945  16985  1.61669  0.522681  1
364  0  0.588032  0.128184  15234  2.01852  -0.187884  1
365  0  0.681176  0.102016  15460.8  1.43651  -0.155068  1
366  0  0.176594  0.148718  13752  3.13837  0.684785  1
367  0  0.528023  -0.0664899  16751.7  1.91154  0.0674465  1
368  0  0.0492502  -1.48124  16562.9  1.93882  0.341998  1
369  0  -0.353803  0.954139  15996.4  2.07124  0.41465  1
370  0  -0.306469  0.312449  15972.8  2.07475  0.611485  1
371  0  -0.629628  0.52213  16109.5  2.02659  0.473567  1
372  0  0.0136383  -0.843955  16657.2  1.88082  0.3358  1
373  0  0.0689259  0.119056  13822.8  2.91923  1.19409  1
374  0  0.310754  -0.0722055  16905.1  1.81738  0.0362858  1
375  0  0.344468  0.164282  14181.6  3.00311  0.106043  1
376  0  0.77801  0.0808893  15595.9  1.12182  -0.107756  1
377  0  0.277425  -0.397043  16834.4  1.7951  0.233037  1
378  0  0.729346  -0.0586144  16654.5  1.9668  0.0858066  1
379  0  0.250791  0.794834  15769.7  2.1884  0.324363  1
380  0  0.48305  0.146736  14882.9  2.49354  -0.150444  1
381  0  0.578665  -0.0619756  16715.8  1.93252  0.081739  1
382  0  0.482041  -0.264482  16777.7  1.83869  0.148463  1
383  0  0.158056  1.51548  16039.8  2.03462  0.327828  1
384  0  0.859537  -0.0465397  16612.4  1.95134  0.0886424  1
385  0  0.772924  -0.0525785  16634.6  1.96313  0.0914714  1
386  0  -1.34835  0.841871  16184.5  1.98148  0.391598  1
387  0  0.94705  -0.0482007  16553.4  2.00273  0.0920545  1
388  0  0.994821  -0.0430922  16534.3  2.00546  0.132835  1
389  0  1.09671  -0.0649831  16548.8  1.92858  0.100454  1
390  0  0.135041  -0.0701819  17238.7  1.61174  0.0513702  1
391  0  0.632515  0.107999  15372.4  1.52662  -0.146864  1
392  0  0.887915  0.0626162  15846  1.01449  -0.153956  1
393  0  0.299244  -0.765252  16680.3  1.88166  0.289268  1
394  0  0.731624  0.599155  15839.3  2.18175  0.102688  1
395  0  -0.0320982  0.0567728  15394  2.00226  1.47566  1
396  0  -0.0485347  0.0218932  16297.7  1.57779  1.34145  1
397  0  1.35045  1.41314  16204.3  1.95383  0.226036  1
398  0  0.936539  0.0540449  15961.5  1.04343  -0.215072  1
399  0  -0.00659267  0.694492  15760.1  2.18766  0.425781  1
400  0  1.03941  -0.46975  16557.4  1.98034  0.174982  1
401  0  1.63126  0.227345  16348.5  1.91759  0.0555059  1
402  0  0.021002  0.0936382  14301.2  2.56549  1.43745  1
403  0  0.894158  -0.260913  16610.7  1.94583  0.13848  1
404  0  0.251307  0.157678  13769.4  3.15918  0.402847  1
405  0  1.46281  -0.955891  16428.3  2.04838  0.248157  1
406  0  0.24642  -0.0674463  17025  1.75539  0.0393761  1
407  0  0.0153047  -0.439944  16825.6  1.77254  0.339234  1
408  0  0.722934  0.910644  15962.2  2.09382  0.195565  1
409  0  -0.301004  -0.778877  16619.5  1.88201  0.377596  1
410  0  0.156489  -0.234748  17013.6  1.66819  0.218485  1
411  0  0.244385  -0.292435  16903.7  1.75151  0.205535  1
412  0  -0.959755  -0.0952546  16361.9  1.95467  0.443808  1
413  0  0.4674  -0.0626461  16792.2  1.88485  0.0681027  1
414  0  1.03344  0.360847  16111.4  2.02147  -0.0531089  1
415  0  0.957795  1.44092  16133.8  1.99365  0.245707  1
416  0  0.413035  -0.382248  16784.9  1.8333  0.195617  1
417  0  0.690792  -0.253301  16682.5  1.90028  0.137733  1
418  0  0.361501  0.536918  15521.6  2.33421  0.263918  1
419  0  0.537855  0.474453  15571.2  2.33129  0.129943  1
420  0  -0.0475925  0.205365  15338.3  2.31059  0.866713  1
421  0  -0.171079  0.314741  15770.6  2.15891  0.662626  1
422  0  -0.891675  1.22316  16109.6  2.00199  0.391144  1
423  0  1.06383  -0.140383  16582.9  1.99049  0.112566  1
424  0  1.17247  -0.261167  16526  2.00498  0.131226  1
425  0  0.717563  0.0876566  15509.4  1.09786  -0.117586  1
426  0  0.301309  -0.199985  16918.9  1.74135  0.138558  1
427  0  0.63837  -0.0560319  16696.2  1.9373  0.082738  1
428  0  1.08442  0.0681368  16550.5  1.4749  -0.141912  1
429  0  0.402894  -0.0622783  16849.1  1.85212  0.0648273  1
430  0  0.548395  0.122268  15142.9  1.88655  -0.168426  1
431  0  -1.57562  0.339489  16266.4  1.9701  0.386206  1
432  0  0.570429  -1.09635  16581.1  1.94275  0.290732  1
433  0  0.519568  -0.20422  16761.9  1.84583  0.126237  1
434  0  0.773431  0.315085  15749.2  2.20187  -0.0841834  1
435  0  -1.57027  -0.91866  16448.9  1.96202  0.3718  1
436  0  0.160469  0.357351  15143.3  2.48732  0.489118  1
437  0  0.994547  0.0490363  16165  1.06599  -0.299939  1
438  0  0.453866  0.927973  15878.9  2.13599  0.269222  1
439  0  0.386186  -0.128238  16854  1.80026  0.0934856  1
440  0  -0.657295  -0.108739  16407.5  1.92594  0.489363  1
441  0  0.374881  -0.199738  16857.8  1.78201  0.129385  1
442  0  0.142141  0.132352  13648.1  3.13372  0.84986  1
443  0  0.0913555  -0.0642023  17393.7  1.51373  0.0736074  1
444  0  0.550763  0.351302  15410.6  2.37622  0.0427757  1
445  0  0.619213  1.64233  16089.1  2.01129  0.296778  1
446  0  1.39169  0.102673  16406.4  1.89341  0.0318425  1
447  0  -0.19091  -0.436039  16729.5  1.80276  0.408483  1
448  0  -0.164923  1.25959  16012.2  2.05187  0.366952  1
449  0  -0.219072  1.6284  16078.5  2.00857  0.352823  1
450  0  0.821732  0.065073  15607.2  0.825336  -0.158455  1
451  0  0.0532478  -0.249621  17024.3  1.64091  0.303352  1
452  0  1.61646  1.01591  16249.8  1.90492  0.169186  1
453  0  0.044476  0.448165  15454.2  2.33234  0.520432  1
454  0  -1.07693  -0.972256  16487.5  1.94762  0.38304  1
455  0  0.217817  -0.133895  17041.6  1.67944  0.110313  1
456  0  0.324766  -1.33673  16568.7  1.93999  0.325605  1
457  0  -1.5743  -0.388989  16386.8  1.96496  0.383448  1
458  0  0.812164  -0.146618  16633.5  1.93088  0.114125  1
459  0  0.556228  -0.649546  16666.7  1.90253  0.23527  1
460  0  0.692712  -0.5781  16642.3  1.92014  0.209721  1
461  0  0.391588  0.147587  14354.1  2.72475  -0.0431936  1
462  0  0.433673  0.14185  14593.4  2.51299  -0.120647  1
463  0  0.332052  0.41146  15275.5  2.45816  0.259982  1
464  0  0.630808  0.238105  15435.8  2.43054  -0.106397  1
465  0  0.298185  0.151731  13965.9  3.07079  0.228302  1
466  0  0.181105  -0.060736  17134.2  1.69112  0.0329884  1
467  0  1.63823  -0.381411  16400.3  2.08574  0.16182  1
468  0  0.0217689  -0.045522  17774  1.02595  0.229314  1
469  0  -0.496768  0.212803  16198.4  1.99228  0.554909  1
470  0  0.816146  -0.0415117  16639.6  1.92942  0.0891214  1
471  0  -0.864386  -0.593805  16485  1.92609  0.414279  1
472  0  -0.235225  0.083455  16227.8  1.92485  0.749128  1
473  0  0.0164052  -0.192543  17123.1  1.57399  0.341292  1
474  0  -0.108042  0.429161  15685.6  2.2188  0.575418  1
475  0  -0.289024  -1.45784  16556.7  1.93602  0.354086  1
476  0  0.280009  -0.0630928  16968.5  1.79159  0.030704  1
477  0  0.684694  -0.0496572  16686  1.94286  0.0833687  1
478  0  0.0127266  -1.0704  16611.6  1.90815  0.337383  1
479  0  0.434912  -0.0639964  16820.6  1.87859  0.0656873  1
480  0  0.500033  -0.0564988  16778.8  1.89959  0.0661591  1
481  0  0.611199  -0.356905  16707.4  1.88658  0.166228  1
482  0  0.147753  -0.184262  17081.5  1.63022  0.192124  1
483  0  0.206403  0.136803  13600.1  3.13981  0.566556  1
484  0  -0.571819  -1.12385  16548  1.92686  0.373106  1
485  0  -0.447861  0.711207  16009  2.0665  0.4599  1
486  0  0.903036  -0.040397  16599.1  1.94713  0.0875326  1
487  0  -0.378769  -0.335829  16612.3  1.84159  0.46435  1
488  0  -0.517228  0.00485459  16362.7  1.92791  0.537906  1
489  0  0.94345  0.772622  16025.1  2.06645  0.125437  1
490  0  1.17579  0.500563  16172.4  1.99261  0.0297496  1
491  0  1.45779  0.438622  16278.4  1.91301  0.0645399  1
492  0  1.04592  -1.16897  16501.1  1.99695  0.279496  1
493  0  0.267718  -0.174896  16962.9  1.71735  0.130471  1
494  0  -0.0887693  -0.029063  16839.1  1.49412  0.862991  1
495  0  1.05019  -0.0316387  16654.9  1.69533  0.134322  1
496  0  1.66355  0.683838  16268.9  1.89906  0.112228  1
497  0  0.169948  -0.448341  16829.1  1.789  0.27561  1
498  0  0.60787  -0.0533053  16720.9  1.93248  0.084001  1
499  0  0.0960656  0.106988  13289.7  2.86992  1.08692  1
500  0  0.611248  -0.142577  16716.6  1.88344  0.104389  1
501  0  0.065013  0.270042  14974  2.51606  0.696781  1
502  0  -0.970455  1.69769  16112.4  1.98721  0.368844  1
503  0  0.800286  0.224535  15717.9  2.29868  -0.161361  1
504  0  0.0104529  0.0631478  14050.6  2.34421  1.70901  1
505  0  -0.642667  1.07091  16072  2.02566  0.400949  1
506  0  -0.839894  0.360833  16207.8  1.99219  0.463291  1
507  0  0.509759  0.275878  15216.5  2.46467  -0.0016611  1
508  0  0.0516801  0.0903268  13536.9  2.72724  1.38199  1
509  0  0.357769  -0.0507707  16834.7  1.69211  0.0617792  1
510  0  -0.50648  -0.712031  16574.4  1.89442  0.39873  1
511  0  -1.02151  -1.65227  16509.2  1.95663  0.361528  1
512  0  0.791792  0.459676  15833.3  2.19159  0.0145765  1
513  0  1.11068  -1.62067  16461.8  2.01059  0.324286  1
514  0  0.346791  0.312507  14988.6  2.56185  0.214296  1
515  0  0.865956  -0.982497  16544.4  1.97426  0.259034  1
516  0  0.745696  0.0800997  15526.7  0.964077  -0.130727  1
517  0  -0.111714  0.8559  15887.3  2.12389  0.408957  1
518  0  -0.00487802  -0.0363736  17648.5  0.774263  0.497701  1
519  0  0.950377  -0.161393  16592.4  1.95481  0.120778  1
520  0  0.499843  0.118793  14937.7  1.51501  -0.119122  1
521  0  0.716448  0.159569  15547.5  2.44795  -0.200961  1
522  0  0.771152  0.167963  15640.7  2.41939  -0.220682  1
523  0  0.725195  -0.170207  16667.2  1.9056  0.116101  1
524  0  -0.301065  -0.0755297  16537.3  1.82387  0.598852  1
525  0  -0.974497  -0.360454  16426.8  1.93945  0.425919  1
526  0  0.761932  -0.31472  16651.6  1.92033  0.149876  1
527  0  -0.224722  0.184724  15993.5  2.05226  0.727897  1
528  0  0.882597  0.18223  15910  2.28247  -0.235136  1
529  0  -0.828961  -1.11532  16519.7  1.93808  0.377824  1
530  0  0.0550933  -0.112175  17342.2  1.46432  0.226412  1
531  0  0.890718  -0.576658  16592.3  1.95556  0.197771  1
532  0  0.504992  -0.360856  16747.7  1.85839  0.177278  1
533  0  -1.6389  1.0409  16180.4  1.97264  0.37101  1
534  0  0.553263  -0.0463205  16707.5  1.77317  0.062751  1
535  0  -1.57861  -1.57861  16484  1.96517  0.359901  1
536  0  0.269484  -0.514991  16772.9  1.82568  0.259819  1
537  0  0.506999  -1.63262  16532  1.96589  0.334127  1
538  0  0.30034  1.14284  15953.1  2.09356  0.312559  1
539  0  0.433909  0.262161  14991.9  2.56479  0.0645435  1
540  0  0.227882  -0.0487254  17038.4  1.59719  0.0323091  1
541  0  -0.0726169  0.0924585  15696.6  2.00866  1.12744  1
542  0  0.874345  0.372986  15909.2  2.1312  -0.0624497  1
543  0  0.608228  0.098668  15329.8  1.07209  -0.076657  1
544  0  0.750194  -0.0366212  16639.1  1.75659  0.0787808  1
545  0  0.65054  0.0882515  15400.5  0.814251  -0.0455855  1
546  0  0.863604  0.0470396  15831.2  0.390977  -0.0516217  1
547  0  -0.258424  -0.161497  16673.4  1.77175  0.549984  1
548  0  0.968147  -0.0277386  16502.9  1.78032  0.0828594  1
549  0  0.961396  -0.325487  16586.5  1.96183  0.150766  1
550  0  0.201127  0.264045  14693.6  2.64458  0.47064  1
551  0  -0.234864  -0.576131  16672.4  1.84194  0.390897  1
552  0  0.606926  0.178259  15327  2.58668  -0.16483  1
553  0  0.501653  -0.147481  16778.6  1.84123  0.102651  1
554  0  -1.59983  1.59983  16144.2  1.97367  0.361043  1
555  0  0.116626  -0.129981  17205.4  1.56963  0.16268  1
556  0  -0.525943  -0.246534  16506.4  1.88533  0.4828  1
557  0  0.964651  0.0457494  16044.5  0.938503  -0.251502  1
558  0  0.954212  0.222253  16030.8  2.13764  -0.174769  1
559  0  0.143834  -0.769295  16686.1  1.87183  0.312115  1
560  0  0.0480023  -0.673281  16711.2  1.84666  0.327675  1
561  0  0.692192  0.0753963  15485.3  0.461354  -0.0147878  1
562  0  0.307489  -0.110341  16928  1.77016  0.0794708  1
563  0  0.0690024  -0.0499968  17507.8  1.33141  0.0539653  1
564  0  -1.65659  0.671673  16222.4  1.97289  0.377193  1
565  0  -0.425713  0.463344  16017.7  2.07171  0.527727  1
566  0  0.907465  0.0408706  15868.4  0.476729  -0.0444123  1
567  0  0.564307  0.103332  15163.2  1.01408  -0.0983244  1
568  0  -1.05797  1.00869  16139.8  1.99485  0.397994  1
569  0  0.375868  0.18091  14468.6  2.95105  0.0512816  1
570  0  0.113952  -0.0497311  17319.1  1.46905  0.021134  1
571  0  0.42959  -0.220636  16817.3  1.80986  0.135817  1
572  0  -0.668296  1.7429  16101  1.99161  0.367107  1
573  0  0.164345  0.118591  13334.9  2.78287  0.676039  1
574  0  1.71643  -0.11242  16362.6  2.05441  0.108929  1
575  0  0.254489  0.621342  15604.3  2.28322  0.338342  1
576  0  0.858021  -0.0784962  16619.9  2.00589  0.0998761  1
577  0  0.38908  -0.0921484  16855  1.83601  0.0793363  1
578  0  0.510827  -0.935017  16616.3  1.92344  0.278896  1
579  0  -0.17856  -1.7253  16548.6  1.9487  0.350831  1
580  0  0.714445  -0.125909  16669  1.91584  0.10509  1
581  0  1.03899  -0.0833827  16603.4  2.02283  0.116908  1
582  0  -1.07473  0.707567  16175.3  1.99209  0.415246  1
583  0  -0.44139  -0.961562  16574.3  1.91086  0.375742  1
584  0  0.0812969  0.195164  14545.1  2.61695  0.806062  1
585  0  0.46003  -0.469554  16736.8  1.8592  0.210989  1
586  0  0.276196  0.13609  13677.7  2.71135  0.259718  1
587  0  0.312967  0.245212  14623.8  2.69436  0.234211  1
588  0  0.0431258  -0.33629  16916.8  1.71572  0.322568  1
589  0  0.321071  0.138021  13946.1  2.5824  0.111682  1
590  0  0.652533  0.482956  15699.5  2.26871  0.0759414  1
591  0  0.635973  -0.203809  16706.8  1.88173  0.124153  1
592  0  0.158123  -0.0493314  17177.7  1.53693  0.0174213  1
593  0  -0.133334  -0.731108  16668.8  1.86173  0.358676  1
594  0  0.0350244  0.0704607  13514.4  2.5666  1.58804  1
595  0  0.410929  0.130921  14417.1  2.07186  -0.0841735  1
596  0  -0.999784  0.161282  16286  1.97134  0.446666  1
597  0  0.45326  -0.117788  16807.8  1.838  0.0899021  1
598  0  0.585943  -0.0986574  16727.5  1.9113  0.0924339  1
599  0  0.455891  0.124601  14735.7  1.85112  -0.13241  1
600  0  0.837089  -0.0287596  16633.4  1.67689  0.076594  1
601  0  0.366257  0.134977  14153.8  2.36583  0.000983769  1
602  0  0.0805408  1.26009  15989.7  2.06665  0.344563  1
603  0  0.793781  -0.0310153  16635.3  1.69404  0.0744567  1
604  0  0.798359  0.0544514  15575.8  0.26168  0.00776189  1
605  0  0.838279  1.16753  16061.3  2.03813  0.225  1
606  0  -1.69699  -0.10259  16342.1  1.96834  0.378267  1
607  0  -0.0478632  -0.114397  17185.2  1.49577  0.520685  1
608  0  1.03283  0.0259699  16508.1  0.991533  -0.113651  1
609  0  0.0776586  0.0915461  13200.5  2.76008  1.21951  1
610  0  0.662442  -0.0368448  16681.8  1.71981  0.0685418  1
611  0  0.326548  -0.331623  16839.5  1.79766  0.194614  1
612  0  1.62192  -1.62192  16365.1  2.04825  0.326609  1
613  0  0.694556  0.273248  15585.3  2.29836  -0.0964967  1
614  0  0.706017  -0.035774  16676  1.72828  0.0752364  1
615  0  0.123549  0.110568  13193.6  2.85865  0.911856  1
616  0  0.230769  0.130807  13535  2.77792  0.409384  1
617  0  -1.25692  -0.353261  16402.7  1.95555  0.404294  1
618  0  -0.84119  0.591485  16155  2.00505  0.44326  1
619  0  0.334531  -0.628759  16716.9  1.86226  0.263559  1
620  0  0.330469  -0.0534734  16877.6  1.71861  0.0563515  1
621  0  0.0782588  0.837924  15821.8  2.15725  0.371164  1
622  0  0.924366  -0.0253954  16585.6  1.69701  0.0724131  1
623  0  0.0460629  -0.0435786  17682.2  1.13421  0.0621713  1
624  0  0.881064  -0.0261156  16611.2  1.67015  0.0718587  1
625  0  0.0699686  0.341316  15196.4  2.43877  0.595375  1
626  0  0.378705  -0.0454898  16871  1.64259  0.0490031  1
627  0  0.183859  -0.149236  17077.1  1.649  0.141666  1
628  0  0.136772  0.176394  14158.8  2.86061  0.743806  1
629  0  0.816077  0.0990355  15674.9  1.72201  -0.232543  1
630  0  0.523117  -0.101764  16759.7  1.88268  0.0861253  1
631  0  0.572783  -0.184324  16736.5  1.86128  0.116761  1
632  0  1.16065  0.171318  16390.5  1.98533  -0.09005  1
633  0  0.202312  -0.0487959  17091.9  1.59437  0.0233812  1
634  0  0.606428  0.29411  15448  2.33812  -0.0387768  1
635  0  0.234782  -0.0988024  17034.7  1.71228  0.0720358  1
636  0  0.522729  0.210917  15154.7  2.64622  -0.0895214  1
637  0  1.28129  -0.014026  16486.5  1.81809  0.0636674  1
638  0  1.35123  -0.298107  16475.2  2.03965  0.137832  1
639  0  0.530975  -0.0406281  16750.4  1.65378  0.0578352  1
640  0  -0.613988  -0.539155  16536.4  1.89891  0.422499  1
641  0  0.574774  -0.038854  16694.5  1.64661  0.0579826  1
642  0  0.26257  0.228798  14481.6  2.74493  0.343814  1
643  0  1.36109  1.141  16196.2  1.95402  0.186421  1
644  0  0.135992  -0.0449718  17243.5  1.4531  0.00798341  1
645  0  0.926429  -0.110715  16588.8  1.97604  0.108619  1
646  0  -0.00741346  0.0383411  14645.2  1.84413  1.92077  1
647  0  0.521569  0.109342  15042.8  1.18617  -0.0665981  1
648  0  0.0302807  0.130654  14428.2  2.5796  1.15722  1
649  0  -1.3277  0.527094  16226.7  1.97748  0.403011  1
650  0  0.849018  -0.200203  16626.4  1.93305  0.126379  1
651  0  0.208695  -0.242942  16972.3  1.70093  0.19267  1
652  0  0.188417  0.120847  13309.2  2.70817  0.563238  1
653  0  0.859822  -0.347054  16618.7  1.9422  0.155003  1
654  0  0.343616  0.132645  13956.5  2.27763  0.0340455  1
655  0  0.253876  0.129915  13491  2.58527  0.299931  1
656  0  0.727997  -0.0313584  16654.7  1.63706  0.0752432  1
657  0  0.62749  0.0851292  15319.3  0.55532  -0.0471348  1
658  0  1.67285  -1.159  16380.3  2.07305  0.277288  1
659  0  0.477237  0.117353  14829.1  1.44675  -0.14709  1
660  0  -0.033052  -0.0164019  17187.4  0.995944  1.06703  1
661  0  0.771739  -0.0292164  16630.2  1.61771  0.0722611  1
662  0  0.670527  0.0753803  15417.1  0.38726  -0.0762123  1
663  0  -0.257924  0.736508  15919.2  2.10656  0.450689  1
664  0  1.00442  -0.132202  16574.5  1.97619  0.121389  1
665  0  0.858816  -0.0225294  16612.3  1.54863  0.0700861  1
666  0  0.838993  0.0469145  15703.1  0.277005  -0.127619  1
667  0  0.584582  0.0939037  15179.4  0.777478  -0.11035  1
668  0  0.164195  -0.0843733  17160.8  1.6439  0.0720943  1
669  0  0.0286428  -0.547756  16764.5  1.80923  0.332999  1
670  0  0.776623  0.0538528  15592.5  0.154105  0.0546505  1
671  0  1.52876  -0.654911  16422.5  2.06189  0.206853  1
672  0  -0.622873  0.326781  16175  2.00761  0.508322  1
673  0  0.205312  -0.360161  16880.7  1.76357  0.245225  1
674  0  -0.657403  0.711319  16091.4  2.03057  0.444209  1
675  0  0.94623  -0.0209393  16551  1.60913  0.0690675  1
676  0  1.25028  1.69495  16212.4  1.94946  0.257346  1
677  0  0.967172  0.123119  16118.6  2.06569  -0.285778  1
678  0  0.707027  0.122085  15498.3  2.04307  -0.203564  1
679  0  0.884288  0.0370564  15856.8  0.202742  -0.010136  1
680  0  -1.27277  0.207801  16283.8  1.97112  0.413927  1
681  0  -0.171795  0.0213586  16429.3  1.79326  0.795519  1
682  0  0.653805  -0.0850496  16692.4  1.93829  0.0934493  1
683  0  0.560556  0.153102  15212  2.54191  -0.174958  1
684  0  0.417756  -0.306821  16804.1  1.82315  0.169905  1
685  0  0.391866  1.38422  16025.4  2.04926  0.304767  1
686  0  0.201888  -1.75599  16544.8  1.95694  0.345435  1
687  0  1.26157  -0.755958  16483.6  2.02112  0.219221  1
688  0  0.336726  0.196117  14430.7  2.94243  0.171115  1
689  0  -0.108129  -0.0941235  16964.8  1.56956  0.627965  1
690  0  0.861466  0.133881  15792.7  2.16683  -0.267883  1
691  0  0.0913465  0.577399  15603.2  2.27584  0.426972  1
692  0  -0.0963419  -0.347952  16834.2  1.7429  0.39992  1
693  0  -1.66697  -1.25315  16466.2  1.96702  0.362354  1
694  0  0.245036  0.371065  15113.2  2.51855  0.364178  1
695  0  0.398445  0.707937  15726.1  2.22376  0.261445  1
696  0  1.20924  -0.977823  16483.7  2.01291  0.253931  1
697  0  0.793951  -1.67865  16496.6  1.98738  0.331357  1
698  0  -0.018056  0.0103999  15958.5  1.18507  1.75362  1
699  0  0.178142  0.2029  14283.9  2.82815  0.575622  1
700  0  0.650195  0.716588  15848.9  2.16565  0.168793  1
701  0  1.6519  1.66891  16267.9  1.92127  0.242444  1
702  0  0.24528  0.963109  15871.3  2.13582  0.326086  1
703  0  0.784855  0.121671  15631.1  2.06745  -0.230534  1
704  0  1.02295  0.091703  16349  1.69727  -0.284126  1
705  0  0.0908089  -0.413349  16857.2  1.76586  0.304353  1
706  0  0.785131  -0.0913018  16641.9  1.96704  0.101041  1
707  0  0.419778  0.205473  14777.4  2.79765  0.0146779  1
708  0  0.991147  -0.0197488  16442.7  1.66049  0.104799  1
709  0  0.19272  -0.112933  17095.8  1.65546  0.0963555  1
710  0  0.671207  0.194852  15495.6  2.5061  -0.165274  1
711  0  0.246287  -0.0452541  17048.3  1.53329  0.0207505  1
712  0  0.693378  -0.411669  16665.5  1.90937  0.174972  1
713  0  0.299329  -0.0463457  16904.7  1.60156  0.00703539  1
714  0  -0.250642  0.414109  15878.5  2.1309  0.576108  1
715  0  0.4654  -0.0376882  16798.1  1.56879  0.049714  1
716  0  0.45366  0.168779  14792.2  2.77458  -0.0853332  1
717  0  -0.371494  0.208233  16129.7  2.00821  0.617515  1
718  0  0.841383  -0.760173  16582.1  1.9563  0.23108  1
719  0  0.104407  -0.22021  17061.9  1.62884  0.246277  1
720  0  0.485803  -0.0399368  16782.5  1.64587  0.0504104  1
721  0  -0.49573  -1.71133  16537.6  1.94798  0.356167  1
722  0  0.433014  0.450172  15428.3  2.39581  0.188252  1
723  0  0.0697039  -0.0797335  17412.3  1.45625  0.143848  1
724  0  0.305556  -0.255401  16891.4  1.76137  0.169002  1
725  0  0.665191  -0.0616325  16688.2  1.96321  0.0868499  1
726  0  -0.00235253  -0.0773704  17484.7  1.3375  0.410457  1
727  0  0.523129  0.135433  15049.9  2.28572  -0.16375  1
728  0  -0.149931  0.0876551  16098.8  1.92496  0.871598  1
729  0  1.66332  1.33983  16256.7  1.91639  0.212533  1
730  0  -0.0108818  0.167062  15031.3  2.36231  0.986928  1
731  0  0.404171  -0.165263  16839.5  1.79549  0.110964  1
732  0  -0.291797  -0.443021  16666.3  1.83017  0.427891  1
733  0  0.123238  -0.0992268  17234.9  1.56707  0.1119  1
734  0  0.546875  -0.29039  16740.6  1.86452  0.150841  1
735  0  0.267967  -0.0444568  17017  1.57846  0.00485149  1
736  0  0.884179  0.100459  15853  1.78125  -0.269092  1
737  0  0.927245  0.0306896  15905.3  0.207472  -0.0714413  1
738  0  -0.0706337  0.151773  15473  2.18144  0.973131  1
739  0  0.111028  -0.0761516  17299.9  1.55315  0.079192  1
740  0  -1.71878  -0.654315  16416  1.96471  0.370505  1
741  0  0.419061  -0.124201  16831.2  1.81832  0.0920383  1
742  0  -0.136391  -0.898439  16628.9  1.89091  0.3542  1
743  0  1.06597  0.600482  16085.4  2.04311  0.0587567  1
744  0  0.127063  0.293032  14907.2  2.56937  0.581334  1
745  0  1.06933  0.246656  16203.2  2.0242  -0.109006  1
746  0  1.13871  0.356338  16205.2  1.97013  -0.0277486  1
747  0  1.14484  0.776712  16119.1  2.00795  0.11566  1
748  0  0.939604  0.167534  16035.5  2.24498  -0.249819  1
749  0  0.554257  -0.0843389  16730.6  1.91885  0.082852  1
750  0  0.712316  0.0652852  15495.3  0.193907  0.0383087  1
751  0  -0.805125  0.0094645  16335.7  1.95549  0.472633  1
752  0  -0.146808  -1.24167  16579  1.92332  0.349174  1
753  0  0.175591  -0.2934  16945.7  1.71796  0.235111  1
754  0  0.256605  -0.224049  16943.4  1.72295  0.163789  1
755  0  0.733584  0.0602964  15494  0.198694  -0.0370134  1
756  0  0.557863  0.190175  15236.4  2.66726  -0.135353  1
757  0  0.287945  -0.0865876  16951.7  1.77919  0.0564219  1
758  0  0.640187  -0.0333127  16701.5  1.60118  0.0678843  1
759  0  0.508945  -0.0384082  16774.5  1.65687  0.0546957  1
760  0  0.420364  -0.0425309  16833.3  1.64079  0.0465963  1
761  0  -0.568386  0.868953  16058  2.04146  0.426521  1
762  0  -0.0449115  -0.178515  17072  1.58387  0.435691  1
763  0  -0.105743  -0.22404  16911.8  1.66927  0.462895  1
764  0  0.619744  -0.035329  16713.8  1.65032  0.0717329  1
765  0  0.493721  0.181889  14961.2  2.75922  -0.104773  1
766  0  0.376999  -0.0672699  16863.2  1.84835  0.0705558  1
767  0  0.541812  0.101141  15067.8  0.805821  -0.0993524  1
768  0  0.337354  -0.177198  16894.8  1.7596  0.120372  1
769  0  0.445602  -0.0423024  16801  1.65553  0.0519506  1
770  0  -0.716161  -0.715046  16524.7  1.91648  0.404131  1
771  0  -0.813835  -0.204879  16408.5  1.93572  0.455601  1
772  0  -0.0501993  0.548822  15698.1  2.2268  0.490302  1
773  0  1.79979  -0.607411  16360.9  2.10586  0.207545  1
774  0  0.331445  -0.0940627  16886.1  1.81196  0.0662969  1
775  0  0.642101  -0.117921  16700.6  1.9049  0.0985989  1
776  0  -0.891891  -0.827222  16499.8  1.93484  0.394104  1
777  0  1.35817  0.888453  16193.6  1.95248  0.139989  1
778  0  1.01814  -0.0210615  16534.1  1.62724  0.15681  1
779  0  -1.30112  -0.895707  16462.4  1.95489  0.382154  1
780  0  0.0155127  0.220033  15022.3  2.4465  0.835974  1
781  0  0.886701  1.70227  16149.3  1.98209  0.27975  1
782  0  0.596562  -0.0348478  16714.1  1.64738  0.0621792  1
783  0  -0.122498  1.0676  15964.1  2.0852  0.381158  1
784  0  -0.922048  -1.38628  16513.8  1.94825  0.368725  1
785  0  0.451979  -0.0884555  16808.6  1.86961  0.0765429  1
786  0  0.364985  -0.153451  16870.3  1.7781  0.106473  1
787  0  0.354499  -0.435719  16787.9  1.82663  0.22168  1
788  0  -1.31625  -1.71  16496  1.96123  0.359855  1
789  0  0.194702  -1.18714  16596.3  1.92385  0.32448  1
790  0  0.953688  0.314917  16028.3  2.06781  -0.0962461  1
791  0  0.0822574  -0.132763  17242.4  1.53697  0.21155  1
792  0  0.716684  -0.0883561  16668.5  1.95377  0.0953158  1
793  0  0.713682  1.39839  16071  2.02824  0.268746  1
794  0  1.26708  0.144365  16416  1.90345  -0.0293666  1
795  0  0.941411  0.0907691  16024.7  1.72045  -0.282884  1
796  0  -1.32605  1.72611  16128.3  1.98006  0.364891  1
797  0  0.443257  -0.749013  16664.5  1.89784  0.264297  1
798  0  0.399998  -0.0399023  16856.6  1.55808  0.041682  1
799  0  1.1606  -0.0247514  16496  1.70952  0.0963698  1
800  0  0.913567  -0.445834  16596.8  1.95432  0.172909  1
801  0  0.756223  0.0588492  15562.7  0.249085  -0.0461858  1
802  0  -0.269065  0.016247  16418.3  1.85273  0.676834  1
803  0  0.826867  -0.267568  16631.6  1.93298  0.139834  1
804  0  -0.400903  -0.0079049  16406.3  1.89449  0.585204  1
805  0  -0.158589  -0.159491  16823.9  1.69078  0.5547  1
806  0  -0.387423  1.16685  16027.2  2.04742  0.386874  1
807  0  0.490942  0.401968  15420.1  2.41032  0.114962  1
808  0  -0.45507  0.103877  16276.2  1.95732  0.578405  1
809  0  -0.529352  -0.398323  16547.3  1.88007  0.448119  1
810  0  1.67946  0.442425  16290.7  1.88309  0.0775871  1
811  0  0.704599  -0.0610724  16673.5  1.97566  0.0853904  1
812  0  0.219727  0.1664  13931.5  3.10995  0.515773  1
813  0  1.11265  1.22914  16140.1  1.99345  0.210169  1
814  0  -1.42445  -0.645098  16428.9  1.95819  0.385317  1
815  0  0.59653  0.586843  15724  2.23664  0.146601  1
816  0  0.358176  -0.113923  16879.9  1.7991  0.0860714  1
817  0  1.3909  0.27384  16328.9  1.92853  0.0177011  1
818  0  1.36444  -1.72864  16418.4  2.02269  0.332566  1
819  0  0.167634  -0.899472  16648.5  1.89283  0.314834  1
820  0  1.06892  -0.315342  16558.3  1.98013  0.147115  1
821  0  1.09154  -0.215621  16565.5  1.97903  0.123808  1
822  0  -0.0639554  0.0517905  15947.9  1.84782  1.27415  1
823  0  0.145222  0.108858  13254.8  2.65835  0.739488  1
824  0  -0.141839  0.643693  15824.8  2.15502  0.46304  1
825  0  0.948517  0.0282277  15970  0.321782  -0.122018  1
826  0  0.18507  -0.200968  17028.6  1.66464  0.177609  1
827  0  -0.856007  1.0314  16110  2.00834  0.403199  1
828  0  0.689522  -0.198247  16682.7  1.89564  0.122208  1
829  0  0.133659  0.705198  15720.8  2.2141  0.375986  1
830  0  1.27969  0.409366  16254.3  1.94048  0.0213879  1
831  0  0.0665315  0.153247  14323.3  2.67243  0.988782  1
832  0  0.75289  -0.0744531  16647.6  1.98132  0.0937823  1
833  0  -0.364943  -0.645373  16615.9  1.87062  0.398749  1
834  0  -1.74635  1.3463  16161.3  1.97013  0.362445  1
835  0  0.22244  -0.0689465  17051.3  1.74154  0.0436982  1
836  0  0.879466  0.599889  15957.1  2.11974  0.0717819  1
837  0  -0.118718  0.231222  15649.9  2.20125  0.796217  1
838  0  0.992835  0.0200163  16106.2  0.398397  -0.17259  1
839  0  0.598248  -0.0757269  16719.8  1.94149  0.0888967  1
840  0  0.0919285  -0.0434707  17427.7  1.34086  0.00893848  1
841  0  0.939617  -0.0745677  16574.2  2.03729  0.104853  1
842  0  1.16352  -0.383232  16526.9  2.00157  0.156663  1
843  0  0.33945  1.7345  16079.2  2.01188  0.315523  1
844  0  -0.0667677  1.46931  16041.9  2.03189  0.348878  1
845  0  -0.741662  1.43994  16094.3  2.00188  0.377977  1
846  0  1.53812  0.01686  16414.3  1.954  0.0792329  1
847  0  0.298843  0.130297  13739.3  2.37452  0.150257  1
848  0  0.388798  -1.11534  16596.4  1.92869  0.306203  1
849  0  0.972743  0.0256617  16072.6  0.40454  -0.13194  1
850  0  0.683849  -0.951195  16584.3  1.94633  0.266989  1
851  0  0.797177  -0.0586751  16639.2  1.98425  0.0943711  1
852  0  0.0517173  -0.156614  17221.9  1.53684  0.274897  1
853  0  0.0655735  -0.196767  17110.7  1.59204  0.27614  1
854  0  0.599941  0.417462  15554.9  2.34751  0.06726  1
855  0  -0.759524  -1.66393  16524.3  1.9505  0.360856  1
856  0  0.818362  0.0443051  15601.7  0.00421828  -0.0322535  1
857  0  0.880839  -0.0536176  16611.9  2.00134  0.0947406  1
858  0  0.475845  0.573288  15626.4  2.28543  0.198497  1
859  0  1.05943  -0.645858  16542.5  1.9874  0.205272  1
860  0  0.676891  -0.109579  16683.1  1.91904  0.0987971  1
861  0  0.281986  0.494829  15395.5  2.38724  0.326638  1
862  0  0.110864  -0.280266  16980.5  1.68333  0.266919  1
863  0  0.76482  -0.144138  16650.9  1.92191  0.1101  1
864  0  0.296958  -0.148155  16937.5  1.73933  0.106412  1
865  0  1.74359  -0.899269  16368.7  2.08731  0.247018  1
866  0  0.500973  -0.077384  16774.4  1.8986  0.0736101  1
867  0  -1.30909  1.10004  16156.8  1.98169  0.382587  1
868  0  -1.78686  0.172304  16298.9  1.96793  0.372994  1
869  0  0.749518  0.256503  15661.3  2.26286  -0.12716  1
870  0  0.923321  -0.05302  16581.3  2.02247  0.0938019  1
871  0  0.549512  -1.30711  16558.2  1.95235  0.309504  1
872  0  -0.291547  -0.254682  16662.6  1.80043  0.494202  1
873  0  1.27377  -0.160769  16503.1  1.99477  0.115766  1
874  0  1.09789  0.00632894  16584.6  1.42137  0.0469586  1
875  0  0.765768  -1.18159  16544  1.96616  0.28895  1
876  0  0.222353  -0.659015  16723.4  1.8512  0.291647  1
877  0  0.679043  0.143628  15493.8  2.36402  -0.206952  1
878  0  0.837739  -0.0544551  16628.7  1.99192  0.0910088  1
879  0  0.815225  -0.0228761  16640.3  1.52045  0.0671561  1
880  0  0.4709  -0.195728  16791.3  1.82635  0.123229  1
881  0  -0.44161  0.313159  16097.4  2.03377  0.559919  1
882  0  0.830632  -0.105555  16623.2  1.96211  0.103366  1
883  0  -1.13481  -0.00467537  16328.7  1.96538  0.427995  1
884  0  0.0148832  1.73612  16085.3  2.00576  0.336612  1
885  0  -0.466853  1.59698  16084.5  2.00297  0.365723  1
886  0  0.258506  0.187669  14145.9  3.00545  0.373695  1
887  0  1.08836  0.133412  16362.3  1.9844  -0.179895  1
888  0  -0.527976  -0.118694  16445.2  1.89872  0.519381  1
889  0  0.388376  0.126686  14216.5  1.90477  -0.0567043  1
890  0  0.621681  0.135728  15347.9  2.19102  -0.189868  1
891  0  0.904309  -0.188038  16608  1.94334  0.125242  1
892  0  0.944441  -0.231037  16594.5  1.95391  0.13249  1
893  0  0.432395  0.121273  14517  1.59817  -0.110648  1
894  0  0.452885  -0.591781  16703.3  1.87523  0.238162  1
895  0  0.276269  0.164028  13994.2  3.14784  0.319727  1
896  0  1.07215  0.453734  16113.1  2.02671  -0.00151514  1
897  0  0.677975  -0.323504  16683  1.90226  0.154871  1
898  0  0.628225  -0.279278  16708.1  1.88518  0.144817  1
899  0  -0.359537  -1.2066  16565.5  1.92405  0.361836  1
900  0  0.91228  0.0782943  15900.6  1.47536  -0.24363  1
901  0  0.047978  -1.28186  16583.8  1.92618  0.336312  1
902  0  0.96547  -1.4041  16496.7  1.99619  0.305308  1
903  0  -1.50431  0.104235  16306.9  1.96844  0.392843  1
904  0  0.31952  0.167425  14162.1  3.10047  0.191045  1
905  0  -0.0915589  -0.485993  16760.8  1.7975  0.37089  1
906  0  -0.016153  0.0855187  14953.8  2.24344  1.39358  1
907  0  0.33647  -0.218405  16882.7  1.76562  0.143529  1
908  0  0.788846  0.718974  15930.5  2.12495  0.133229  1
909  0  0.551328  -0.548474  16691.1  1.88704  0.216716  1
910  0  -1.12614  -0.191886  16374.8  1.95632  0.42312  1
911  0  1.78136  -1.40143  16358.7  2.08093  0.303337  1
912  0  0.969468  -0.060998  16547.5  2.04787  0.109015  1
913  0  -1.77964  -1.77964  16482.7  1.96681  0.355765  1
914  0  0.253122  -0.14007  16992.5  1.70875  0.10544  1
915  0  -1.79983  1.79983  16147.2  1.97151  0.355601  1
916  0  0.683962  -0.0301756  16685.9  1.58382  0.0665461  1
917  0  0.546463  0.79536  15835.7  2.16074  0.219823  1
918  0  0.902462  -0.0198314  16605.9  1.52659  0.0653391  1
919  0  -0.813177  0.182973  16265.1  1.97541  0.478014  1
920  0  0.270726  -1.55164  16552.4  1.95021  0.336675  1
921  0  1.02043  -0.0504087  16600.2  2.00863  0.135326  1
922  0  0.653056  0.125022  15410.2  2.00609  -0.184071  1
923  0  -1.02515  -1.18902  16501.2  1.94714  0.374718  1
924  0  -1.09709  1.37027  16126.2  1.98786  0.378672  1
925  0  0.141398  -0.148849  17137.6  1.61058  0.164881  1
926  0  0.180305  -0.0421762  17139.5  1.47224  0.00853473  1
927  0  1.52678  -0.19494  16412.7  2.04683  0.120501  1
928  0  0.803568  0.0751202  15623.5  1.04934  -0.157753  1
929  0  0.26546  -0.0821556  16990.5  1.76089  0.0524661  1
930  0  0.538209  -0.166321  16756.4  1.84947  0.109865  1
931  0  0.83262  0.186238  15790.6  2.36459  -0.216965  1
932  0  0.0895949  -0.485418  16805.6  1.79156  0.309066  1
933  0  -0.298458  1.41327  16050.1  2.0261  0.366229  1
934  0  0.999213  -0.0782674  16567.2  2.02872  0.11795  1
935  0  0.727311  -0.217671  16664.7  1.90801  0.129695  1
936  0  0.34179  -0.912712  16637.2  1.90574  0.295322  1
937  0  -0.239726  -0.347596  16714.7  1.79339  0.446289  1
938  0  0.210025  0.119174  13397.7  2.47916  0.435029  1
