394  445  773
290  576  765
447  670  920
12  460  779
279  527  1002
451  576  765
498  900  1022
324  614  926
374  411  688
514  527  1002
11  12  779
394  445  871
468  619  1017
366  508  966
348  502  961
348  470  961
475  615  955
306  450  803
331  588  817
383  646  830
314  521  522
301  469  588
405  501  706
371  531  544
30  472  733
333  409  412
377  436  819
384  539  770
555  695  872
474  537  580
332  658  826
405  523  706
297  523  599
330  900  1022
351  539  661
28  604  733
337  445  795
351  539  770
333  564  605
383  497  606
377  436  787
42  732  787
298  469  716
94  95  512
37  38  485
400  692  818
342  556  628
331  407  881
325  435  455
49  50  555
427  570  976
270  571  707
374  411  708
398  547  899
363  649  724
341  443  510
328  612  799
427  570  837
66  67  550
289  518  581
383  606  613
44  590  787
357  471  1002
312  619  680
361  601  979
451  576  741
406  469  716
394  531  544
384  541  747
488  695  872
390  408  736
335  652  923
354  500  953
38  485  615
373  527  780
405  501  893
353  562  799
314  521  594
538  657  904
25  482  680
447  631  988
295  564  605
324  620  730
369  541  747
527  780  967
28  29  733
334  416  421
279  481  669
447  670  928
331  495  702
375  481  669
377  732  787
126  127  595
378  651  758
318  473  545
328  644  799
295  466  605
291  487  845
356  472  582
431  617  763
284  567  686
104  105  643
279  527  669
289  518  687
337  795  866
469  588  817
70  71  534
375  429  813
582  619  1017
383  510  830
350  546  630
406  469  767
435  455  896
491  636  724
305  548  885
25  26  482
460  673  779
377  718  732
270  553  707
500  617  763
402  673  779
295  466  530
372  537  580
404  523  599
313  683  924
78  79  542
280  763  764
326  517  663
430  567  686
289  579  581
304  584  962
325  420  455
329  452  518
368  490  705
357  514  515
329  479  857
366  536  966
351  474  661
39  615  955
331  407  702
383  497  761
322  425  932
126  560  595
352  476  657
356  482  619
43  44  787
375  429  740
282  616  865
14  751  811
383  646  761
291  451  845
339  439  831
305  521  594
104  541  643
310  433  814
58  59  573
332  593  961
448  797  1005
319  493  557
101  102  539
450  620  730
114  115  538
373  515  902
367  490  705
309  578  726
103  104  541
112  113  540
373  514  515
409  412  598
350  525  630
466  605  861
398  442  865
29  30  733
330  570  976
387  636  724
330  535  900
417  718  732
365  560  812
337  633  914
337  623  914
281  520  834
364  483  974
284  478  552
42  43  787
276  524  735
348  502  1026
25  680  944
373  514  527
276  524  718
381  634  650
486  515  902
379  546  630
300  692  818
272  547  899
413  612  625
281  530  827
332  658  961
310  433  832
392  794  1031
435  751  811
288  651  758
364  528  610
365  532  606
276  431  617
352  657  904
94  512  807
390  520  834
360  778  780
354  462  953
368  448  797
424  560  812
316  389  752
276  431  786
281  520  530
468  619  905
320  506  650
281  574  834
394  531  905
366  536  589
505  614  699
277  462  772
413  612  777
314  522  601
482  619  680
356  482  801
362  501  716
271  438  614
430  567  570
96  97  549
399  543  798
319  489  873
12  460  791
414  496  746
343  615  886
382  559  769
424  559  769
436  590  787
277  462  574
322  516  620
285  447  988
427  603  876
359  459  569
285  569  785
463  602  662
390  408  764
360  524  735
80  81  565
275  525  630
125  126  560
366  768  873
365  497  606
356  472  733
272  547  696
123  124  559
307  517  663
649  662  942
324  505  620
287  585  841
351  596  770
400  722  818
298  716  893
393  710  821
297  523  838
434  567  977
398  547  753
351  474  537
360  524  778
94  719  807
88  89  563
287  480  585
378  600  651
0  645  806
306  607  751
353  562  797
363  649  662
86  87  566
275  780  902
354  462  772
339  504  831
379  546  622
274  709  859
275  525  894
326  517  651
376  781  809
306  607  803
312  619  905
365  532  812
273  498  637
348  685  717
281  457  827
0  629  645
385  542  983
418  527  669
330  535  820
318  473  769
329  479  688
317  649  724
30  472  816
387  534  990
324  492  926
452  518  581
562  799  890
352  476  634
348  503  1026
367  563  653
276  558  617
275  561  780
357  514  1002
500  763  764
393  533  821
298  469  817
301  502  593
331  495  817
362  716  868
328  579  624
302  556  628
616  865  935
408  513  860
654  828  869
376  629  645
285  569  694
387  724  919
385  836  983
439  685  717
272  603  876
466  530  1004
295  564  924
365  560  595
357  576  741
309  601  979
412  572  879
316  605  861
1  10  737
1  45  737
378  579  581
357  515  852
311  568  833
271  438  784
271  671  715
329  452  552
26  482  801
485  615  886
439  685  831
310  547  753
388  691  720
364  483  641
399  543  890
364  484  641
343  615  916
322  620  998
526  768  873
10  737  779
319  873  970
369  658  826
561  778  780
443  510  796
493  557  941
381  621  684
404  569  694
306  450  730
37  485  882
319  489  1019
437  707  851
491  602  843
375  677  813
292  521  522
315  528  610
405  523  838
284  567  977
328  579  644
374  795  859
365  497  595
326  432  756
411  637  686
391  512  774
475  615  916
420  574  676
415  504  876
584  860  962
438  614  699
548  885  1010
374  479  688
315  584  660
301  469  767
339  439  922
478  552  744
305  548  649
371  531  654
426  645  806
369  496  643
382  609  690
55  56  598
309  522  601
377  558  718
381  608  684
325  676  791
326  432  774
13  14  811
95  512  762
502  593  961
310  571  639
364  528  971
327  562  797
414  681  746
416  421  635
91  92  583
371  544  846
432  549  756
509  576  906
339  567  570
379  486  586
432  512  774
278  509  713
285  447  928
398  442  753
286  467  925
352  702  734
450  516  620
322  516  932
304  551  678
509  576  852
276  558  718
0  139  629
303  613  964
327  368  705
549  756  1029
369  541  643
460  676  791
452  552  744
344  553  707
298  495  817
377  558  819
316  389  712
342  729  844
371  846  900
311  568  828
578  652  923
338  650  848
38  39  615
391  512  807
347  555  872
352  634  734
333  412  879
387  919  990
351  537  596
356  604  733
327  705  845
322  453  711
10  11  779
501  716  893
388  553  912
401  611  851
282  618  915
305  521  885
404  569  616
467  750  925
425  426  645
270  553  912
596  770  954
342  556  745
471  794  1031
430  637  1022
592  683  924
348  503  685
385  565  858
321  781  809
406  716  868
327  368  797
375  481  740
427  504  876
363  602  662
16  17  526
46  47  635
396  565  858
554  613  964
376  533  809
413  777  807
341  443  844
354  558  617
67  550  665
307  517  759
363  491  602
500  764  953
441  691  720
344  553  691
290  576  906
287  717  841
66  550  666
400  623  698
278  515  852
309  578  652
378  579  624
291  451  741
320  506  749
414  496  996
460  673  958
318  532  812
121  122  609
378  581  758
119  120  608
356  582  619
354  500  617
435  607  751
50  555  695
303  532  606
337  445  871
394  544  773
459  569  785
578  726  815
430  637  686
309  522  726
298  495  597
402  892  1001
308  954  1023
590  892  1001
286  699  721
421  591  806
300  546  622
357  471  741
408  736  860
303  606  613
283  685  831
391  600  774
428  626  999
49  555  693
320  634  650
336  626  973
367  490  653
410  878  881
277  673  772
338  650  847
297  545  599
322  425  711
364  610  974
392  794  884
322  453  704
487  705  845
524  778  917
419  728  776
356  604  801
27  604  801
310  571  849
415  504  957
381  650  847
101  539  661
299  623  698
115  538  657
114  538  656
129  130  646
102  539  664
113  540  656
441  568  833
304  584  660
382  559  690
42  732  931
388  912  966
103  541  664
346  564  879
71  534  701
393  648  710
286  699  704
117  118  621
392  815  1031
404  599  694
112  540  679
391  600  624
509  713  907
70  534  668
317  724  919
626  973  1030
342  628  844
331  878  881
437  547  696
374  795  877
374  708  877
367  563  936
312  531  905
78  542  672
40  575  855
368  448  583
359  459  913
333  605  712
388  553  691
511  709  859
360  780  967
341  510  918
96  549  762
350  525  667
79  542  682
288  517  651
428  518  687
446  828  869
328  612  777
63  64  638
318  545  854
299  587  698
370  659  660
346  572  879
279  481  794
270  571  639
359  569  616
397  610  929
110  111  627
462  574  834
61  62  641
336  713  907
419  587  698
333  409  1025
334  421  591
286  467  810
26  27  801
72  73  636
381  621  1021
108  109  632
310  639  814
398  790  899
325  420  676
321  556  745
387  636  701
284  478  977
399  799  890
376  533  629
15  16  557
338  465  850
97  549  802
355  836  983
386  640  689
340  575  917
395  670  928
473  769  903
296  655  1013
338  465  847
41  42  931
759  909  994
498  637  1022
40  41  575
326  600  774
411  637  708
410  627  679
289  687  798
363  491  724
592  683  1013
277  574  676
370  660  929
433  671  715
427  504  837
84  85  640
320  597  734
289  644  798
82  83  642
305  649  942
511  795  859
341  613  978
125  560  675
330  570  1022
323  458  824
303  532  901
124  559  675
474  580  969
349  593  863
444  586  792
374  479  859
430  570  1022
464  543  798
339  504  837
531  654  869
123  559  690
382  769  903
93  625  719
423  722  739
92  583  862
307  537  596
310  547  849
441  720  939
13  791  811
436  673  772
403  545  599
401  535  820
326  600  651
12  13  791
380  492  671
40  855  955
659  660  980
391  777  807
59  573  697
325  435  811
16  557  970
414  632  681
133  134  647
297  506  987
135  136  648
390  764  953
58  573  700
577  938  949
506  650  848
481  794  884
533  629  853
349  878  984
297  545  987
415  790  899
386  566  864
376  645  711
360  735  967
379  486  937
440  566  864
16  526  970
316  861  971
353  797  1005
366  508  986
282  706  915
271  784  913
419  692  698
337  623  739
317  649  1011
295  592  924
381  608  847
348  470  841
417  524  718
393  745  809
14  751  755
382  609  850
355  594  836
278  509  852
302  670  920
324  492  947
344  707  851
273  498  846
272  603  696
476  634  1021
281  574  771
33  776  949
344  611  851
355  463  662
324  505  614
417  575  917
402  737  779
401  603  696
316  605  712
334  416  1006
394  633  905
424  769  812
18  589  768
366  589  768
440  563  936
336  464  989
423  722  870
293  548  1011
293  551  1011
399  644  798
464  543  907
14  15  755
67  68  665
612  625  1005
115  116  657
113  114  656
474  946  969
315  584  742
495  597  734
418  735  967
449  766  938
506  848  987
100  101  661
520  530  1004
434  567  922
369  496  826
333  564  879
436  590  1001
65  66  666
80  565  682
327  562  765
281  457  771
290  543  890
437  571  707
102  103  664
337  633  871
17  526  768
88  563  757
473  545  987
93  625  862
358  461  659
35  766  938
93  94  719
505  620  998
81  565  703
454  776  949
362  618  915
457  655  771
89  563  653
508  912  966
315  660  929
405  597  749
346  488  572
412  725  910
291  487  923
299  587  968
87  566  757
390  520  736
301  502  1026
303  631  901
69  70  668
32  33  776
367  705  867
89  90  653
77  78  672
311  782  898
463  602  940
393  533  809
350  546  982
86  566  689
340  575  855
420  455  655
406  503  767
528  861  971
287  480  909
397  666  714
423  511  709
302  920  978
361  601  793
34  938  949
331  588  878
486  902  937
280  677  813
296  655  824
307  663  897
283  868  908
311  611  898
400  692  698
306  730  941
495  702  734
525  894  927
398  618  790
404  616  887
124  125  675
440  864  936
275  561  894
470  841  1023
384  747  770
369  658  747
354  558  819
283  674  868
355  594  942
50  51  695
383  510  918
271  715  913
393  648  804
332  593  863
79  80  682
317  678  1011
346  564  956
432  512  762
494  805  1008
48  49  693
408  529  895
511  795  866
372  663  756
456  894  927
398  618  865
127  595  823
371  535  900
443  796  825
349  593  984
429  529  805
91  583  975
463  883  940
437  571  849
339  570  837
386  652  864
419  692  728
300  546  822
345  622  792
320  634  734
111  112  679
383  613  918
378  600  624
107  108  681
334  683  775
59  60  697
340  778  917
319  557  970
336  464  907
302  628  978
419  776  960
412  572  910
410  627  754
368  490  583
87  88  757
486  515  963
118  119  684
122  123  690
105  643  808
4  36  882
4  37  882
57  58  700
408  513  895
526  873  970
355  463  983
371  535  782
585  954  1023
296  683  1013
295  530  827
428  626  989
401  611  898
323  824  896
394  633  871
288  744  829
35  36  766
487  705  867
585  841  1023
320  597  749
427  603  976
329  518  857
414  632  760
358  678  919
380  671  814
278  515  963
122  609  690
418  527  967
274  626  999
119  608  684
304  551  962
450  516  803
85  86  689
391  624  777
284  552  842
136  137  710
296  458  951
358  461  990
71  72  701
457  655  1013
106  107  746
397  638  714
17  18  768
81  82  703
528  742  972
273  773  846
403  545  854
292  740  884
321  745  809
95  96  762
388  720  800
422  759  909
386  566  689
438  699  721
449  667  886
403  599  694
297  506  838
20  536  800
289  579  644
308  770  954
21  22  720
310  753  832
318  532  854
118  621  684
371  654  782
460  676  958
315  528  742
448  583  862
0  748  806
417  575  931
282  616  887
287  717  723
22  720  939
304  678  980
276  735  786
341  844  978
121  609  888
568  828  880
128  129  761
319  493  856
139  629  853
120  608  888
129  646  761
342  507  729
54  55  725
111  627  679
292  522  1020
470  658  961
441  568  939
418  735  786
108  632  681
64  65  714
342  507  804
273  637  708
454  577  982
446  828  880
362  618  790
386  652  979
18  589  1027
400  722  739
385  836  858
554  613  978
303  631  964
294  736  860
401  535  898
300  692  728
30  31  816
56  598  727
358  919  990
288  744  758
528  861  972
410  540  679
280  677  763
444  586  1015
488  572  891
314  594  836
130  646  830
55  598  725
332  863  996
400  623  739
588  878  984
292  950  1008
345  722  870
395  721  810
33  34  949
409  700  727
449  766  886
315  610  929
418  669  738
439  723  922
387  534  701
349  499  760
349  499  754
24  25  944
290  562  890
296  458  824
376  711  781
546  822  982
343  667  886
452  581  758
358  678  980
405  597  893
386  640  840
314  601  793
117  621  945
379  630  937
396  642  703
548  649  1011
429  529  813
373  780  902
326  663  756
317  678  919
20  21  800
325  791  811
480  585  954
341  613  918
401  696  851
270  639  788
56  57  727
432  549  762
480  596  994
288  517  911
282  618  865
349  760  863
384  539  664
110  627  991
345  622  818
379  622  792
321  556  965
407  540  656
384  541  664
375  669  738
359  715  743
381  634  1021
136  648  710
92  93  862
453  704  925
385  565  682
290  543  906
109  632  991
313  683  775
372  756  1029
274  709  1030
379  586  792
349  754  878
295  592  827
399  644  799
411  842  952
407  538  656
554  920  978
485  766  886
34  35  938
275  630  937
302  670  1016
287  723  789
131  132  796
286  704  925
493  730  941
480  596  954
449  577  1003
375  677  738
284  686  842
47  48  731
0  46  748
72  636  701
338  848  903
406  503  908
393  745  804
468  633  905
275  902  937
404  523  887
336  626  989
339  567  922
423  511  866
428  518  857
362  501  915
133  647  825
479  857  999
36  766  882
472  587  816
414  863  996
85  640  689
323  803  896
372  537  897
443  647  729
628  844  978
318  769  812
513  860  962
348  717  841
82  642  703
291  578  923
97  98  802
306  751  755
64  638  714
328  624  777
278  963  1015
307  537  897
134  647  1014
314  836  858
456  561  894
385  542  682
406  868  908
444  792  981
293  805  895
350  982  1003
364  484  752
492  856  947
135  648  1014
479  859  999
424  560  675
73  636  959
424  559  675
402  737  892
132  133  825
107  681  746
416  693  731
308  658  747
47  635  731
523  706  887
496  643  808
137  138  821
23  24  880
22  23  939
380  492  856
536  589  1000
321  750  781
395  670  810
44  45  892
454  577  949
437  696  851
304  660  980
342  745  804
307  596  994
100  661  946
105  106  808
493  856  947
309  652  979
292  740  1008
116  657  945
84  640  993
472  587  968
372  663  897
130  131  830
397  666  943
83  642  993
392  726  1020
63  638  930
362  674  868
447  554  964
312  531  869
395  721  783
525  667  927
286  721  810
62  641  930
498  846  900
61  641  934
19  20  1000
362  674  790
290  562  765
433  743  832
443  647  825
127  128  823
411  686  842
274  859  999
46  635  748
477  973  981
294  736  1004
437  547  849
468  633  914
138  139  853
278  713  1015
551  678  1011
449  577  938
418  738  786
68  69  874
74  75  843
529  813  1028
31  32  960
90  653  975
431  677  738
39  40  955
23  568  880
308  747  770
417  524  917
397  610  974
65  666  714
497  595  823
68  665  874
447  554  920
413  625  719
408  529  1028
23  568  939
312  680  869
467  670  1016
428  857  999
20  536  1000
76  77  883
353  612  799
407  702  904
2  18  1027
456  561  948
28  604  1012
27  604  1012
2  19  1027
69  668  874
449  667  1003
577  982  1003
467  670  810
120  121  888
335  652  864
429  805  1008
44  590  892
77  672  883
425  426  932
411  688  952
444  973  981
396  793  858
485  766  882
401  603  820
507  647  729
106  746  808
359  715  913
431  677  763
464  687  798
52  53  891
291  578  815
338  850  903
433  671  814
415  876  899
442  753  832
41  575  931
311  611  833
454  728  776
389  712  1025
420  574  771
51  52  921
499  627  754
128  761  823
392  884  1020
491  843  959
311  654  782
478  744  829
423  739  866
53  54  910
137  710  821
463  672  983
335  864  936
503  685  908
434  723  789
62  63  930
301  588  984
60  61  934
372  580  1029
423  709  870
499  632  760
3  27  1012
3  28  1012
506  749  838
302  556  1016
461  659  889
426  591  806
461  668  990
396  793  835
277  673  958
438  721  783
415  674  790
343  667  927
283  674  957
395  783  785
329  688  952
323  458  933
294  584  742
271  671  926
396  642  835
116  117  945
473  848  903
99  100  946
132  796  825
419  587  1007
474  661  946
31  816  1007
305  594  942
57  700  727
415  674  957
131  796  830
301  593  984
403  854  901
446  680  869
75  76  940
292  521  950
472  582  968
428  687  989
337  739  866
426  591  933
324  730  947
488  891  921
447  631  964
409  700  1024
431  738  786
494  885  1010
476  657  945
439  717  723
21  720  800
352  702  904
334  683  951
396  565  703
486  586  963
73  74  959
407  538  904
293  551  1018
311  654  828
60  697  934
329  552  952
293  548  1010
347  997  1006
345  792  981
397  638  974
433  715  743
407  540  881
380  639  788
403  631  901
98  99  969
19  589  1027
98  802  969
48  693  731
438  783  784
477  973  1030
15  557  755
109  110  991
273  773  877
465  609  888
441  691  995
51  695  921
410  540  881
345  722  818
465  608  888
445  795  877
19  589  1000
90  91  975
421  748  806
299  623  914
354  772  819
300  728  822
480  909  994
134  135  1014
344  611  995
477  709  870
83  84  993
461  668  874
346  488  872
361  519  835
463  672  883
477  709  1030
505  699  704
301  767  1026
45  737  892
544  773  846
361  519  840
344  691  995
453  711  781
313  564  956
299  968  1017
490  583  975
507  648  804
271  614  926
440  563  757
499  627  991
442  743  832
388  800  966
314  793  858
476  621  945
422  789  909
313  564  924
499  632  991
409  598  727
440  566  757
357  576  852
452  744  758
550  665  889
434  789  839
138  821  853
481  740  884
586  963  1015
516  932  933
285  785  928
461  665  874
507  647  1014
507  648  1014
273  708  877
461  665  889
54  725  910
501  706  915
465  608  847
465  609  850
361  793  835
280  813  1028
321  750  965
298  597  893
416  635  731
316  752  971
446  680  944
99  946  969
490  653  975
300  622  818
336  713  973
436  673  1001
448  625  862
308  658  1023
75  843  940
442  865  935
287  789  909
380  639  814
359  616  935
270  788  985
76  883  940
74  843  959
417  732  931
434  723  922
327  765  845
294  584  860
403  694  988
322  704  998
403  631  988
434  839  977
441  833  995
422  789  839
414  760  863
420  655  771
334  591  951
340  855  875
497  761  823
422  759  911
416  693  992
370  550  889
405  749  838
459  783  784
282  706  887
444  713  973
350  667  1003
355  662  942
333  712  1025
443  729  844
293  805  1010
307  759  994
436  772  819
392  726  815
410  754  878
496  746  808
408  764  1028
306  755  941
454  728  822
359  743  935
274  626  1030
395  785  928
535  782  898
323  516  933
353  612  1005
536  800  966
422  829  911
517  759  911
422  829  839
607  803  896
52  891  921
402  673  1001
53  891  910
32  776  960
549  802  1029
370  659  889
323  516  803
413  719  807
519  640  840
455  655  824
484  697  934
272  876  899
283  831  957
455  824  896
445  773  877
532  854  901
573  697  1009
386  840  979
520  736  1004
358  659  980
491  636  959
446  880  944
464  687  989
519  642  835
367  867  936
582  968  1017
519  640  993
529  805  895
522  726  1020
519  642  993
435  607  896
291  741  1031
459  783  785
543  906  907
484  752  1009
457  592  827
468  914  1017
510  796  830
390  834  953
494  805  1010
292  884  1020
425  645  711
277  676  958
283  685  908
370  550  943
476  621  1021
448  625  1005
484  697  1009
561  778  948
556  965  1016
412  598  725
470  658  1023
429  740  1008
489  788  985
270  912  985
389  573  1009
456  875  916
397  929  943
475  855  875
288  829  911
580  802  969
382  850  903
31  960  1007
483  638  930
483  641  930
335  867  923
552  842  952
550  666  943
453  750  781
330  820  976
459  784  913
484  641  934
542  672  983
488  695  921
426  932  933
534  668  990
503  767  1026
285  694  988
456  916  927
471  794  1002
475  875  916
340  778  948
340  875  948
496  826  996
467  750  965
775  997  1006
280  764  1028
603  820  976
293  895  1018
453  750  925
587  816  1007
478  829  839
473  848  987
334  775  1006
580  802  1029
380  788  1019
442  743  935
475  855  955
346  872  956
611  833  995
457  592  1013
364  752  971
533  821  853
347  555  992
294  742  972
489  873  986
521  885  950
458  591  933
456  875  948
335  867  936
389  573  1024
319  856  1019
332  826  996
462  834  953
380  856  1019
483  638  974
454  822  982
444  713  1015
487  867  923
466  972  1004
24  880  944
370  929  943
494  885  950
513  895  1018
477  870  981
557  755  941
389  752  1009
343  916  927
478  839  977
409  1024  1025
296  683  951
366  873  986
573  700  1024
494  950  1008
467  965  1016
361  840  979
493  730  947
602  843  940
421  635  748
451  765  845
419  960  1007
504  831  957
291  815  1031
489  788  1019
294  972  1004
416  992  1006
389  1024  1025
555  693  992
279  794  1002
508  912  985
347  992  1006
492  671  926
509  906  907
551  962  1018
471  741  1031
347  872  997
489  985  986
299  914  1017
572  891  910
458  591  951
872  956  997
508  985  986
313  775  997
505  704  998
466  861  972
345  870  981
513  962  1018
313  956  997
