0  2  1  0  10781.8  0  0  1
1  1  2  2  10797.6  1.96472  0.00608835  1
2  1  2  -2  10803.7  2.01882  0.025171  1
3  3  -2  -2  10860.6  1.99973  0.0331465  1
4  3  -2  2  10720.9  2.00018  0.033491  1
10  1  2  1.6  10801.1  1.95885  -0.00326776  1
11  1  2  1.2  10801.1  1.95345  -0.0207968  1
12  1  2  0.8  10801.1  1.94741  -0.0452981  1
13  1  2  0.4  10801.1  1.94418  -0.0742245  1
14  1  2  5.50449e-12  10801.1  1.98825  -0.0855544  1
15  1  2  -0.4  10801.1  2.0391  -0.0629865  1
16  1  2  -0.8  10801.1  2.0456  -0.0292623  1
17  1  2  -1.2  10801.1  2.0432  -0.0053746  1
18  1  2  -1.6  10801.1  2.03987  0.0104382  1
19  0  1.6  -2  10820.9  1.99973  0.0331465  1
20  0  1.2  -2  10842  1.99973  0.0331465  1
21  0  0.8  -2  10852.5  1.99973  0.0331465  1
22  0  0.4  -2  10862.1  1.99973  0.0331465  1
23  0  5.50449e-12  -2  10869.8  1.99973  0.0331465  1
24  0  -0.4  -2  10871.9  1.99973  0.0331465  1
25  0  -0.8  -2  10869.8  1.99973  0.0331465  1
26  0  -1.2  -2  10866.1  1.99973  0.0331465  1
27  0  -1.6  -2  10862.8  1.99973  0.0331465  1
28  3  -2  -1.6  10858.3  1.99973  0.0331465  1
29  3  -2  -1.2  10852.9  1.99973  0.0331465  1
30  3  -2  -0.8  10843.2  1.99973  0.0331465  1
31  3  -2  -0.4  10828.8  1.99973  0.0331465  1
32  3  -2  -5.50449e-12  10808.9  1.99973  0.0331465  1
33  3  -2  0.4  10785.6  1.99973  0.0331465  1
34  3  -2  0.8  10762.4  1.99973  0.0331465  1
35  3  -2  1.2  10743  1.99973  0.0331465  1
36  3  -2  1.6  10728.8  1.99973  0.0331465  1
37  0  -1.6  2  10714.9  2.00268  0.0349462  1
38  0  -1.2  2  10703  2.00788  0.0395201  1
39  0  -0.8  2  10691.6  2.01299  0.0438557  1
40  0  -0.4  2  10682.8  2.01712  0.0459912  1
41  0  -5.50449e-12  2  10680.5  2.01783  0.0467708  1
42  0  0.4  2  10691.6  2.01337  0.0426356  1
43  0  0.8  2  10715.6  2.00285  0.0328703  1
44  0  1.2  2  10744.6  1.98804  0.0222273  1
45  0  1.6  2  10776.2  1.974  0.0130971  1
46  2  0.97808  0.00171986  10733.3  1.14147e-16  -3.27968e-17  1
47  2  0.956206  0.00396049  10720.5  2.61206e-16  -3.15662e-17  1
48  2  0.934374  0.00657334  10692.2  5.34941e-16  -6.92739e-17  1
49  2  0.912569  0.00941456  10679.5  0  0  1
50  2  0.890785  0.0124041  10699.7  1.58558e-16  -2.59832e-17  1
51  2  0.869015  0.0154991  10680.5  0  0  1
52  2  0.847259  0.0186851  10608.8  2.783e-16  -4.36126e-17  1
53  2  0.825513  0.0219393  10572.4  1.44327e-16  -2.03662e-17  1
54  2  0.803773  0.0252416  10553.9  1.44327e-16  -2.03662e-17  1
55  2  0.78204  0.0285823  10523.5  -8.5332e-17  9.67305e-18  1
56  2  0.760312  0.0319555  10524.4  -1.6301e-16  2.05053e-17  1
57  2  0.738587  0.0353504  10481.1  -3.48262e-16  4.66123e-17  1
58  2  0.716865  0.0387632  10434.4  0  0  1
59  2  0.695144  0.0421821  10392.8  1.45942e-16  -1.83343e-17  1
60  2  0.673422  0.0455977  10371.6  1.62138e-16  -2.22286e-17  1
61  2  0.651699  0.0490042  10327.6  -3.6456e-16  4.66233e-17  1
62  2  0.629972  0.0523836  10277.5  0  0  1
63  2  0.608241  0.0557375  10259.6  1.94224e-16  -2.3397e-17  1
64  2  0.586502  0.0590427  10209.7  0  0  1
65  2  0.564757  0.0623048  10126.3  -3.83848e-16  4.86528e-17  1
66  2  0.543  0.0654864  10045.5  6.99224e-17  -7.92629e-18  1
67  2  0.521231  0.0685919  10023.7  8.7594e-16  -9.90795e-17  1
68  2  0.499446  0.0715753  9945.1  0  0  1
69  2  0.477643  0.0744196  9866.62  0  0  1
70  2  0.455816  0.0770802  9797.47  4.17939e-16  -3.30415e-17  1
71  2  0.433958  0.0794726  9726.76  0  0  1
72  2  0.412071  0.0815882  9672.49  0  0  1
73  2  0.390154  0.0833503  9594.49  0  0  1
74  2  0.36821  0.0847454  9524.44  2.48694e-16  -1.09694e-17  1
75  2  0.346243  0.0857213  9434.12  8.10756e-17  3.36255e-18  1
76  2  0.324262  0.0862535  9374.98  -3.65201e-16  -3.96731e-18  1
77  2  0.302274  0.0863004  9344.93  -3.65201e-16  -3.96731e-18  1
78  2  0.280291  0.0858292  9322.14  -5.48854e-16  -3.20844e-17  1
79  2  0.258327  0.084795  9323.79  -5.48854e-16  -3.20844e-17  1
80  2  0.236399  0.0831809  9307.51  -1.70979e-16  -1.01824e-17  1
81  2  0.214524  0.0809581  9276.46  0  0  1
82  2  0.192716  0.0781476  9364.51  7.94747e-17  1.00908e-17  1
83  2  0.170997  0.0747201  9474.91  0  0  1
84  2  0.149383  0.0706832  9468.12  0  0  1
85  2  0.127906  0.0659711  9487.84  -3.83192e-16  -1.01261e-16  1
86  2  0.106612  0.0604959  9611.84  -5.24822e-16  -1.30132e-16  1
87  2  0.0855627  0.0541438  9669.27  0  0  1
88  2  0.0648616  0.0467395  9864.75  0  0  1
89  2  0.0446925  0.0379953  10168.4  0  0  1
90  2  0.0254313  0.0274144  11019.9  2.74475e-16  1.45392e-16  1
91  2  0.00819069  0.0138458  11869.6  1.64539e-16  9.11806e-17  1
92  2  0.00458611  -0.000481102  11099.3  0  0  1
93  2  0.0249048  0.00792284  10629.8  -1.03132e-16  4.9293e-19  1
94  2  0.0451723  0.0164505  10945.1  -3.55986e-17  -1.46482e-17  1
95  2  0.0655667  0.0246699  10842.8  2.53601e-17  -2.05262e-17  1
96  2  0.0861416  0.0324248  10784.7  9.90415e-17  4.91906e-18  1
97  2  0.106869  0.039762  10798.5  2.68541e-17  1.45609e-19  1
98  2  0.127844  0.0463578  10860.9  5.4186e-17  3.19614e-18  1
99  2  0.148985  0.0524002  10923.2  4.03235e-17  -4.43885e-18  1
100  2  0.170357  0.0575639  10978  -2.57261e-17  3.80178e-18  1
101  2  0.191903  0.0619462  11028.4  2.57261e-17  -3.80178e-18  1
102  2  0.213584  0.0656062  11062.1  0  0  1
103  2  0.235384  0.0684679  11062.2  7.31991e-18  1.63869e-17  1
104  2  0.257264  0.0706418  11028.3  -3.65996e-18  -8.19346e-18  1
105  2  0.279192  0.0722632  10961.2  0  0  1
106  2  0.301153  0.0733577  10854  1.30775e-17  1.2531e-17  1
107  2  0.323133  0.0739497  10720.3  0  0  1
108  2  0.345121  0.0741202  10583.8  -1.71374e-16  -4.72187e-17  1
109  2  0.367107  0.0738476  10445.9  4.05612e-18  -1.22657e-17  1
110  2  0.389085  0.0731803  10376.6  -1.56342e-16  2.78891e-18  1
111  2  0.411052  0.0722095  10368  -8.65656e-17  7.34215e-18  1
112  2  0.433002  0.0709035  10413.2  -3.46262e-16  2.93686e-17  1
113  2  0.454932  0.0693006  10501.6  -7.94937e-19  -3.80824e-18  1
114  2  0.476843  0.0674632  10612.8  1.35676e-16  -3.49257e-17  1
115  2  0.498729  0.0653455  10759.1  -1.6746e-16  4.14606e-17  1
116  2  0.520594  0.0630187  10872.7  1.77186e-17  -6.83779e-18  1
117  2  0.542444  0.0605539  10980.9  0  0  1
118  2  0.564273  0.0579096  11123.6  0  0  1
119  2  0.586086  0.0551353  11241.4  -5.29597e-17  -1.09508e-17  1
120  2  0.607884  0.0522442  11305.4  2.3409e-17  -8.17156e-18  1
121  2  0.629664  0.0492279  11380.9  5.16502e-17  8.86223e-18  1
122  2  0.651436  0.0461473  11444.4  3.6117e-17  1.08426e-17  1
123  2  0.673197  0.042991  11444.6  -3.76438e-17  -2.5972e-18  1
124  2  0.694948  0.0397719  11430.9  0  0  1
125  2  0.716692  0.0364982  11422.6  9.01038e-17  4.14225e-18  1
126  2  0.738427  0.0331717  11397.7  3.50118e-16  -2.21096e-17  1
127  2  0.760162  0.0298395  11358.1  0  0  1
128  2  0.781894  0.0264933  11295.4  -9.81501e-17  1.06639e-17  1
129  2  0.803627  0.0231489  11247.1  -2.90341e-16  2.48256e-17  1
130  2  0.82536  0.0198056  11191.6  -5.15659e-17  3.03227e-18  1
131  2  0.847102  0.0165197  11120.9  3.19548e-16  -3.12653e-17  1
132  2  0.868854  0.0133043  11091.8  3.29259e-16  -3.22422e-17  1
133  2  0.890619  0.0101763  11042.8  0  0  1
134  2  0.912404  0.00719513  10970.8  5.81493e-16  -6.26855e-17  1
135  2  0.934221  0.00445569  10903.6  1.24509e-16  -7.20218e-18  1
136  2  0.956084  0.00211853  10838.9  0  0  1
137  2  0.978022  0.000649776  10816.9  0  0  1
266  0  0.381123  -0.94244  10895.7  1.98456  0.0189445  1
267  0  1.06137  0.922686  10681.9  2.02524  -0.0353476  1
268  0  0.120585  1.02617  10627.7  2.05665  0.0513244  1
269  0  -0.439783  0.601272  10714.7  2.02765  0.0974193  1
270  0  0.970276  -0.654977  10901.1  1.98146  -0.00827253  1
271  0  0.5516  0.637211  10520.7  2.11517  -0.0183848  1
272  0  0.109469  0.535136  10504.7  2.1262  0.103222  1
273  0  0.982418  0.460364  10645  2.04838  -0.101902  1
274  0  -0.433963  0.121315  10844.3  1.97495  0.113263  1
275  0  -0.447809  -0.689074  10892.1  1.97511  0.0432579  1
276  0  0.213912  -0.45924  10919.8  1.96999  0.0104146  1
277  0  0.615932  -0.370211  10951.4  1.96552  0.0242152  1
278  0  0.94521  -0.324867  10951.7  1.94763  -0.0216232  1
279  0  -0.111675  0.308785  10663.1  2.04899  0.195309  1
280  0  0.710398  0.347582  10472.4  2.13499  -0.121273  1
281  0  0.42743  0.380716  10304.5  2.22017  -0.0143544  1
282  0  0.369199  -0.219547  10859.8  2.01214  -0.00712047  1
283  0  0.128929  -0.212764  10943.9  1.94883  -0.0177945  1
284  0  0.200956  0.312409  10242.5  2.24565  0.143413  1
285  0  0.911905  0.239071  10628.2  2.04952  -0.168018  1
286  0  1.30972  0.250022  10787.4  1.9802  -0.106945  1
287  0  0.565028  -0.153473  10959.8  1.987  0.108365  1
288  0  1.47917  -0.234465  10848.5  1.99104  -0.0621984  1
289  0  0.763257  -0.1669  11078.7  1.90234  0.0169267  1
290  0  0.0518345  0.233892  10415.6  2.1548  0.285645  1
291  0  0.257526  -0.0893394  10911.1  1.94772  -0.115718  1
292  0  -0.197542  0.0660415  10954.1  1.91244  0.163284  1
293  0  -0.160449  -0.235202  10977.1  1.92363  0.0417064  1
294  0  0.557456  0.244668  10261.9  2.2306  -0.133564  1
295  0  0.927698  -0.16  10984.8  1.93077  -0.0409693  1
296  0  -0.0742718  0.147774  10809  1.96861  0.297628  1
297  0  0.379926  -0.0615832  10553.4  1.93803  -0.0712221  1
298  0  0.689564  0.189525  10408.4  2.15465  -0.198444  1
299  0  0.446078  0.205575  10048.6  2.32628  -0.0952893  1
300  0  0.310529  0.205865  9923.92  2.38484  0.0570719  1
301  0  0.996544  0.139881  10717.6  2.04883  -0.190916  1
302  0  0.135485  -0.0672916  10929.9  1.92312  -0.0252404  1
303  0  0.785812  0.143107  10520.1  2.15271  -0.225416  1
304  0  0.475123  -0.0433461  10628.3  1.69843  0.179693  1
305  0  -1.21234  0.349413  10787.1  1.99925  0.0588379  1
306  0  -1.00285  -0.307705  10847  1.98833  0.0560878  1
307  0  -0.102522  0.0295651  11141  1.81131  0.183453  1
308  0  0.00993429  -0.135721  11005.2  1.90187  -0.0239158  1
309  0  0.657663  -0.0826997  11178  1.7848  0.123197  1
310  0  0.212111  0.184763  9918.81  2.38225  0.214102  1
311  0  0.894771  0.118552  10648  2.13044  -0.225033  1
312  0  0.564776  -0.0361717  11028.2  1.51271  0.263955  1
313  0  0.300697  -0.0166547  10859.6  1.10591  -0.224651  1
314  0  -0.0858913  -0.0828367  11125.7  1.82563  0.0352277  1
315  0  0.752042  -0.0628803  11227.9  1.69684  0.0106217  1
316  0  0.846969  -0.0769177  11090.7  1.82027  -0.0519214  1
317  0  -1.01482  1.18476  10723.2  2.00873  0.0546194  1
318  0  0.216511  -0.01817  11085.8  1.17398  -0.0208468  1
319  0  -1.14586  -1.12765  10861.7  1.99488  0.0397619  1
320  0  0.587568  0.155236  10227.3  2.28364  -0.210098  1
321  0  0.605491  1.13786  10646.8  2.04361  0.00966188  1
322  0  0.499172  0.154466  10069.1  2.36889  -0.178795  1
323  0  0.147501  0.142103  9901.69  2.37407  0.368584  1
324  0  0.0749169  0.127472  10205.4  2.21246  0.470841  1
325  0  0.717656  0.114499  10438  2.26622  -0.259524  1
326  0  0.0616602  -0.059806  10950.4  1.88701  -0.0614493  1
327  0  1.33341  0.644551  10733.8  1.9991  -0.0670528  1
328  0  1.18377  0.0678998  10875.9  1.92435  -0.135903  1
329  0  1.16403  -0.186254  10903.1  1.95985  -0.060969  1
330  0  0.937372  -1.33449  10863.5  2.00286  0.0117471  1
331  0  0.650949  0.115718  10336  2.32068  -0.258659  1
332  0  0.415006  0.000352985  10303.3  0.731645  0.0318618  1
333  0  0.981213  -0.0939238  10933.3  1.93455  -0.0650011  1
334  0  -0.142608  -1.33272  10880.8  1.98967  0.0313496  1
335  0  1.08901  0.28294  10720.9  2.00968  -0.134579  1
336  0  0.631991  -0.0158298  11299.7  1.19405  0.164515  1
337  0  0.356307  0.0105067  10408.5  0.474354  -0.174996  1
338  0  0.953807  0.0764386  10716.8  2.05127  -0.229829  1
339  0  -0.433035  1.09305  10688.5  2.0276  0.0662341  1
340  0  -0.610709  -0.246912  10876.5  1.97121  0.0675602  1
341  0  0.380805  0.159062  9834.54  2.4703  -0.0574675  1
342  0  0.915002  -0.0656145  10992.6  1.86647  -0.0883327  1
343  0  -0.048553  -0.823209  10901.6  1.97648  0.0287091  1
344  0  -0.015083  -0.398753  10940.1  1.95032  0.0202067  1
345  0  0.15771  -0.00698133  10918.2  0.975544  0.0799241  1
346  0  -0.36159  -0.105484  10925.2  1.94097  0.0849537  1
347  0  -0.0453592  0.0197018  11396.7  1.64551  0.217794  1
348  0  -0.0166109  0.0625034  11084  1.76166  0.489516  1
349  0  0.824285  0.0870665  10569  2.15751  -0.262713  1
350  0  -0.803068  0.370171  10782.9  1.99985  0.0800738  1
351  0  0.271767  0.141122  9650.8  2.56023  0.131163  1
352  0  0.462895  -0.643089  10912.9  1.97797  0.0142621  1
353  0  -0.148951  0.758182  10640.7  2.05688  0.0876516  1
354  0  0.333027  0.583571  10471.5  2.14095  0.0353648  1
355  0  0.769417  0.554431  10563  2.09264  -0.0700223  1
356  0  0.416439  -0.425686  10915.3  1.98034  0.0140487  1
357  0  0.696658  -0.0244895  11339.8  1.39518  0.0578349  1
358  0  0.569719  0.391962  10396.6  2.17377  -0.071842  1
359  0  0.443536  -0.1438  10795  2.093  0.0381264  1
360  0  0.992244  1.48597  10709.4  2.00704  0.00696444  1
361  0  0.499852  -0.265662  10921.3  1.99173  0.0408628  1
362  0  0.450638  0.130819  9872.45  2.50969  -0.166071  1
363  0  0.765805  0.861479  10623.9  2.0583  -0.0227809  1
364  0  1.46152  -1.04176  10841.6  2.01575  -0.00864462  1
365  0  1.2081  -0.471092  10886.8  1.98213  -0.0326493  1
366  0  -0.0104445  -0.0759552  11054.8  1.86303  -0.0713644  1
367  0  0.540147  0.118406  10089.6  2.42271  -0.240049  1
368  0  0.526157  0.0130199  10853.5  0.42689  0.214636  1
369  0  0.0352179  0.0893907  10465.9  2.04656  0.631371  1
370  0  0.774559  0.255686  10511  2.10965  -0.167367  1
371  0  0.850249  0.374762  10579.4  2.08332  -0.124037  1
372  0  0.248956  -0.213308  10912.6  1.97424  -0.0280554  1
373  0  0.334861  0.13579  9642.45  2.60492  0.00598227  1
374  0  -0.175244  -0.0384401  11041  1.87655  0.108505  1
375  0  0.19694  0.13138  9675.57  2.49979  0.309426  1
376  0  0.75672  0.0836079  10498.2  2.17482  -0.270333  1
377  0  0.253776  0.0212158  11086.1  0.245195  -0.144986  1
378  0  -0.732627  0.0331599  10835.3  1.98387  0.0786198  1
379  0  0.057903  0.384142  10480.7  2.13566  0.171131  1
380  0  -0.0873967  0.520857  10609.5  2.07803  0.127644  1
381  0  0.399703  0.877272  10585.1  2.07953  0.0224266  1
382  0  0.806661  -0.027019  11196.3  1.57508  -0.0924767  1
383  0  -0.28098  0.23524  10796.5  1.99  0.153644  1
384  0  -0.0362002  -0.0280087  11381.7  1.66553  -0.025811  1
385  0  0.465021  0.0224792  10507.2  0.0973105  0.200399  1
386  0  0.256905  1.53003  10671.7  2.02766  0.0388412  1
387  0  -0.79331  0.794608  10733.5  2.01366  0.0716183  1
388  0  0.602197  0.0985196  10227.8  2.24329  -0.257956  1
389  0  0.0903915  -0.0137166  10826.2  1.27104  -0.0258831  1
390  0  0.140289  0.227086  10177.2  2.26773  0.258196  1
391  0  1.03347  0.0615032  10836.8  1.93847  -0.226547  1
392  0  -0.655281  -1.13293  10875.2  1.98913  0.0388172  1
393  0  0.862477  0.0616472  10631  1.93661  -0.245588  1
394  0  0.708238  -0.826036  10899.3  1.98417  0.00781459  1
395  0  1.4856  1.03671  10750  1.98506  -0.0328157  1
396  0  0.31021  0.0347293  10790  -0.12814  -0.232437  1
397  0  0.317159  0.323065  10205.2  2.26405  0.0499268  1
398  0  0.243162  0.458332  10392.1  2.17976  0.0772392  1
399  0  0.742223  -0.0115848  11332.1  1.31922  -0.0424155  1
400  0  1.10697  -0.00204033  10921.9  1.7138  -0.0996408  1
401  0  0.426194  -1.46638  10874.3  1.99598  0.0232802  1
402  0  -0.250057  -0.553088  10913.7  1.96322  0.0385721  1
403  0  0.91139  0.0522841  10670.3  1.85446  -0.228508  1
404  0  -1.39787  -0.615508  10844.1  1.99591  0.0435583  1
405  0  -0.498296  0.348042  10774  2.00183  0.10782  1
406  0  -0.906454  -0.76915  10865.6  1.98827  0.0457711  1
407  0  -1.40869  -0.0950167  10818.9  1.99644  0.0500656  1
408  0  0.59519  0.0120755  11240.2  0.680728  0.181603  1
409  0  -1.44799  0.871384  10750.8  2.00217  0.0489616  1
410  0  0.173139  0.772953  10570  2.09116  0.0585122  1
411  0  0.97152  0.700127  10656.3  2.04288  -0.0569838  1
412  0  0.0292648  -0.0297766  10931.3  1.80169  -0.116144  1
413  0  0.780486  -0.330829  10982.6  1.94102  0.0094806  1
414  0  0.182827  -0.347372  10924.9  1.96569  0.000182105  1
415  0  1.46538  -0.0135762  10828.4  1.95232  -0.0865257  1
416  0  0.330188  -0.140107  10825.9  2.05021  -0.0614476  1
417  0  0.189275  0.0197083  11032.5  0.243336  0.0789176  1
418  0  0.164179  -0.150764  10939.5  1.94192  -0.0314519  1
419  0  0.224414  -0.719317  10907.9  1.97623  0.0192927  1
420  0  1.58308  -0.628241  10839.5  2.01385  -0.0348492  1
421  0  0.0850936  -0.121914  10957.8  1.92512  -0.0345123  1
422  0  0.702768  -0.597276  10921.2  1.9744  0.00713136  1
423  0  0.0133246  -0.26258  10965.7  1.93772  0.00432638  1
424  0  0.873182  -0.033866  11073.1  1.72425  -0.126895  1
425  0  0.667981  -0.184327  11051.2  1.93044  0.0654306  1
426  0  0.310811  -0.333189  10909.6  1.98375  0.00213382  1
427  0  0.692639  0.0808543  10384.1  2.06274  -0.256379  1
428  0  0.064442  -0.596542  10916.5  1.96733  0.0218956  1
429  0  -0.0825911  -0.18515  11014.4  1.90369  0.0217829  1
430  0  0.00586427  0.161274  10586.2  2.06233  0.374536  1
431  0  -1.48922  1.44138  10726.2  2.00327  0.0421306  1
432  0  0.493763  0.113002  9965.81  2.43503  -0.219729  1
433  0  0.132819  0.109906  9811.24  2.45816  0.476  1
434  0  0.481204  0.527291  10446.6  2.15177  -0.0130473  1
435  0  1.40971  -1.52663  10836.3  2.02071  0.0113314  1
436  0  0.853638  0.185877  10584.8  2.07072  -0.196465  1
437  0  0.400846  0.124319  9749.09  2.56056  -0.112935  1
438  0  0.475499  0.281823  10212.4  2.25832  -0.0738937  1
439  0  0.532365  -0.0983549  10915  1.9821  0.1647  1
440  0  0.404137  0.0324698  10293.2  -0.234596  0.0134104  1
441  0  -0.0853668  1.33465  10666.4  2.03372  0.0528437  1
442  0  0.963852  -0.0464338  10908.9  1.90361  -0.103461  1
443  0  0.653354  0.276926  10398.1  2.17095  -0.142469  1
444  0  0.373067  0.266971  10109.7  2.3087  0.000564221  1
445  0  -0.276498  0.429951  10707.9  2.02999  0.13156  1
446  0  1.13317  0.136287  10804.9  2.0076  -0.153864  1
447  0  -0.393471  -0.333257  10912.9  1.95732  0.0572458  1
448  0  0.605708  -0.0724846  11116.2  1.76388  0.187605  1
449  0  1.03516  -1.03144  10870.8  1.99845  0.00110076  1
450  0  1.06533  -0.0608503  10927.4  1.88637  -0.049107  1
451  0  1.63401  0.394787  10785  1.96627  -0.0805459  1
452  0  0.249791  0.251426  10077.7  2.32117  0.125989  1
453  0  -0.0223627  0.0131989  11681.7  1.53101  0.258214  1
454  0  0.184592  -0.0523326  10983.6  1.79166  -0.0196557  1
455  0  1.04665  -0.200339  10941.5  1.94877  -0.0449061  1
456  0  -0.616942  1.54218  10694.4  2.01721  0.0520564  1
457  0  0.970838  0.0409637  10719.6  1.78353  -0.21772  1
458  0  0.122722  -1.15343  10887.8  1.98685  0.0260641  1
459  0  1.20019  0.500996  10717  2.01017  -0.0858388  1
460  0  0.654092  0.00742615  11388.3  0.924414  0.0874951  1
461  0  0.669825  1.51984  10688.8  2.01792  0.0194088  1
462  0  -1.14792  0.0541224  10812.5  1.99515  0.0592471  1
463  0  0.801646  0.0639643  10535.2  1.92733  -0.248425  1
464  0  0.597674  -1.20053  10879.9  1.99287  0.0168131  1
465  0  -0.18652  0.176143  10829.1  1.97234  0.193796  1
466  0  -0.0534843  0.0667866  11108.9  1.79012  0.342465  1
467  0  -0.274049  -1.04043  10886.8  1.98462  0.033758  1
468  0  -0.929165  -1.51156  10868  1.99491  0.0365457  1
469  0  1.50937  1.58787  10762.1  1.97895  -0.0010236  1
470  0  0.24331  0.120971  9572.15  2.63724  0.210202  1
471  0  0.291054  0.118585  9514.71  2.67164  0.100157  1
472  0  0.852248  -0.24767  10992.3  1.93244  -0.0107003  1
473  0  0.128216  0.0148943  10820.5  0.188256  0.032365  1
474  0  0.68202  0.482997  10502.4  2.12305  -0.0737526  1
475  0  -1.46028  -1.57673  10861.4  1.99826  0.0353951  1
476  0  0.836961  -0.161761  11044.9  1.90994  -0.0153611  1
477  0  -0.0725751  -0.0155926  11258  1.75718  0.107422  1
478  0  -0.151817  0.091306  10960.3  1.90776  0.203438  1
479  0  0.596029  -0.253127  10966.6  1.9665  0.0496848  1
480  0  -0.426951  0.864439  10691.6  2.03038  0.0780551  1
481  0  0.499553  0.224379  10171.6  2.2717  -0.115958  1
482  0  0.0846213  0.0950484  10040.7  2.30019  0.595568  1
483  0  0.970286  0.340829  10649.5  2.04888  -0.131876  1
484  0  0.313593  -0.076552  10786.8  1.97722  -0.145481  1
485  0  0.856272  -0.53185  10925  1.97019  -0.0037108  1
486  0  0.745602  0.1684  10471.7  2.1415  -0.212481  1
487  0  -0.491989  -1.57148  10874.2  1.9928  0.0343963  1
488  0  -0.568962  -0.530191  10886.9  1.97423  0.0511341  1
489  0  1.0124  0.241131  10694.2  2.01782  -0.154561  1
490  0  0.0938499  0.188098  10234.3  2.23241  0.343373  1
491  0  0.646395  0.0861661  10322.3  2.11286  -0.259716  1
492  0  0.43347  -0.0550091  10515.6  1.86625  0.0776301  1
493  0  -0.544116  -0.0825816  10874.5  1.96696  0.0824117  1
494  0  0.0584428  -0.0165902  10884.3  1.55892  -0.0805037  1
495  0  -0.0547408  0.241812  10642.2  2.05501  0.250722  1
496  0  0.0162943  0.0640793  10816.9  1.84425  0.673157  1
497  0  0.540938  0.187404  10181  2.26587  -0.166297  1
498  0  0.371609  0.125558  9703.48  2.5978  -0.0723346  1
499  0  0.852725  1.05229  10664.9  2.03369  -0.0136007  1
500  0  0.355934  0.0392914  10439  -0.370035  -0.144578  1
501  0  0.568869  0.100179  10160.8  2.29829  -0.259056  1
502  0  0.167872  0.113434  9705.44  2.53185  0.399593  1
503  0  0.623912  0.210232  10338.9  2.18154  -0.176923  1
504  0  -0.300357  -0.027091  10935.6  1.92972  0.107566  1
505  0  -0.243831  -0.157703  10971  1.9194  0.0697777  1
506  0  0.277328  0.0375077  10980.9  -0.0512536  -0.202654  1
507  0  0.49917  0.0272886  10734.2  0.0139351  0.176121  1
508  0  0.724681  0.0735269  10442.1  2.0035  -0.252905  1
509  0  0.549767  0.0295804  11027.4  0.0451652  0.205828  1
510  0  -0.0063674  -0.0417993  11183  1.74199  -0.114276  1
511  0  0.941977  0.175104  10668  2.03606  -0.185356  1
512  0  0.435774  0.0371306  10356.4  -0.389574  0.122752  1
513  0  -0.0227227  0.124037  10757.2  1.98186  0.392496  1
514  0  1.25136  -0.774049  10867.7  1.99867  -0.0164895  1
515  0  0.221874  0.0327438  11100.5  0.0838733  0.0391945  1
516  0  -1.70898  -1.03214  10851.1  1.99891  0.0362753  1
517  0  0.0626464  -0.194071  10966.3  1.93343  -0.0129214  1
518  0  -0.149323  -0.118616  11033.6  1.88193  0.0591029  1
519  0  0.253915  -0.0457599  11035.2  1.66299  -0.119292  1
520  0  0.3569  1.07671  10628.4  2.05466  0.0298542  1
521  0  -1.57652  0.355143  10786.8  1.99949  0.0464283  1
522  0  0.831656  -0.0121037  11155.6  1.43911  -0.140806  1
523  0  0.788112  -0.00538873  11249.2  1.30758  -0.111805  1
524  0  -0.644037  0.169894  10817.5  1.9882  0.0905051  1
525  0  -0.180989  1.11346  10665  2.03792  0.0623246  1
526  0  0.624387  0.0122025  11341.9  0.816652  0.158545  1
527  0  0.335854  0.40229  10316.7  2.2158  0.0368199  1
528  0  0.265038  0.201095  9929.52  2.38501  0.1179  1
529  0  -0.624404  0.522909  10749.7  2.01156  0.0897557  1
530  0  0.918862  -0.0315936  10979.4  1.80705  -0.13868  1
531  0  0.333747  -0.557022  10914.6  1.97557  0.01462  1
532  0  0.701649  0.0103112  11399.7  0.977693  -0.00768717  1
533  0  1.25152  1.19545  10724.1  1.99987  -0.0187842  1
534  0  1.38928  0.422911  10763.3  1.9863  -0.08702  1
535  0  0.724193  -0.125369  11145.6  1.86183  0.0446946  1
536  0  0.540284  -0.527867  10923.1  1.97568  0.0144455  1
537  0  0.307734  0.160828  9763.62  2.4795  0.0566154  1
538  0  -0.0188215  0.691045  10598.2  2.07983  0.0905394  1
539  0  -1.13034  0.707701  10757.4  2.00523  0.0607312  1
540  0  0.798499  -0.123302  11099.6  1.87251  -0.00860151  1
541  0  0.338124  -0.0308507  10612.2  1.50786  -0.2094  1
542  0  0.404209  -0.309582  10903  1.99374  0.0132205  1
543  0  -1.14553  1.54432  10714  2.0078  0.046454  1
544  0  -0.00248438  0.299377  10532.9  2.1084  0.225154  1
545  0  1.23809  -0.0456611  10880.2  1.89108  -0.0884789  1
546  0  0.573085  0.821408  10585.6  2.0799  -0.00498479  1
547  0  0.85569  0.142793  10595.9  2.11078  -0.216835  1
548  0  -0.247252  0.585268  10670.6  2.04805  0.111964  1
549  0  -0.346627  0.0931612  10874  1.96047  0.126205  1
550  0  0.938394  0.0414397  10710.4  1.7866  -0.219985  1
551  0  0.830992  0.0576406  10600.9  1.90646  -0.247159  1
552  0  0.0994611  -0.296127  10942.1  1.95347  -0.00157675  1
553  0  0.365433  0.208605  9960.64  2.3664  -0.0109395  1
554  0  0.0773354  0.301527  10401.8  2.17115  0.215904  1
555  0  0.846498  0.280181  10572.3  2.0828  -0.156735  1
556  0  0.636413  0.163162  10314.3  2.22706  -0.211447  1
557  0  0.180956  0.404379  10370.1  2.18921  0.118858  1
558  0  0.15585  0.0203279  10904.7  0.213748  0.0695953  1
559  0  0.521852  -0.0392945  10827.7  1.60958  0.248091  1
560  0  0.422147  0.155626  9903.06  2.45015  -0.111862  1
561  0  0.464432  0.161529  9989.19  2.39184  -0.146965  1
562  0  0.719289  -0.237774  11024.4  1.93091  0.031136  1
563  0  0.0821635  -1.63048  10874.8  1.99457  0.0294891  1
564  0  1.683  0.788667  10772.7  1.97099  -0.0497854  1
565  0  1.05385  0.0182991  10909.5  1.59862  -0.181537  1
566  0  0.885923  -0.113412  11023.8  1.89593  -0.0495758  1
567  0  0.386426  -0.120063  10714  2.11881  -0.0371355  1
568  0  0.789322  0.0969293  10520.4  2.20804  -0.257578  1
569  0  1.32961  0.884483  10729.1  1.99924  -0.0458704  1
570  0  -0.0834877  -0.304456  10959  1.93936  0.023685  1
571  0  0.122207  -0.0312469  10845.9  1.69693  0.0067545  1
572  0  0.470564  0.103001  9860.78  2.20171  -0.187727  1
573  0  0.989595  -0.0260761  10829  1.72169  -0.0906169  1
574  0  -0.0356647  -0.111168  11074  1.85617  -0.0164164  1
575  0  0.513701  0.0946343  10028  2.08176  -0.212167  1
576  0  0.718322  0.693778  10580.3  2.08326  -0.038565  1
577  0  -0.315789  1.69576  10682.3  2.02046  0.0494515  1
578  0  0.462852  -0.0900447  10703.1  2.0284  0.108552  1
579  0  -0.0138454  -0.00935471  11555.3  1.46356  -0.138545  1
580  0  0.709716  0.24362  10440.9  2.14235  -0.16976  1
581  0  0.88347  0.0390628  10661.1  1.491  -0.190335  1
582  0  0.585032  0.31653  10344  2.19792  -0.106586  1
583  0  0.0937353  -0.406135  10931.3  1.95872  0.0105743  1
584  0  0.757972  -0.450054  10945.7  1.96244  0.00564912  1
585  0  0.424999  0.105758  9754.61  2.29111  -0.147206  1
586  0  -0.402086  0.0172843  10887.6  1.95475  0.105381  1
587  0  0.707443  -1.64796  10863  2.00315  0.0225588  1
588  0  0.765641  0.424416  10534.5  2.10589  -0.102026  1
589  0  0.00163075  0.0435714  11222.3  1.6236  0.64507  1
590  0  0.0412861  -0.0977601  10980.3  1.9124  -0.0433221  1
591  0  0.451947  0.730072  10542.8  2.10411  0.0106128  1
592  0  0.382095  -0.0165394  10379.3  1.20195  -0.0783919  1
593  0  0.78187  0.197516  10514  2.10224  -0.19579  1
594  0  1.09564  -0.326622  10917.3  1.96176  -0.0385488  1
595  0  0.357366  -1.18012  10885.3  1.98931  0.0214461  1
596  0  0.710402  -0.0699772  11235.7  1.72045  0.0611916  1
597  0  0.875075  0.482783  10599.9  2.0727  -0.0946535  1
598  0  0.67645  0.14511  10378.5  2.23904  -0.229551  1
599  0  1.08592  0.59738  10683.6  2.02818  -0.0756519  1
600  0  1.16493  0.767249  10700.3  2.01778  -0.0547167  1
601  0  -0.211466  -0.728294  10901.3  1.97331  0.0347635  1
602  0  0.199573  0.103765  9460.74  2.50584  0.341683  1
603  0  0.271392  -0.151686  10898  1.98165  -0.0637494  1
604  0  1.00611  0.037511  10795.8  1.78952  -0.257972  1
605  0  0.623498  -0.132108  11070.3  1.91352  0.114326  1
606  0  0.172865  0.197439  10028.6  2.33535  0.255639  1
607  0  -1.14733  -0.584716  10852.1  1.99146  0.0482283  1
608  0  0.197224  0.236713  10102.8  2.30663  0.19431  1
609  0  0.0668145  0.0741185  10013.9  2.1854  0.718126  1
610  0  -0.733796  -0.412544  10870.3  1.9791  0.0569545  1
611  0  -0.656489  -0.883138  10877.2  1.98484  0.042621  1
612  0  0.0491047  0.823619  10603.2  2.07372  0.0689952  1
613  0  1.72146  -0.113976  10820.7  1.99745  -0.0804408  1
614  0  0.111347  0.0862288  9749.41  2.36359  0.586062  1
615  0  0.500084  -0.186777  10889  2.02905  0.0637412  1
616  0  0.268849  0.107412  9425.54  2.47182  0.144495  1
617  0  1.22672  -1.23779  10851  2.01082  0.0035523  1
618  0  0.256474  0.368034  10286.5  2.2284  0.0886259  1
619  0  0.312876  0.109615  9468.85  2.45243  0.0445178  1
620  0  -0.0455162  0.40164  10580.9  2.08851  0.166036  1
621  0  -0.189495  -0.392111  10938.2  1.94826  0.0386186  1
622  0  0.777132  0.0507868  10524.4  1.42463  -0.190539  1
623  0  -0.169493  0.0157383  11027.7  1.87683  0.145896  1
624  0  0.222208  0.569436  10477  2.13896  0.0691877  1
625  0  0.496829  -0.00680987  10679.3  0.923507  0.222783  1
626  0  0.24859  0.0467482  11070.8  -0.0329659  -0.0738001  1
627  0  1.08996  -1.64372  10849.7  2.01135  0.0177328  1
628  0  0.155465  1.27367  10654.9  2.03979  0.0432482  1
629  0  0.753386  0.121132  10482.8  2.22342  -0.249838  1
630  0  0.343323  0.169161  9821.57  2.44695  -0.000180451  1
631  0  -0.854444  0.57425  10759.1  2.00713  0.0740785  1
632  0  -0.80782  -0.18599  10853  1.98149  0.0660798  1
633  0  -0.540439  0.734904  10715.5  2.02348  0.0834205  1
634  0  -0.765332  1.09243  10713.8  2.01529  0.0623753  1
635  0  0.576283  0.49521  10463  2.14376  -0.0477525  1
636  0  0.512742  -0.373586  10927.5  1.97899  0.0219149  1
637  0  -0.106115  -0.480079  10927.3  1.95742  0.0286516  1
638  0  0.182598  -0.258964  10928  1.96336  -0.0148399  1
639  0  0.855103  0.0970056  10614.6  2.157  -0.244764  1
640  0  0.666026  0.0688216  10355.7  1.64183  -0.209973  1
641  0  0.165975  -0.902629  10898.4  1.98109  0.0232898  1
642  0  0.622413  0.0754894  10263.8  1.74941  -0.210741  1
643  0  0.941464  0.124427  10681.6  2.10044  -0.211884  1
644  0  0.227708  0.149115  9740.23  2.47507  0.213945  1
645  0  0.174562  -0.101597  10954.2  1.92989  -0.0419091  1
646  0  1.09312  0.0711644  10832.8  1.93634  -0.183765  1
647  0  0.10398  0.0155649  10757.2  0.0754334  -0.0390609  1
648  0  -1.29435  -0.357645  10835.9  1.99436  0.0492582  1
649  0  -1.65318  -0.293592  10825.7  1.9982  0.0415375  1
650  0  -0.92954  0.181942  10805.4  1.99412  0.0711  1
651  0  0.447775  -0.0136814  10436.8  1.11572  0.138597  1
652  0  0.78076  0.329082  10528.2  2.10897  -0.136729  1
653  0  0.460228  0.0497281  10498.5  -0.61103  0.157291  1
654  0  0.30621  0.264301  10078.2  2.32213  0.0644815  1
655  0  0.312022  -0.426507  10914.1  1.97754  0.00933966  1
656  0  0.37805  0.0519296  10364.6  -0.685835  -0.0426797  1
657  0  0.334262  0.0527648  10626.7  -0.514532  -0.141769  1
658  0  0.126165  -0.114845  10944.4  1.92963  -0.0335333  1
659  0  1.64861  -1.30592  10824.2  2.028  0.00124884  1
660  0  0.54045  0.0922228  10041.3  1.97244  -0.223107  1
661  0  0.0949354  -0.0482916  10887.4  1.90007  -0.0509033  1
662  0  0.527907  -0.821692  10902.8  1.98203  0.0137802  1
663  0  0.523625  0.0371053  10870.7  -0.207109  0.149505  1
664  0  0.5752  0.0318042  11189.2  0.16001  0.138515  1
665  0  0.942656  -0.0205212  10905.2  1.68779  -0.136447  1
666  0  0.0211053  -0.00870452  10801.8  1.26288  -0.142083  1
667  0  1.00562  -0.454407  10918.9  1.96775  -0.0187161  1
668  0  0.72437  0.0139939  11396.9  0.999623  -0.0491681  1
669  0  0.68002  0.0205858  11424.6  0.75543  0.00347634  1
670  0  0.465864  1.36718  10664.6  2.03286  0.0263484  1
671  0  0.0426997  0.0595509  10358.8  1.99312  0.821713  1
672  0  0.898654  -0.0146122  11011.5  1.57999  -0.155506  1
673  0  0.114059  0.143462  10041.4  2.29154  0.407255  1
674  0  0.436261  -0.216068  10871  2.02007  0.0239763  1
675  0  0.764685  0.00329371  11312.3  1.19673  -0.0954459  1
676  0  0.811268  0.000508369  11221.8  1.29782  -0.136568  1
677  0  0.856791  -0.0107495  11100.9  1.48285  -0.145206  1
678  0  0.22341  0.102253  9402.27  2.46982  0.262357  1
679  0  0.50408  0.34598  10309.2  2.21547  -0.0616589  1
680  0  -0.263086  0.128211  10872.6  1.95763  0.154305  1
681  0  1.28265  -0.309346  10877.9  1.97987  -0.0497455  1
682  0  1.42531  -0.437592  10855.3  1.99867  -0.0435468  1
683  0  -0.886425  -1.02462  10868.1  1.99083  0.0414896  1
684  0  -0.00431704  -0.199303  10991.6  1.9182  -0.00177998  1
685  0  1.6721  -0.396962  10829.3  2.01683  -0.0557733  1
686  0  -0.01577  1.58298  10674.5  2.02629  0.047473  1
687  0  0.335732  0.105792  9470.23  2.3565  -0.014762  1
688  0  -0.160507  0.42007  10658  2.05219  0.148303  1
689  0  0.447195  0.0992262  9787.62  2.11517  -0.170392  1
690  0  0.824628  0.223615  10556.1  2.08016  -0.182692  1
691  0  -0.417684  0.246356  10802.9  1.99041  0.122628  1
692  0  0.663673  -0.0233242  11335.9  1.34211  0.116291  1
693  0  0.183758  -0.0116826  10986.2  1.14532  0.0470854  1
694  0  0.30803  -0.19733  10873.8  2.00093  -0.0317001  1
695  0  0.260403  -0.011823  11066.5  0.941551  -0.149162  1
696  0  0.431556  0.255203  10129.3  2.29714  -0.0540657  1
697  0  0.32217  0.00657389  10664.8  0.55539  -0.274064  1
698  0  0.750507  0.0580716  10498  1.56843  -0.209923  1
699  0  -1.45231  0.596874  10768.6  2.00161  0.0497935  1
700  0  0.600265  0.0764213  10215  1.63208  -0.210805  1
701  0  1.71941  0.150239  10807  1.95592  -0.0913767  1
702  0  0.920458  0.0856372  10675.2  2.10458  -0.23072  1
703  0  0.807553  -1.08548  10880  1.99335  0.009417  1
704  0  1.48061  0.222407  10799  1.96605  -0.0951025  1
705  0  0.860999  0.0366323  10632  1.25335  -0.196414  1
706  0  0.90436  0.0304619  10684.7  1.21857  -0.145832  1
707  0  0.597808  -0.0243197  11184.7  1.30249  0.231202  1
708  0  0.594924  0.0354333  11266.3  0.136774  0.0631512  1
709  0  0.312154  0.0572065  10784.2  -0.422006  -0.127661  1
710  0  0.659528  0.572725  10526.9  2.11031  -0.0494864  1
711  0  0.0824631  0.0110127  10794.5  0.114212  -0.0924418  1
712  0  0.966042  -0.0180526  10846.1  1.64393  -0.112559  1
713  0  0.746395  0.0125906  11369.4  1.02813  -0.079361  1
714  0  0.938093  -0.109192  10977.5  1.91795  -0.0612577  1
715  0  1.1846  0.366099  10732.1  2.00405  -0.108822  1
716  0  0.931728  -0.242936  10973.9  1.93904  -0.028148  1
717  0  0.877315  -0.00722767  11078.7  1.43964  -0.155873  1
718  0  1.17352  0.227409  10766.6  1.98214  -0.131049  1
719  0  0.567301  0.13104  10171.1  2.39265  -0.237516  1
720  0  0.621576  0.133246  10279.6  2.33578  -0.24262  1
721  0  1.03605  0.37856  10677.9  2.03369  -0.117246  1
722  0  0.220285  -0.0526215  11027.5  1.80234  -0.0734841  1
723  0  1.13369  -0.0869696  10920.5  1.90337  -0.0646763  1
724  0  0.56328  0.00154808  11074.6  0.798382  0.250588  1
725  0  -1.14654  -0.837081  10857.6  1.99328  0.0433525  1
726  0  0.863017  0.617714  10610.5  2.06729  -0.0646848  1
727  0  0.37149  -0.777495  10905.4  1.97941  0.0173793  1
728  0  0.766464  1.30394  10678.8  2.02536  0.00710936  1
729  0  1.05404  -0.118892  10924.4  1.95723  -0.0573587  1
730  0  0.403418  0.189807  9954.6  2.36756  -0.0646506  1
731  0  0.768017  -0.0307963  11257  1.52596  -0.0441125  1
732  0  -1.62466  1.15334  10740.6  2.00111  0.0418096  1
733  0  0.841771  0.741997  10623.3  2.05977  -0.0436159  1
734  0  0.639109  0.361856  10422.1  2.1596  -0.102757  1
735  0  0.985975  -0.146991  10952  1.94332  -0.0469985  1
736  0  -0.198736  -1.68779  10874.3  1.99409  0.0327853  1
737  0  0.169855  -1.38515  10880.3  1.99168  0.0267904  1
738  0  -0.224248  0.33033  10724.4  2.02207  0.158299  1
739  0  -1.71095  -1.39481  10857.4  1.99916  0.0349735  1
740  0  -1.31206  1.1665  10733.1  2.00411  0.0483067  1
741  0  0.0020138  0.0929322  10774.1  1.93717  0.516408  1
742  0  0.287431  0.0119248  10932.3  0.383781  -0.24765  1
743  0  -0.02829  0.0378439  11360.9  1.61449  0.382227  1
744  0  -0.125418  -0.0028221  11107.6  1.8355  0.13714  1
745  0  0.184908  0.0411807  11007.6  -0.11586  0.0171217  1
746  0  0.0262664  0.476646  10534.4  2.11197  0.133362  1
747  0  -1.41399  0.145078  10802.3  1.99772  0.0514677  1
748  0  -1.74938  0.600169  10771.6  2.00062  0.0410789  1
749  0  0.375518  0.0284589  10322.1  -0.116992  -0.0744583  1
750  0  -0.350076  0.33945  10758.2  2.00724  0.130302  1
751  0  0.0870013  -0.0847961  10939  1.92758  -0.0391367  1
752  0  1.31668  -0.171248  10858  1.97059  -0.0664308  1
753  0  0.0487537  0.172126  10411.3  2.14486  0.381409  1
754  0  -0.111938  0.204574  10753.3  2.00226  0.237114  1
755  0  0.493739  -0.130927  10833.2  2.04954  0.110772  1
756  0  0.171986  -0.595799  10914.3  1.97114  0.0175438  1
757  0  0.187071  -0.197781  10934.5  1.95657  -0.027257  1
758  0  1.32984  0.101754  10825.2  1.95728  -0.108424  1
759  0  0.103505  -0.15708  10957.5  1.93383  -0.0259241  1
760  0  1.71139  -0.906906  10824  2.02744  -0.019303  1
761  0  0.542355  0.148202  10137.4  2.3647  -0.205258  1
762  0  -0.303536  -0.260141  10937.6  1.94335  0.0585727  1
763  0  1.71879  1.33388  10775.6  1.9698  -0.0145864  1
764  0  0.260756  0.307728  10183  2.2715  0.0970828  1
765  0  0.800004  -0.0721417  11157.1  1.75887  -0.0311468  1
766  0  0.417529  0.450796  10378.4  2.18518  0.00383849  1
767  0  0.124613  0.662207  10549.6  2.10334  0.0772331  1
768  0  -0.985818  0.40631  10779  2.00056  0.0693132  1
769  0  0.554926  -0.0709644  10961.6  1.84573  0.215203  1
770  0  0.991907  0.0705305  10757.9  2.03023  -0.226126  1
771  0  0.584959  0.195873  10269.1  2.21758  -0.17603  1
772  0  0.513154  0.982979  10616.3  2.06112  0.010853  1
773  0  0.155778  0.0916585  9610.12  2.39986  0.450024  1
774  0  -0.409878  -0.48636  10903.7  1.96575  0.0492707  1
775  0  0.668328  0.0931181  10347.4  2.22824  -0.267058  1
776  0  0.57981  0.0794515  10205.3  1.7287  -0.219113  1
777  0  -0.448103  -1.23347  10879.1  1.98876  0.035659  1
778  0  0.297218  0.703084  10534.3  2.10926  0.0408026  1
779  0  0.484656  0.0467283  10657.4  -0.458691  0.164173  1
780  0  0.0290894  0.123761  10498.8  2.09391  0.485269  1
781  0  0.876748  1.7154  10715.4  2.00265  0.0206916  1
782  0  0.49096  0.0915144  9920.39  1.92726  -0.185961  1
783  0  0.380353  0.102472  9625.32  2.24004  -0.0988035  1
784  0  0.376706  0.337458  10230  2.25315  0.00784604  1
785  0  1.02937  -0.0235117  10896.6  1.59018  -0.0740283  1
786  0  0.687203  0.059115  10372.6  1.35668  -0.185474  1
787  0  0.103552  0.112423  9979.19  2.32549  0.507921  1
788  0  -0.10442  0.0765306  11032.8  1.8589  0.245734  1
789  0  0.641553  -0.0496444  11229.9  1.56737  0.167557  1
790  0  -1.42531  1.72727  10715.6  2.00411  0.0393059  1
791  0  0.907532  -0.847259  10888.8  1.98904  0.000428496  1
792  0  0.134783  0.0864444  9588.2  2.36113  0.516276  1
793  0  0.248847  -0.299258  10913.9  1.97671  -0.00830536  1
794  0  0.291555  -0.114393  10876.5  2.01064  -0.101091  1
795  0  0.68955  0.111542  10382.8  2.29102  -0.259768  1
796  0  1.0552  0.182589  10742.6  1.99902  -0.160656  1
797  0  -0.0570405  -1.02281  10891.2  1.98332  0.0294764  1
798  0  0.707809  0.0580052  10413.8  1.40793  -0.186613  1
799  0  0.895592  0.173231  10629.3  2.06366  -0.19662  1
800  0  1.2368  1.70223  10742.6  1.98907  0.00975169  1
801  0  0.911353  0.319185  10616.7  2.06431  -0.141113  1
802  0  0.990602  0.0207714  10685.2  1.28782  -0.162147  1
803  0  0.529691  0.29074  10268.5  2.23388  -0.0972797  1
804  0  0.178598  0.161348  9876.69  2.39385  0.288539  1
805  0  0.335777  0.0287732  10571  -0.0619983  -0.238287  1
806  0  0.139871  0.284178  10274.5  2.22758  0.203337  1
807  0  0.0400825  -0.00426836  10881.1  0.795206  -0.043948  1
808  0  0.291023  0.0557503  10911  -0.274373  -0.133007  1
809  0  0.56331  -1.00938  10890.3  1.98771  0.0144941  1
810  0  0.421002  0.0543221  10339.2  -0.779713  0.0661322  1
811  0  0.740262  0.210949  10470.6  2.11876  -0.187825  1
812  0  -0.991291  0.938506  10734.6  2.00864  0.0607185  1
813  0  0.72769  0.0527434  10461.2  1.28012  -0.173666  1
814  0  0.402542  0.100244  9680.15  2.14471  -0.125134  1
815  0  0.177387  0.092345  9543.08  2.38843  0.39589  1
816  0  0.205555  0.0471209  11051.7  -0.0556045  0.0352881  1
817  0  0.842956  -0.0410419  11121.1  1.7084  -0.0944588  1
818  0  0.880009  -0.0682796  11055.1  1.81767  -0.0800881  1
819  0  0.218176  -0.139997  10920.7  1.95504  -0.0535595  1
820  0  0.496041  0.431993  10383.3  2.18209  -0.0341034  1
821  0  0.488728  1.70843  10689.1  2.01645  0.0331644  1
822  0  0.888722  0.0762253  10650.7  2.07  -0.242681  1
823  0  0.234534  0.894619  10592  2.07686  0.0456394  1
824  0  0.628706  0.101828  10297.8  2.28239  -0.265556  1
825  0  1.68587  -1.69367  10816.8  2.02911  0.0158082  1
826  0  -0.0380685  -0.00401107  11493.9  1.60484  0.097089  1
827  0  -0.0754197  -0.131214  11057.8  1.87077  0.0166789  1
828  0  1.78481  1.00706  10780.5  1.96483  -0.0329976  1
829  0  -0.336313  1.38093  10680.7  2.02581  0.0557717  1
830  0  0.35173  -0.0954276  10718  2.05497  -0.105687  1
831  0  0.400665  0.0568223  10342.5  -0.814646  0.0170717  1
832  0  0.358002  0.102683  9571.09  2.27258  -0.0590416  1
833  0  0.110209  -0.510928  10922.9  1.96496  0.0163936  1
834  0  0.0262097  -0.0632359  10956.3  1.87857  -0.0816766  1
835  0  -0.697703  -0.662616  10876.2  1.9815  0.0481491  1
836  0  1.05357  0.117632  10774.5  2.0508  -0.184869  1
837  0  0.0616051  0.00508786  10864  0.401897  -0.0932528  1
838  0  0.390651  0.00999995  10296.3  0.445371  -0.0482076  1
839  0  -0.12169  -0.0516615  11105.5  1.83996  0.0883461  1
840  0  0.0585462  0.101141  10252.6  2.16029  0.571812  1
841  0  0.421242  -0.0941  10636.8  2.08645  0.022451  1
842  0  0.639341  0.0296131  11403.7  0.465223  0.0798239  1
843  0  0.817173  0.169337  10555.9  2.10048  -0.207516  1
844  0  0.559377  0.0799289  10105.3  1.68119  -0.202823  1
845  0  0.270679  0.0565822  11002.6  -0.15481  -0.104604  1
846  0  0.438341  -0.538416  10917.9  1.97661  0.0146127  1
847  0  -0.0052896  0.00962047  11914  0.984829  0.115368  1
848  0  -0.22142  0.000263709  10979.3  1.90574  0.125379  1
849  0  0.9078  0.86464  10653.4  2.04332  -0.0346032  1
850  0  0.288067  -0.0482203  10875  1.6961  -0.188963  1
851  0  -1.73832  -1.70967  10860.3  1.99931  0.0339835  1
852  0  0.153656  -0.0320992  10916.5  1.6462  0.0288094  1
853  0  -0.171697  0.253738  10752.2  2.00793  0.188408  1
854  0  0.71813  -0.0103727  11360.4  1.27719  0.00149587  1
855  0  0.728552  -0.0375037  11293.5  1.51845  0.0156665  1
856  0  0.669137  0.230076  10390.3  2.16128  -0.173448  1
857  0  0.228368  0.00873498  11122.9  0.464313  0.00598494  1
858  0  0.821231  0.122707  10563.3  2.16408  -0.236799  1
859  0  -0.404435  0.459213  10732.1  2.02051  0.111214  1
860  0  0.211028  -0.0871774  10969.3  1.91178  -0.0586234  1
861  0  0.978128  0.103475  10720  2.10971  -0.216279  1
862  0  0.597504  -0.695225  10911.7  1.97874  0.0111159  1
863  0  -0.458982  -0.228358  10903.3  1.95818  0.0691229  1
864  0  0.505355  0.0478973  10794.2  -0.415496  0.123391  1
865  0  0.253684  -0.373113  10916  1.97477  0.003238  1
866  0  0.659457  -0.3043  10979.2  1.94926  0.0308643  1
867  0  0.440987  0.056277  10419.6  -0.796959  0.107595  1
868  0  0.479149  0.135152  9968.28  2.49054  -0.193697  1
869  0  -0.353856  0.168806  10836.5  1.97629  0.132943  1
870  0  0.865167  -0.391902  10952.6  1.95237  -0.00641  1
871  0  0.816007  0.0413065  10560.5  1.26366  -0.167238  1
872  0  0.511381  0.12731  10055.8  2.46246  -0.215149  1
873  0  0.224997  0.0521374  11079.4  -0.0417105  -0.00337246  1
874  0  0.100636  0.246956  10309.8  2.2054  0.256495  1
875  0  0.315009  -0.262036  10895.5  1.99352  -0.00867864  1
876  0  0.615852  0.0330248  11323.1  0.29928  0.0806532  1
877  0  -0.607974  1.30386  10697.5  2.01916  0.0580327  1
878  0  0.43813  0.611384  10492.7  2.13064  0.00939719  1
879  0  0.400684  -0.171037  10821.3  2.06463  -0.00727251  1
880  0  -0.0657638  -0.629522  10914.2  1.96696  0.0284657  1
881  0  0.838824  0.0366075  10618.9  1.2612  -0.182572  1
882  0  -0.911805  -1.27025  10868.3  1.99337  0.0384764  1
883  0  -1.71712  1.69242  10722.4  2.00115  0.0365963  1
884  0  0.578082  -0.107315  11018.5  1.9293  0.158172  1
885  0  -0.355009  0.713656  10683.2  2.03784  0.0901525  1
886  0  1.55462  0.595731  10766.5  1.97799  -0.0673625  1
887  0  -1.70807  -0.666543  10840.9  1.99865  0.03809  1
888  0  0.968805  0.0193523  10702  1.14185  -0.149481  1
889  0  0.949033  0.0227461  10730.2  1.20458  -0.155991  1
890  0  1.0139  -0.0616147  10912.4  1.93926  -0.0630238  1
891  0  0.679795  -0.0043466  11386.3  1.12688  0.0572867  1
892  0  0.33881  0.236435  10019.7  2.34975  0.0274098  1
893  0  -0.248632  0.922252  10666.6  2.04107  0.0752966  1
894  0  0.503253  -0.0695311  10791.5  1.92808  0.185521  1
895  0  -0.114651  0.631297  10622.2  2.07107  0.105546  1
896  0  -0.603179  0.912542  10709.3  2.0213  0.0722372  1
897  0  0.163298  0.0399701  10950.7  -0.181601  0.0199908  1
898  0  0.113889  -0.0046748  10777.3  0.956159  0.0392676  1
899  0  0.403109  0.225037  10041.2  2.33428  -0.0456139  1
900  0  -0.0408435  -0.0660694  11184.3  1.79233  -0.0383152  1
901  0  0.659789  0.0288732  11432.8  0.549513  0.0206391  1
902  0  -1.17528  -1.41553  10863.8  1.99628  0.0372039  1
903  0  -1.17624  -1.70346  10865.7  1.99687  0.0350917  1
904  0  0.963819  0.272061  10655.3  2.04154  -0.150664  1
905  0  0.603846  0.252851  10320.3  2.20393  -0.144674  1
906  0  0.992126  0.191449  10694.4  2.0127  -0.172738  1
907  0  -0.0423463  0.181869  10689.1  2.02312  0.307688  1
908  0  0.925582  0.0241874  10683  1.21233  -0.138467  1
909  0  0.43002  0.31425  10215.1  2.25714  -0.0327133  1
910  0  0.425294  0.128975  9826  2.55463  -0.138671  1
911  0  1.01263  1.26047  10700  2.01369  -0.00717255  1
912  0  1.01431  0.303104  10680.8  2.03221  -0.137558  1
913  0  0.677559  -0.124255  11128.7  1.87289  0.0808802  1
914  0  -1.70659  0.0703054  10804.3  1.99859  0.0423665  1
915  0  0.338157  -1.73174  10869  1.99865  0.028099  1
916  0  0.0810514  -0.241962  10954.2  1.94306  -0.00682575  1
917  0  0.92854  0.404183  10625.1  2.05946  -0.117162  1
918  0  0.314001  0.502346  10413.5  2.16979  0.0413564  1
919  0  -1.43278  -1.24128  10858.2  1.99764  0.037376  1
920  0  -0.96399  -0.0659837  10830.9  1.98961  0.0647955  1
921  0  0.662052  0.971204  10626.5  2.05454  -0.00409275  1
922  0  0.734536  0.0961106  10468.2  2.24987  -0.272242  1
923  0  0.795884  0.0421104  10540.2  1.18453  -0.161944  1
924  0  0.78739  -0.229015  11024.4  1.92357  0.00600017  1
925  0  0.702142  -1.37552  10871.3  1.9983  0.0168648  1
926  0  0.73423  0.291532  10470.2  2.13568  -0.147674  1
927  0  1.24774  1.42553  10732.4  1.99503  -0.00445259  1
928  0  0.140981  0.033871  10870.5  -0.244032  -0.0143941  1
929  0  -0.0504179  -0.244887  10980.2  1.92504  0.0171832  1
930  0  -0.408418  -0.941686  10886.4  1.9823  0.0376764  1
931  0  0.310996  0.133243  9622.76  2.63309  0.069994  1
932  0  0.0909913  0.0740071  9863.57  2.25769  0.674399  1
933  0  1.7498  1.71853  10785.8  1.96763  0.00194489  1
934  0  -0.0328826  0.0885101  10950.3  1.87166  0.410768  1
935  0  0.248181  0.175431  9831.34  2.42435  0.156814  1
936  0  0.124419  0.355201  10376.6  2.18541  0.164228  1
937  0  0.997477  -0.258872  10948.6  1.94835  -0.034028  1
938  0  0.433543  0.0157502  10327.2  0.271589  0.119545  1
939  0  -0.00581155  0.0242957  11667.7  1.46855  0.531684  1
940  0  0.220928  0.124336  9572.94  2.60705  0.270794  1
941  0  0.168609  0.48091  10444.4  2.15429  0.100587  1
942  0  0.694916  -0.382664  10959.2  1.95817  0.0159708  1
943  0  0.675652  -0.0502201  11276  1.59152  0.111008  1
944  0  0.35726  0.142743  9736.35  2.5578  -0.0350682  1
945  0  -0.188784  0.120648  10900.8  1.9412  0.189817  1
946  0  0.0740775  -0.0334707  10910.8  1.84527  -0.0712719  1
947  0  0.290955  0.101343  9409.31  2.31675  0.0872198  1
948  0  0.246059  0.0997223  9440.92  2.37057  0.200949  1
949  0  0.463172  0.241745  10138.4  2.29093  -0.0858683  1
950  0  0.883951  -0.19623  11005.6  1.92559  -0.0276698  1
951  0  -0.909239  -0.549108  10862.1  1.98614  0.0511748  1
952  0  -0.545306  0.0755301  10845.2  1.97627  0.095447  1
953  0  1.24157  0.152404  10818.8  1.9916  -0.126094  1
954  0  0.609898  -0.196508  11002  1.9627  0.0746905  1
955  0  0.555365  -0.208727  10952.8  1.99046  0.0695194  1
956  0  -0.0688297  0.0368069  11219.4  1.74455  0.24912  1
957  0  1.07683  0.486679  10683.5  2.02926  -0.0957589  1
958  0  -0.643791  0.301743  10788.8  1.99753  0.0923997  1
959  0  1.02375  0.0149426  10849.1  1.42596  -0.198252  1
960  0  0.282892  0.230672  10001.5  2.35731  0.092324  1
961  0  0.121578  0.03009  10817.3  -0.284585  -0.0472666  1
962  0  0.0103388  -0.500362  10925.3  1.96085  0.0209756  1
963  0  0.0130005  0.580044  10568.1  2.09684  0.106789  1
964  0  0.225973  1.76429  10680.9  2.01984  0.0426258  1
965  0  1.14124  -0.630316  10886.5  1.98749  -0.0191246  1
966  0  1.09079  -0.819001  10879.2  1.99323  -0.00816736  1
967  0  0.654215  -0.237371  11005.3  1.94755  0.0489465  1
968  0  0.560916  -0.31223  10947.8  1.9689  0.0343149  1
969  0  0.13855  0.177996  10057.4  2.31645  0.322907  1
970  0  0.778458  0.0740072  10511.1  2.04786  -0.263109  1
971  0  -0.288519  0.0463118  10916.5  1.93654  0.130145  1
972  0  -0.3086  -0.410071  10922.3  1.9557  0.0482015  1
973  0  1.20098  0.627127  10707.4  2.01477  -0.0717075  1
974  0  0.930653  0.0645783  10681.1  2.00431  -0.237265  1
975  0  -0.00178831  0.210353  10550.7  2.08844  0.303305  1
976  0  -1.41534  -0.914552  10852.5  1.9968  0.0400581  1
977  0  0.967326  0.553697  10644.8  2.04982  -0.082154  1
978  0  0.897142  -0.0427932  11016.2  1.80043  -0.118109  1
979  0  0.536902  -0.0139651  10884.5  1.15803  0.277419  1
980  0  0.490035  0.186671  10086.7  2.30451  -0.14055  1
981  0  0.593465  0.126711  10234.3  2.37234  -0.24504  1
982  0  0.937779  -0.0481942  10950.9  1.8711  -0.112852  1
983  0  0.948524  -0.0768081  10961.6  1.90211  -0.0813719  1
984  0  0.758066  -0.103428  11159.7  1.82923  0.0167074  1
985  0  -0.0162726  1.13453  10650.8  2.04421  0.0551938  1
986  0  1.34534  -0.624369  10863.2  1.99921  -0.0279243  1
987  0  0.103451  0.444468  10457.2  2.14785  0.13132  1
988  0  0.00276983  -0.102998  11029.3  1.88693  -0.0375525  1
989  0  0.232068  0.21401  9975.31  2.36496  0.163685  1
990  0  0.836989  -0.112391  11086.3  1.86956  -0.0310236  1
991  0  0.830092  -0.709159  10906.4  1.98028  0.000720257  1
992  0  0.27982  0.17383  9809.72  2.43286  0.102272  1
993  0  0.714411  0.144181  10434  2.20874  -0.234312  1
994  0  -1.71239  0.870295  10755.1  2.00066  0.0411668  1
995  0  1.476  0.777113  10750.8  1.98659  -0.0524927  1
996  0  -0.136057  0.0483971  11038.9  1.86416  0.185792  1
997  0  0.643301  0.066373  10308.6  1.45914  -0.190554  1
998  0  0.36087  -0.373741  10909.8  1.98447  0.00881261  1
999  0  -0.599326  1.79492  10690.7  2.01551  0.0474499  1
1000  0  -0.742451  -1.70977  10870.7  1.99479  0.0351776  1
1001  0  0.171648  0.00534307  10939.9  0.569598  0.0876003  1
1002  0  1.01072  0.0986043  10755.4  2.08895  -0.205911  1
1003  0  0.63616  -0.467584  10939  1.96961  0.0149124  1
1004  0  -0.241961  -0.0745118  10981.1  1.90857  0.0935395  1
1005  0  0.711963  -0.16706  11085  1.90754  0.0471978  1
1006  0  0.684108  0.40969  10476.4  2.13434  -0.0952788  1
1007  0  0.172728  0.137066  9781.85  2.4219  0.336478  1
1008  0  0.00642296  -0.0179114  11083.9  1.74484  -0.274939  1
1009  0  0.410962  -0.0281987  10374.5  1.52254  0.0313219  1
1010  0  -0.530513  0.21048  10812  1.9887  0.103369  1
1011  0  0.843214  0.07584  10626.9  2.12596  -0.258013  1
1012  0  -0.877242  1.71768  10700.3  2.01179  0.0470521  1
1013  0  -0.837974  1.39754  10707.5  2.01299  0.053487  1
1014  0  1.44082  -0.819417  10849  2.00966  -0.019701  1
1015  0  -0.199905  -0.911288  10893.9  1.97978  0.0330223  1
1016  0  1.06612  1.09154  10695.2  2.01521  -0.0206476  1
1017  0  1.21128  1.01007  10713  2.00605  -0.0324871  1
1018  0  -0.098545  -0.39385  10940.5  1.94785  0.0280025  1
1019  0  0.921359  -0.0110152  10963.2  1.52999  -0.15373  1
1020  0  0.0846868  -0.723998  10907.8  1.97396  0.0233092  1
1021  0  1.39895  -1.79356  10835.5  2.01962  0.020006  1
1022  0  0.964446  0.223763  10665.9  2.02818  -0.165907  1
1023  0  -1.16328  -0.16701  10829.1  1.993  0.0559693  1
1024  0  0.13331  -0.00875322  10859.3  1.05908  0.0603597  1
1025  0  0.612344  -0.00396788  11268.2  1.05994  0.203771  1
1026  0  -1.77697  1.40197  10732  2.00096  0.037507  1
1027  0  -0.763995  0.20842  10806.3  1.99268  0.082551  1
1028  0  0.050363  -0.0391609  10918.6  1.86729  -0.0844156  1
1029  0  1.24351  -0.967924  10860.1  2.00384  -0.00803511  1
1030  0  -0.521635  -0.376907  10893.2  1.96739  0.0586455  1
1031  0  0.977905  -0.201828  10958.7  1.94345  -0.0395605  1
1032  0  0.02159  -0.33361  10951.1  1.94657  0.0116165  1
1033  0  0.356095  0.0583907  10485.4  -0.718424  -0.0764354  1
1034  0  0.711688  0.0938697  10410.6  2.25911  -0.269555  1
1035  0  0.396438  0.533034  10437  2.15689  0.0144785  1
1036  0  0.011466  0.0299282  11393.9  1.48203  0.821281  1
1037  0  -0.672329  -0.13086  10859.2  1.9763  0.073686  1
1038  0  1.7851  0.5817  10786.2  1.95963  -0.0641962  1
1039  0  -0.0690006  0.104899  10934  1.90462  0.319476  1
1040  0  1.45439  1.31741  10749.9  1.98539  -0.0146839  1
1041  0  -0.070859  0.963036  10641.6  2.05214  0.066724  1
1042  0  0.630248  0.428343  10450.5  2.14776  -0.0778842  1
1043  0  0.866452  0.220395  10592.4  2.06164  -0.179787  1
1044  0  -0.691425  -1.40614  10872.4  1.99258  0.0366024  1
1045  0  0.351493  0.122513  9647.55  2.63394  -0.0433987  1
1046  0  1.80815  -0.597562  10819.8  2.03064  -0.0410208  1
1047  0  -0.0376116  -0.152511  11025.5  1.8959  -0.000821211  1
1048  0  0.0540157  -0.14812  10978.1  1.92081  -0.0251235  1
1049  0  0.259497  -1.04838  10892  1.98561  0.0224243  1
1050  0  -1.20342  0.948913  10741.1  2.00484  0.0544695  1
1051  0  0.345843  -0.0661034  10709.7  1.95663  -0.157316  1
1052  0  0.0250211  0.0441067  10750.7  1.75751  0.906555  1
1053  0  -0.126679  0.131696  10885.6  1.93992  0.238585  1
