0  2  1  0  16164.8  -2.56939e-16  -8.51474e-20  1
1  1  2  2  15662.9  2.00501  0.143924  1
2  1  2  -2  15757  2.08868  0.29173  1
3  3  -2  -2  17218.7  1.97577  0.31037  1
4  3  -2  2  16289.5  1.97501  0.314311  1
10  1  2  1.6  15639.2  1.99453  0.143067  1
11  1  2  1.2  15639.2  1.97474  0.146931  1
12  1  2  0.8  15639.2  1.94151  0.141016  1
13  1  2  0.4  15639.2  1.93559  0.128851  1
14  1  2  5.50449e-12  15639.2  1.99075  0.144633  1
15  1  2  -0.4  15639.2  2.00697  0.176621  1
16  1  2  -0.8  15639.2  1.96867  0.190693  1
17  1  2  -1.2  15639.2  1.96525  0.192618  1
18  1  2  -1.6  15639.2  2.08997  0.232119  1
19  0  1.6  -2  16023.8  1.97577  0.31037  1
20  0  1.2  -2  16307.2  1.97577  0.31037  1
21  0  0.8  -2  16569.9  1.97577  0.31037  1
22  0  0.4  -2  16794.2  1.97577  0.31037  1
23  0  5.50449e-12  -2  16962.3  1.97577  0.31037  1
24  0  -0.4  -2  17137  1.97577  0.31037  1
25  0  -0.8  -2  17449.5  1.97577  0.31037  1
26  0  -1.2  -2  17494.2  1.97577  0.31037  1
27  0  -1.6  -2  17311.5  1.97577  0.31037  1
28  3  -2  -1.6  17120.6  1.97577  0.31037  1
29  3  -2  -1.2  17020.1  1.97577  0.31037  1
30  3  -2  -0.8  16859.1  1.97577  0.31037  1
31  3  -2  -0.4  16711.7  1.97577  0.31037  1
32  3  -2  -5.50449e-12  16587.5  1.97577  0.31037  1
33  3  -2  0.4  16489.1  1.97577  0.31037  1
34  3  -2  0.8  16417.3  1.97577  0.31037  1
35  3  -2  1.2  16360  1.97577  0.31037  1
36  3  -2  1.6  16315.1  1.97577  0.31037  1
37  0  -1.6  2  16287.2  1.97521  0.324276  1
38  0  -1.2  2  16278.9  1.98405  0.35052  1
39  0  -0.8  2  16244.9  2.00549  0.318335  1
40  0  -0.4  2  16178.5  2.03772  0.208663  1
41  0  -5.50449e-12  2  16090  2.05769  0.155769  1
42  0  0.4  2  16015.2  2.0503  0.149665  1
43  0  0.8  2  15947.7  2.03688  0.14607  1
44  0  1.2  2  15849  2.02719  0.166518  1
45  0  1.6  2  15737.6  2.01403  0.164003  1
46  2  0.978192  0.00186391  16128.1  0  0  1
47  2  0.956414  0.00416658  16100  0  0  1
48  2  0.934623  0.0063303  16073.5  2.12566e-16  -1.82915e-17  1
49  2  0.912826  0.00845231  16051.7  -6.71765e-17  2.27894e-18  1
50  2  0.891036  0.0106305  16059.6  0  0  1
51  2  0.869258  0.012931  16024  0  0  1
52  2  0.847492  0.0153378  16000.8  0  0  1
53  2  0.825737  0.0178536  16003.4  0  0  1
54  2  0.803994  0.0204629  15944.9  0  0  1
55  2  0.782262  0.0231595  15907  0  0  1
56  2  0.760539  0.0259325  15928.6  3.18718e-16  -3.52095e-17  1
57  2  0.738826  0.02878  15891.2  0  0  1
58  2  0.717121  0.0316868  15814.8  0  0  1
59  2  0.695422  0.0346409  15809.6  0  0  1
60  2  0.673729  0.0376382  15778.6  0  0  1
61  2  0.652039  0.0406576  15750.4  1.56068e-16  -1.71308e-17  1
62  2  0.630352  0.0437043  15721.7  0  0  1
63  2  0.608665  0.0467448  15684.6  0  0  1
64  2  0.586977  0.0497772  15635.7  0  0  1
65  2  0.565286  0.0527878  15598.2  -4.93038e-32  0  1
66  2  0.543589  0.0557579  15563.3  0  0  1
67  2  0.521887  0.0586896  15513.2  1.78894e-16  -1.682e-17  1
68  2  0.500174  0.0615375  15446  0  0  1
69  2  0.478451  0.0643066  15389.5  -4.01655e-16  3.37243e-17  1
70  2  0.456714  0.066965  15335.7  0  0  1
71  2  0.434962  0.0695012  15276.1  0  0  1
72  2  0.413194  0.0718932  15222.9  0  0  1
73  2  0.391406  0.0740925  15154.3  1.92495e-16  -5.4881e-18  1
74  2  0.369598  0.0760938  15052.6  0  0  1
75  2  0.347769  0.0778426  14960.6  1.88365e-16  -5.53325e-18  1
76  2  0.325921  0.0793261  14913.8  0  0  1
77  2  0.304051  0.0804581  14783.1  0  0  1
78  2  0.282165  0.0812065  14714.9  0  0  1
79  2  0.260268  0.0814714  14611.5  9.57679e-16  3.21934e-17  1
80  2  0.238371  0.0811958  14493.1  2.83911e-16  1.85835e-17  1
81  2  0.216491  0.0803138  14483  0  0  1
82  2  0.194648  0.0787601  14409.2  0  0  1
83  2  0.172869  0.0764781  14348.7  0  0  1
84  2  0.151188  0.0734039  14358.4  0  0  1
85  2  0.129651  0.0694486  14386  0  0  1
86  2  0.108305  0.0645659  14450.6  0  0  1
87  2  0.0872294  0.058626  14529.7  0  0  1
88  2  0.066544  0.0514478  14667.1  0  0  1
89  2  0.0464486  0.0427605  14896.4  2.22712e-16  3.97197e-17  1
90  2  0.0273462  0.0320797  15343.2  0  0  1
91  2  0.0102742  0.0184344  16412.7  0  0  1
92  2  5.93396e-05  -0.000333414  17535.9  0  0  1
93  2  0.0180111  -0.0104968  17174.5  -3.59818e-17  1.01219e-17  1
94  2  0.0394896  -0.0147201  16510.2  -2.93241e-16  3.04732e-17  1
95  2  0.0612109  -0.0174937  16592.5  0  0  1
96  2  0.0830078  -0.0196035  16599.3  1.1999e-16  -8.67986e-18  1
97  2  0.104839  -0.0213227  16540.4  -2.46519e-32  0  1
98  2  0.126684  -0.0228633  16460.6  0  0  1
99  2  0.148537  -0.0242822  16465.2  0  0  1
100  2  0.170395  -0.0256203  16485.1  0  0  1
101  2  0.192258  -0.026888  16440  1.40191e-16  -7.51216e-18  1
102  2  0.214123  -0.0281019  16427.3  -3.96618e-16  1.95796e-17  1
103  2  0.235992  -0.0292523  16415.7  -1.40555e-16  7.71037e-18  1
104  2  0.257864  -0.0303385  16357.3  0  0  1
105  2  0.27974  -0.0313549  16329.5  0  0  1
106  2  0.301619  -0.0322901  16313.3  1.39819e-16  -7.47873e-18  1
107  2  0.323501  -0.0331496  16279  0  0  1
108  2  0.345386  -0.0339235  16250.2  1.38559e-16  -4.13832e-18  1
109  2  0.367275  -0.0346177  16220.1  0  0  1
110  2  0.389165  -0.0352288  16208.4  2.11191e-16  -5.66768e-18  1
111  2  0.411058  -0.03576  16189.5  0  0  1
112  2  0.432952  -0.0362082  16156.2  2.14706e-16  -4.2857e-18  1
113  2  0.454848  -0.0365703  16123.4  0  0  1
114  2  0.476746  -0.0368486  16127  0  0  1
115  2  0.498644  -0.0370414  16091.7  -1.46408e-16  1.76119e-18  1
116  2  0.520543  -0.0371493  16035.1  0  0  1
117  2  0.542442  -0.0371667  16049.8  0  0  1
118  2  0.564341  -0.0370917  16045.5  1.50684e-16  1.55533e-18  1
119  2  0.586239  -0.0369208  15999.1  0  0  1
120  2  0.608137  -0.0366483  15989.7  -5.76192e-16  -8.714e-18  1
121  2  0.630033  -0.0362714  15978  0  0  1
122  2  0.651926  -0.0357825  15955.1  2.10293e-16  5.44061e-18  1
123  2  0.673817  -0.0351771  15939.2  0  0  1
124  2  0.695704  -0.0344413  15917.3  0  0  1
125  2  0.717585  -0.0335673  15888.9  0  0  1
126  2  0.73946  -0.0325347  15879.1  0  0  1
127  2  0.761326  -0.0313349  15846.4  0  0  1
128  2  0.783179  -0.0299087  15805.5  0  0  1
129  2  0.805012  -0.0282191  15819.7  5.92967e-17  5.06162e-18  1
130  2  0.826813  -0.0261483  15806.7  0  0  1
131  2  0.848562  -0.0235928  15834.8  0  0  1
132  2  0.870257  -0.0206098  15873.5  0  0  1
133  2  0.891895  -0.017241  15934.5  0  0  1
134  2  0.913505  -0.0136924  16002.9  0  0  1
135  2  0.935103  -0.010077  16039.2  0  0  1
136  2  0.956696  -0.00642842  16115.8  1.14099e-17  4.62346e-18  1
137  2  0.978299  -0.00283981  16167.4  0  0  1
266  0  1.0715  -0.630732  16099.6  1.95403  0.121063  1
267  0  0.148986  -0.998125  16574.1  1.88475  0.0773009  1
268  0  0.514919  -0.582087  16328.8  1.94539  0.0709947  1
269  0  0.0475517  -0.521063  16550  1.90518  0.0421556  1
270  0  -0.639005  0.87297  16249.9  2.05531  0.367252  1
271  0  0.228432  0.99196  15969.8  2.09  0.140941  1
272  0  1.05779  0.882465  15847.9  2.02586  0.0827118  1
273  0  -0.183865  0.598219  16089.1  2.10831  0.21417  1
274  0  0.271026  0.535278  15793.2  2.18043  0.114465  1
275  0  0.72159  0.484903  15832.5  2.08997  0.0172735  1
276  0  -0.37011  0.220055  16342.1  2.02105  0.286991  1
277  0  -0.431824  -0.307156  16619.2  1.95088  0.181081  1
278  0  0.819048  -0.382371  16132.7  1.98548  0.0999463  1
279  0  0.327902  -0.338584  16367.2  1.94504  0.0265848  1
280  0  0.583482  -0.287346  16181.2  1.9931  0.0619524  1
281  0  0.0998484  -0.263087  16549.8  1.88625  -0.00386437  1
282  0  -0.0912176  -0.180441  16705.7  1.83684  0.0704157  1
283  0  0.0542544  0.349963  15816.6  2.18036  0.244261  1
284  0  -0.127531  0.200069  16202.4  2.03169  0.329686  1
285  0  0.47805  0.344502  15661.1  2.22933  0.0052079  1
286  0  1.01114  0.325187  15930.4  1.99123  -0.0147626  1
287  0  1.01625  -0.238896  16072.4  1.95962  0.155816  1
288  0  0.670836  0.253158  15775  2.13725  -0.0922351  1
289  0  0.246765  0.284393  15477.7  2.32891  0.144743  1
290  0  0.847933  0.21314  15914.8  2.03152  -0.0983368  1
291  0  0.734813  -0.211478  16069.7  2.01845  0.0948135  1
292  0  0.879653  -0.169329  16036.8  1.99722  0.14035  1
293  0  0.232218  -0.179247  16432.2  1.92383  -0.0302011  1
294  0  0.396306  -0.192348  16272.3  1.9772  0.00379153  1
295  0  -0.230405  0.000154387  16568.3  1.89097  0.232934  1
296  0  1.00159  0.156707  16020.3  1.98506  -0.0629095  1
297  0  0.0311679  0.203678  15713.3  2.22231  0.409583  1
298  0  -1.17275  0.0348421  16544.3  2.00843  0.482981  1
299  0  0.358753  0.220368  15384  2.35917  0.0176128  1
300  0  0.496147  0.210016  15554.2  2.25468  -0.0821215  1
301  0  0.618415  -0.162646  16086.6  2.03428  0.0575834  1
302  0  0.505465  -0.151916  16161.7  2.01644  0.0170598  1
303  0  0.133901  -0.146384  16546.3  1.88149  -0.0506721  1
304  0  0.976174  -0.116273  16081  2.00869  0.184475  1
305  0  1.32857  -0.0801886  15975.4  1.93718  0.0999317  1
306  0  0.785492  -1.15625  16325.8  1.92963  0.11987  1
307  0  0.145461  0.191783  15262.8  2.41326  0.323097  1
308  0  -0.380709  -0.862998  16708.3  1.91972  0.0579828  1
309  0  -0.12483  0.075758  16490  1.88929  0.36536  1
310  0  0.042592  -0.114602  16696.4  1.81205  -0.0542677  1
311  0  -1.03505  -0.571564  16705.9  2.03649  0.518661  1
312  0  0.27555  0.183093  15175.4  2.45377  0.088795  1
313  0  0.746982  0.15349  15848  2.12493  -0.151324  1
314  0  0.589476  0.147432  15663  2.25716  -0.159006  1
315  0  0.307641  -0.126843  16339  1.9492  -0.0374203  1
316  0  0.803501  -0.121718  15976.1  2.11245  0.137322  1
317  0  0.706034  -0.125041  16003.6  2.09687  0.0872009  1
318  0  0.826368  0.119935  15945  2.10363  -0.158765  1
319  0  0.912744  0.114351  16012.9  2.03772  -0.134341  1
320  0  1.28946  0.205952  15934.4  1.93927  0.0324465  1
321  0  -0.0135043  0.121097  15999.4  2.08235  0.562849  1
322  0  -0.0256422  -0.0694936  16940.9  1.67518  0.0227387  1
323  0  0.194259  -0.107454  16465.1  1.89788  -0.0640342  1
324  0  0.433354  0.155112  15385.7  2.40268  -0.100768  1
325  0  0.913821  -0.094969  16028.5  2.10034  0.200186  1
326  0  0.442652  -0.111884  16196.7  2.04238  -0.0177036  1
327  0  -0.812258  0.425454  16378.2  2.04767  0.462726  1
328  0  -0.770248  0.00798887  16511.8  2.03472  0.469048  1
329  0  0.376906  -0.103107  16259.1  2.02775  -0.0347702  1
330  0  1.27889  -0.412631  15999.7  1.9503  0.131041  1
331  0  -0.231505  1.05446  16115  2.07642  0.194114  1
332  0  0.365093  0.145595  15219.3  2.53639  -0.0601396  1
333  0  0.497938  0.130586  15490.8  2.41495  -0.165989  1
334  0  0.676969  0.123215  15781.4  2.23352  -0.184204  1
335  0  1.37527  -1.17711  16005.8  1.92757  0.152687  1
336  0  0.0775215  0.134376  15300.3  2.38398  0.537309  1
337  0  -1.37593  0.844574  16381.4  1.99194  0.384856  1
338  0  0.532698  0.791975  15872.7  2.09201  0.100193  1
339  0  0.729298  1.38206  15921.9  2.04911  0.127515  1
340  0  0.571075  -0.118198  16091.7  2.08014  0.0282841  1
341  0  -0.928312  -1.27701  16938.5  1.90474  0.43393  1
342  0  0.979063  0.0746815  16090.5  1.87661  -0.119927  1
343  0  1.0977  0.075384  16112.4  1.82126  -0.0513659  1
344  0  1.13655  -0.0759657  16095.3  1.93413  0.153397  1
345  0  0.198516  0.14731  14971.3  2.58163  0.245487  1
346  0  0.283913  -0.604644  16445  1.92746  0.0613488  1
347  0  0.797689  -0.655605  16213.7  1.94401  0.105102  1
348  0  -0.189242  -0.422704  16620.4  1.89717  0.0596823  1
349  0  -0.503418  0.515325  16263.7  2.07423  0.345125  1
350  0  -0.160627  -1.44254  16824.8  1.83469  0.0231531  1
351  0  0.643789  -0.102316  16020  2.15708  0.055555  1
352  0  0.114984  -0.0796283  16550.5  1.87102  -0.0991375  1
353  0  0.84314  -0.07385  15900.5  2.15396  0.187004  1
354  0  0.269047  -0.0845176  16370.9  1.99588  -0.069728  1
355  0  0.998678  -0.0598115  16141  2.01668  0.209752  1
356  0  -0.0845896  -0.00812716  16858.7  1.68186  0.286743  1
357  0  0.749878  -0.0813974  15921.7  2.19629  0.104309  1
358  0  0.0553378  0.582213  15927.6  2.14825  0.167947  1
359  0  -1.05086  1.39362  16279.8  2.01437  0.382313  1
360  0  0.132731  0.122098  14884.3  2.63723  0.473594  1
361  0  -0.243741  0.381032  16178.9  2.06803  0.262524  1
362  0  1.32734  1.39642  15797.9  2.01044  0.141393  1
363  0  0.757508  0.0974555  15867.7  2.08844  -0.186364  1
364  0  0.513872  -0.096741  16106.8  2.13285  -0.000297709  1
365  0  0.98723  -0.440534  16096.8  1.97212  0.121371  1
366  0  -0.462593  -0.00745438  16513.4  1.97961  0.276588  1
367  0  0.252911  0.121512  14813.9  2.73312  0.109164  1
368  0  0.427072  -1.42312  16572.9  1.90936  0.148932  1
369  0  1.46647  -0.790948  15930.1  1.95936  0.147294  1
370  0  0.0259007  1.43393  16065.4  2.05513  0.149253  1
371  0  0.332784  -0.0804839  16274.4  2.05851  -0.068672  1
372  0  1.14584  0.224491  15993.2  1.95349  -0.00668699  1
373  0  1.22951  0.536326  15865.5  1.97777  0.049341  1
374  0  0.0694259  -0.062274  16656  1.85124  -0.139547  1
375  0  0.0175139  -0.0590533  16918.7  1.69183  -0.1186  1
376  0  0.41587  -0.82651  16421.5  1.90924  0.0803264  1
377  0  0.685508  -0.0780942  15955.3  2.17721  0.0680203  1
378  0  0.313788  0.121133  14977.4  2.63055  -0.0166418  1
379  0  0.466408  -0.295254  16261.7  1.97213  0.0397744  1
380  0  -0.0460547  0.036929  16768.5  1.65544  0.525182  1
381  0  0.159561  -0.0625103  16507.1  1.97307  -0.097284  1
382  0  0.797558  -0.0738072  15879.2  2.18017  0.145466  1
383  0  0.623293  0.094537  15690.3  2.08765  -0.199474  1
384  0  0.864752  0.061487  16004.7  1.73339  -0.160584  1
385  0  0.53837  0.103066  15543.1  2.20567  -0.196823  1
386  0  0.668517  -0.450729  16209.7  1.9713  0.0865662  1
387  0  -0.571996  1.39838  16195.7  2.04075  0.306858  1
388  0  -0.143263  -0.694443  16621.9  1.89994  0.0310112  1
389  0  -1.43251  -1.03817  16919.4  1.96657  0.49298  1
390  0  0.175815  -0.398011  16475.8  1.91683  0.0261708  1
391  0  0.102421  -0.734445  16538.3  1.8982  0.0639372  1
392  0  0.584406  0.0935866  15644.8  2.09871  -0.20574  1
393  0  0.4987  0.575297  15812.5  2.13033  0.0713096  1
394  0  0.950136  -0.0455362  16074.8  1.91819  0.22946  1
395  0  0.711659  0.075544  15826.6  1.8314  -0.195192  1
396  0  -0.0337799  -0.345015  16600.8  1.87587  0.0332799  1
397  0  0.351247  0.340332  15594.5  2.27089  0.0724383  1
398  0  0.798264  0.0656814  15939.1  1.72265  -0.167525  1
399  0  -0.629129  -0.597469  16681.5  1.97216  0.260838  1
400  0  0.90561  -0.293965  16085.7  1.9865  0.118282  1
401  0  -1.46157  -0.397382  16680.6  2.011  0.44608  1
402  0  0.18095  0.425204  15738  2.21156  0.159788  1
403  0  0.969353  -0.929607  16186.7  1.93834  0.129391  1
404  0  -0.276712  -0.178501  16625.2  1.90728  0.141426  1
405  0  0.0372358  0.0916571  15480.9  2.28644  0.783297  1
406  0  -0.0814127  0.855509  16054.1  2.10318  0.171165  1
407  0  -0.229674  0.138462  16382.5  1.96855  0.282375  1
408  0  0.317728  -0.201147  16347.7  1.95158  -0.0100635  1
409  0  -0.40567  0.79131  16187.2  2.08294  0.280124  1
410  0  0.406792  0.117495  15226.2  2.47612  -0.131334  1
411  0  0.450834  0.111082  15338  2.35737  -0.168058  1
412  0  0.440743  -0.462787  16324.6  1.95837  0.0589085  1
413  0  -0.0517963  0.302968  15972.3  2.12528  0.292799  1
414  0  -0.06479  0.45274  15988.2  2.12713  0.222701  1
415  0  0.212603  0.782846  15928.5  2.11556  0.134645  1
416  0  -0.60599  0.196284  16422.2  2.03569  0.39953  1
417  0  0.00810169  -0.210511  16653.4  1.84801  0.0096064  1
418  0  -0.0136427  0.0562002  16344.8  1.81128  0.773042  1
419  0  0.222291  -0.0689471  16420.5  2.00472  -0.0924863  1
420  0  1.53245  0.874157  15768.6  1.97763  0.108698  1
421  0  0.696159  -0.337366  16160.3  1.98949  0.0858076  1
422  0  -0.123834  -0.103426  16742.9  1.80512  0.130156  1
423  0  -1.22704  0.437823  16441.9  2.00786  0.44001  1
424  0  0.888723  -0.057732  15952.4  2.03874  0.228641  1
425  0  0.999863  -1.4893  16293.9  1.93079  0.109407  1
426  0  0.21197  0.225671  15333.2  2.39427  0.19447  1
427  0  0.142602  0.297583  15595.7  2.27964  0.239355  1
428  0  0.419049  -0.0744545  16193.2  2.11269  -0.0448338  1
429  0  0.46777  -0.0748103  16138.9  2.13211  -0.0274074  1
430  0  1.0705  -0.0339753  16191.2  1.67326  0.145682  1
431  0  1.64578  -0.287534  15816.7  1.98923  0.135843  1
432  0  1.60886  0.0661551  15820.4  1.94226  0.0814136  1
433  0  1.64537  0.422192  15767  1.93763  0.0837687  1
434  0  0.929333  0.046322  16068.2  1.54612  -0.133275  1
435  0  -0.694191  -0.348957  16620.5  2.00303  0.366796  1
436  0  1.19859  -0.25203  16031.1  1.94692  0.139503  1
437  0  0.789125  0.351889  15852.8  2.07978  -0.034046  1
438  0  0.937949  0.498311  15877.6  2.02303  0.0253417  1
439  0  0.209218  -0.302634  16457.2  1.91661  0.00540732  1
440  0  0.44309  -1.14908  16491.8  1.9162  0.117766  1
441  0  0.599739  -0.0743907  16019.5  2.16331  0.0283757  1
442  0  0.553521  -0.0749229  16072.9  2.15564  0.00891149  1
443  0  0.6534  -0.246507  16127.2  2.0096  0.0736803  1
444  0  1.0662  -0.0920028  16120  2.02197  0.161918  1
445  0  0.837589  -0.24723  16072.8  1.99691  0.110766  1
446  0  0.472886  -0.228972  16231.6  1.98691  0.0266142  1
447  0  0.558761  -0.225151  16166.9  2.00532  0.0463238  1
448  0  -0.727891  -1.05295  16825.1  1.93288  0.288462  1
449  0  0.568808  0.27907  15681.5  2.20404  -0.0622645  1
450  0  -0.375783  0.0540168  16474.4  1.96492  0.256749  1
451  0  -0.132493  -0.994393  16676.7  1.8924  0.0105644  1
452  0  -0.411695  -0.587478  16654.8  1.93707  0.109392  1
453  0  0.181066  0.120205  14777  2.72997  0.323406  1
454  0  0.0866721  0.10054  15021  2.5629  0.669577  1
455  0  -0.00570781  -0.0374337  17158.8  1.55648  -0.0650783  1
456  0  0.163681  -0.213717  16504.7  1.89914  -0.0230071  1
457  0  -1.65721  0.182771  16530.9  1.98078  0.373287  1
458  0  -0.991732  0.729163  16350.9  2.0264  0.436911  1
459  0  -1.58183  1.24837  16338.7  1.98612  0.346228  1
460  0  0.953816  -0.201634  16066.6  1.96585  0.150376  1
461  0  0.435819  0.230684  15497.4  2.2989  -0.0307659  1
462  0  0.61904  -0.775769  16315.6  1.92674  0.0916333  1
463  0  0.668182  0.0767795  15771.9  1.8431  -0.189683  1
464  0  1.03727  0.0537408  16182.4  1.66335  -0.0942767  1
465  0  0.586518  1.1227  15920.3  2.06118  0.122978  1
466  0  0.76586  0.259471  15846.9  2.08679  -0.085427  1
467  0  0.846008  0.788502  15864  2.0507  0.0742909  1
468  0  -1.35733  -1.52902  17124.6  1.91193  0.466734  1
469  0  0.523337  -0.407013  16268.4  1.96951  0.06433  1
470  0  -0.0267112  -0.145766  16739.2  1.80624  0.0235013  1
471  0  0.610997  0.420043  15777.1  2.14561  0.000971556  1
472  0  -1.07554  -0.281613  16616.4  2.03938  0.523411  1
473  0  1.26349  0.0451971  16042.6  1.85259  0.0551785  1
474  0  -0.246589  0.247629  16269.5  2.02974  0.275736  1
475  0  0.454096  -0.175665  16219.1  1.99579  0.0101385  1
476  0  0.996684  0.0406528  16130  1.50575  -0.117673  1
477  0  0.32481  0.180345  15227.1  2.42386  0.0295063  1
478  0  0.423448  0.486111  15745.7  2.18501  0.0633728  1
479  0  -0.483729  -1.20123  16826.9  1.88925  0.0822403  1
480  0  -0.593437  -1.67442  17115.7  1.77196  0.159307  1
481  0  -0.0620552  0.181895  16090.2  2.06663  0.398977  1
482  0  0.367223  0.695698  15864  2.12175  0.107761  1
483  0  0.288261  -0.0656191  16344.7  2.04463  -0.0815678  1
484  0  0.368511  -0.271961  16330.2  1.95259  0.0192634  1
485  0  0.377345  -0.0712501  16239.2  2.08732  -0.0556803  1
486  0  0.886944  -0.535244  16149.5  1.96154  0.10914  1
487  0  0.361367  0.110461  15120  2.50027  -0.09306  1
488  0  0.730823  -0.0657349  15918.8  2.13076  0.0931147  1
489  0  0.35799  -0.156694  16294.7  1.97047  -0.0149831  1
490  0  0.493911  0.0991577  15456.3  2.1993  -0.190039  1
491  0  0.0677014  -0.171891  16624.9  1.85016  -0.029264  1
492  0  0.246267  -0.140385  16409.6  1.93018  -0.0423552  1
493  0  0.686003  -0.196307  16077.8  2.02565  0.0830982  1
494  0  1.10931  -0.345777  16055.7  1.95741  0.142693  1
495  0  0.641919  -0.071987  15993.2  2.159  0.0463973  1
496  0  0.654443  0.192688  15741.1  2.14521  -0.129291  1
497  0  0.0529193  -0.358178  16559.6  1.88626  0.0204221  1
498  0  -1.61996  0.594072  16438.9  1.98442  0.363376  1
499  0  0.302855  0.251838  15412.4  2.35615  0.0869141  1
500  0  -0.412922  0.39271  16267.6  2.06254  0.310765  1
501  0  0.0884085  0.242941  15595  2.28415  0.323139  1
502  0  -0.320761  0.519855  16180.8  2.08585  0.266191  1
503  0  1.03262  -1.19166  16206  1.91762  0.133205  1
504  0  0.190576  -0.0634995  16462.1  1.99229  -0.0947668  1
505  0  -0.977175  1.13629  16286.6  2.01924  0.401144  1
506  0  0.0162946  -1.31789  16715.9  1.87289  0.0505051  1
507  0  -0.049466  0.0877329  16338.5  1.9196  0.543506  1
508  0  1.48655  -1.63752  16002.6  2.01361  0.217801  1
509  0  0.844088  1.05426  15877.4  2.04395  0.103912  1
510  0  0.409145  -0.140982  16239.9  1.99391  -0.0128089  1
511  0  0.553177  0.154937  15614.3  2.28492  -0.149019  1
512  0  0.563489  0.204416  15643.9  2.20724  -0.107538  1
513  0  0.9191  -0.0496241  16027.6  1.98396  0.235073  1
514  0  0.280869  0.125144  14922.4  2.69476  0.0478269  1
515  0  0.755273  -0.174407  16031.8  2.03164  0.10694  1
516  0  -0.192949  -0.281238  16636.5  1.89156  0.0852842  1
517  0  0.927328  0.171851  15983.8  2.00656  -0.0929884  1
518  0  0.239328  1.32295  16007.5  2.06056  0.144008  1
519  0  0.184168  -0.160118  16485  1.9053  -0.0404203  1
520  0  0.113926  -0.0505031  16511.5  1.86097  -0.133214  1
521  0  -0.750227  0.651724  16319.4  2.0522  0.430231  1
522  0  -0.150478  0.30919  16130.6  2.0723  0.281891  1
523  0  -0.318233  -0.0456878  16559.1  1.92567  0.209679  1
524  0  1.24616  -0.844922  16029.6  1.95521  0.135462  1
525  0  0.819834  -0.184416  16039.3  2.00611  0.122653  1
526  0  0.227684  0.107751  14624.3  2.55725  0.167385  1
527  0  0.269001  -0.478191  16432.8  1.93502  0.0454331  1
528  0  -0.2848  1.43047  16138.2  2.04871  0.198702  1
529  0  -0.0443972  -0.00640947  17107.6  1.47445  0.284511  1
530  0  -0.915268  0.12924  16494.8  2.0279  0.505494  1
531  0  0.883271  0.041357  16034.3  1.25041  -0.120596  1
532  0  0.840031  0.0461376  15989.1  1.29374  -0.131555  1
533  0  0.753569  0.0573882  15893.4  1.43538  -0.158569  1
534  0  0.711788  -1.49257  16462.3  1.9409  0.115594  1
535  0  0.875218  -0.120143  16008.1  2.07097  0.168616  1
536  0  0.109618  1.18809  16024.8  2.07052  0.147189  1
537  0  0.995961  -0.0286499  16138.8  1.61114  0.190349  1
538  0  0.0224266  0.060407  15551.1  2.05664  0.959746  1
539  0  0.563707  -0.166262  16126.3  2.02538  0.0373244  1
540  0  1.04776  -0.182216  16077.9  1.94633  0.166353  1
541  0  0.046866  -0.043394  16712  1.75348  -0.190678  1
542  0  0.265092  -0.253935  16413.6  1.92838  -0.00116927  1
543  0  0.818443  -0.0538187  15859.6  1.91686  0.151962  1
544  0  0.995191  -0.340316  16080.9  1.97422  0.134465  1
545  0  0.774153  -0.0583872  15843.6  1.96286  0.112302  1
546  0  0.941722  -0.146249  16059.8  1.98098  0.166084  1
547  0  -1.06902  -0.948656  16847.7  1.97172  0.500776  1
548  0  0.269763  0.376365  15631  2.25546  0.122165  1
549  0  0.0890335  -0.125886  16614.6  1.85221  -0.0640995  1
550  0  0.463905  1.6259  15987.9  2.04838  0.142469  1
551  0  1.05451  1.66196  15867.9  2.03394  0.146718  1
552  0  0.176439  -0.519887  16491.9  1.91958  0.0472981  1
553  0  0.0928313  0.470301  15841.9  2.17558  0.183026  1
554  0  0.510168  -0.0639355  16061.2  1.97206  -0.0151229  1
555  0  0.158139  0.150255  15042.9  2.53367  0.338338  1
556  0  0.925325  0.267239  15932.3  2.00834  -0.0545338  1
557  0  0.497523  0.271658  15614.8  2.24446  -0.0363229  1
558  0  0.960662  0.0477274  16092.6  1.59838  -0.124041  1
559  0  0.243146  -0.0519214  16390  1.87257  -0.0957909  1
560  0  0.426902  0.0963974  15265  2.01885  -0.142069  1
561  0  0.862831  -0.0469841  15886.2  1.8284  0.191124  1
562  0  0.0406522  -1.59201  16827.6  1.85425  0.0806368  1
563  0  -0.0950252  -0.551471  16597.2  1.90094  0.0395264  1
564  0  0.0685369  0.0788497  14955.1  2.39696  0.791616  1
565  0  0.443493  -0.0610268  16146.3  1.9339  -0.0386022  1
566  0  -0.0173844  0.0208402  16988.7  1.3292  0.6922  1
567  0  0.557917  0.0796859  15584.5  1.70489  -0.174047  1
568  0  0.601206  0.072704  15664.8  1.52698  -0.172513  1
569  0  -0.578521  -0.217943  16587.1  1.9942  0.299738  1
570  0  0.113349  0.0918078  14700.7  2.5411  0.593643  1
571  0  1.13708  -0.50041  16059.6  1.95759  0.127274  1
572  0  0.7594  -0.2862  16108.4  1.99851  0.0958284  1
573  0  -0.442929  0.995285  16182.1  2.06604  0.276291  1
574  0  0.634538  0.140334  15715.7  2.22786  -0.172868  1
575  0  -1.36899  1.72497  16293.6  1.98909  0.342855  1
576  0  1.03213  -0.0234578  16233.6  1.52941  0.19012  1
577  0  -0.0937496  0.134293  16276.6  1.97787  0.40535  1
578  0  0.158332  -0.111475  16511.9  1.87928  -0.0669883  1
579  0  1.50328  -0.515459  15896.3  1.9636  0.141631  1
580  0  -1.3454  -0.70592  16784.7  2.01372  0.499882  1
581  0  1.37405  -0.256488  15954.6  1.96352  0.119496  1
582  0  1.14426  1.13423  15833.6  2.01838  0.111018  1
583  0  0.0325264  0.135457  15632.7  2.2318  0.565782  1
584  0  0.647471  -0.591966  16265.7  1.94673  0.0861342  1
585  0  0.868405  0.146869  15960.2  2.05883  -0.128559  1
586  0  0.603963  -1.00226  16378.3  1.92367  0.107248  1
587  0  0.953857  -0.0925629  16059.7  2.07237  0.200953  1
588  0  -0.458008  0.13266  16426.1  2.00674  0.309666  1
589  0  0.575475  -0.0607391  16024.5  1.92679  0.00991739  1
590  0  1.25517  -0.638482  16015.1  1.95633  0.130352  1
591  0  0.4053  -0.677281  16399.3  1.92583  0.0690424  1
592  0  0.259853  -0.723973  16472.3  1.90929  0.0714743  1
593  0  0.158944  0.100408  14586.9  2.58592  0.401425  1
594  0  1.14888  0.017837  16121.2  1.69514  0.0571587  1
595  0  0.806289  0.160077  15905.3  2.07593  -0.135549  1
596  0  0.687924  0.367009  15806.2  2.12185  -0.027822  1
597  0  0.476407  -0.105597  16156.3  2.08891  -0.00958243  1
598  0  1.65565  -0.99964  15842.2  1.94977  0.167778  1
599  0  0.392937  0.286372  15531.9  2.29526  0.0261815  1
600  0  0.772345  -0.488541  16181.8  1.96551  0.0979497  1
601  0  0.666172  -0.143137  16042.6  2.05843  0.0722334  1
602  0  0.53542  -0.124283  16118.3  2.05427  0.0177016  1
603  0  0.657668  0.650053  15847.7  2.08112  0.0669548  1
604  0  -0.794752  1.62639  16242.8  2.01742  0.357689  1
605  0  -0.467828  1.6682  16186.1  2.03345  0.256993  1
606  0  0.0234612  0.269666  15806.4  2.19737  0.318148  1
607  0  0.173626  0.52265  15822.7  2.17781  0.14645  1
608  0  0.959625  0.120276  16045.4  2.0134  -0.106559  1
609  0  -0.156549  0.0127036  16642.9  1.82937  0.268093  1
610  0  0.28155  -0.162605  16375.6  1.94448  -0.0293088  1
611  0  0.687848  0.0598258  15806.9  1.39261  -0.15135  1
612  0  0.113753  0.157256  15223.4  2.42813  0.42163  1
613  0  0.644934  0.0680706  15733.6  1.52439  -0.157194  1
614  0  0.902261  -0.369334  16106.5  1.98553  0.111353  1
615  0  0.790609  -0.837108  16256.1  1.93407  0.114288  1
616  0  -0.216312  0.760424  16105.1  2.10296  0.208161  1
617  0  -0.956043  -0.0772448  16556.6  2.03106  0.521908  1
618  0  0.0195714  -0.0307091  16927.8  1.61653  -0.290327  1
619  0  -0.60893  0.361734  16347.5  2.05376  0.400901  1
620  0  -0.169382  -0.178317  16670.3  1.86776  0.110223  1
621  0  -1.01706  -1.62989  17185.2  1.82579  0.397399  1
622  0  0.338071  0.100755  14975.7  2.19375  -0.0639684  1
623  0  0.382313  0.0977129  15151.7  2.06911  -0.119778  1
624  0  0.355905  -0.0574745  16234.5  1.9093  -0.0645616  1
625  0  0.399032  -0.0574642  16210.6  1.90224  -0.0510499  1
626  0  0.021171  -0.277302  16599.3  1.87286  0.0145767  1
627  0  0.311716  -0.0541983  16308.7  1.88422  -0.0727027  1
628  0  -1.67687  0.959934  16378.9  1.98119  0.347724  1
629  0  0.470267  0.0875912  15383.4  1.80889  -0.151881  1
630  0  0.513777  0.0828502  15503.8  1.72024  -0.170581  1
631  0  0.663465  -0.05695  15967.7  1.89415  0.0490047  1
632  0  0.620041  -0.0580923  15997.8  1.89443  0.0288934  1
633  0  0.707502  -0.0554826  15909.8  1.88299  0.0683606  1
634  0  1.1134  -0.150883  16081.5  1.96734  0.154249  1
635  0  1.42205  0.0586107  15910.1  1.91799  0.0737485  1
636  0  1.50835  -0.109555  15877.7  1.96116  0.10397  1
637  0  0.343204  -0.114808  16299.2  1.98372  -0.0399913  1
638  0  0.235172  0.168935  15118.4  2.48999  0.165514  1
639  0  1.02943  0.0123784  16232.7  1.15715  0.00038347  1
640  0  0.0482384  0.0650244  15119.1  2.23773  0.928475  1
641  0  0.609271  -0.37403  16211.7  1.98002  0.0737852  1
642  0  -0.470068  0.267203  16346.4  2.04016  0.330667  1
643  0  -0.0689332  0.679522  16024.8  2.12083  0.179628  1
644  0  0.0922793  -0.0413426  16615.9  1.79607  -0.147913  1
645  0  0.139703  -0.0454086  16478  1.83454  -0.112875  1
646  0  0.204058  0.100787  14627.5  2.50828  0.237802  1
647  0  0.398348  0.180709  15361  2.3691  -0.0523098  1
648  0  0.344686  0.864234  15910.5  2.09784  0.124136  1
649  0  0.94272  -0.741022  16168.5  1.94444  0.119786  1
650  0  0.606325  -0.104976  16050.8  2.13574  0.0400008  1
651  0  0.249825  0.0995239  14618.1  2.3058  0.08766  1
652  0  1.0167  0.102358  16099.8  1.95032  -0.0859882  1
653  0  1.07657  0.14705  16046.7  1.96183  -0.0325213  1
654  0  1.05165  0.238854  15983.8  1.95974  -0.0234152  1
655  0  -1.4459  -0.0832591  16588.1  1.99225  0.420159  1
656  0  -1.70636  -0.603904  16760.2  1.99106  0.397496  1
657  0  0.303881  -0.0924657  16326  2.00654  -0.0627891  1
658  0  0.135696  -0.330221  16512.7  1.89996  0.00965233  1
659  0  0.412056  -0.103445  16222.8  2.06148  -0.0287906  1
660  0  -1.62908  -1.32057  17052.8  1.95172  0.413664  1
661  0  0.795662  -0.0493122  15839.2  1.79682  0.124329  1
662  0  -0.510083  -0.462563  16629  1.96143  0.199837  1
663  0  0.748621  -0.0525393  15906.8  1.83994  0.0885746  1
664  0  0.533318  -0.0577527  16053.3  1.86898  -0.00279462  1
665  0  0.485436  -0.0578449  16141  1.88164  -0.0263239  1
666  0  0.839958  -0.0448788  15836.9  1.74573  0.166977  1
667  0  0.137172  0.0914332  14549  2.4942  0.486712  1
668  0  0.475342  0.168381  15474.9  2.32947  -0.111886  1
669  0  0.902717  -0.227666  16064.4  1.98323  0.129615  1
670  0  1.17032  0.119318  16075.7  1.88974  -0.0108452  1
671  0  0.298415  0.153167  15086.8  2.5621  0.04273  1
672  0  -0.0568665  -0.258374  16643.6  1.86352  0.0390898  1
673  0  0.730782  0.0512077  15855.1  1.25756  -0.15308  1
674  0  0.774079  0.0455244  15918.5  1.21327  -0.122162  1
675  0  0.198028  0.343341  15622.5  2.2637  0.175595  1
676  0  1.07787  0.487014  15885.4  1.99472  0.0292459  1
677  0  -0.347459  -0.438101  16632.2  1.92448  0.100422  1
678  0  0.784492  0.12707  15896.5  2.13508  -0.162783  1
679  0  0.267797  -0.0518121  16346.4  1.88551  -0.0861172  1
680  0  0.119456  0.370643  15738.1  2.21218  0.210548  1
681  0  0.232771  -0.10229  16416.2  1.92652  -0.0625865  1
682  0  1.6341  1.6341  15720  2.00144  0.151208  1
683  0  1.66414  1.23914  15722.8  1.98356  0.13729  1
684  0  0.715781  0.111383  15834.4  2.16633  -0.18678  1
685  0  0.815565  0.0446858  15961.5  1.26263  -0.14222  1
686  0  0.0702365  -0.037897  16614.5  1.76277  -0.160284  1
687  0  0.860663  0.034832  16003.9  1.10776  -0.112794  1
688  0  0.906286  0.0323058  16048.1  1.1613  -0.0959803  1
689  0  0.400533  -0.382351  16337.1  1.95607  0.0437688  1
690  0  0.967806  -0.0263058  16121.4  1.48045  0.18632  1
691  0  0.333858  -0.051846  16259.5  1.81869  -0.0656136  1
692  0  0.685199  -0.052029  15928.2  1.76568  0.0567563  1
693  0  0.159305  -0.0413008  16502.4  1.72812  -0.0999688  1
694  0  0.315366  0.0971199  14892.9  2.07708  -0.0449667  1
695  0  -0.0278714  0.37467  15932.9  2.13459  0.249603  1
696  0  0.71262  0.203706  15814.2  2.10096  -0.123539  1
697  0  0.0721609  0.180621  15483  2.31098  0.436125  1
698  0  0.117147  -0.191309  16557.3  1.87993  -0.0268048  1
699  0  0.837687  -0.144229  16003.4  2.03842  0.13982  1
700  0  0.715445  -0.0922595  15953  2.19387  0.0900845  1
701  0  1.22868  -0.145104  16028.8  1.97781  0.130536  1
702  0  0.00874428  -0.639407  16574.2  1.89817  0.0454466  1
703  0  -1.28039  1.128  16330.3  1.99654  0.380246  1
704  0  0.404249  0.0923045  15178.7  1.8606  -0.134607  1
705  0  0.579073  0.070062  15619.3  1.40672  -0.163341  1
706  0  -0.201099  -0.0760381  16657.8  1.85495  0.178763  1
707  0  0.214982  0.638758  15872  2.14835  0.12914  1
708  0  0.691069  0.160697  15783.1  2.15488  -0.154557  1
709  0  0.447936  0.0863073  15297.7  1.70347  -0.13913  1
710  0  0.375516  0.573541  15800.1  2.16201  0.0922091  1
711  0  0.947851  -0.0244052  16080.7  1.33901  0.191116  1
712  0  0.535317  0.076316  15528.8  1.50468  -0.168932  1
713  0  -0.0642055  -0.0467244  16919.1  1.67848  0.148305  1
714  0  0.521259  -0.263546  16211.3  1.98794  0.0441054  1
715  0  1.08991  -0.245464  16061.3  1.94933  0.157474  1
716  0  -0.260485  -1.68934  16988.8  1.81285  0.0699648  1
717  0  0.62169  0.0651522  15685.5  1.37133  -0.152697  1
718  0  0.267705  -0.372266  16422  1.93204  0.0260929  1
719  0  0.419427  -0.245079  16281.4  1.96947  0.0212057  1
720  0  1.64053  -1.38996  15873.7  1.94601  0.191701  1
721  0  0.00507437  -0.102046  16810.2  1.75407  -0.025597  1
722  0  0.708566  0.050581  15810  1.13155  -0.135086  1
723  0  -1.74281  -0.210159  16640  1.98539  0.371127  1
724  0  -0.556124  0.683046  16258.1  2.07381  0.363099  1
725  0  -0.41248  -0.167466  16591.2  1.95629  0.207348  1
726  0  0.553702  -1.72896  16620  1.98262  0.187814  1
727  0  0.795463  0.0406323  15938.9  1.06533  -0.130465  1
728  0  0.925808  0.0246157  16068.7  0.957314  -0.0823774  1
729  0  0.905  0.37271  15891.5  2.03019  -0.0144671  1
730  0  -0.67174  1.12184  16231.7  2.04175  0.357415  1
731  0  -1.22373  -1.26827  16988.3  1.92105  0.508196  1
732  0  1.30495  0.748611  15826.9  1.99677  0.0773474  1
733  0  -0.159885  0.124329  16368.7  1.95703  0.322016  1
734  0  0.15304  0.233017  15423.7  2.3554  0.267777  1
735  0  0.0725222  0.739811  15967.5  2.12529  0.152944  1
736  0  0.226846  -1.19711  16594.4  1.89316  0.0982262  1
737  0  0.608624  -0.213966  16130  2.01622  0.0580557  1
738  0  0.0791085  0.878304  15992.2  2.10527  0.149461  1
739  0  0.214379  -0.231313  16452.8  1.91604  -0.0140336  1
740  0  -0.810322  -0.518002  16678.5  2.01676  0.440499  1
741  0  -0.00995993  0.165227  15899.5  2.13271  0.470295  1
742  0  -0.245234  -0.567351  16635.3  1.91266  0.0501379  1
743  0  -0.161631  1.69758  16114.6  2.05327  0.164743  1
744  0  1.67704  -0.717934  15819.4  1.9654  0.165325  1
745  0  -0.0675903  -0.110171  16804  1.76764  0.0763647  1
746  0  -0.0207316  0.231674  15924.4  2.14282  0.364358  1
747  0  0.223927  -0.0468949  16425.6  1.78621  -0.0881787  1
748  0  -0.0439973  -0.453283  16583.3  1.88983  0.0383297  1
749  0  -0.0130154  -0.852494  16603  1.88841  0.0452541  1
750  0  0.021435  -0.158035  16700.7  1.81765  -0.015059  1
751  0  1.14787  0.358972  15924.7  1.9662  0.0137212  1
752  0  -0.58906  -0.818278  16726.7  1.95043  0.195531  1
753  0  -0.810077  -0.751153  16728.6  1.99244  0.395273  1
754  0  0.955985  -0.258159  16076.8  1.97483  0.13761  1
755  0  0.593849  -0.138622  16081.5  2.05178  0.0430094  1
756  0  -0.0656783  0.562214  16009  2.12762  0.197823  1
757  0  0.273526  -0.118184  16374.6  1.93897  -0.0474123  1
758  0  0.749107  1.6757  15938.9  2.04481  0.13404  1
759  0  1.03049  0.65055  15860.7  2.01955  0.0545632  1
760  0  -1.23585  -0.453291  16687.2  2.03854  0.508368  1
761  0  0.883909  -0.0362746  15904.2  1.56665  0.187043  1
762  0  0.752692  -0.126504  15985.3  2.10879  0.111569  1
763  0  -1.03461  0.307753  16457.6  2.01636  0.478813  1
764  0  -0.601092  0.0644858  16479.7  2.02075  0.381642  1
765  0  0.176393  -0.644247  16497.8  1.9128  0.0625747  1
766  0  0.506918  0.440948  15740.4  2.17863  0.0308101  1
767  0  0.512725  -0.199502  16182.9  2.00521  0.0293826  1
768  0  0.876717  -0.0821839  15960.6  2.14974  0.203728  1
769  0  -1.66797  -1.66137  17193.5  1.93808  0.3761  1
770  0  0.421262  -0.0534418  16180  1.80683  -0.0438948  1
771  0  -0.234456  -1.20024  16761  1.88051  0.00343596  1
772  0  0.465631  -0.0539619  16123.7  1.79001  -0.0284372  1
773  0  0.335642  0.452504  15712.8  2.21223  0.0891055  1
774  0  -0.0172318  1.02932  16042.8  2.08566  0.156858  1
775  0  0.565064  0.117997  15609.1  2.30739  -0.19104  1
776  0  0.176907  1.74228  16048.1  2.05348  0.150108  1
777  0  0.397158  -0.0818002  16227.5  2.09652  -0.0467272  1
778  0  0.849474  0.292769  15890.1  2.05076  -0.0591683  1
779  0  -0.170181  0.480545  16085.2  2.10247  0.230404  1
780  0  0.829766  0.0769924  15966.7  1.9056  -0.171314  1
781  0  0.260798  0.222797  15302.9  2.40551  0.127479  1
782  0  0.183716  0.186162  15192.4  2.45294  0.255237  1
783  0  0.294613  0.100775  14814.5  2.26245  -0.00814569  1
784  0  0.683351  0.899327  15883  2.06739  0.0987077  1
785  0  -0.331812  0.308487  16275.5  2.04478  0.285131  1
786  0  0.00639664  0.040788  16130.1  1.69901  1.04766  1
787  0  0.989712  -0.552194  16110.3  1.96074  0.117475  1
788  0  -0.308444  -0.299194  16624.2  1.91947  0.113393  1
789  0  1.50883  0.242532  15849.1  1.93701  0.0661603  1
790  0  0.568526  -0.490438  16268.8  1.96285  0.074564  1
791  0  0.319911  -0.160131  16329  1.95789  -0.0243293  1
792  0  -1.67488  1.5748  16310.7  1.98241  0.327759  1
793  0  0.840565  -0.313034  16100.7  1.99268  0.104084  1
794  0  -0.778831  0.244966  16431  2.03639  0.469336  1
795  0  0.0604986  0.108176  15308.5  2.39199  0.669982  1
796  0  0.270109  0.101605  14767.3  2.32401  0.0432743  1
797  0  -1.33223  0.213982  16508  1.99175  0.430155  1
798  0  0.914638  -1.74016  16426.3  2.06341  0.112703  1
799  0  0.661768  -0.0836496  15991  2.19777  0.0570352  1
800  0  0.526325  -0.333724  16237.3  1.97738  0.0568223  1
801  0  0.20392  -0.0462534  16439.2  1.82171  -0.0905595  1
802  0  -1.73779  -0.970406  16908.7  1.98291  0.409983  1
803  0  0.303969  0.306123  15520.3  2.30605  0.0985566  1
804  0  0.741977  -0.399773  16159.9  1.98299  0.0933091  1
805  0  0.983406  0.231968  15970.4  1.97634  -0.0474657  1
806  0  0.67703  -0.106443  15999.1  2.16261  0.0704413  1
807  0  0.621928  -0.0832174  16016.8  2.18902  0.0400347  1
808  0  0.708252  -0.261407  16114.3  2.00628  0.0857144  1
809  0  0.639676  -0.308893  16160.4  1.99408  0.0766716  1
810  0  0.375032  -0.536406  16384.1  1.94396  0.0592865  1
811  0  0.357229  -0.0854247  16262.7  2.06237  -0.054902  1
812  0  0.601327  0.118458  15663.8  2.28932  -0.19297  1
813  0  0.17668  -0.0861108  16484.9  1.90683  -0.0807055  1
814  0  0.71765  -0.163464  16036.5  2.04228  0.0943343  1
815  0  0.934849  -0.0707326  16056.7  2.09486  0.223743  1
816  0  0.553451  -0.05444  16077.5  1.76788  0.00168741  1
817  0  0.597926  -0.0533583  16000.2  1.76909  0.0170871  1
818  0  0.8171  -0.0940281  15929.4  2.19483  0.155631  1
819  0  0.90404  -0.0338683  15981  1.55451  0.19279  1
820  0  0.180344  -0.0431892  16477.6  1.7932  -0.0984163  1
821  0  0.78248  -0.0926402  15930.6  2.19717  0.130269  1
822  0  1.03288  -0.0576924  16197  1.98113  0.190637  1
823  0  1.01218  -0.0887371  16119.6  2.03542  0.193213  1
824  0  0.0928184  0.0788778  14720.8  2.4246  0.697273  1
825  0  1.35575  1.72551  15793.4  2.01906  0.166798  1
826  0  0.335663  -1.00497  16502.4  1.89603  0.0925952  1
827  0  0.92711  -0.0286458  16043  1.46925  0.193195  1
828  0  -0.305303  0.656606  16155  2.09565  0.247308  1
829  0  0.977368  -0.0467294  16108.9  1.95219  0.222621  1
830  0  -0.19651  0.0701206  16492.7  1.91149  0.283827  1
831  0  0.940432  0.0781778  16054.2  1.90721  -0.143035  1
832  0  -0.048333  0.13315  16125.5  2.03052  0.480491  1
833  0  0.133256  -0.0664289  16518.2  1.94858  -0.105753  1
834  0  0.0826237  -0.0912282  16644.9  1.81921  -0.089838  1
835  0  0.279426  -1.73307  16761.1  1.9102  0.170713  1
836  0  0.994987  1.37136  15867.4  2.0369  0.125569  1
837  0  1.74056  0.675232  15718.8  1.94592  0.112569  1
838  0  0.665325  0.0566835  15757.8  1.19287  -0.129754  1
839  0  0.104805  0.121215  15035.4  2.5414  0.548516  1
840  0  0.093999  -0.065621  16603.6  1.87981  -0.127578  1
841  0  0.182213  0.0951874  14500.7  2.43869  0.301924  1
842  0  -0.126055  -0.0443224  16762.6  1.77033  0.193116  1
843  0  0.156732  -0.268391  16499.6  1.90227  -0.00669954  1
844  0  -0.202762  -0.85497  16663.4  1.89957  0.0175941  1
845  0  0.314924  -0.256753  16367  1.94201  0.00620961  1
846  0  0.821652  0.593927  15855.2  2.05163  0.0460342  1
847  0  0.630601  -0.130832  16047.6  2.07235  0.0541639  1
848  0  -0.659104  0.50874  16311.6  2.06732  0.414494  1
849  0  -0.0922979  0.0409993  16660.5  1.78921  0.394465  1
850  0  -0.394019  1.2045  16163.4  2.05275  0.24477  1
851  0  -0.305149  -0.71663  16661.3  1.91502  0.0452  1
852  0  1.29288  -1.43595  16094.6  1.90098  0.155953  1
853  0  0.971598  0.0222142  16120.4  1.02196  -0.0850377  1
854  0  0.47513  0.113663  15423.5  2.389  -0.178066  1
855  0  0.461928  0.13796  15416.7  2.46415  -0.143201  1
856  0  -0.315223  0.142039  16395.3  1.98571  0.27145  1
857  0  0.419371  0.37525  15656.3  2.23499  0.0411869  1
858  0  0.901167  0.065709  16034.2  1.80592  -0.154294  1
859  0  0.383061  0.123852  15204  2.56509  -0.100793  1
860  0  0.402015  0.143644  15296.3  2.52217  -0.0968893  1
861  0  -0.5553  -0.329585  16606  1.97539  0.25668  1
862  0  0.443103  -0.0844563  16172.5  2.12004  -0.0294577  1
863  0  0.461861  -0.139187  16187.7  2.01249  -0.00174893  1
864  0  0.342282  0.126127  15084.8  2.61894  -0.0525502  1
865  0  1.76122  -0.499386  15765.7  1.97782  0.165526  1
866  0  0.531705  -0.078418  16070.7  2.17173  0.00395513  1
867  0  -1.07504  1.67512  16277.8  2.0016  0.369249  1
868  0  0.156909  0.123786  14853.9  2.68488  0.394367  1
869  0  0.456247  0.966981  15918.6  2.07965  0.122814  1
870  0  -0.188158  0.191322  16284.1  2.0077  0.297162  1
871  0  0.843558  -0.110609  15965.9  2.13634  0.163942  1
872  0  0.623224  -1.26831  16435.1  1.92999  0.119485  1
873  0  0.341952  0.281007  15482.3  2.32145  0.0615262  1
874  0  0.00300723  0.0905303  15885.4  2.08587  0.707963  1
875  0  1.38059  0.388148  15867  1.9468  0.0530655  1
876  0  1.47224  0.607445  15801  1.96451  0.0784916  1
877  0  1.07737  0.0271722  16169.2  1.47856  0.00336819  1
878  0  0.551742  0.356097  15708.3  2.19837  -0.0168767  1
879  0  0.442147  1.3505  15968.9  2.05671  0.13955  1
880  0  0.0414247  -0.0806192  16739.6  1.7755  -0.104482  1
881  0  -0.746935  -0.170245  16563  2.02754  0.447203  1
882  0  0.868994  0.0992664  15989.6  2.03921  -0.161009  1
883  0  -1.27832  -0.236141  16624  2.02077  0.47357  1
884  0  0.490731  -0.0797857  16127.3  2.14868  -0.020838  1
885  0  0.0832753  0.299318  15717.4  2.22901  0.268557  1
886  0  1.1623  -0.993313  16092.4  1.94217  0.138252  1
887  0  -0.425836  0.624614  16210  2.08604  0.299845  1
888  0  0.866998  -1.31759  16344.6  1.91981  0.110461  1
889  0  0.360927  -0.224655  16316.3  1.9599  0.00525239  1
890  0  0.859948  -0.20716  16051.4  1.99378  0.123433  1
891  0  0.0584833  -0.226523  16596.4  1.86939  -0.00742102  1
892  0  0.120177  -0.10751  16562.1  1.85915  -0.0739118  1
893  0  0.359864  0.180475  15266.4  2.40887  -0.0167823  1
894  0  0.609547  0.535181  15804.6  2.12004  0.0411162  1
895  0  -0.516014  -0.999359  16757.3  1.92525  0.110171  1
896  0  0.514543  0.108961  15504.7  2.32688  -0.191697  1
897  0  0.616499  0.238171  15716.9  2.17186  -0.0955925  1
898  0  -0.975337  0.537552  16389  2.03049  0.457704  1
899  0  0.717836  0.304952  15807.5  2.12347  -0.0622233  1
900  0  0.211931  -0.136185  16448.4  1.91626  -0.0483389  1
901  0  0.736385  0.0747786  15857  1.90249  -0.197311  1
902  0  0.784569  -0.218664  16060.1  2.01113  0.106519  1
903  0  -0.277717  0.0693166  16479.8  1.93954  0.252667  1
904  0  0.52052  -0.690722  16347.5  1.92751  0.0761157  1
905  0  -0.118143  0.383524  16051  2.09826  0.251707  1
906  0  0.00247839  -0.0180003  17450.5  1.28597  -0.192695  1
907  0  -0.018679  -0.0113407  17425.6  1.29629  0.178207  1
908  0  1.737  -1.72684  15846.2  2.10152  0.261983  1
909  0  0.946406  0.0252294  16088.3  1.05041  -0.091914  1
910  0  0.774664  0.072706  15900.2  1.85133  -0.181352  1
911  0  0.792593  0.0953512  15911.3  2.07477  -0.176221  1
912  0  -0.0825185  0.245159  16067.1  2.08951  0.329172  1
913  0  1.76773  0.195021  15741.2  1.94766  0.0896678  1
914  0  0.633047  0.314963  15753.9  2.16518  -0.0521643  1
915  0  1.39825  1.10984  15788.2  1.99498  0.119891  1
916  0  0.920383  -0.629168  16150.7  1.95224  0.11428  1
917  0  0.993435  -0.169761  16078.1  1.95734  0.168387  1
918  0  0.24701  -0.0718977  16390.7  2.01597  -0.0875192  1
919  0  -1.11774  0.897763  16342.5  2.00806  0.413876  1
920  0  0.192118  0.28162  15492.6  2.32544  0.203633  1
921  0  -1.25195  0.634987  16401.2  2.00554  0.416976  1
922  0  -0.813305  1.3353  16244.3  2.03079  0.378391  1
923  0  0.508707  0.162676  15550  2.29218  -0.12756  1
924  0  0.831831  0.456487  15860.9  2.05243  0.0101566  1
925  0  -0.275566  0.891397  16129  2.08889  0.216035  1
926  0  0.208296  -0.856753  16521.2  1.89175  0.0755669  1
927  0  0.273603  -0.209317  16395.4  1.93439  -0.0129565  1
928  0  1.00684  0.0661235  16134.1  1.82563  -0.112343  1
929  0  0.207342  0.124136  14793  2.74508  0.248136  1
930  0  -0.857936  0.901625  16296.6  2.03118  0.417189  1
931  0  0.910042  -0.133174  16038.5  2.017  0.166587  1
932  0  0.990492  0.0172684  16118  0.86421  -0.0655123  1
933  0  0.607378  0.186776  15687.5  2.18127  -0.128752  1
934  0  0.333575  0.1519  15145.5  2.53744  -0.012795  1
935  0  0.106576  -0.438214  16526.8  1.90291  0.0309836  1
936  0  0.184125  -1.41993  16673.6  1.87721  0.118485  1
937  0  0.110816  0.202902  15413  2.3515  0.352392  1
938  0  -0.669005  -1.36397  16956.5  1.83901  0.223172  1
939  0  0.359883  0.0919363  15042.4  1.86698  -0.0941624  1
940  0  0.689893  0.0944981  15812.4  2.09154  -0.197501  1
941  0  1.0956  -0.785534  16101.2  1.95006  0.127571  1
942  0  1.22938  -1.72675  16186  2.06012  0.144053  1
943  0  0.491316  0.0790886  15424.4  1.50509  -0.150366  1
944  0  0.464423  -0.370979  16291.6  1.96547  0.0505819  1
945  0  0.53191  0.240747  15625.3  2.22598  -0.0721724  1
946  0  0.346819  -0.428431  16379.2  1.94775  0.044401  1
947  0  0.57563  -0.0886607  16053.8  2.17399  0.0206677  1
948  0  0.377744  -0.0512071  16227.4  1.7881  -0.0570936  1
949  0  0.00582839  0.497992  15931.6  2.14868  0.197761  1
950  0  -0.40029  -1.42862  16910.2  1.80968  0.0505144  1
951  0  -0.312602  -1.01363  16730  1.90415  0.0185465  1
952  0  1.24194  0.956724  15814  2.00406  0.0977893  1
953  0  0.498605  -0.123545  16143.9  2.04386  0.00540366  1
954  0  0.199047  -0.196338  16467.6  1.9101  -0.0269012  1
955  0  0.0184462  -1.08988  16651.2  1.88682  0.0425457  1
956  0  0.343715  1.1572  15967.1  2.07119  0.138704  1
957  0  0.871382  -0.443941  16134  1.97547  0.106422  1
958  0  -0.595327  -0.0764703  16542.1  2.00698  0.346514  1
959  0  0.430476  0.127436  15330.4  2.51097  -0.137257  1
960  0  1.38117  -0.961187  15982.7  1.95198  0.14466  1
961  0  0.102973  -0.603304  16529.9  1.90775  0.0532631  1
962  0  0.202778  -0.0834756  16447.6  1.92477  -0.0775838  1
963  0  0.276968  -0.304834  16405.8  1.93223  0.0118974  1
964  0  0.829886  -1.00731  16274.5  1.93412  0.122612  1
965  0  0.44474  0.301693  15591.4  2.26507  0.00116758  1
966  0  0.289956  -0.0463459  16349.3  1.75378  -0.0779799  1
967  0  0.446103  0.189533  15453.9  2.30171  -0.0762796  1
968  0  -0.0294823  -0.107961  16833.3  1.74759  0.0261677  1
969  0  0.91871  -0.178972  16052.9  1.97719  0.148159  1
970  0  0.792685  -0.155152  16014.3  2.03523  0.121062  1
971  0  -0.128621  -0.250507  16655.7  1.87109  0.069724  1
972  0  1.77518  -0.0933094  15749.5  1.99134  0.120458  1
973  0  1.78688  0.967301  15696.8  1.96535  0.132536  1
974  0  0.547647  -0.0987377  16090.1  2.14462  0.0128018  1
975  0  -0.177393  0.243759  16212  2.04504  0.289466  1
976  0  -0.886346  -0.327938  16624.5  2.03484  0.507338  1
977  0  0.644702  -0.193517  16093.2  2.02733  0.0700176  1
978  0  0.641477  -0.0518166  15971.6  1.73952  0.035135  1
979  0  0.143362  -0.0869964  16532.4  1.87836  -0.0833166  1
980  0  -0.734286  0.128593  16468.5  2.03823  0.461681  1
981  0  0.246201  0.4624  15740.6  2.20579  0.126128  1
982  0  -0.0416734  -0.198773  16687.4  1.83901  0.0359188  1
983  0  0.149724  -0.177882  16520.6  1.89134  -0.0371313  1
984  0  0.974261  -0.0733435  16095.9  2.06419  0.215649  1
985  0  0.772672  0.19813  15862.5  2.06503  -0.118458  1
986  0  0.728979  -0.0473532  15898.4  1.67675  0.0709656  1
987  0  -1.3262  1.43389  16305.4  2.00089  0.359972  1
988  0  0.0284351  0.414808  15876.6  2.16007  0.217878  1
989  0  0.655397  0.0995845  15755.1  2.14917  -0.200225  1
990  0  1.01515  -0.0426073  16179.7  1.91604  0.22429  1
991  0  0.991175  0.427044  15902.1  1.99991  0.00882063  1
992  0  -0.119878  -0.344481  16621  1.87841  0.0520729  1
993  0  -0.0319209  -0.0336367  17123.3  1.54778  0.101081  1
994  0  -0.447228  -0.732541  16692.7  1.93413  0.113071  1
995  0  0.00205997  0.323927  15856.6  2.16935  0.275424  1
996  0  0.435679  -0.210516  16250.3  1.98434  0.0144486  1
997  0  0.229259  0.139173  14893  2.6707  0.176504  1
998  0  0.400328  -0.321032  16313.3  1.95865  0.0341597  1
999  0  1.22102  -0.0523617  16091.8  1.86625  0.120725  1
1000  0  1.03486  -0.133312  16097.7  1.96955  0.175371  1
1001  0  0.90836  -0.0690684  16006.9  2.12589  0.228093  1
1002  0  0.271415  1.51183  16016.4  2.0526  0.144629  1
1003  0  0.262029  0.148504  15017.9  2.60002  0.104436  1
1004  0  1.0534  -0.297691  16066.6  1.96112  0.151819  1
1005  0  -1.39179  -1.79437  17271.2  1.87322  0.411156  1
1006  0  0.303325  0.21064  15297.5  2.40422  0.0696824  1
1007  0  0.937178  -0.114462  16050.7  2.03373  0.183768  1
1008  0  0.529633  0.129704  15544.4  2.387  -0.172318  1
1009  0  -0.150526  1.22545  16092.7  2.06212  0.169358  1
1010  0  0.179155  -0.130019  16490.5  1.90254  -0.0549163  1
1011  0  -1.4286  0.410223  16467.3  1.99258  0.402489  1
