455  555  1022
314  656  1039
354  555  1022
300  484  1015
30  485  776
364  436  581
353  508  899
582  780  1015
338  466  995
460  521  1004
281  495  1002
411  592  1046
503  769  958
29  30  776
335  545  933
407  481  961
381  425  803
284  443  919
272  591  668
309  499  660
479  780  1015
312  568  583
87  88  519
307  484  594
52  53  522
484  582  1015
360  719  1001
387  482  608
307  484  874
436  525  972
469  537  805
325  541  542
521  750  787
295  493  532
373  405  576
285  420  679
427  537  805
387  482  936
277  534  612
331  496  621
274  434  543
532  644  745
283  769  958
129  130  524
379  526  527
399  526  842
347  487  808
335  502  887
273  482  662
308  499  660
316  645  724
334  622  957
373  636  790
318  359  454
383  554  680
414  646  732
0  138  586
386  619  836
415  551  658
363  438  518
366  582  780
402  502  887
268  551  658
338  446  762
407  481  971
314  470  1039
353  471  899
415  486  758
412  591  668
378  405  578
309  499  707
303  497  572
289  590  644
271  491  749
346  452  786
404  566  1012
283  530  769
305  799  994
303  497  585
365  456  523
358  400  1026
269  486  666
368  768  920
433  620  933
277  534  567
33  564  813
434  543  617
287  467  528
380  472  989
453  668  774
347  506  808
335  502  545
368  519  920
302  531  771
337  492  556
294  442  746
416  565  802
273  482  608
526  527  842
285  461  679
338  536  995
309  707  903
313  517  622
544  545  933
270  595  894
324  504  685
308  660  876
557  675  837
338  466  762
12  542  914
421  653  928
549  602  774
35  570  813
418  598  861
369  552  881
310  596  796
350  450  530
331  521  1004
344  453  583
98  99  538
271  1023  1046
388  742  810
275  427  669
401  561  788
38  39  506
379  541  1023
299  493  654
40  536  611
37  584  767
2  19  853
275  427  610
539  719  1001
331  496  787
338  611  808
281  521  750
362  529  997
273  554  680
390  560  751
275  471  669
40  536  862
281  521  1002
292  562  896
368  560  751
288  476  801
313  517  588
342  566  1012
416  644  745
364  436  812
367  430  616
37  38  767
453  583  831
293  480  520
344  453  774
483  634  1019
295  480  947
17  502  853
337  733  1014
347  570  960
455  555  623
440  783  844
356  504  641
352  643  700
498  595  667
469  537  1009
377  503  769
318  454  852
349  673  770
517  886  1019
488  707  903
407  588  886
379  541  542
304  511  1010
344  602  774
418  639  861
347  584  960
348  573  986
415  758  978
397  734  885
89  90  560
280  496  621
324  504  641
298  458  904
0  586  688
317  520  636
493  654  966
395  530  540
438  518  963
345  529  639
298  458  869
364  581  715
2  18  853
517  622  957
515  799  994
389  441  898
10  705  914
372  600  651
340  548  788
327  564  625
285  646  910
284  513  919
276  547  1009
395  500  646
308  531  801
293  783  844
297  886  1019
383  554  717
297  635  886
348  474  558
38  506  767
396  559  793
374  559  793
298  481  869
402  502  916
116  117  563
289  590  664
33  34  813
298  511  904
346  768  920
292  562  617
593  1023  1046
381  638  803
460  521  1002
300  484  594
34  35  813
370  571  656
498  595  894
427  537  610
379  526  1023
381  425  764
485  596  796
63  64  559
356  641  761
388  671  742
274  434  590
312  583  831
326  424  777
380  472  699
337  492  880
272  627  668
544  620  933
537  547  1009
28  776  841
424  496  777
417  590  784
419  699  782
320  488  743
325  437  695
362  509  997
285  420  930
505  671  742
421  568  583
476  531  771
333  647  869
323  619  836
315  548  809
370  633  714
380  534  612
330  552  881
312  482  764
336  436  972
304  575  1010
92  93  577
346  573  786
348  474  600
474  558  819
295  631  947
326  424  818
376  669  710
282  456  515
275  610  803
275  471  954
320  636  790
303  572  573
438  792  925
592  593  1046
395  646  732
361  613  692
294  442  642
315  548  788
107  108  726
343  494  624
321  663  1006
382  537  547
316  724  974
506  611  808
406  709  777
308  499  801
269  486  757
278  592  700
396  697  849
349  478  553
288  801  962
481  647  869
314  470  739
344  602  754
548  746  809
372  626  708
24  653  928
121  122  576
375  665  943
123  124  578
481  647  961
94  95  616
366  698  781
313  647  961
456  515  799
451  681  888
467  528  1040
396  514  849
352  442  910
12  542  863
430  616  820
370  603  714
317  520  947
282  630  772
491  749  1043
412  591  791
319  667  778
390  451  681
410  556  799
10  11  914
407  886  958
340  548  628
320  636  826
125  126  587
103  104  581
136  137  580
369  607  704
417  590  644
483  673  770
127  128  589
287  467  604
17  18  853
397  533  885
428  602  754
372  609  708
11  12  914
280  496  687
469  565  1009
371  605  711
369  601  704
371  615  711
494  724  974
341  448  628
361  585  859
378  405  740
302  557  675
325  695  863
285  461  828
14  426  555
361  613  859
49  50  599
417  784  817
450  530  769
358  400  743
353  550  1029
359  586  688
276  565  802
374  614  712
347  506  767
351  477  533
373  576  720
53  522  676
492  556  701
365  456  890
284  443  806
490  733  1014
340  561  788
353  550  638
283  530  732
424  750  787
325  541  593
326  709  777
380  612  989
517  588  886
31  539  719
330  651  860
373  405  814
52  522  677
345  529  791
350  530  540
338  446  927
269  639  997
28  29  776
274  543  718
381  550  638
456  523  1017
33  564  625
305  556  799
527  705  1003
297  634  1019
87  519  657
94  616  820
30  485  719
291  613  775
385  567  649
440  707  844
412  549  992
12  863  909
312  568  936
419  472  891
44  45  527
306  490  980
299  493  659
349  478  571
400  682  790
432  553  867
400  563  1026
492  665  943
415  486  985
432  514  835
383  784  817
45  527  1003
512  682  790
282  515  772
88  519  694
364  505  715
20  544  545
42  507  915
324  685  970
643  700  1018
292  516  868
138  586  825
566  670  1048
295  493  795
350  567  649
306  490  579
379  527  705
75  76  601
295  532  745
328  742  810
385  534  567
369  552  993
73  74  603
574  765  1030
303  585  872
327  564  871
293  520  826
493  532  659
610  803  953
39  506  611
295  480  745
399  491  906
55  56  606
57  58  605
378  587  727
343  494  935
419  472  699
319  491  1043
482  662  1033
77  78  607
79  80  609
292  468  868
344  583  754
108  637  726
19  20  545
314  571  656
363  438  792
274  590  784
391  595  667
366  621  781
129  524  730
292  617  823
336  706  999
352  500  910
367  579  921
304  511  948
378  578  727
59  60  615
293  783  789
338  536  611
61  62  614
426  555  623
308  531  706
400  743  790
371  605  873
130  524  696
271  491  906
382  662  680
471  669  710
507  667  747
503  635  886
651  860  1036
494  624  724
289  532  644
424  496  787
457  685  970
350  567  794
482  764  1033
429  776  841
436  525  811
408  587  973
420  746  809
328  675  837
457  698  781
391  667  747
529  639  997
412  549  774
645  724  815
435  509  1001
350  450  794
408  589  968
452  558  878
32  539  625
314  634  770
278  592  684
492  701  943
500  646  910
371  615  877
337  556  733
378  587  973
316  701  943
81  82  626
336  436  812
14  426  1005
374  559  712
395  530  732
31  32  539
490  648  733
572  573  986
372  609  883
362  549  992
370  603  884
370  633  959
374  614  882
409  513  951
476  531  801
369  601  875
319  498  667
369  607  881
32  33  625
432  797  867
431  554  717
325  542  863
268  551  693
418  750  818
291  497  629
386  589  968
270  699  782
352  442  642
483  634  770
388  671  722
444  655  990
347  487  845
386  589  730
431  713  887
453  627  668
543  718  895
402  674  916
435  821  1001
410  556  701
478  553  870
108  109  637
276  547  817
270  595  827
321  703  937
313  647  793
310  549  602
71  72  633
440  499  707
357  569  846
398  641  761
490  648  980
389  851  940
435  509  757
346  452  920
277  567  794
389  591  940
319  498  766
367  430  913
357  569  900
393  676  721
492  665  880
293  826  844
377  503  635
98  538  683
423  804  836
360  509  1001
539  821  1001
404  580  852
415  551  978
411  649  749
298  511  1037
389  441  858
382  547  680
276  565  1009
99  538  722
474  600  865
418  598  750
20  21  544
373  512  720
507  667  778
399  526  906
438  744  925
374  647  793
364  505  742
19  545  853
392  570  845
516  924  1035
393  606  822
278  540  684
291  613  859
325  437  911
385  649  749
282  456  890
349  571  770
294  642  686
464  629  632
395  500  938
480  745  789
399  491  778
317  631  748
406  658  709
281  598  945
268  760  824
432  797  835
459  822  873
389  597  898
345  591  791
395  540  938
316  645  701
310  602  738
311  600  651
348  573  786
288  476  939
539  625  821
384  640  706
443  806  918
403  515  994
452  830  878
493  795  966
541  593  1023
312  482  936
293  480  789
477  533  840
383  547  817
372  626  865
281  598  750
298  481  971
423  696  836
282  597  890
284  513  951
21  544  620
397  618  741
320  488  826
113  114  650
269  757  997
327  625  821
340  473  561
382  537  610
485  596  1020
401  725  912
299  670  1048
411  684  996
347  584  767
347  570  845
291  632  775
308  640  706
389  597  851
361  691  692
462  875  884
392  564  871
351  477  640
328  546  810
324  765  1030
358  489  618
387  568  936
459  606  822
613  692  990
358  743  903
447  688  689
91  681  888
322  631  748
434  590  664
279  655  891
465  881  883
307  535  768
409  632  775
592  593  911
393  822  969
637  726  967
383  547  680
351  660  741
64  559  697
303  866  872
281  495  752
319  491  778
459  605  873
353  508  630
63  559  712
509  757  997
428  653  754
368  751  768
86  87  657
535  866  872
359  924  1035
391  862  995
411  649  996
280  687  1021
317  740  748
354  555  955
90  560  681
314  571  770
384  525  726
531  706  999
421  568  928
520  636  826
89  560  694
524  696  836
480  520  947
419  574  765
17  502  916
372  600  865
376  669  753
407  588  961
346  768  866
394  677  728
439  695  863
356  504  800
619  795  966
463  877  882
323  654  966
343  661  1034
396  622  829
318  359  1035
381  550  627
365  890  898
508  630  772
331  521  787
3  28  841
3  27  841
362  509  931
132  133  672
329  575  822
100  101  671
42  43  915
401  561  912
280  621  781
373  512  790
313  622  793
418  666  818
484  874  1007
421  583  754
449  851  940
414  732  838
268  658  824
116  563  716
387  568  735
385  749  1043
579  921  988
409  513  807
336  812  999
287  528  710
117  563  736
297  635  918
14  15  555
277  792  925
327  758  978
374  647  882
134  135  678
386  524  730
454  580  852
392  570  813
274  717  718
396  622  793
483  673  957
341  703  937
394  599  934
424  750  818
436  785  811
364  812  837
433  620  984
301  552  860
463  615  877
313  588  961
472  655  891
380  534  766
503  886  958
397  650  734
494  652  935
353  471  954
21  22  620
53  54  676
389  591  858
463  614  882
462  603  884
462  601  875
364  742  837
406  687  777
279  655  990
118  119  682
386  524  836
39  40  611
282  630  851
363  792  989
330  552  860
494  652  974
42  507  747
352  642  643
392  564  813
465  609  883
400  682  736
367  579  1014
536  862  995
356  760  824
465  607  881
365  752  898
399  778  915
51  52  677
90  91  681
432  673  1024
635  806  918
285  646  828
373  636  814
411  749  1046
428  602  738
431  554  713
376  528  771
368  560  694
97  98  683
403  515  772
370  656  884
307  751  768
341  628  686
393  606  721
372  651  883
362  549  979
752  898  945
431  718  887
95  616  702
392  551  693
305  648  733
377  744  763
321  663  731
273  662  680
393  676  843
351  660  876
467  675  1040
309  618  741
307  594  661
24  25  653
130  131  696
401  599  934
360  509  931
543  617  1022
335  713  887
88  89  694
341  447  448
355  810  941
322  631  795
103  581  715
478  571  959
121  576  720
104  581  785
122  576  723
40  41  862
403  604  926
123  578  723
286  663  731
282  597  851
381  627  831
398  641  765
124  578  727
375  652  974
302  531  999
375  577  652
64  65  697
386  619  968
287  604  926
396  514  829
404  566  852
273  608  816
377  635  806
277  612  792
22  23  735
568  735  928
488  743  903
366  621  780
272  591  940
368  519  694
30  31  719
623  663  1006
362  529  992
432  553  1045
50  599  728
423  696  737
444  613  775
339  516  924
0  689  908
340  628  1028
432  514  1024
329  904  975
76  601  704
469  565  783
472  655  989
315  569  846
421  653  754
125  587  727
324  641  765
58  605  711
278  540  938
375  577  665
126  587  729
289  532  659
127  589  729
95  96  702
291  629  632
314  634  739
128  589  730
73  603  714
334  673  957
77  607  704
49  599  725
59  615  711
55  606  721
554  713  816
80  609  708
76  77  704
413  624  724
452  558  786
308  640  876
62  614  712
575  822  969
331  621  780
75  601  847
0  688  689
80  81  708
268  693  856
291  497  859
115  116  716
345  639  861
320  743  790
58  59  711
74  603  847
57  605  839
62  63  712
56  606  839
437  592  700
288  753  939
102  103  715
273  554  816
466  595  827
416  565  789
13  14  1005
137  138  825
484  582  949
390  451  889
78  607  850
79  609  850
445  874  1007
565  783  789
461  511  948
43  44  842
359  454  586
394  846  934
72  73  714
377  744  769
60  615  854
61  614  854
120  121  720
301  860  1044
81  626  708
136  580  756
402  718  895
434  617  823
122  123  723
377  763  806
406  658  824
326  666  818
388  538  722
447  448  689
93  577  923
497  585  859
449  944  1029
394  677  848
318  566  670
124  125  727
423  672  737
302  557  999
104  105  785
337  913  1014
369  875  993
507  778  915
455  623  1006
48  49  725
363  655  989
126  127  729
329  822  873
54  55  721
304  569  900
379  542  914
128  129  730
301  552  755
557  812  999
390  661  889
390  661  751
414  646  828
306  942  980
415  658  709
413  624  932
333  647  882
473  561  901
99  100  722
297  634  918
36  584  960
72  633  714
346  573  866
311  629  1036
499  801  962
298  690  773
422  691  692
597  890  898
82  626  905
379  705  914
286  501  731
323  804  836
137  580  825
317  636  814
441  598  945
309  660  741
426  779  1005
487  693  845
411  592  684
67  68  797
398  765  782
419  574  891
398  762  827
283  732  838
92  577  902
112  113  734
269  666  1027
404  678  756
286  501  643
502  545  853
334  622  829
467  604  942
550  627  944
418  666  1027
50  51  728
457  685  781
501  642  643
478  870  917
496  687  777
306  546  941
437  695  1018
358  489  1026
353  638  954
117  118  736
366  582  698
356  760  761
489  618  964
461  511  1037
315  569  809
437  700  1018
315  846  934
384  726  967
275  638  803
350  649  996
486  757  758
44  527  842
322  619  795
376  528  710
298  690  971
301  755  1000
71  633  917
371  877  982
332  656  884
422  879  970
294  628  686
323  654  804
286  695  1018
131  132  737
687  800  1021
330  651  883
280  685  781
356  800  824
332  875  884
453  627  831
370  571  959
321  731  937
550  944  1029
414  773  828
474  819  905
415  709  985
330  881  883
418  639  1027
307  535  874
328  546  977
289  664  832
416  644  802
384  706  972
41  42  747
305  556  733
529  791  992
43  842  915
381  764  831
464  860  1036
328  675  977
445  833  1007
109  637  897
410  645  701
290  691  833
385  534  834
392  551  871
16  17  916
310  549  979
452  657  920
93  94  820
37  584  1016
36  584  1016
333  877  882
412  668  774
470  755  1000
416  745  789
86  657  830
105  106  811
454  586  825
464  632  1044
428  738  759
352  500  987
427  669  753
382  662  953
402  718  887
398  761  762
431  717  718
345  591  858
430  665  923
361  691  833
294  548  628
311  986  1032
85  86  830
311  629  1032
414  690  773
23  24  928
612  792  989
407  690  971
54  676  721
275  638  954
409  632  807
274  717  784
440  499  962
113  650  734
468  832  1041
310  596  979
441  598  861
135  136  756
428  653  1025
383  717  784
354  674  895
469  783  864
449  630  851
334  673  1024
301  807  1000
303  573  866
429  738  759
272  627  944
286  663  779
22  735  1011
100  671  722
394  599  728
83  84  819
329  575  1010
290  698  879
15  16  955
363  518  952
348  558  786
56  57  839
326  666  985
304  679  922
399  842  915
342  804  1048
339  447  924
310  738  796
477  840  897
74  75  847
352  700  987
0  46  908
384  525  972
380  766  894
66  67  835
107  726  857
114  650  946
12  13  909
477  640  967
397  650  964
594  661  1034
300  624  932
397  618  964
440  783  864
438  744  763
355  941  988
299  659  929
329  873  975
360  596  931
78  79  850
292  468  1041
430  820  923
317  631  947
110  111  840
60  61  854
304  679  948
500  938  987
557  812  837
535  768  866
51  677  728
546  942  977
425  803  953
378  740  748
319  766  834
396  559  697
65  66  849
473  689  1028
444  655  952
433  713  816
342  566  1048
464  629  1036
402  674  895
439  779  1005
577  652  902
132  672  737
464  860  1044
322  619  968
400  563  736
398  782  827
371  975  982
278  700  987
343  624  1034
452  657  830
429  776  796
286  695  779
339  447  703
429  738  796
406  800  824
35  36  960
101  671  1013
25  26  1025
546  810  941
391  747  862
577  665  923
118  682  736
279  891  1008
501  642  686
585  872  976
455  562  617
487  693  856
290  691  879
349  553  1045
422  691  879
616  702  921
284  763  806
91  92  888
68  69  867
407  690  838
357  522  843
69  70  870
15  555  955
403  604  980
16  674  916
97  683  907
426  663  779
65  697  849
460  998  1004
457  879  970
420  746  930
359  688  924
432  673  1045
289  659  832
361  585  976
35  570  960
133  672  991
288  753  805
572  986  1032
84  85  878
270  782  827
111  112  885
525  726  857
357  522  848
109  110  897
443  739  919
131  696  737
299  654  1048
362  931  979
403  772  926
328  742  837
535  872  874
22  620  1011
419  765  782
392  693  845
304  569  922
490  579  1014
433  608  816
294  548  746
348  600  986
354  674  955
397  533  1047
119  682  1038
106  107  857
351  533  1047
414  690  838
304  575  900
82  83  905
403  648  980
96  97  907
46  47  901
134  678  991
501  731  937
135  678  756
26  27  1042
306  546  942
341  447  703
278  938  987
443  634  739
70  71  917
451  652  902
296  645  815
311  600  986
343  661  889
96  702  907
67  797  835
360  719  1020
47  48  912
105  785  811
425  662  953
276  802  817
426  623  663
306  579  941
405  740  814
604  942  980
342  510  950
384  640  967
376  771  939
401  788  934
336  706  972
376  753  939
342  510  1012
473  901  908
403  648  994
68  797  867
461  773  828
538  683  1031
397  741  1047
450  744  769
325  593  911
380  699  894
365  523  983
423  672  950
435  757  758
458  904  975
457  698  879
290  833  1007
446  761  762
292  516  896
16  674  955
114  115  946
102  715  1013
390  560  681
446  760  856
579  941  988
459  605  839
459  606  839
25  653  1025
85  830  878
1  45  1003
1  10  1003
4  36  1016
4  37  1016
485  776  796
115  716  946
317  740  814
562  981  1006
318  670  868
296  798  855
326  709  985
448  628  1028
84  819  878
475  702  907
479  998  1004
302  771  1040
475  683  907
462  601  847
417  644  802
338  808  927
462  603  847
463  615  854
427  753  805
463  614  854
66  835  849
83  819  905
120  720  1038
423  804  950
465  607  850
305  648  994
112  734  885
465  609  850
430  665  880
404  678  1012
321  981  1006
268  760  856
488  707  844
404  580  756
425  764  1033
367  616  921
286  643  1018
417  802  817
430  880  913
489  716  1026
360  596  1020
442  746  930
309  618  903
582  698  949
361  833  976
467  942  977
48  725  912
422  692  1008
522  676  843
290  698  949
296  798  815
441  858  861
436  581  785
479  780  1004
350  540  996
269  639  1027
440  864  962
271  749  1046
420  679  922
410  645  892
106  811  857
351  640  876
405  576  723
133  134  991
405  578  723
540  684  996
318  566  852
69  867  870
446  760  761
342  804  950
280  685  1021
513  807  1000
474  626  905
285  910  930
437  592  911
497  572  1032
296  645  892
522  677  848
70  870  917
475  702  921
391  595  995
101  102  1013
388  538  965
358  618  903
408  587  729
110  840  897
296  892  956
323  619  966
478  633  917
497  629  1032
408  589  729
111  840  885
300  594  1034
349  673  1045
312  764  831
451  888  902
382  610  953
450  794  925
444  613  990
295  631  795
449  630  1029
534  766  834
474  626  865
460  798  855
467  675  977
409  775  893
466  762  827
284  763  963
485  719  1020
357  843  969
119  120  1038
332  755  993
318  868  1035
288  805  864
401  599  725
451  889  935
466  595  995
41  747  862
438  763  963
574  891  1008
354  543  895
363  655  952
354  543  1022
664  832  1041
486  666  985
26  759  1025
394  846  848
413  798  815
406  687  800
435  758  821
451  652  935
287  710  899
387  984  1011
495  752  983
307  661  751
351  741  1047
523  892  956
654  804  1048
461  679  948
408  968  973
489  716  946
538  965  1031
279  692  990
445  833  976
569  809  922
425  662  1033
270  699  894
498  766  894
519  657  920
473  689  908
444  893  952
332  656  1039
433  608  984
378  748  973
444  775  893
357  900  969
475  988  1031
596  931  979
301  807  1044
441  898  945
429  759  1042
388  810  965
319  834  1043
505  715  1013
478  633  959
46  901  908
445  872  874
47  901  912
477  637  897
470  739  919
357  846  848
277  794  925
460  798  998
475  683  1031
327  758  821
387  735  1011
339  516  896
443  634  918
659  832  929
340  473  1028
504  800  1021
339  896  981
450  744  925
468  670  868
446  856  927
288  864  962
551  871  978
495  956  983
332  755  1039
505  671  1013
287  899  926
387  608  984
488  826  844
420  809  922
620  984  1011
552  755  993
409  893  951
489  650  946
302  675  1040
456  799  1017
413  724  815
281  752  945
487  808  927
422  1008  1030
429  841  1042
439  863  909
512  720  1038
299  670  929
508  772  926
335  713  933
434  664  823
93  820  923
428  759  1025
279  692  1008
26  759  1042
331  780  1004
298  773  1037
449  940  944
327  871  978
439  909  1005
468  670  929
471  710  899
476  771  939
632  807  1044
300  624  1034
514  829  1024
528  771  1040
410  799  1017
355  810  965
512  682  1038
353  630  1029
333  869  982
523  892  1017
510  672  991
315  788  934
442  910  930
311  651  1036
292  823  1041
562  896  981
296  855  956
92  888  902
433  713  933
477  637  967
407  838  958
510  678  991
23  735  928
375  943  974
10  705  1003
371  873  975
271  906  1023
461  773  1037
337  880  913
455  617  1022
355  988  1031
413  798  998
514  835  849
455  562  1006
495  855  956
558  819  878
410  892  1017
365  752  983
489  650  964
469  805  864
393  843  969
316  943  974
510  672  950
504  685  1021
553  867  870
412  791  992
525  811  857
439  695  779
460  855  1002
345  858  861
484  949  1007
322  748  973
454  580  825
321  703  981
339  703  981
563  716  1026
518  893  952
470  919  1000
458  869  982
284  951  963
475  921  988
468  832  929
367  913  1014
664  823  1041
329  904  1010
470  755  1039
533  840  885
487  856  927
343  889  935
510  678  1012
341  686  937
322  968  973
508  899  926
27  841  1042
385  834  1043
300  932  1015
332  875  993
413  932  998
272  940  944
501  686  937
523  956  983
518  893  951
574  1008  1030
575  900  969
516  868  1035
448  689  1028
283  838  958
290  949  1007
445  872  976
479  932  998
333  877  982
334  829  1024
422  970  1030
479  932  1015
511  904  1010
561  901  912
13  909  1005
495  855  1002
526  906  1023
518  951  963
483  957  1019
513  919  1000
355  965  1031
517  957  1019
447  688  924
324  970  1030
458  975  982
