0  2  1  0  16264.8  3.73826e-16  2.38086e-17  1
1  1  2  2  16266.9  1.89377  0.287012  1
2  1  2  -2  16286.3  2.02552  0.444926  1
3  3  -2  -2  16573.7  1.94634  0.460189  1
4  3  -2  2  15921.1  1.94855  0.46329  1
10  1  2  1.6  16276.1  1.86977  0.278292  1
11  1  2  1.2  16276.1  1.83683  0.255256  1
12  1  2  0.8  16276.1  1.79566  0.188324  1
13  1  2  0.4  16276.1  1.83994  0.128541  1
14  1  2  5.50449e-12  16276.1  2.02671  0.16667  1
15  1  2  -0.4  16276.1  2.13442  0.25236  1
16  1  2  -0.8  16276.1  2.11825  0.318056  1
17  1  2  -1.2  16276.1  2.1371  0.362477  1
18  1  2  -1.6  16276.1  2.1343  0.405002  1
19  0  1.6  -2  16323.1  1.94634  0.460189  1
20  0  1.2  -2  16456.6  1.94634  0.460189  1
21  0  0.8  -2  16578.3  1.94634  0.460189  1
22  0  0.4  -2  16614.4  1.94634  0.460189  1
23  0  5.50449e-12  -2  16664.4  1.94634  0.460189  1
24  0  -0.4  -2  16747.7  1.94634  0.460189  1
25  0  -0.8  -2  16727.3  1.94634  0.460189  1
26  0  -1.2  -2  16627.4  1.94634  0.460189  1
27  0  -1.6  -2  16592.1  1.94634  0.460189  1
28  3  -2  -1.6  16554.9  1.94634  0.460189  1
29  3  -2  -1.2  16515  1.94634  0.460189  1
30  3  -2  -0.8  16451.2  1.94634  0.460189  1
31  3  -2  -0.4  16364.5  1.94634  0.460189  1
32  3  -2  -5.50449e-12  16265.7  1.94634  0.460189  1
33  3  -2  0.4  16172.6  1.94634  0.460189  1
34  3  -2  0.8  16084.1  1.94634  0.460189  1
35  3  -2  1.2  16008.5  1.94634  0.460189  1
36  3  -2  1.6  15952.1  1.94634  0.460189  1
37  0  -1.6  2  15899.3  1.9553  0.475077  1
38  0  -1.2  2  15864.5  1.95687  0.520741  1
39  0  -0.8  2  15849.9  1.95043  0.558686  1
40  0  -0.4  2  15868.4  1.95879  0.502034  1
41  0  -5.50449e-12  2  15911.9  1.97393  0.406725  1
42  0  0.4  2  15983.8  1.96996  0.359032  1
43  0  0.8  2  16074.9  1.94962  0.338572  1
44  0  1.2  2  16156  1.92622  0.321173  1
45  0  1.6  2  16222.3  1.90766  0.301251  1
46  2  0.978756  0.00554606  16051  0  0  1
47  2  0.957409  0.0108124  15985.9  0  0  1
48  2  0.936011  0.0158667  15961.8  0  0  1
49  2  0.914577  0.0207653  15955.9  -4.41188e-17  1.13121e-17  1
50  2  0.893113  0.0255319  15903.1  0  0  1
51  2  0.871624  0.0301864  15851.7  0  0  1
52  2  0.850109  0.0347146  15790.2  0  0  1
53  2  0.828571  0.0391344  15748.5  0  0  1
54  2  0.807007  0.0434282  15681.4  0  0  1
55  2  0.785417  0.0475875  15616.2  9.2287e-17  -1.39613e-17  1
56  2  0.763804  0.0516261  15553  0  0  1
57  2  0.742163  0.0555076  15453.3  4.93038e-32  3.08149e-33  1
58  2  0.720498  0.0592594  15381.3  0  0  1
59  2  0.698808  0.0628565  15325.3  0  0  1
60  2  0.677088  0.0662747  15275.8  0  0  1
61  2  0.655345  0.0695405  15199.9  0  0  1
62  2  0.633575  0.0726242  15163.6  0  0  1
63  2  0.611779  0.0755144  15116.1  0  0  1
64  2  0.589961  0.078229  15091.9  0  0  1
65  2  0.568117  0.0807388  15003.7  0  0  1
66  2  0.546251  0.0830341  14932.4  0  0  1
67  2  0.524364  0.0851275  14893  0  0  1
68  2  0.502456  0.0869959  14854.1  0  0  1
69  2  0.48053  0.0886286  14761.5  0  0  1
70  2  0.458588  0.090033  14665.9  0  0  1
71  2  0.436632  0.0911923  14571.7  0  0  1
72  2  0.414662  0.0920444  14494.1  -1.12478e-17  8.01384e-18  1
73  2  0.392683  0.0926476  14425.4  0  0  1
74  2  0.370701  0.0931178  14290.8  0  0  1
75  2  0.348716  0.0932713  14260.7  0  0  1
76  2  0.32673  0.0930374  14203.6  -3.93057e-16  -2.18548e-17  1
77  2  0.304748  0.0925514  14129.4  -4.62842e-16  -3.58737e-17  1
78  2  0.282776  0.0917552  13991.7  0  0  1
79  2  0.260817  0.0906419  13836.6  0  0  1
80  2  0.238881  0.0891584  13718.9  0  0  1
81  2  0.216979  0.0872332  13589.6  -4.54289e-16  -6.91072e-17  1
82  2  0.195131  0.0847676  13433.2  -2.11742e-16  -3.52383e-17  1
83  2  0.17337  0.0816304  13299.9  0  0  1
84  2  0.15174  0.0776943  13149.7  9.86076e-32  2.46519e-32  1
85  2  0.130284  0.0728986  13021.7  2.9798e-16  9.00915e-17  1
86  2  0.109047  0.0672122  12919.4  0  0  1
87  2  0.0880579  0.0606689  12795.7  2.98332e-16  1.21863e-16  1
88  2  0.067355  0.0532706  12486.3  0  0  1
89  2  0.0470951  0.04474  11942.9  -1.43415e-15  -8.52974e-16  1
90  2  0.0277565  0.0343115  11668.7  0  0  1
91  2  0.0106668  0.0205632  11621.5  0  0  1
92  2  5.74908e-05  0.00172749  14553.9  -2.28814e-16  -4.32106e-16  1
93  2  0.0125938  -0.014563  17856.1  -1.06204e-16  -7.08076e-17  1
94  2  0.0334846  -0.0212436  18014.5  -2.15647e-16  -3.0732e-17  1
95  2  0.0552109  -0.0245619  17724.9  0  0  1
96  2  0.0771199  -0.0263874  17566.6  0  0  1
97  2  0.0990793  -0.0274769  17473.5  0  0  1
98  2  0.121057  -0.0281035  17360.9  7.4515e-17  -2.75288e-18  1
99  2  0.143042  -0.0283749  17273.5  0  0  1
100  2  0.165029  -0.0283607  17215  9.50733e-17  4.1773e-18  1
101  2  0.187014  -0.0281027  17161.9  0  0  1
102  2  0.208997  -0.027667  17115.2  2.46519e-32  -7.70372e-34  1
103  2  0.230977  -0.0271001  17077.4  0  0  1
104  2  0.252954  -0.026438  17062.2  6.46311e-17  2.59185e-18  1
105  2  0.274929  -0.0257208  17035.2  0  0  1
106  2  0.296903  -0.0249826  17015.4  1.17507e-16  4.8929e-18  1
107  2  0.318877  -0.0242251  16997.6  0  0  1
108  2  0.340851  -0.0234552  16978.4  5.68759e-17  3.55709e-18  1
109  2  0.362825  -0.0226907  16956.2  0  0  1
110  2  0.384798  -0.0219236  16937  0  0  1
111  2  0.406772  -0.0211554  16915.8  0  0  1
112  2  0.428745  -0.0203886  16904.2  0  0  1
113  2  0.450719  -0.0196253  16865.2  0  0  1
114  2  0.472693  -0.0188647  16809.9  0  0  1
115  2  0.494667  -0.0181046  16823.3  0  0  1
116  2  0.51664  -0.0173435  16832.6  0  0  1
117  2  0.538614  -0.0165819  16817.9  3.46223e-16  1.34947e-17  1
118  2  0.560588  -0.0158214  16820.3  0  0  1
119  2  0.582562  -0.0150633  16806.8  0  0  1
120  2  0.604536  -0.0143068  16771.2  0  0  1
121  2  0.62651  -0.01355  16753.8  5.57995e-17  2.34075e-18  1
122  2  0.648484  -0.0127915  16740.1  0  0  1
123  2  0.670458  -0.0120321  16716.5  3.8387e-16  1.32246e-17  1
124  2  0.692431  -0.0112723  16692.7  0  0  1
125  2  0.714405  -0.0105115  16678.5  1.40366e-16  6.53427e-18  1
126  2  0.736379  -0.00975062  16664.5  0  0  1
127  2  0.758353  -0.00899179  16655.3  0  0  1
128  2  0.780327  -0.00823433  16651.1  0  0  1
129  2  0.802301  -0.00748092  16624.3  0  0  1
130  2  0.824275  -0.00673604  16609.9  0  0  1
131  2  0.84625  -0.00599633  16576.8  1.31714e-16  4.3494e-18  1
132  2  0.868224  -0.00525502  16547.1  0  0  1
133  2  0.890199  -0.00451173  16540.2  1.39474e-16  5.3156e-18  1
134  2  0.912173  -0.00375712  16509.6  0  0  1
135  2  0.934146  -0.00297834  16479.2  1.97355e-16  8.62123e-18  1
136  2  0.956117  -0.002138  16430.7  0  0  1
137  2  0.978082  -0.00117585  16407.7  0  0  1
266  0  -0.885673  -0.689795  16505.9  1.93666  0.602614  1
267  0  0.0244174  -0.996054  16684.1  1.84837  0.343586  1
268  0  1.01067  -1.00433  16541.8  1.9334  0.309347  1
269  0  -0.667447  0.893298  15946.1  2.00985  0.631407  1
270  0  0.251831  1.04847  15818.6  2.08396  0.347751  1
271  0  1.11122  0.842539  16048.7  1.98397  0.166762  1
272  0  0.505024  -0.593602  16725.7  1.83567  0.246679  1
273  0  0.963436  -0.481151  16573.6  1.92405  0.201195  1
274  0  -0.118201  0.603  15684.2  2.14562  0.56005  1
275  0  -0.417072  0.20908  16051  1.95606  0.754114  1
276  0  0.343864  0.544603  15458  2.27721  0.302058  1
277  0  0.783062  0.49683  15774.8  2.14926  0.0826047  1
278  0  0.0674025  -0.505333  16828.8  1.76857  0.349361  1
279  0  -0.369505  -0.295638  16575.4  1.81834  0.644248  1
280  0  0.33716  -0.333241  16881.5  1.73949  0.207699  1
281  0  0.648106  -0.320493  16721.1  1.83488  0.176631  1
282  0  0.117768  0.367057  15163.6  2.37777  0.524346  1
283  0  0.542176  0.363094  15378  2.34217  0.10915  1
284  0  1.0753  0.331879  16093.4  1.9719  -0.0201858  1
285  0  -0.0668463  0.223405  15301.4  2.2269  0.865799  1
286  0  -0.0461592  -0.240616  16982.8  1.60964  0.488864  1
287  0  0.754482  0.295419  15637.1  2.21361  -0.0504686  1
288  0  0.312074  0.295992  14916.3  2.52327  0.303086  1
289  0  0.150354  -0.242731  17059.8  1.61561  0.25215  1
290  0  0.873785  -0.229265  16600.6  1.90435  0.134771  1
291  0  0.942288  0.226305  15970.8  2.07203  -0.130929  1
292  0  0.456521  -0.195997  16855.8  1.75151  0.139141  1
293  0  0.315488  -0.179611  16968.7  1.6807  0.14328  1
294  0  -0.126489  -0.108625  16829.2  1.57032  0.737536  1
295  0  -0.139804  0.099153  15822.6  1.94436  1.00572  1
296  0  0.592417  -0.145134  16768.5  1.80321  0.116697  1
297  0  0.731984  -0.143724  16677.3  1.85702  0.111747  1
298  0  -0.952702  -0.0486861  16290.5  1.91806  0.631884  1
299  0  0.176442  0.233283  14603  2.61233  0.53351  1
300  0  0.441381  0.236965  14953.1  2.53313  0.10916  1
301  0  0.573735  0.21972  15209  2.44149  -0.0231189  1
302  0  1.0022  -0.153562  16522.5  1.94189  0.132915  1
303  0  0.0872988  0.180929  14380.7  2.61852  0.790977  1
304  0  0.845209  -0.123503  16600.4  1.92149  0.0993979  1
305  0  0.0555363  -0.157286  17264.5  1.46789  0.34055  1
306  0  0.286885  0.196876  14489.9  2.72903  0.312755  1
307  0  1.02313  0.130265  16208.9  1.89526  -0.18899  1
308  0  1.56424  -0.0930995  16357.3  1.97707  0.136033  1
309  0  0.149325  -0.136879  17201  1.53642  0.173796  1
310  0  0.399365  -0.123939  16910.3  1.71905  0.105979  1
311  0  0.245796  -0.123256  17072.1  1.61962  0.124981  1
312  0  0.65963  0.173577  15322.5  2.41596  -0.13012  1
313  0  0.778097  0.170435  15622.5  2.27245  -0.188737  1
314  0  0.488655  -0.115483  16841.5  1.7701  0.105484  1
315  0  0.861003  0.129625  15800.2  2.09666  -0.243741  1
316  0  0.927801  -0.0964089  16542.3  1.97927  0.106354  1
317  0  -0.297599  -0.724445  16666.8  1.86516  0.503873  1
318  0  -0.365589  -0.0132107  16307.8  1.83644  0.752574  1
319  0  0.0254778  0.120621  14227.2  2.57329  1.16622  1
320  0  0.497931  0.174269  14937.9  2.60674  -0.00379145  1
321  0  0.00233323  -0.0871043  17463.8  1.23186  0.497132  1
322  0  0.362918  0.170247  14555.4  2.74524  0.168191  1
323  0  -0.64043  -1.33526  16619  1.86122  0.592771  1
324  0  -0.836319  0.41611  16091  1.97141  0.666764  1
325  0  -0.230252  1.06785  15857.1  2.0446  0.525671  1
326  0  0.662001  -0.100496  16730.4  1.87888  0.0966364  1
327  0  1.25992  0.0169431  16431.3  1.70642  0.0595566  1
328  0  0.428271  0.159278  14687.2  2.65236  0.0508737  1
329  0  0.331625  -0.0902541  16984.5  1.72142  0.0888141  1
330  0  0.563542  0.151019  15047.8  2.43936  -0.0877131  1
331  0  0.600953  0.839512  15815.8  2.10492  0.239811  1
332  0  0.554908  -0.0831838  16807.1  1.85847  0.0903018  1
333  0  0.938231  0.0953231  15978.1  1.72937  -0.238464  1
334  0  0.991253  -0.0723412  16507.3  2.03076  0.116687  1
335  0  -1.33697  0.89097  16033.8  1.96235  0.522363  1
336  0  -0.0448818  -0.0481089  17155.1  1.18312  0.879933  1
337  0  0.172088  0.155738  14069.4  2.89244  0.601398  1
338  0  -0.0166784  0.0743914  14492.6  2.2867  1.56158  1
339  0  0.485238  -1.06981  16643.5  1.86419  0.310061  1
340  0  1.24884  -0.312095  16463.1  1.98617  0.177502  1
341  0  -1.29415  -1.32935  16564.3  1.91627  0.492622  1
342  0  -1.36551  0.268828  16189.8  1.94328  0.530324  1
343  0  -0.195507  -0.467684  16737  1.797  0.518901  1
344  0  0.772902  -0.0813826  16641.9  1.95262  0.0857338  1
345  0  0.719698  1.42805  15995.8  1.99804  0.303304  1
346  0  -0.450364  0.582266  15891.9  2.05802  0.676961  1
347  0  0.0615972  -0.0890585  17497.7  1.29217  0.224225  1
348  0  0.250794  0.149543  14151.9  2.87524  0.362039  1
349  0  -0.0703384  0.0231275  16128.1  1.59737  1.25041  1
350  0  1.5555  0.376939  16269.2  1.8531  0.0735542  1
351  0  -1.38483  -0.413247  16382.2  1.93838  0.510684  1
352  0  1.1427  -0.0304572  16468.4  1.67321  0.115834  1
353  0  0.717773  0.128504  15405.1  2.11731  -0.203037  1
354  0  0.110024  0.589781  15526.2  2.22654  0.440555  1
355  0  0.565357  0.588562  15632.5  2.21006  0.196142  1
356  0  -1.02308  1.40744  15935.9  1.96024  0.545018  1
357  0  0.197863  -0.0821951  17151  1.60864  0.0790591  1
358  0  0.0818144  0.117631  13626.1  2.90199  1.0374  1
359  0  -0.220519  0.395425  15721.4  2.10567  0.691573  1
360  0  0.443161  -0.0731006  16875  1.82233  0.0756268  1
361  0  0.24072  -0.759663  16732.2  1.81924  0.299005  1
362  0  -0.670702  0.0752722  16229.2  1.9145  0.721908  1
363  0  0.315562  0.139041  14250.5  2.65948  0.198949  1
364  0  0.00268396  0.858402  15753.6  2.11511  0.446345  1
365  0  0.618284  -0.059907  16750.9  1.89525  0.0735372  1
366  0  0.705218  -0.0628835  16679.8  1.94106  0.0787918  1
367  0  0.879671  -0.0563011  16551.8  2.0046  0.0803667  1
368  0  0.804205  0.100019  15649.7  1.61357  -0.215969  1
369  0  0.495948  -0.357115  16789.1  1.79856  0.19817  1
370  0  1.01103  0.0675965  16237.6  1.34057  -0.259323  1
371  0  0.288526  -0.0705635  17016.8  1.72925  0.0752426  1
372  0  0.375505  -0.0708187  16937.4  1.77764  0.0728755  1
373  0  0.134264  0.121886  13609.5  2.94791  0.752257  1
374  0  -0.736221  -0.350363  16437.2  1.89027  0.655058  1
375  0  0.110003  -0.0751892  17385.1  1.43311  0.0882616  1
376  0  0.609054  0.116747  15126  1.83025  -0.124808  1
377  0  0.164554  -1.44808  16654.4  1.87546  0.327127  1
378  0  0.0363734  1.43477  15889.3  2.02467  0.402908  1
379  0  0.814941  -0.0558856  16617.7  1.98202  0.0720158  1
380  0  1.28809  1.41252  16133.2  1.93046  0.263201  1
381  0  0.895605  0.0789773  15902.5  1.36585  -0.203354  1
382  0  0.153514  -0.0736098  17254.7  1.54023  0.0714548  1
383  0  -0.0540493  0.409484  15471.8  2.22008  0.620939  1
384  0  0.243263  -0.0698419  17077.1  1.69603  0.0713381  1
385  0  0.273229  -0.540735  16801.5  1.79306  0.269655  1
386  0  0.667138  0.110228  15236.8  1.69093  -0.144585  1
387  0  0.201334  -0.388821  16904.5  1.72612  0.266449  1
388  0  0.724121  -0.566103  16657.2  1.87401  0.227888  1
389  0  0.92513  -0.0465104  16506.9  2.00618  0.0865559  1
390  0  0.761851  0.0980229  15529.4  1.56696  -0.202767  1
391  0  1.43331  -0.828604  16424.2  2.02191  0.293315  1
392  0  1.45026  -1.36443  16400.6  2.07993  0.400166  1
393  0  0.906049  -1.48211  16544.7  1.99614  0.399563  1
394  0  -0.588711  1.40225  15906.1  1.98535  0.584663  1
395  0  1.1381  0.0674087  16421.8  1.52191  -0.0249196  1
396  0  0.848188  0.080043  15779.8  1.26544  -0.18032  1
397  0  -0.20648  0.223637  15769.1  2.03791  0.810246  1
398  0  0.282846  0.757286  15666.8  2.16943  0.336456  1
399  0  0.510826  -0.0598295  16832.4  1.84711  0.083019  1
400  0  0.0599164  -0.342995  16960.5  1.67636  0.351474  1
401  0  0.237879  0.420684  15220.2  2.37358  0.387189  1
402  0  1.27505  0.227031  16251.8  1.88237  -0.0117526  1
403  0  -0.0359465  -0.726321  16733.6  1.81678  0.387657  1
404  0  0.434154  0.339595  15177.8  2.4262  0.188545  1
405  0  -0.305213  -1.1018  16651.8  1.89533  0.440743  1
406  0  0.51771  0.130392  14888.9  2.11634  -0.0709815  1
407  0  0.472344  0.132839  14738  2.23205  -0.0339783  1
408  0  1.02332  -0.341766  16548.7  1.93905  0.170953  1
409  0  -0.20454  -0.249597  16729.9  1.73357  0.619266  1
410  0  0.693444  -0.901565  16624.9  1.8842  0.286207  1
411  0  -0.575531  -0.167213  16407.6  1.85731  0.689984  1
412  0  -0.176298  -0.00971294  16389.5  1.72038  0.894824  1
413  0  0.0375865  0.276532  15024.3  2.40114  0.713103  1
414  0  0.87761  0.391991  15852.7  2.10528  0.00547148  1
415  0  1.00423  0.604906  15988.6  2.03403  0.10102  1
416  0  -0.282663  -0.107666  16506.3  1.75773  0.726966  1
417  0  -0.524672  -0.549115  16576.6  1.89095  0.61688  1
418  0  -0.593584  -0.87138  16588.5  1.92693  0.587473  1
419  0  -0.850527  -1.10233  16573.3  1.90686  0.596567  1
420  0  0.467074  0.502585  15470.2  2.28423  0.223614  1
421  0  0.20809  0.336492  15012.6  2.45874  0.442398  1
422  0  -0.302095  0.824719  15844.9  2.06941  0.585428  1
423  0  0.201638  0.12514  13772.5  2.81074  0.468511  1
424  0  0.376231  0.135363  14428.7  2.47243  0.0970097  1
425  0  0.95678  0.055973  16010  1.05134  -0.167959  1
426  0  0.231334  -0.199163  17040.9  1.63285  0.177396  1
427  0  0.562433  -0.25514  16772.5  1.80259  0.159119  1
428  0  0.748721  -0.25845  16665.5  1.86706  0.148834  1
429  0  -0.212056  -1.52977  16672.3  1.8376  0.395451  1
430  0  -1.52664  1.32527  15975  1.94975  0.492532  1
431  0  0.655104  0.26318  15427.6  2.31746  -0.0337127  1
432  0  0.684501  0.431611  15626  2.22593  0.0755796  1
433  0  0.66086  -0.0526045  16727.9  1.90847  0.0677393  1
434  0  0.0394945  0.0881024  13540.5  2.81911  1.36236  1
435  0  0.830428  -0.397864  16627.3  1.88974  0.184494  1
436  0  0.751903  -0.050139  16663.7  1.94741  0.0779972  1
437  0  0.38567  -0.199391  16908.6  1.71959  0.144727  1
438  0  0.507155  0.245964  15112.9  2.46269  0.0515026  1
439  0  0.0108897  -0.0558958  17736.2  0.971255  0.465547  1
440  0  -1.27362  -0.82314  16488.3  1.9395  0.518217  1
441  0  -0.0573415  0.15543  15200.5  2.20845  1.02953  1
442  0  0.568414  -0.0523492  16808  1.86038  0.0732927  1
443  0  0.847562  0.771797  15906.7  2.06479  0.176286  1
444  0  -0.0275179  -0.179523  17102.2  1.51997  0.502511  1
445  0  1.28733  0.493368  16154.5  1.9332  0.0690735  1
446  0  1.56364  0.83267  16196.6  1.88422  0.168097  1
447  0  -0.598886  0.359916  16048.5  1.98711  0.72063  1
448  0  0.670599  -0.210208  16719.6  1.83657  0.139016  1
449  0  -1.09134  -0.382865  16400  1.92492  0.562618  1
450  0  -1.03009  0.745469  16042.4  1.97463  0.576618  1
451  0  0.344712  0.246608  14808.2  2.56999  0.237941  1
452  0  0.535734  -0.144498  16809.5  1.77839  0.116556  1
453  0  -0.282917  0.0787751  16142.2  1.87678  0.813746  1
454  0  0.975269  -0.0403729  16456.9  2.00738  0.113542  1
455  0  1.15741  -0.223844  16504.2  1.96072  0.15562  1
456  0  0.401963  -0.469999  16794.3  1.80016  0.240126  1
457  0  0.793418  1.15749  15971.7  2.01716  0.265801  1
458  0  0.331046  -0.0604766  16991.1  1.75786  0.0712342  1
459  0  0.451957  -0.869675  16681.8  1.85194  0.292893  1
460  0  0.0353023  -0.25001  17041.1  1.60174  0.386484  1
461  0  0.266995  0.128194  14037  2.67688  0.279129  1
462  0  0.0271117  0.205011  14761.7  2.45543  0.862877  1
463  0  -1.38625  -0.058636  16287.4  1.93678  0.518392  1
464  0  1.25394  -0.664568  16478  1.98799  0.249057  1
465  0  -1.05924  -1.6398  16622.6  1.90395  0.494915  1
466  0  0.113259  0.254639  14778.9  2.52448  0.631901  1
467  0  0.904024  -0.716654  16584.2  1.91549  0.250608  1
468  0  1.07237  -0.0426387  16500.4  1.79484  0.142238  1
469  0  1.07484  0.0178801  16515.9  1.21221  0.0433789  1
470  0  -0.0906173  -0.415959  16818.8  1.74901  0.469345  1
471  0  1.64375  -0.386948  16365.5  2.07411  0.220712  1
472  0  0.560912  0.118779  15001.8  1.87702  -0.102061  1
473  0  0.830459  0.209632  15742.9  2.19286  -0.153746  1
474  0  -0.0309656  0.0344112  15225.9  1.77814  1.72178  1
475  0  0.314118  1.43281  15916.2  2.02219  0.340362  1
476  0  0.794594  -0.192437  16644.2  1.87926  0.125346  1
477  0  0.427054  0.12833  14598.8  2.23951  0.00424062  1
478  0  0.223041  -0.321369  16949  1.6951  0.2393  1
479  0  0.894397  -0.162773  16577.7  1.9154  0.114856  1
480  0  0.597579  -0.454193  16722.1  1.83822  0.21235  1
481  0  0.401454  0.726179  15672.9  2.17807  0.289247  1
482  0  0.963443  -0.263643  16565.4  1.92662  0.146497  1
483  0  0.286023  -0.130515  17017.7  1.65035  0.118838  1
484  0  0.462763  -0.0497711  16827.7  1.6801  0.0584955  1
485  0  0.421255  -0.055193  16905.8  1.78273  0.0674923  1
486  0  0.417567  -0.303218  16851.3  1.75756  0.185697  1
487  0  0.16661  0.121703  13704.6  2.91195  0.611604  1
488  0  0.254481  0.258032  14743.6  2.58521  0.374562  1
489  0  -0.0187932  -0.0315251  17397.2  0.881752  0.9539  1
490  0  -1.08199  0.30203  16161  1.94624  0.592758  1
491  0  -0.436213  0.423214  15935.3  2.03087  0.714058  1
492  0  0.718219  0.178082  15467.3  2.33877  -0.159291  1
493  0  -0.0668398  -0.110507  17056.9  1.44713  0.672682  1
494  0  0.613127  0.18117  15232.8  2.46253  -0.0914461  1
495  0  0.34556  0.130016  14326.4  2.48936  0.129011  1
496  0  -0.968761  1.14768  15962.1  1.97533  0.567432  1
497  0  -0.27866  0.576896  15786.1  2.10231  0.632733  1
498  0  0.858277  -0.0364576  16541.2  1.78483  0.0631338  1
499  0  -0.131393  -0.206867  16857  1.64964  0.612902  1
500  0  1.42176  0.141236  16345.8  1.83372  0.0415311  1
501  0  0.715083  0.0969281  15367.4  1.44651  -0.164539  1
502  0  0.53934  -0.0526603  16825.7  1.85168  0.0799797  1
503  0  0.328274  0.399749  15206.8  2.39764  0.31294  1
504  0  0.578801  1.05217  15876.3  2.06404  0.282556  1
505  0  0.560198  -1.48106  16610.6  1.93108  0.35551  1
506  0  0.0440568  0.463978  15408.6  2.26321  0.531828  1
507  0  -0.295587  1.44638  15895.5  2.00573  0.511245  1
508  0  0.0929516  -0.116862  17335.6  1.43117  0.217204  1
509  0  1.08944  -0.132462  16488.6  1.98211  0.132428  1
510  0  0.0167738  1.09042  15832.3  2.06603  0.419221  1
511  0  0.0625521  -0.05442  17613.8  1.21342  0.087157  1
512  0  0.112419  0.098621  13299.9  2.68397  0.811472  1
513  0  -0.773521  0.676908  16005.6  1.99902  0.641524  1
514  0  0.637014  0.110086  15166.4  1.69179  -0.138935  1
515  0  -1.56286  -0.986772  16497.4  1.93744  0.487819  1
516  0  0.785074  -0.0442139  16644.1  1.93729  0.072567  1
517  0  0.909771  0.0500429  15921.2  0.598889  -0.0901565  1
518  0  1.01374  0.22235  16097.9  2.00095  -0.10829  1
519  0  1.12016  0.177752  16247.5  1.89537  -0.0789239  1
520  0  -1.7496  0.642675  16111.5  1.94957  0.486539  1
521  0  -0.12902  0.172081  15598.7  2.08052  0.917805  1
522  0  0.137663  0.200232  14428.6  2.65434  0.646485  1
523  0  0.119304  -0.18371  17163.7  1.54363  0.25608  1
524  0  -0.49806  0.0911953  16201.6  1.89979  0.74209  1
525  0  0.236533  0.210144  14500.9  2.68656  0.413439  1
526  0  0.995402  0.029041  16100  0.490589  -0.160482  1
527  0  -0.168095  -0.909822  16679.4  1.85655  0.409607  1
528  0  -0.132394  -1.27876  16665.6  1.87842  0.36118  1
529  0  -1.41927  -1.64156  16590.2  1.93417  0.457979  1
530  0  0.022877  0.0637719  13025.9  2.5687  1.5827  1
531  0  -0.0642069  -0.543455  16781.4  1.79023  0.422457  1
532  0  0.135497  -0.638096  16778.1  1.79742  0.31865  1
533  0  0.131799  -0.0542851  17315.3  1.45097  0.0283036  1
534  0  0.26391  -1.20434  16658.3  1.86103  0.316069  1
535  0  0.176074  -0.0552334  17193.3  1.53043  0.0383686  1
536  0  0.349977  -0.252375  16914.6  1.71514  0.174985  1
537  0  0.362496  -0.1486  16938.2  1.6984  0.121182  1
538  0  1.00457  -0.0419786  16500.2  2.0062  0.144509  1
539  0  0.221241  -0.05652  17099.3  1.57651  0.0510852  1
540  0  0.493434  0.113881  14812.5  1.58697  -0.0485872  1
541  0  0.264783  -0.0518628  17050.7  1.59176  0.0588674  1
542  0  0.44905  -0.140522  16870.5  1.73966  0.112716  1
543  0  0.199647  -0.124402  17130  1.58335  0.136694  1
544  0  -1.68481  -0.188346  16323.8  1.94336  0.489337  1
545  0  0.231764  -0.987634  16682.8  1.84549  0.317006  1
546  0  1.06002  1.70235  16106.4  1.9435  0.307362  1
547  0  0.0683199  0.0821445  13156.4  2.68714  1.09764  1
548  0  0.405379  -0.0833381  16914  1.78116  0.084281  1
549  0  0.779491  0.0757253  15586.7  0.831248  -0.125752  1
550  0  0.183922  -0.184137  17099.3  1.59578  0.19391  1
551  0  -0.109174  -0.0302338  16606.6  1.56034  0.949146  1
552  0  -1.19166  0.511327  16116.6  1.95555  0.55965  1
553  0  -0.174679  0.314444  15655.3  2.11609  0.737741  1
554  0  0.590377  -0.105911  16777.3  1.83118  0.0982599  1
555  0  0.902512  -0.0321072  16524.8  1.78283  0.0656932  1
556  0  -0.471244  0.985841  15896.3  2.02534  0.60757  1
557  0  0.234024  0.125261  13915.9  2.76017  0.363506  1
558  0  0.573288  0.455947  15518  2.27302  0.144148  1
559  0  0.000471929  0.0412853  13336.1  2.15374  1.97366  1
560  0  0.823915  0.0702587  15719.3  0.896714  -0.118942  1
561  0  0.866551  0.0602906  15836.6  0.787047  -0.112743  1
562  0  1.24377  -0.132258  16445.9  1.96499  0.148965  1
563  0  0.638555  -0.0382509  16739.8  1.69784  0.0583914  1
564  0  0.681817  -0.0390095  16706.9  1.7288  0.0595582  1
565  0  -0.506604  1.67962  15886.3  1.97075  0.549463  1
566  0  0.594896  0.307506  15372.2  2.33962  0.0387217  1
567  0  1.14451  -0.456701  16511  1.96494  0.203101  1
568  0  1.61777  1.21121  16201.3  1.88446  0.231844  1
569  0  -0.411343  -0.153843  16466.5  1.81327  0.693583  1
570  0  1.07667  1.13669  16056.8  1.97261  0.233397  1
571  0  -0.496663  -1.64273  16691.9  1.83025  0.52692  1
572  0  0.398412  0.1961  14732.3  2.66518  0.12824  1
573  0  0.72643  -0.0346605  16674.6  1.72026  0.0579534  1
574  0  1.04412  -0.232582  16531.6  1.94174  0.150973  1
575  0  -0.00234104  0.694653  15667.4  2.15832  0.475001  1
576  0  -0.54215  -0.365182  16517.4  1.86576  0.650647  1
577  0  0.593453  -0.0398367  16780.7  1.69146  0.0608429  1
578  0  0.2378  0.64046  15557  2.22387  0.360698  1
579  0  -0.910619  0.172702  16203.2  1.93681  0.648123  1
580  0  0.220012  0.162269  14120  2.86514  0.451568  1
581  0  0.657567  -0.153321  16726.7  1.83229  0.11754  1
582  0  -0.363667  -0.465867  16631.1  1.84284  0.592423  1
583  0  0.309018  -0.0478982  17003.2  1.59278  0.0571606  1
584  0  -1.66867  0.994754  16035.7  1.9516  0.488201  1
585  0  0.352467  -0.0468183  16970.2  1.61228  0.0591961  1
586  0  0.518008  1.67287  15985.4  1.98703  0.334265  1
587  0  -1.29935  1.61785  15919.9  1.95594  0.505767  1
588  0  0.954633  0.151159  16026  2.0287  -0.201654  1
589  0  0.847266  -0.0699425  16579.3  1.99246  0.0802192  1
590  0  0.292492  0.11529  14122.4  2.08446  0.161561  1
591  0  -0.754865  -0.104175  16331.9  1.89342  0.682343  1
592  0  0.947714  -0.0290172  16464.8  1.77762  0.0776532  1
593  0  0.901863  0.122441  15911.4  1.99627  -0.236988  1
594  0  0.0371767  -0.0445114  17833.7  0.971187  0.138405  1
595  0  1.734  0.180134  16296.9  1.89219  0.0983197  1
596  0  1.31866  -1.09665  16455.8  2.00429  0.339619  1
597  0  0.295152  -0.426451  16852.4  1.76338  0.243342  1
598  0  0.581816  0.101965  15057.7  1.21114  -0.0778692  1
599  0  0.537447  0.106453  14925.7  1.34556  -0.0479785  1
600  0  -0.142253  -0.322366  16816.6  1.71817  0.536274  1
601  0  0.39398  0.285257  14987.8  2.49991  0.199415  1
602  0  0.448783  0.112822  14649.2  1.57423  -0.0257319  1
603  0  0.786269  -0.134934  16636.1  1.89119  0.102613  1
604  0  0.715266  -0.421288  16674.7  1.86392  0.198246  1
605  0  0.403671  0.115077  14471.7  1.70267  0.028328  1
606  0  0.264892  -0.165663  17026  1.64578  0.148772  1
607  0  0.146183  0.453931  15325.7  2.31436  0.451664  1
608  0  -0.172505  1.71496  15896  1.98997  0.451731  1
609  0  0.230678  0.520185  15413.6  2.2868  0.377532  1
610  0  0.397773  0.90154  15774.1  2.11704  0.303712  1
611  0  0.390836  -0.698526  16725.5  1.82965  0.27374  1
612  0  0.284618  0.15884  14285.8  2.83167  0.297702  1
613  0  0.0870229  -0.0486353  17500.1  1.31602  0.0319711  1
614  0  1.62362  1.62362  16215.7  1.89408  0.276043  1
615  0  -1.6652  -1.4121  16552.3  1.93933  0.468382  1
616  0  -0.0470412  0.315614  15369.3  2.23949  0.719711  1
617  0  0.735652  -0.0791486  16675.9  1.94508  0.0886297  1
618  0  0.703757  -0.103755  16701  1.89118  0.0959985  1
619  0  -0.51868  0.753617  15917.9  2.0404  0.650891  1
620  0  0.136343  0.0961857  13204.2  2.43582  0.63027  1
621  0  0.397084  -0.0442322  16917.1  1.60752  0.0576254  1
622  0  0.439378  -0.0414988  16902.7  1.59106  0.0526203  1
623  0  0.487664  -0.0433407  16815.6  1.65081  0.0641814  1
624  0  -0.262968  -0.351382  16686.6  1.78471  0.594955  1
625  0  0.770751  0.374091  15710.4  2.18196  0.00734844  1
626  0  0.88677  -0.103833  16566.3  1.96073  0.0997481  1
627  0  0.94546  0.306011  15952.2  2.04371  -0.0585028  1
628  0  0.909546  -0.325981  16590  1.91145  0.163767  1
629  0  1.0658  0.0799687  16394.9  1.46345  -0.160539  1
630  0  -1.25321  1.1791  15978.6  1.95981  0.520215  1
631  0  1.67386  -1.05163  16364.1  2.07256  0.345613  1
632  0  0.690946  0.086883  15303.5  0.919644  -0.0743396  1
633  0  0.73501  0.0794543  15434.5  0.834778  -0.100986  1
634  0  0.74008  -1.21637  16585.7  1.90718  0.329305  1
635  0  0.812248  -0.0292422  16633.7  1.68278  0.0612642  1
636  0  0.457282  0.193816  14854.5  2.62353  0.0568117  1
637  0  -1.68379  -0.632136  16416.5  1.94326  0.485005  1
638  0  0.151174  -0.320142  16974.7  1.67598  0.279534  1
639  0  -0.0284275  0.0027876  16070.8  1.02647  1.71205  1
640  0  0.456291  0.284821  15089  2.46018  0.129563  1
641  0  0.0919317  0.0852556  13072.8  2.56052  0.889899  1
642  0  -0.719353  -0.533687  16506  1.91093  0.636006  1
643  0  0.818001  0.146421  15718.7  2.1631  -0.222289  1
644  0  0.836132  0.297139  15780.5  2.13966  -0.0708508  1
645  0  0.973279  0.0292404  16004.6  0.398971  -0.0911683  1
646  0  0.534139  0.192378  15060.4  2.53936  -0.0192503  1
647  0  0.99432  0.418032  15985.9  2.03497  0.0222002  1
648  0  -0.209092  -0.160267  16684.4  1.69806  0.687987  1
649  0  -0.131519  0.761434  15759.6  2.11399  0.526521  1
650  0  0.173243  -0.49818  16842.9  1.76718  0.29222  1
651  0  0.433667  -0.109176  16889.3  1.75471  0.0943795  1
652  0  0.154049  -0.0486431  17259.1  1.46407  0.0197602  1
653  0  0.0304589  0.357108  15246.7  2.3159  0.618346  1
654  0  0.198403  -0.047931  17151.3  1.50763  0.0328647  1
655  0  0.242567  -0.0467348  17078.9  1.52457  0.0461947  1
656  0  0.930004  0.0389251  15963.4  0.457727  -0.0474545  1
657  0  1.34991  1.04312  16134.1  1.92659  0.200831  1
658  0  0.315305  0.112408  14159.4  1.77017  0.0984253  1
659  0  0.109792  -0.046738  17421.8  1.35995  0.00854763  1
660  0  0.133429  0.159734  14079.7  2.84432  0.728879  1
661  0  0.286566  -0.0446982  17019.2  1.52258  0.0525592  1
662  0  0.470736  0.107641  14700.4  1.28858  -0.0572952  1
663  0  0.515068  0.105506  14857.3  1.20718  -0.0434867  1
664  0  0.15683  0.291595  14883.3  2.50169  0.535005  1
665  0  -0.560574  0.215927  16112.4  1.95075  0.740472  1
666  0  0.603404  0.0944929  15102.3  0.874678  -0.0700991  1
667  0  0.374479  -0.0414484  16937.1  1.5381  0.0553734  1
668  0  0.0555728  0.148002  14271.4  2.62887  0.969899  1
669  0  0.506651  -0.0362396  16834.2  1.52049  0.0537511  1
670  0  0.616268  -0.0331703  16755.2  1.59499  0.0554763  1
671  0  -1.13977  -0.617761  16455.1  1.93867  0.544259  1
672  0  -0.317988  0.315093  15869.2  2.03284  0.739325  1
673  0  0.364371  -0.101865  16949  1.72015  0.0942784  1
674  0  0.32328  0.17755  14463.5  2.77709  0.237724  1
675  0  0.879777  -0.0269266  16549.2  1.67902  0.0566798  1
676  0  0.70406  -0.0316675  16670.1  1.6243  0.0551882  1
677  0  0.800023  0.0652919  15628.9  0.665429  -0.107934  1
678  0  -0.151299  0.482846  15666  2.14402  0.628069  1
679  0  1.17957  -1.68636  16459.6  2.05047  0.446544  1
680  0  0.887133  0.048587  15874.3  0.519874  -0.102523  1
681  0  0.843467  0.0568883  15756.4  0.554972  -0.0848794  1
682  0  0.667499  0.0843571  15222.8  0.702918  -0.0773623  1
683  0  0.833876  -0.0340434  16590.4  1.76341  0.0623538  1
684  0  -1.70324  0.138717  16231.5  1.94426  0.493324  1
685  0  0.695663  0.654566  15770.7  2.14331  0.17108  1
686  0  0.756464  0.0720672  15493.1  0.609371  -0.137598  1
687  0  0.924028  -0.0228969  16497.8  1.64059  0.0587423  1
688  0  0.971121  -0.106747  16522.5  1.96915  0.115071  1
689  0  0.133801  -0.0994813  17281.1  1.47985  0.12964  1
690  0  1.40912  -0.508049  16433.1  2.01945  0.231396  1
691  0  -0.845084  1.6627  15892.7  1.96117  0.560705  1
692  0  -0.930196  -0.253255  16373.9  1.90953  0.619851  1
693  0  0.950697  0.0301635  15978.6  0.298753  -0.0434785  1
694  0  -0.569987  -1.07745  16609.6  1.912  0.563783  1
695  0  -0.399483  -0.904189  16637.6  1.90103  0.516139  1
696  0  0.655991  -0.697919  16660.1  1.87162  0.253976  1
697  0  0.517945  -0.197874  16812.1  1.77758  0.139296  1
698  0  0.496576  -0.263002  16814.4  1.77737  0.166535  1
699  0  0.682852  0.140539  15332.5  2.26097  -0.178358  1
700  0  1.02856  -0.0187881  16476  1.53523  0.146871  1
701  0  1.02878  0.0263191  16379.5  0.800111  -0.119479  1
702  0  1.74077  0.597081  16253.6  1.83278  0.131163  1
703  0  1.7838  -0.14926  16308.2  2.06278  0.175982  1
704  0  -0.0719106  0.0817072  15409  2.00497  1.23553  1
705  0  0.519563  -0.096162  16825.5  1.82128  0.0958506  1
706  0  0.0106462  0.0945682  14119.3  2.56072  1.39204  1
707  0  -1.6612  1.66083  15936.1  1.94927  0.477662  1
708  0  0.0708945  0.225265  14700.1  2.51676  0.737492  1
709  0  -0.173357  -0.628636  16720.7  1.82685  0.466176  1
710  0  0.637801  0.140413  15212.9  2.268  -0.14035  1
711  0  1.01988  -0.109961  16489.1  1.97688  0.124244  1
712  0  0.0330425  -0.118687  17418.9  1.33211  0.355256  1
713  0  0.949451  -0.0660522  16506.7  2.03947  0.105795  1
714  0  1.66161  -1.66161  16334.2  2.10278  0.433081  1
715  0  0.761495  0.224187  15626.5  2.23664  -0.120406  1
716  0  0.813318  -0.0931295  16619.7  1.94599  0.0884981  1
717  0  0.883832  0.173406  15864.9  2.14374  -0.191367  1
718  0  0.480812  -0.076427  16837.3  1.83968  0.0865069  1
719  0  0.0344188  -0.0741114  17605.2  1.18898  0.291012  1
720  0  0.135905  0.741873  15660.3  2.16764  0.399587  1
721  0  0.277287  -0.224083  16984.9  1.66861  0.177939  1
722  0  -0.00433733  0.57691  15575.3  2.19598  0.510382  1
723  0  0.276281  0.358478  15067.7  2.45044  0.351574  1
724  0  0.0850173  -0.83931  16715.4  1.8204  0.337882  1
725  0  -0.727223  0.221157  16153.3  1.94822  0.709095  1
726  0  1.13178  0.470989  16079.7  1.98306  0.0466387  1
727  0  0.489581  -0.158875  16837.4  1.76101  0.121741  1
728  0  0.0975929  -0.26296  17048.7  1.61587  0.313423  1
729  0  -0.707424  1.12695  15932.8  1.99291  0.606987  1
730  0  0.617351  -0.216791  16743.4  1.81989  0.144487  1
731  0  0.782602  0.12918  15620.2  2.10351  -0.223258  1
732  0  0.412659  -0.378391  16826.3  1.77821  0.214447  1
733  0  1.12364  -0.313398  16510.8  1.95955  0.172043  1
734  0  0.182666  1.70924  15931.1  1.996  0.368512  1
735  0  0.63154  0.216475  15321.1  2.39119  -0.0638312  1
736  0  1.10088  -1.30837  16493  2.00061  0.379073  1
737  0  0.198656  1.24595  15865.7  2.04746  0.355429  1
738  0  -0.486061  -0.73195  16613  1.90048  0.577319  1
739  0  -0.89831  -0.461609  16451.7  1.91747  0.606558  1
740  0  0.300086  0.242968  14689  2.60809  0.312154  1
741  0  0.183353  0.102429  13511.7  2.30834  0.424189  1
742  0  -0.376735  0.11083  16140  1.90203  0.766726  1
743  0  -0.494432  -0.0563495  16333.7  1.85356  0.719917  1
744  0  0.359837  0.111595  14337.7  1.6532  0.0652066  1
745  0  0.17094  -0.10096  17200.6  1.53874  0.116128  1
746  0  0.438541  0.606687  15583.2  2.2258  0.259917  1
747  0  -1.02531  -0.867327  16516.3  1.93923  0.569777  1
748  0  1.32848  0.736961  16141.8  1.9304  0.137243  1
749  0  -0.40437  1.21392  15897  2.00944  0.566623  1
750  0  -0.798645  -0.893524  16554.8  1.93658  0.605118  1
751  0  0.380625  0.10956  14353.3  1.45779  0.0168354  1
752  0  0.623603  -0.101419  16752.8  1.85824  0.0971022  1
753  0  0.660113  -0.0310065  16734.8  1.58174  0.0508951  1
754  0  0.0490283  0.0664059  12813.6  2.55524  1.25515  1
755  0  0.169057  0.893338  15758.2  2.11907  0.369715  1
756  0  -0.206695  0.13189  15920.6  1.951  0.869307  1
757  0  0.265363  -0.0909451  17051.9  1.67329  0.0916514  1
758  0  0.0117453  -0.0304633  18002.3  0.506224  0.405757  1
759  0  -0.939149  -1.33751  16589.9  1.8781  0.569129  1
760  0  0.204279  0.102809  13576  2.04594  0.311231  1
761  0  0.103214  0.142709  13911.8  2.85565  0.86886  1
762  0  -0.0618087  -0.0177043  16725  1.29696  1.06931  1
763  0  0.109835  -0.412222  16902.5  1.7232  0.319372  1
764  0  0.817756  -0.308362  16633.1  1.88439  0.158429  1
765  0  -0.250467  -0.0128295  16353.8  1.78468  0.807783  1
766  0  1.41357  -0.247461  16412.4  2.01224  0.174399  1
767  0  0.660374  0.525503  15675.7  2.19485  0.133662  1
768  0  -0.0177845  0.120275  14760.1  2.31298  1.19131  1
769  0  1.21691  0.126114  16358.3  1.7863  -0.0429717  1
770  0  0.157613  0.100255  13395  2.42561  0.547076  1
771  0  0.187795  0.191135  14332.2  2.74303  0.530955  1
772  0  0.406213  0.139576  14557.5  2.52022  0.0473371  1
773  0  0.00686951  -1.69293  16675.6  1.86348  0.365119  1
774  0  0.496985  -0.455905  16766.2  1.81476  0.222656  1
775  0  0.647598  0.0897587  15202.4  0.86852  -0.0760377  1
776  0  0.388016  0.427072  15297.2  2.3636  0.257691  1
777  0  0.90357  0.507405  15892.6  2.08596  0.0678391  1
778  0  0.977294  0.0902899  16097.5  1.69177  -0.24279  1
779  0  0.551219  -0.0338743  16828.8  1.55925  0.0607748  1
780  0  -0.0180568  -0.0587918  17472.6  1.07096  0.687417  1
781  0  0.249718  0.107236  13853.7  1.96416  0.207361  1
782  0  0.769255  -0.0272571  16654.9  1.60406  0.0562678  1
783  0  -1.14774  -0.171834  16329.3  1.9272  0.561946  1
784  0  -0.127652  0.0368651  16124.9  1.78678  1.05714  1
785  0  0.000286576  -0.305014  16958.2  1.66238  0.416665  1
786  0  0.623737  0.0932038  15124.2  0.931505  -0.0677562  1
787  0  0.570671  -0.333172  16760.6  1.81379  0.184186  1
788  0  0.335285  0.113228  14212.5  1.79264  0.104227  1
789  0  0.0283278  -0.599644  16781.1  1.79245  0.364589  1
790  0  0.726717  -1.71519  16593.6  1.99042  0.420298  1
791  0  0.682577  0.325862  15546.6  2.26027  0.00504022  1
792  0  -0.194608  -0.0768238  16581  1.67236  0.78907  1
793  0  -0.0749584  -0.0659109  16957.6  1.397  0.825138  1
794  0  0.729089  -0.201744  16689.1  1.85394  0.131995  1
795  0  0.747983  -0.0272318  16656.2  1.56316  0.0543492  1
796  0  -0.0124512  -0.135373  17245  1.4126  0.504798  1
797  0  0.0658012  -0.209212  17132.5  1.54408  0.335926  1
798  0  0.846943  -0.169793  16611.5  1.89675  0.114922  1
799  0  1.098  -0.641101  16532  1.95202  0.236651  1
800  0  -0.143318  0.925234  15808.3  2.08151  0.50183  1
801  0  0.325595  -1.72095  16639.8  1.9246  0.378646  1
802  0  0.448436  0.139365  14683.5  2.44016  -0.00320864  1
803  0  0.466166  0.160624  14789.1  2.61992  0.00893359  1
804  0  0.0212707  -0.192097  17145.8  1.5162  0.415879  1
805  0  0.992388  -0.020185  16411.3  1.68356  0.107224  1
806  0  1.33815  1.72891  16164.2  1.91961  0.29874  1
807  0  -0.304321  -0.211345  16611  1.76978  0.663272  1
808  0  1.21028  0.345305  16170.7  1.92292  0.00745476  1
809  0  0.528207  -0.033687  16830.6  1.55059  0.0552535  1
810  0  -0.390724  -1.32837  16643.9  1.86951  0.485167  1
811  0  0.590241  -0.075807  16773.8  1.88541  0.0821132  1
812  0  1.7178  -0.673238  16354.7  2.07565  0.283608  1
813  0  -0.116816  -1.09052  16674  1.87607  0.363555  1
814  0  -0.197835  0.0555545  16122.8  1.84519  0.907283  1
815  0  0.392565  0.160373  14585.8  2.70605  0.102048  1
816  0  0.789841  -0.0232857  16653.9  1.52417  0.0521968  1
817  0  0.572151  -0.0321456  16824.3  1.52629  0.058547  1
818  0  0.837241  -0.513923  16618.5  1.89581  0.211972  1
819  0  -1.14318  0.0549159  16248.3  1.93127  0.574526  1
820  0  0.511222  0.306851  15239.5  2.40092  0.101071  1
821  0  0.358797  0.341248  15104.3  2.45193  0.266772  1
822  0  0.227764  -0.0926513  17103.5  1.63163  0.0948445  1
823  0  0.95696  1.41557  16050  1.97449  0.283766  1
824  0  0.969914  -0.0185778  16414.3  1.60189  0.0769934  1
825  0  0.754328  -0.113895  16662.8  1.89628  0.0962436  1
826  0  0.542079  0.133263  14967.6  2.21602  -0.0892499  1
827  0  0.526732  0.15617  14970.5  2.52079  -0.0542477  1
828  0  -0.624132  0.527124  15988.6  2.01665  0.69173  1
829  0  1.37583  0.345309  16237.8  1.87947  0.0388815  1
830  0  0.00596473  -0.410186  16870.9  1.72922  0.397069  1
831  0  0.473715  0.395682  15341.9  2.35608  0.175142  1
832  0  0.176892  0.393325  15173.4  2.38405  0.453273  1
833  0  0.0899575  0.308386  15031.2  2.42347  0.610337  1
834  0  -1.7149  -1.7149  16574.3  1.9418  0.462821  1
835  0  0.929365  0.063973  15946.9  1.13868  -0.178665  1
836  0  0.733553  -0.335776  16674.9  1.86091  0.172908  1
837  0  0.41062  -0.16169  16897  1.72417  0.125685  1
838  0  0.305742  0.462459  15319.3  2.33591  0.324649  1
839  0  -0.360656  0.681439  15851  2.07579  0.636538  1
840  0  0.0828254  -0.076833  17469.4  1.34715  0.13306  1
841  0  -0.0108247  0.0202627  13899.2  1.45028  2.25046  1
842  0  0.694758  0.112616  15340.8  1.82111  -0.18171  1
843  0  0.330452  -0.0405747  16997.7  1.49877  0.050646  1
844  0  1.18529  -0.842778  16501.8  1.96917  0.282555  1
845  0  0.846817  0.607101  15865.7  2.09802  0.12062  1
846  0  0.582223  0.127811  15057.6  2.10254  -0.113707  1
847  0  0.00399543  0.162217  14717.2  2.40939  1.01789  1
848  0  0.736114  0.106782  15433.1  1.74961  -0.197383  1
849  0  1.03434  -0.0696949  16538.9  2.01771  0.136243  1
850  0  0.270127  -0.358332  16903.1  1.72584  0.232017  1
851  0  0.708606  0.24903  15526.7  2.27728  -0.0778253  1
852  0  0.312549  -0.0731198  17003.5  1.74491  0.0794481  1
853  0  0.615488  0.376804  15491.6  2.29189  0.0758433  1
854  0  0.351003  -0.0740466  16965.4  1.76637  0.0759388  1
855  0  0.982757  0.0544281  16090.4  1.09374  -0.228059  1
856  0  0.5586  -0.114978  16799  1.80317  0.1022  1
857  0  0.932919  -0.137343  16549.2  1.93324  0.114669  1
858  0  0.226568  0.103692  13694.7  2.03798  0.274946  1
859  0  0.389727  0.237003  14845.5  2.57201  0.173938  1
860  0  0.0541359  0.1113  13804.3  2.80756  1.17388  1
861  0  0.926479  0.94771  15979.4  2.01717  0.212144  1
862  0  -0.163296  1.25169  15872.5  2.02897  0.477925  1
863  0  1.75715  -1.37553  16335.3  2.12828  0.392866  1
864  0  -0.825005  0.0446453  16250.3  1.91936  0.685749  1
865  0  0.749443  0.953736  15907.8  2.05459  0.235679  1
866  0  0.356398  0.206943  14681.7  2.66683  0.19924  1
867  0  -0.0358091  -0.0842992  17252.8  1.29769  0.675742  1
868  0  -0.0768766  -0.157492  17012.6  1.53916  0.598046  1
869  0  -1.09292  0.972617  16004  1.97361  0.553926  1
870  0  -0.0248769  0.197958  15041.2  2.33479  0.927585  1
871  0  -0.0128593  0.246426  15120.3  2.33123  0.81383  1
872  0  0.575202  0.182885  15143.6  2.51429  -0.0659426  1
873  0  -0.680771  -0.717154  16553.9  1.92518  0.617328  1
874  0  -0.307111  0.17036  15984.4  1.95601  0.788321  1
875  0  0.225118  -0.159324  17074  1.61807  0.155279  1
876  0  0.677886  0.210591  15418  2.34724  -0.0978072  1
877  0  0.749109  0.135168  15497  2.16973  -0.210446  1
878  0  0.27056  0.106624  13928.8  1.77765  0.144037  1
879  0  1.79503  0.992726  16240.6  1.84887  0.204294  1
880  0  1.47306  0.570621  16206.4  1.8872  0.104363  1
881  0  1.18444  0.624954  16085.5  1.97465  0.102698  1
882  0  0.558909  0.0981941  14965.5  0.953186  -0.0666225  1
883  0  0.256405  0.176859  14320.3  2.80579  0.366566  1
884  0  -1.42787  0.63336  16099.4  1.95511  0.52017  1
885  0  -0.995389  0.541158  16083.4  1.96773  0.606847  1
886  0  -0.817799  1.33837  15924.5  1.97309  0.582515  1
887  0  -0.873997  0.919359  15980.4  1.98928  0.600407  1
888  0  -0.056766  0.507244  15563.8  2.19512  0.56721  1
889  0  0.60085  0.254495  15314.9  2.36944  -0.00814105  1
890  0  0.55336  0.266263  15244.5  2.39822  0.0325666  1
891  0  -0.0995189  0.127093  15537  2.0552  1.04483  1
892  0  -1.15388  -1.06784  16536.8  1.91833  0.539652  1
893  0  0.459069  -0.102942  16866.1  1.77508  0.0953903  1
894  0  0.151598  0.139765  13878.3  2.97191  0.687537  1
895  0  0.646133  -0.0718138  16737.1  1.92178  0.0822292  1
896  0  0.210992  -0.252277  17010.8  1.65296  0.217216  1
897  0  0.257434  0.30856  14897  2.52014  0.386889  1
898  0  0.322272  0.214189  14637.2  2.65864  0.257824  1
899  0  -0.238226  0.689498  15790.3  2.10223  0.590395  1
900  0  -0.142341  0.394529  15579.4  2.16333  0.677619  1
901  0  0.676631  -0.0717603  16715.3  1.94036  0.0811696  1
902  0  0.487577  0.208679  14992.7  2.54659  0.0369271  1
903  0  -0.388324  -0.611473  16633  1.87317  0.569683  1
904  0  0.42616  0.107893  14534.1  1.29647  -0.0136837  1
905  0  -0.00487995  -0.015041  17302.7  0.215698  1.15902  1
906  0  0.338632  0.153469  14391.9  2.74849  0.176415  1
907  0  0.795721  1.64775  16043.4  1.96816  0.317889  1
908  0  -0.466147  0.304646  16003.7  1.99261  0.738224  1
909  0  0.383271  1.16292  15866.2  2.05943  0.321986  1
910  0  -0.787096  -1.59106  16641.3  1.85314  0.57224  1
911  0  0.301361  -0.0970536  17012.2  1.68846  0.0945264  1
912  0  0.495588  0.145441  14865.6  2.4533  -0.0372547  1
913  0  0.423247  -0.241253  16868.5  1.74264  0.161298  1
914  0  0.2101  0.267682  14767.6  2.56743  0.450223  1
915  0  -1.79159  1.38859  15977.9  1.94699  0.47552  1
916  0  0.36777  -0.57936  16767.4  1.81319  0.261493  1
917  0  0.326894  -0.12465  16977.9  1.67467  0.109269  1
918  0  0.289876  0.136112  14201  2.74147  0.250111  1
919  0  0.565176  -0.191888  16782.6  1.79488  0.135243  1
920  0  0.278097  -0.29028  16943.3  1.70059  0.207249  1
921  0  0.620082  -0.580926  16693.1  1.85418  0.235809  1
922  0  -0.167007  -0.758057  16699.5  1.84125  0.437217  1
923  0  0.869631  0.0982126  15829.6  1.68918  -0.222137  1
924  0  -1.6502  0.406081  16162.7  1.94745  0.498023  1
925  0  1.38065  -0.0629278  16425.6  1.914  0.128086  1
926  0  0.339927  0.652455  15583  2.21973  0.31014  1
927  0  -0.133392  0.2449  15539.1  2.13691  0.806198  1
928  0  -1.43939  -0.674452  16446  1.94199  0.498955  1
929  0  0.531159  -0.0729589  16823.7  1.86371  0.0887502  1
930  0  0.690126  -0.261326  16702.8  1.8457  0.154186  1
931  0  0.245382  -0.644723  16765.4  1.80959  0.283452  1
932  0  0.536935  0.718704  15713.8  2.16488  0.24244  1
933  0  0.536605  -0.752959  16685.3  1.85501  0.270925  1
934  0  0.808714  -0.247128  16639.1  1.88377  0.14116  1
935  0  -0.314173  0.463295  15813.9  2.079  0.681593  1
936  0  -0.476008  -0.24704  16489.8  1.83557  0.670184  1
937  0  0.909921  -0.0688764  16540.5  2.02472  0.095425  1
938  0  0.442796  -1.28393  16632.1  1.87416  0.319642  1
939  0  -0.0630921  -0.332612  16896.4  1.68963  0.462111  1
940  0  0.0710912  -1.17459  16668  1.87018  0.325529  1
941  0  1.81035  1.40871  16237.2  1.86789  0.26043  1
942  0  0.132279  -0.0756413  17315.1  1.48297  0.080551  1
943  0  0.951811  -0.196528  16558.5  1.92547  0.130205  1
944  0  -0.22037  -1.77309  16711.6  1.83952  0.42893  1
945  0  0.729801  -0.0567079  16683.1  1.96093  0.0795564  1
946  0  0.174598  -0.0779997  17198.7  1.57307  0.075086  1
947  0  -0.598718  -0.0322541  16302.1  1.88005  0.716774  1
948  0  0.885119  0.245894  15874.1  2.10516  -0.120136  1
949  0  0.83749  0.104097  15740.5  1.77123  -0.228925  1
950  0  -0.279876  -0.551857  16675.3  1.84753  0.534335  1
951  0  -1.44637  1.09752  16009.3  1.95444  0.501537  1
952  0  0.712069  0.0770762  15347.8  0.56104  -0.0746951  1
953  0  0.596825  0.150008  15132.3  2.39982  -0.108183  1
954  0  0.418526  -0.0357975  16914.8  1.47369  0.0476464  1
955  0  0.551219  1.31772  15939.8  2.02484  0.30758  1
