348  466  903
423  729  880
359  530  822
283  582  658
359  446  822
348  462  903
398  433  520
326  758  849
134  135  605
330  433  772
348  462  849
269  530  632
434  535  885
366  431  524
436  632  862
286  460  842
293  509  773
272  665  1033
345  405  488
398  433  780
352  598  879
343  445  840
331  530  737
428  601  603
330  433  520
393  415  760
336  382  487
331  457  670
136  137  510
333  517  519
468  486  945
414  514  834
275  595  780
324  355  419
343  445  881
350  489  904
291  678  870
115  116  619
424  580  658
341  538  777
373  656  682
341  538  734
14  481  889
304  501  626
297  714  807
286  460  810
298  480  533
414  834  918
33  527  765
484  548  619
378  509  773
517  831  947
316  562  715
358  544  781
473  758  849
468  482  863
468  482  956
454  729  880
372  548  614
401  444  931
358  544  675
134  605  895
357  512  758
348  849  882
617  941  957
401  444  560
381  544  781
361  566  1029
318  506  865
458  605  609
335  421  485
320  399  817
300  455  684
434  535  606
392  694  731
382  487  593
381  543  743
361  710  727
364  546  796
384  546  796
311  494  614
306  562  740
304  501  666
361  567  1029
295  518  573
493  929  1027
371  543  743
0  692  987
305  454  729
44  659  663
350  435  904
400  557  802
302  448  813
555  598  879
336  423  487
343  508  881
33  34  527
115  619  981
357  767  843
320  571  642
364  546  680
376  537  610
311  548  614
33  508  765
32  33  508
533  575  770
454  714  807
34  527  589
83  84  541
269  530  822
14  625  878
492  582  658
337  570  669
24  513  1021
291  450  618
308  710  727
18  576  984
557  837  868
298  501  626
431  524  812
369  415  559
333  517  655
439  596  902
430  527  965
394  598  810
281  499  656
420  716  1024
541  674  995
281  499  599
357  512  664
288  553  768
359  531  927
595  780  911
344  535  885
375  510  857
300  455  596
435  723  841
375  605  857
529  929  1027
334  441  522
392  641  694
331  563  737
401  560  899
372  548  619
401  762  931
324  355  883
353  452  553
281  656  682
353  534  698
313  561  588
372  587  828
368  547  679
123  124  544
342  458  511
366  524  682
121  122  543
43  44  659
349  493  542
269  632  862
302  448  824
345  405  628
294  503  831
0  138  566
318  506  745
302  512  813
375  605  609
30  442  989
112  113  546
110  111  547
274  468  486
323  660  927
432  622  874
331  457  1002
368  547  836
269  534  698
309  407  676
295  572  811
331  489  563
422  513  615
296  539  943
95  96  549
298  480  623
408  693  850
358  478  675
406  464  703
293  509  718
391  568  700
282  556  797
357  758  933
355  516  526
279  425  579
10  748  753
282  556  956
101  102  551
323  625  660
354  509  591
422  513  861
30  442  709
331  530  632
327  614  892
273  420  639
273  420  705
355  644  750
320  399  826
408  528  898
352  499  599
268  507  552
294  517  831
384  547  836
572  642  811
288  553  688
274  468  863
490  641  694
331  632  670
355  516  910
502  531  1031
429  511  791
343  527  917
358  478  537
292  498  540
272  550  1033
427  941  957
393  416  790
455  684  958
309  440  676
299  455  958
71  72  564
514  678  870
376  496  627
39  565  1012
364  484  680
26  27  536
15  625  660
502  660  927
496  627  830
362  476  674
374  492  658
309  407  677
91  92  593
366  431  668
465  562  740
344  649  881
310  723  841
389  553  688
430  527  917
486  542  966
393  415  583
38  39  565
288  447  925
301  537  610
486  542  858
447  629  925
311  548  574
340  453  528
322  606  622
350  489  563
271  515  903
366  648  682
34  35  589
374  580  658
13  14  889
536  767  843
294  517  519
378  509  953
17  18  984
302  512  664
322  622  874
294  503  720
321  573  947
371  584  687
311  494  686
417  717  843
307  554  569
406  464  663
317  712  755
268  672  960
368  490  694
411  545  979
429  496  779
410  1010  1018
310  556  797
465  562  715
305  601  985
313  561  766
308  727  784
364  574  796
355  419  644
92  593  893
394  810  874
312  393  760
427  839  941
423  487  749
296  539  897
284  631  739
387  498  540
368  490  679
289  456  604
428  601  985
402  582  608
301  539  610
364  484  548
370  525  602
438  703  753
22  975  1021
535  606  824
319  515  839
332  426  575
10  11  753
391  581  700
343  508  765
349  493  929
273  639  1027
318  694  731
400  469  1004
290  561  766
373  524  811
53  54  583
363  492  582
136  510  857
404  665  700
367  565  915
328  557  802
354  591  592
367  589  923
333  519  731
276  459  1008
296  483  935
23  24  1021
277  622  774
377  701  730
408  528  850
367  590  923
28  717  992
432  460  810
383  795  894
657  1010  1018
494  614  892
437  837  868
361  567  676
291  450  715
303  538  777
319  839  941
329  581  594
503  668  949
289  670  808
336  382  788
527  589  965
280  617  668
347  575  993
367  590  915
364  548  574
431  503  831
359  531  672
345  488  639
383  529  597
404  474  702
465  715  866
362  674  995
436  632  670
340  528  898
538  734  764
1  10  748
1  45  748
370  550  1026
332  426  823
287  439  724
429  511  860
405  488  732
389  553  595
533  575  993
536  717  843
324  416  419
51  52  613
305  454  815
345  628  858
414  514  870
493  542  858
348  466  974
315  523  781
288  447  869
487  593  893
526  692  987
518  831  947
14  15  625
370  550  1022
277  622  919
430  521  965
444  617  941
393  416  613
571  642  798
314  557  837
413  552  954
137  510  736
508  649  881
400  557  662
299  455  633
330  552  640
385  482  556
483  609  784
477  591  924
342  511  791
366  617  668
119  120  584
360  601  603
370  525  1026
117  118  587
271  515  999
353  534  772
20  475  913
79  80  630
422  473  758
522  630  835
639  973  1027
518  573  947
342  458  609
290  561  600
404  474  665
322  606  793
274  486  966
406  703  753
365  502  1031
371  584  847
452  553  768
330  552  789
373  524  682
439  596  739
432  622  919
371  543  687
27  536  961
365  502  635
667  869  897
392  641  697
386  742  872
356  588  910
372  587  854
370  521  1022
375  727  784
89  90  585
363  582  608
458  511  846
343  527  765
127  128  627
407  677  778
298  533  770
336  423  729
270  560  899
292  498  825
320  572  642
276  459  702
336  729  985
15  16  660
332  626  683
314  837  861
20  475  761
330  772  946
318  519  731
466  515  903
377  522  630
272  568  700
391  581  594
483  609  935
329  657  799
28  29  992
372  619  828
425  600  884
506  712  755
301  523  887
502  531  927
402  514  678
420  488  1024
301  537  978
353  452  698
411  545  705
22  23  1021
367  521  965
474  979  1033
416  419  653
295  518  812
358  781  978
357  664  843
298  501  877
335  421  726
431  503  668
389  477  939
441  522  782
429  776  860
531  672  960
338  610  943
292  494  827
336  651  985
482  556  956
369  415  760
554  569  724
461  743  1014
469  757  974
289  670  721
420  488  639
289  456  794
315  743  1014
353  553  595
49  50  653
24  513  615
14  481  878
355  526  750
392  621  697
403  718  969
32  508  649
359  446  672
412  647  839
99  100  611
396  785  873
507  742  872
523  781  978
313  355  883
374  492  819
362  476  701
284  631  918
97  98  607
269  534  822
443  720  948
268  507  742
0  692  1029
87  88  616
93  749  893
399  607  685
281  647  648
291  715  866
329  594  799
385  556  744
281  599  647
321  655  947
47  48  644
545  795  894
283  582  707
103  104  620
105  106  621
478  537  864
299  669  958
365  576  996
418  480  740
85  86  624
407  567  692
272  550  1022
335  571  726
383  525  795
279  425  771
280  668  949
300  596  902
394  555  598
362  704  1011
393  583  738
453  528  809
406  748  753
304  651  666
295  811  812
437  975  1021
434  606  622
382  683  788
429  496  994
124  544  675
123  544  673
122  543  673
318  519  745
313  588  910
83  541  674
298  626  770
484  619  981
494  686  827
272  665  700
308  604  710
474  665  1033
403  634  969
84  541  690
121  543  687
458  605  895
308  604  888
483  784  888
310  588  797
415  725  896
418  465  740
398  520  900
451  847  854
337  570  728
112  546  681
110  547  679
113  546  680
111  547  681
443  506  745
273  545  705
391  594  708
400  636  1004
313  355  910
275  591  592
513  837  861
506  755  865
58  59  643
473  849  882
448  606  793
326  758  813
287  578  579
26  536  767
75  76  638
73  74  637
430  521  844
412  599  647
299  570  669
574  796  1028
486  628  858
339  545  979
393  613  738
396  611  691
449  845  867
95  549  759
342  609  935
428  603  959
422  758  933
400  469  747
469  560  930
270  752  1004
389  540  688
296  586  935
323  625  905
336  651  788
402  608  890
334  570  728
301  523  978
372  614  854
321  573  785
96  549  685
101  551  691
312  612  790
102  551  696
532  742  1025
66  67  645
293  504  712
285  501  666
338  586  791
425  771  884
285  580  916
62  63  652
301  629  887
403  503  720
107  108  641
281  648  682
60  61  650
64  65  646
294  519  986
308  784  888
324  416  790
321  785  873
389  540  939
342  791  935
352  599  879
91  593  952
324  612  790
135  605  857
383  529  894
405  628  786
93  749  1013
332  626  770
507  552  954
329  581  763
296  483  936
468  771  945
325  684  958
138  566  736
334  522  982
311  574  976
312  577  867
396  551  873
429  776  779
469  560  1004
520  752  789
301  539  937
472  631  739
344  649  906
601  803  842
320  571  726
451  584  847
451  587  854
304  651  788
381  743  781
463  803  848
517  655  947
386  742  1025
397  655  873
509  591  953
376  537  864
404  581  700
299  618  633
268  640  672
487  749  893
477  591  953
397  551  873
447  539  897
387  498  783
411  705  706
434  622  774
402  582  707
292  494  825
286  803  842
268  552  640
334  441  728
615  767  933
380  624  690
367  589  965
424  580  916
378  827  953
388  646  711
627  689  864
303  554  724
314  557  662
346  467  806
379  667  869
477  827  953
367  565  909
539  610  943
334  570  856
369  479  559
420  705  706
278  608  716
390  733  950
387  540  688
444  560  942
350  435  723
493  858  973
304  626  683
382  471  593
497  834  918
415  559  896
389  595  924
504  574  976
475  576  996
24  25  615
116  619  828
71  564  693
388  652  711
421  485  759
316  701  730
296  586  943
320  572  826
286  803  848
327  892  1006
287  439  756
312  393  790
386  558  872
333  470  821
72  564  699
291  618  870
333  470  805
122  123  673
275  591  924
461  743  1006
82  83  674
466  515  970
124  125  675
41  42  597
346  467  801
404  581  763
290  600  845
464  659  663
365  576  984
29  30  709
363  654  706
335  571  807
405  497  631
356  588  841
426  575  741
39  40  602
413  552  789
277  594  708
383  525  769
417  709  713
109  110  679
113  114  680
111  112  681
398  592  719
418  480  833
432  460  919
315  523  783
403  720  948
376  610  886
340  453  734
376  496  886
331  489  1002
418  678  707
310  556  744
270  560  1004
30  31  989
480  623  833
369  760  980
25  615  767
397  620  696
319  515  970
524  811  812
469  747  974
536  717  961
502  635  660
391  568  972
519  745  986
686  773  976
21  22  829
390  650  722
356  677  778
449  569  578
120  584  687
429  791  994
299  618  901
449  577  867
293  504  773
392  621  821
279  472  579
19  20  913
412  839  999
120  121  687
375  510  727
31  32  649
399  607  801
534  772  946
276  702  926
70  71  693
88  89  746
450  618  901
354  592  719
307  569  920
461  825  1014
126  127  689
302  664  713
127  627  689
498  825  1014
327  614  854
422  473  861
497  631  918
529  597  929
328  868  872
351  733  950
100  101  691
485  759  1013
398  592  780
399  549  685
473  861  882
367  521  909
96  97  685
89  585  746
290  845  867
389  477  924
279  628  786
119  584  832
408  564  951
360  657  1010
446  640  672
272  568  844
512  758  813
390  661  733
340  684  764
300  538  764
102  103  696
397  655  805
287  579  756
278  608  890
338  791  994
80  81  695
118  587  832
94  95  759
396  551  691
418  465  866
449  577  920
368  694  865
296  667  936
117  587  828
314  861  882
390  643  722
90  585  952
464  703  966
84  85  690
411  654  706
106  107  697
413  752  789
412  852  879
316  562  1011
457  670  808
40  769  971
479  559  875
333  731  821
586  791  935
363  492  820
271  671  988
418  707  833
384  796  836
333  655  805
128  627  830
392  731  821
80  630  695
366  617  957
349  542  1023
409  564  951
396  611  806
403  634  949
623  833  1017
421  726  817
426  585  823
329  657  1018
370  521  909
40  41  971
348  662  747
100  611  691
402  514  890
417  664  713
72  73  699
137  138  736
459  928  1018
94  759  1013
443  506  876
301  629  937
436  670  721
525  602  769
411  926  979
441  782  800
425  578  579
456  604  888
79  630  835
22  829  975
335  485  853
16  17  635
54  583  725
97  607  685
376  627  864
103  620  696
330  520  789
275  595  924
88  616  746
278  732  834
346  785  1000
106  621  697
422  615  933
442  709  713
287  569  578
459  702  763
408  898  951
395  859  912
54  55  725
360  657  1034
327  847  854
369  479  661
346  826  1000
337  669  851
636  752  1004
63  64  711
477  827  939
458  846  895
562  704  1011
460  842  1034
363  654  820
42  43  814
282  561  600
420  716  1019
37  590  915
53  583  738
351  733  1015
303  554  1015
297  656  798
20  21  761
354  509  969
99  611  914
405  497  732
306  562  704
98  607  914
386  558  829
307  554  733
305  601  803
344  535  906
427  647  648
52  53  738
431  518  831
59  60  722
431  518  812
439  724  891
403  503  949
42  597  814
338  610  886
273  545  894
379  721  735
280  634  762
447  869  897
36  590  923
130  131  776
497  732  834
284  596  739
320  726  817
107  641  697
388  777  908
405  631  786
561  588  797
339  545  795
85  624  690
104  620  922
271  852  988
426  616  746
105  621  922
361  676  710
378  686  773
312  612  867
516  692  778
453  809  838
357  767  933
332  575  770
463  848  967
425  600  845
338  586  943
400  662  747
276  654  820
373  656  798
87  616  940
459  928  1008
352  598  848
25  26  767
456  667  936
77  78  782
76  77  800
349  659  814
437  558  868
400  636  802
385  744  889
459  763  1018
410  603  907
52  613  738
277  708  774
456  667  794
129  130  779
347  575  741
397  620  805
410  928  1018
277  594  799
409  637  699
395  787  793
324  612  883
426  585  746
420  706  1019
330  640  946
408  564  693
86  624  940
406  663  977
649  906  989
386  761  829
275  592  780
381  544  673
398  719  899
413  636  752
381  543  673
340  684  898
448  813  855
384  546  681
384  547  681
50  51  754
40  602  769
271  671  859
516  526  692
597  814  929
352  499  967
328  557  868
407  692  778
397  551  696
475  576  913
73  637  699
303  777  991
0  566  1029
382  683  962
307  920  980
630  695  968
380  624  818
325  669  851
274  703  966
304  683  788
321  655  873
317  796  1028
452  698  862
285  580  907
507  872  954
39  602  1012
375  609  784
298  623  877
447  539  937
68  69  809
411  654  926
349  659  1023
76  638  800
51  613  754
108  641  997
356  677  841
303  538  891
379  735  768
424  658  1017
380  541  690
432  810  874
341  777  908
37  38  915
12  13  1030
394  671  787
359  530  737
474  702  926
48  49  751
296  667  897
373  642  798
346  801  826
406  748  977
413  636  802
315  743  781
43  659  814
426  616  741
67  68  838
485  749  1013
283  658  1017
283  707  833
383  597  971
118  119  832
455  596  932
462  859  912
75  638  944
370  602  1012
74  637  944
46  47  750
35  36  923
476  701  968
433  780  911
480  533  1032
67  645  838
292  827  939
78  79  835
448  606  824
286  598  810
128  129  830
63  652  711
64  646  711
385  482  1007
377  522  982
388  646  908
285  501  916
59  643  722
279  472  786
371  743  1006
461  892  1006
414  618  633
327  847  1006
358  537  978
401  719  899
69  70  850
325  684  898
66  645  964
340  734  764
382  471  962
460  657  799
348  662  882
570  856  901
558  868  872
295  572  1000
132  133  846
345  858  973
38  565  915
471  593  952
3  27  961
3  28  961
11  12  983
287  569  724
347  491  741
60  650  722
37  590  998
36  590  998
116  117  828
345  639  973
328  872  954
577  920  980
325  898  951
125  675  963
65  646  964
279  628  945
332  683  962
464  659  1023
380  704  792
300  538  902
388  652  934
347  491  818
58  643  921
306  993  1032
292  540  939
131  132  860
62  652  955
555  852  879
352  848  967
380  704  995
61  650  955
289  721  794
274  703  863
29  709  992
402  678  707
395  671  787
307  661  733
109  679  997
114  680  981
504  574  1028
409  851  951
418  678  866
427  648  957
379  721  794
350  878  905
446  640  946
379  667  794
135  136  857
317  796  836
535  824  1036
474  926  979
337  495  816
542  966  1023
50  653  754
440  604  710
295  573  1000
573  785  1000
337  495  871
56  57  875
280  634  949
395  671  859
293  718  948
92  93  893
280  617  931
421  549  759
302  824  1036
291  678  866
82  674  938
35  589  923
18  576  990
430  568  844
452  735  862
126  689  963
329  763  1018
44  45  977
399  549  817
535  906  1036
306  792  993
312  577  760
283  833  1017
49  653  751
130  776  779
390  650  950
442  906  1036
580  907  928
133  134  895
310  723  744
368  755  836
322  787  793
346  785  806
394  671  988
323  563  737
471  585  823
326  813  855
297  571  798
366  648  957
472  579  756
70  693  850
16  635  660
404  702  763
55  56  896
339  979  1033
436  721  735
303  991  1015
309  440  1001
311  686  976
48  644  751
401  762  1035
437  558  975
446  534  822
373  642  811
377  630  968
98  99  914
276  654  926
439  739  756
289  604  808
21  761  829
306  704  792
428  651  666
2  18  990
2  19  990
57  58  921
425  578  845
268  742  960
81  695  938
430  568  917
438  703  863
478  689  864
297  656  1016
577  760  980
104  105  922
387  783  887
129  779  830
479  661  1020
447  629  937
286  598  848
317  712  1028
451  584  832
4  36  998
4  37  998
131  776  860
77  782  800
412  599  879
362  704  995
472  631  786
396  785  806
282  600  884
451  587  832
303  724  891
401  719  1035
47  644  750
460  657  1034
441  638  800
491  616  741
341  505  804
390  643  1020
427  647  839
409  637  871
482  863  1007
81  82  938
368  755  865
409  564  699
288  768  869
407  567  676
377  701  968
454  714  815
478  689  963
86  87  940
78  782  835
334  730  856
504  773  976
391  708  840
460  799  919
332  823  962
309  677  904
341  505  908
572  826  1000
479  875  921
387  629  887
74  75  944
305  803  815
351  500  934
90  91  952
356  516  778
478  675  963
467  607  801
61  62  955
125  126  963
363  706  1019
316  715  1003
351  500  950
325  851  951
68  809  838
394  787  874
533  993  1032
493  973  1027
325  669  958
93  94  1013
65  66  964
445  708  774
467  611  914
467  607  914
394  555  988
114  115  981
349  814  929
438  753  983
467  611  806
471  585  952
365  635  984
132  846  860
421  549  817
69  809  850
441  728  816
314  662  882
108  109  997
297  571  807
387  688  925
554  733  1015
294  720  986
297  714  1016
484  680  981
449  569  920
470  620  922
470  621  922
510  727  1005
470  620  805
567  692  1029
0  46  987
362  701  1011
445  881  885
410  603  1010
323  737  927
423  853  880
354  634  969
490  679  997
133  846  895
470  621  821
270  752  900
276  819  1008
453  645  838
438  775  983
377  730  982
424  623  877
387  629  925
293  712  876
379  768  869
436  735  862
395  793  855
464  966  1023
55  725  896
12  775  1030
441  638  816
285  907  959
510  736  1005
390  661  1020
514  834  890
443  720  986
446  534  946
317  755  836
403  718  948
353  595  911
515  839  999
476  695  938
276  819  820
490  641  997
293  876  948
300  684  764
290  612  766
438  863  1007
399  801  826
449  578  845
532  996  1025
448  793  855
453  734  804
315  783  1014
492  819  820
452  735  768
354  719  1035
417  664  843
506  712  876
453  645  804
370  909  1012
17  635  984
284  596  932
41  597  971
277  799  919
290  612  867
410  907  928
625  878  905
501  877  916
386  761  1025
476  674  938
302  713  1036
409  851  871
282  561  797
483  888  936
434  774  885
350  563  905
491  624  818
558  829  975
343  840  972
319  757  930
491  616  940
269  698  862
299  570  901
417  717  992
378  686  827
360  601  842
13  889  1030
444  617  931
44  663  977
455  633  932
485  749  853
442  713  1036
491  624  940
319  757  970
374  580  928
461  825  892
520  752  900
523  783  887
424  877  916
306  740  1032
576  913  990
56  875  896
278  716  1024
57  875  921
468  884  956
353  772  911
339  795  1026
513  837  1021
385  775  1007
350  723  878
476  695  968
380  792  818
337  728  816
442  906  989
417  709  992
450  856  901
337  851  871
31  649  989
445  774  885
318  694  865
495  638  816
414  618  870
445  708  840
380  541  995
504  712  1028
272  844  1022
344  881  885
608  716  1019
505  645  804
354  634  1035
440  604  808
463  803  815
385  775  1030
495  638  944
279  771  945
495  637  944
415  583  725
538  891  902
356  516  910
462  849  912
428  651  985
438  775  1007
374  928  1008
28  717  961
307  661  980
280  762  931
347  792  818
388  777  991
714  967  1016
612  766  883
495  637  871
363  608  1019
565  909  1012
334  730  982
273  894  1027
361  566  1005
271  859  903
288  688  925
496  779  830
335  807  880
505  645  964
270  899  900
471  823  962
450  715  1003
475  761  1025
509  718  969
359  737  927
505  646  964
634  762  1035
440  676  710
278  732  1024
398  899  900
45  748  977
278  834  890
383  769  971
348  747  974
326  849  912
475  996  1025
395  855  912
494  825  892
341  734  804
500  652  955
511  846  860
323  563  905
322  787  874
500  650  955
343  917  972
413  802  954
466  757  974
374  819  1008
532  742  960
481  723  744
282  884  956
486  628  945
46  750  987
443  876  948
505  646  908
424  623  1017
468  771  884
499  967  1016
479  643  921
414  633  1009
316  701  1011
326  855  912
466  757  970
284  932  1009
472  739  756
443  745  986
469  757  930
369  661  980
496  886  994
730  856  1003
412  852  999
498  783  1014
603  907  959
456  888  936
433  772  911
499  656  1016
371  847  1006
500  652  934
11  753  983
310  588  841
316  730  1003
347  792  993
416  613  754
522  782  835
416  653  754
335  853  880
271  852  999
481  744  889
500  650  950
339  1026  1033
525  795  1026
360  603  1010
285  666  959
528  809  850
361  727  1005
428  666  959
568  917  972
12  775  983
437  837  1021
566  736  1005
480  740  1032
351  934  991
391  840  972
555  852  988
309  904  1002
463  714  815
462  859  903
435  677  841
532  996  1031
481  723  878
313  766  883
521  844  1022
444  941  942
284  918  1009
450  856  1003
479  643  1020
351  991  1015
360  842  1034
550  1026  1033
423  749  853
414  918  1009
385  889  1030
440  808  1001
19  913  990
532  960  1031
457  808  1001
328  802  954
463  714  967
531  960  1031
529  894  1027
319  930  942
419  653  751
488  732  1024
435  677  904
338  886  994
419  644  751
560  930  942
439  891  902
559  875  896
388  934  991
365  996  1031
305  729  985
526  750  987
633  932  1009
319  941  942
454  807  880
309  1001  1002
457  1001  1002
489  904  1002
