0  2  1  0.0026  12824.7  0  0  1
1  1  2  2  12618.1  2.07783  -0.227472  1
2  1  2  -2  12604.8  1.99341  -0.160886  1
3  3  -2  -2  12852.2  1.9738  -0.315362  1
4  3  -2  2  13476.4  1.97735  -0.300139  1
10  1  2  1.6  12592  2.0345  -0.170646  1
11  1  2  1.2  12592  1.89239  -0.200793  1
12  1  2  0.8  12592  1.91543  -0.213869  1
13  1  2  0.4  12592  1.94533  -0.191452  1
14  1  2  5.50449e-12  12592  1.96353  -0.145129  1
15  1  2  -0.4  12592  1.93839  -0.125473  1
16  1  2  -0.8  12592  1.9279  -0.152063  1
17  1  2  -1.2  12592  1.96743  -0.173678  1
18  1  2  -1.6  12592  1.98867  -0.168253  1
19  0  1.6  -2  12628.6  1.98974  -0.168121  1
20  0  1.2  -2  12657.6  1.98683  -0.189639  1
21  0  0.8  -2  12666.7  1.99424  -0.210604  1
22  0  0.4  -2  12689.4  2.00321  -0.185841  1
23  0  5.50449e-12  -2  12736.3  2.00344  -0.173304  1
24  0  -0.4  -2  12777.7  2.00483  -0.233615  1
25  0  -0.8  -2  12824.5  2.00107  -0.292219  1
26  0  -1.2  -2  12870  1.97788  -0.311322  1
27  0  -1.6  -2  12872.2  1.96548  -0.321185  1
28  3  -2  -1.6  12886.9  1.97735  -0.300139  1
29  3  -2  -1.2  12945.7  1.97735  -0.300139  1
30  3  -2  -0.8  13000.3  1.97735  -0.300139  1
31  3  -2  -0.4  13059.9  1.97735  -0.300139  1
32  3  -2  -5.50449e-12  13131.8  1.97735  -0.300139  1
33  3  -2  0.4  13207.3  1.97735  -0.300139  1
34  3  -2  0.8  13291.9  1.97735  -0.300139  1
35  3  -2  1.2  13387.8  1.97735  -0.300139  1
36  3  -2  1.6  13441.6  1.97735  -0.300139  1
37  0  -1.6  2  13562.9  1.97735  -0.300139  1
38  0  -1.2  2  13767.2  1.97735  -0.300139  1
39  0  -0.8  2  13695.3  1.90166  -0.0792644  1
40  0  -0.4  2  13622.2  1.90166  -0.0792644  1
41  0  -5.50449e-12  2  13551.7  1.97735  -0.300139  1
42  0  0.4  2  13235.6  1.97735  -0.300139  1
43  0  0.8  2  13037.6  1.97735  -0.300139  1
44  0  1.2  2  12900.7  1.97735  -0.300139  1
45  0  1.6  2  12752.1  1.97735  -0.300139  1
46  2  0.978527  0.00710481  12900.5  0  0  1
47  2  0.956991  0.0113095  12866.2  0  0  1
48  2  0.935501  0.0157389  12818.7  -6.84896e-17  1.07679e-17  1
49  2  0.91401  0.0201615  12788.6  0  0  1
50  2  0.892426  0.0241104  12745.5  0  0  1
51  2  0.870814  0.0279031  12729  -1.43624e-16  2.19617e-17  1
52  2  0.849186  0.0316072  12696.6  0  0  1
53  2  0.827541  0.0352053  12665.4  1.75679e-16  -2.50397e-17  1
54  2  0.805872  0.0386589  12661.3  0  0  1
55  2  0.784172  0.0419093  12656.6  0  0  1
56  2  0.762445  0.0449763  12633.6  0  0  1
57  2  0.740699  0.0479022  12612.1  -3.95995e-16  4.65668e-17  1
58  2  0.718939  0.0507287  12638  -1.54882e-16  1.64991e-17  1
59  2  0.697172  0.0534969  12626.4  0  0  1
60  2  0.675394  0.0561752  12617.7  0  0  1
61  2  0.653605  0.0587641  12618  0  0  1
62  2  0.631809  0.06129  12615.7  0  0  1
63  2  0.610007  0.0637672  12595.3  0  0  1
64  2  0.588198  0.0661881  12574.7  2.07879e-16  -1.79131e-17  1
65  2  0.566368  0.0684037  12566.2  0  0  1
66  2  0.544517  0.0704057  12560.8  -1.5506e-16  1.06299e-17  1
67  2  0.522654  0.0722606  12572.7  0  0  1
68  2  0.500781  0.0740081  12561.2  0  0  1
69  2  0.47891  0.0757701  12559.3  0  0  1
70  2  0.457028  0.0773916  12528.3  0  0  1
71  2  0.435119  0.0786091  12540.3  4.20867e-16  -1.54745e-17  1
72  2  0.413195  0.0794906  12540.3  0  0  1
73  2  0.391263  0.0801651  12529.2  1.45618e-16  -3.29647e-18  1
74  2  0.369325  0.0806172  12580.8  0  0  1
75  2  0.347385  0.0809344  12566.9  0  0  1
76  2  0.325444  0.0811623  12613.1  0  0  1
77  2  0.303502  0.0812589  12645.7  0  0  1
78  2  0.28156  0.0812618  12593.3  -1.30435e-16  -5.00646e-18  1
79  2  0.259618  0.0810886  12599.4  0  0  1
80  2  0.237685  0.0804657  12608.7  5.80562e-16  3.45145e-17  1
81  2  0.215768  0.0794364  12635.5  0  0  1
82  2  0.193881  0.0778788  12647.7  -4.49821e-16  -4.40277e-17  1
83  2  0.172036  0.0758221  12715.7  0  0  1
84  2  0.150262  0.0731175  12801  0  0  1
85  2  0.128607  0.0695863  12867.9  0  0  1
86  2  0.107052  0.0654828  13002.4  0  0  1
87  2  0.0856743  0.060565  13124.9  0  0  1
88  2  0.0647593  0.053934  13394.7  1.68222e-16  4.64822e-17  1
89  2  0.0443498  0.0459025  13756.8  0  0  1
90  2  0.0246649  0.0362144  14360.4  2.05846e-16  1.0538e-17  1
91  2  0.00727237  0.0231009  14597.4  0  0  1
92  2  0.00599804  0.00636079  10993.1  2.87536e-16  -1.0079e-16  1
93  2  0.0269467  0.00141029  9225.85  0  0  1
94  2  0.0488466  6.89086e-05  11238.3  -2.01304e-16  3.89404e-17  1
95  2  0.0707865  -4.52817e-05  11662.7  0  0  1
96  2  0.092726  0.00027395  11838.6  1.84689e-16  -2.00485e-17  1
97  2  0.11465  0.00117298  12031.8  -9.86076e-32  6.16298e-33  1
98  2  0.136566  0.00225043  12069.6  0  0  1
99  2  0.158478  0.00339293  12068.3  -1.14526e-16  6.1054e-18  1
100  2  0.180385  0.00463259  12083.6  0  0  1
101  2  0.202295  0.00582819  12088.5  0  0  1
102  2  0.224211  0.00690318  12078.4  0  0  1
103  2  0.246129  0.00793606  12082.8  2.03833e-16  -1.39128e-17  1
104  2  0.268047  0.00896469  12101.6  0  0  1
105  2  0.289965  0.00999051  12121  0  0  1
106  2  0.311881  0.0110749  12146.5  0  0  1
107  2  0.333794  0.0122083  12195.9  -1.1956e-16  -2.89855e-17  1
108  2  0.355702  0.0134344  12253.6  0  0  1
109  2  0.3776  0.0148223  12356.2  0  0  1
110  2  0.399503  0.0161432  12463.6  0  0  1
111  2  0.421418  0.0172385  12511.2  -1.78096e-16  -3.85113e-17  1
112  2  0.443339  0.0181975  12549.6  0  0  1
113  2  0.465264  0.0190616  12587.2  0  0  1
114  2  0.487194  0.0198198  12620.4  0  0  1
115  2  0.509126  0.0204725  12635.1  0  -3.85186e-34  1
116  2  0.531061  0.0210399  12630.4  0  0  1
117  2  0.553  0.0213922  12618.7  -2.07966e-18  -1.68914e-18  1
118  2  0.574942  0.0215145  12596.7  0  0  1
119  2  0.596884  0.0213305  12555.9  2.27588e-17  -6.75322e-18  1
120  2  0.618824  0.0210349  12509.1  0  0  1
121  2  0.640764  0.0207017  12466.8  0  0  1
122  2  0.662702  0.0203014  12425.2  0  0  1
123  2  0.684639  0.0198003  12397.3  2.59265e-17  2.86602e-18  1
124  2  0.706571  0.0191441  12420  0  0  1
125  2  0.728499  0.0183333  12457  0  0  1
126  2  0.750421  0.0173978  12494.4  5.44215e-17  5.58004e-18  1
127  2  0.772339  0.0163566  12566.4  0  0  1
128  2  0.794252  0.0152281  12657.9  -1.60639e-16  -1.8832e-17  1
129  2  0.81616  0.014006  12717.4  0  0  1
130  2  0.838062  0.0126686  12769.2  0  0  1
131  2  0.859958  0.0112558  12829.2  0  0  1
132  2  0.881852  0.00979327  12849.9  1.11559e-16  3.41181e-18  1
133  2  0.903744  0.00830394  12864  0  0  1
134  2  0.925629  0.00672565  12887.9  0  0  1
135  2  0.947497  0.00492423  12886.1  0  0  1
136  2  0.969341  0.00284929  12842  -7.8765e-17  -1.90311e-17  1
137  2  0.991175  0.000669098  12781.2  0  0  1
266  0  -0.638297  0.909937  13305.4  1.96472  -0.18815  1
267  0  0.292657  1.02855  13128.4  1.91263  -0.112032  1
268  0  1.07448  0.875366  12863.2  1.93109  -0.181952  1
269  0  -0.864975  0.054539  13125.9  1.98312  -0.362237  1
270  0  -0.21896  -0.992376  12800.7  2.0324  -0.198974  1
271  0  0.751106  -0.99312  12689  2.02267  -0.156126  1
272  0  0.274092  -0.63435  12682.4  2.07135  -0.181501  1
273  0  0.757561  -0.472762  12674.3  2.05541  -0.0991709  1
274  0  1.05212  -0.333894  12750.8  1.96189  -0.0530427  1
275  0  -0.0769589  -0.409886  12759.7  2.06113  -0.243086  1
276  0  -0.106152  0.623146  13198.6  1.91625  -0.0773096  1
277  0  0.374199  0.567541  12991.4  1.95643  -0.104005  1
278  0  0.797088  0.509296  12861.2  1.95804  -0.172048  1
279  0  0.216202  -0.301738  12542.1  2.15013  -0.200015  1
280  0  0.507072  -0.279329  12582.6  2.11487  -0.118662  1
281  0  -0.428631  0.0518671  13147.5  1.95204  -0.255652  1
282  0  0.729581  -0.213661  12614.8  2.12114  -0.0410951  1
283  0  0.120687  0.368236  13114  1.91815  -0.0290637  1
284  0  -0.170061  0.27639  13280.3  1.85455  -0.115164  1
285  0  0.920736  -0.186313  12760  1.9908  0.0437761  1
286  0  0.556104  0.349785  12826.8  2.00886  -0.135076  1
287  0  1.05922  0.318911  12819.9  1.93547  -0.210987  1
288  0  0.337634  0.305351  12886.8  2.01065  -0.0646081  1
289  0  0.0221033  -0.205902  12581.7  2.13504  -0.319917  1
290  0  0.747056  0.263607  12771.5  2.00531  -0.19821  1
291  0  -0.194196  0.0185533  13226.5  1.87516  -0.293113  1
292  0  -0.699908  -0.501654  12959.2  2.00422  -0.335843  1
293  0  0.35443  -0.173636  12464.7  2.17089  -0.115788  1
294  0  0.205231  -0.137719  12321.2  2.22674  -0.197481  1
295  0  0.603797  -0.121052  12546.2  2.12758  -0.130453  1
296  0  0.0245864  0.220227  13305.6  1.81909  0.022859  1
297  0  0.480603  -0.107074  12565.7  2.11086  -0.0813603  1
298  0  0.910806  0.192316  12799.6  1.97309  -0.248211  1
299  0  0.170046  0.226637  13019.2  1.95529  0.0512377  1
300  0  1.03054  -0.121718  12848.2  1.86618  0.0301685  1
301  0  -0.0991332  -0.117068  12867.8  2.01255  -0.399259  1
302  0  0.108327  -0.112413  12268.6  2.25005  -0.296152  1
303  0  1.01452  0.125253  12866.6  1.98222  -0.266575  1
304  0  1.44805  0.00505673  12745.6  1.88257  -0.183341  1
305  0  0.718688  -0.09163  12464.3  1.93368  0.0187321  1
306  0  0.821475  -0.0945449  12667.1  1.85049  0.131626  1
307  0  0.454604  0.216905  12735  2.06607  -0.105411  1
308  0  0.58736  0.204351  12714.1  2.0581  -0.16198  1
309  0  -0.0600594  0.136354  13519.6  1.71242  -0.0894751  1
310  0  -0.106367  0.0194568  13350.2  1.78097  -0.377601  1
311  0  0.266094  0.187598  12820.8  2.03902  0.0186739  1
312  0  0.307975  -0.0868735  12285.3  2.27583  -0.087782  1
313  0  0.399464  -0.0744977  12474.5  2.0847  -0.0252784  1
314  0  -0.00934801  -0.106715  12559.4  2.14733  -0.451048  1
315  0  -0.568417  0.483901  13228.1  1.96912  -0.216394  1
316  0  -1.18568  0.624625  13254.7  1.98187  -0.397656  1
317  0  0.360384  0.174302  12731.3  2.08419  -0.0464018  1
318  0  0.678468  0.162628  12697.7  2.08765  -0.205479  1
319  0  0.797735  0.161122  12738.6  2.04744  -0.237715  1
320  0  0.093432  0.167945  13208.5  1.8614  0.133669  1
321  0  0.913618  -0.0882179  12821.1  1.78529  0.116319  1
322  0  -0.975606  -1.22505  12889.9  1.99629  -0.347944  1
323  0  -0.326177  -0.146126  13033.3  1.96407  -0.276389  1
324  0  0.0171764  0.135464  13520.9  1.70374  0.0851118  1
325  0  0.26322  -1.09317  12726.3  2.03454  -0.182681  1
326  0  0.543025  -0.062033  12631.2  1.71134  -0.0828781  1
327  0  0.173732  -0.0719749  12201.2  2.41486  -0.241627  1
328  0  0.51934  0.165974  12673.4  2.11541  -0.14  1
329  0  0.650384  -0.0534393  12426.8  1.43775  -0.0940196  1
330  0  0.975968  -0.0667846  12856.3  1.66306  0.0769292  1
331  0  0.942269  0.102641  12822.2  2.03463  -0.298183  1
332  0  -0.192013  1.08511  13296.4  1.90435  -0.0672466  1
333  0  1.21682  0.0358009  12844  1.81897  -0.190627  1
334  0  -1.35559  -0.366391  13052.3  1.98734  -0.364254  1
335  0  1.06104  -0.737927  12689.5  1.99737  -0.13406  1
336  0  0.238237  -0.0576647  12160.4  2.21464  -0.141143  1
337  0  0.639723  0.836136  12972.1  1.9319  -0.145011  1
338  0  0.426689  0.151069  12659.8  2.15504  -0.0874403  1
339  0  0.871091  0.105083  12753.1  2.07257  -0.291272  1
340  0  1.39827  -1.27794  12648.1  1.98143  -0.171741  1
341  0  0.19931  0.148001  12864.3  2.02676  0.109624  1
342  0  -1.28475  1.4264  13421.1  1.97586  -0.430918  1
343  0  0.999381  0.0661254  12897.4  1.98535  -0.292477  1
344  0  0.0609262  -0.0647182  12100.3  2.37186  -0.414105  1
345  0  -0.055177  -0.0397153  12910.4  1.92507  -0.602969  1
346  0  0.758347  -0.0469715  12489.1  1.22864  0.129403  1
347  0  -0.0460583  0.0187421  13605.8  1.54089  -0.551554  1
348  0  0.522027  -0.542634  12654.4  2.07537  -0.143278  1
349  0  -0.643897  -0.179097  13045.1  1.98063  -0.319931  1
350  0  0.456847  -0.0459626  12567.5  1.48767  0.00206791  1
351  0  1.00419  -0.0376622  12886.7  1.49562  0.0352147  1
352  0  1.11563  -0.00941584  12936.1  1.58552  -0.119514  1
353  0  1.22433  -0.193014  12799.7  1.90241  -0.100183  1
354  0  1.41426  -0.47652  12702.1  1.94518  -0.131148  1
355  0  -0.0233107  -0.705378  12756.2  2.04916  -0.196988  1
356  0  -0.337753  -0.639315  12853.4  2.02558  -0.237153  1
357  0  0.35517  -0.3136  12554.7  2.13557  -0.15359  1
358  0  0.748601  1.41545  13039.4  1.90457  -0.15593  1
359  0  0.60686  0.134854  12659.7  2.17657  -0.191902  1
360  0  1.50211  0.498265  12728.2  1.92209  -0.197601  1
361  0  0.138414  0.607388  13109.6  1.93195  -0.0880852  1
362  0  0.34776  -0.0403128  12269  1.55359  0.0295876  1
363  0  0.739436  0.10843  12677.2  2.1355  -0.2455  1
364  0  0.112873  -0.484327  12671.6  2.09308  -0.214738  1
365  0  -0.113352  -0.260619  12787  2.05348  -0.298773  1
366  0  -0.309663  -0.39669  12887.1  2.01137  -0.251223  1
367  0  0.492353  -0.826225  12689.2  2.04457  -0.164673  1
368  0  -0.0208094  0.079235  13877.3  1.47898  -0.0795996  1
369  0  -1.34092  0.112931  13139.5  1.98477  -0.373285  1
370  0  0.599864  0.583121  12918.9  1.95784  -0.136535  1
371  0  -0.611052  1.43262  13455.2  1.9203  -0.093077  1
372  0  0.313443  0.133051  12705.3  2.16423  0.0130303  1
373  0  0.849707  -0.333032  12698.6  2.03684  -0.0435326  1
374  0  0.152973  0.115121  12919.9  2.00978  0.211229  1
375  0  -0.0399602  0.401249  13205.3  1.88324  -0.0615801  1
376  0  0.128072  -0.0484199  12084.6  2.29197  -0.263656  1
377  0  0.586634  -0.0264182  12587.3  0.824506  -0.088616  1
378  0  0.00783827  -0.0466458  12143.1  2.30888  -0.660028  1
379  0  0.247197  0.131991  12729.3  2.13074  0.077656  1
380  0  -0.41168  0.288937  13215.1  1.93032  -0.189023  1
381  0  0.649188  -0.348015  12629.5  2.09454  -0.095618  1
382  0  0.693604  -0.0302715  12379.1  0.916857  -0.014257  1
383  0  0.134688  -0.210199  12464.8  2.18385  -0.25084  1
384  0  0.0812459  -0.323791  12612  2.12893  -0.249465  1
385  0  0.661362  -1.49665  12692.3  2.01472  -0.188331  1
386  0  0.282424  -0.0317519  12111.7  1.36597  -0.0435899  1
387  0  0.471604  0.125642  12605.4  2.20971  -0.11349  1
388  0  0.497958  -0.0227061  12630.6  0.800628  0.0210645  1
389  0  0.413185  -0.0269225  12487.5  0.994174  0.063739  1
390  0  -0.650468  -0.938193  12878.7  2.0118  -0.302735  1
391  0  -0.497137  -1.43946  12816.6  2.013  -0.246312  1
392  0  1.32789  1.43011  12835.3  1.93703  -0.187055  1
393  0  0.867302  -0.043417  12783.9  1.24712  0.107364  1
394  0  0.803611  0.0976242  12700.2  2.11177  -0.272184  1
395  0  0.559887  0.117914  12598.6  2.18076  -0.172258  1
396  0  0.094167  1.4996  13321.3  1.86123  -0.115575  1
397  0  0.801003  -0.0294545  12630.4  0.898772  0.139712  1
398  0  -0.139985  0.105471  13393.4  1.79268  -0.215336  1
399  0  -0.298328  0.164701  13234.1  1.90441  -0.20097  1
400  0  -0.28099  0.472932  13229.3  1.91379  -0.104538  1
401  0  -0.362811  0.77603  13257.5  1.93294  -0.08292  1
402  0  0.648252  0.107879  12632.4  2.13637  -0.211029  1
403  0  -1.04884  -0.708165  12964.3  1.9966  -0.369551  1
404  0  1.16326  0.189404  12832.5  1.92462  -0.206739  1
405  0  0.359433  0.124306  12632.7  2.2125  -0.0265027  1
406  0  0.0257079  0.873223  13186.8  1.91902  -0.0950312  1
407  0  -0.618733  0.177248  13163.8  1.97705  -0.290995  1
408  0  0.0853139  0.111057  13239.4  1.83659  0.267305  1
409  0  1.0638  0.032073  12961.1  1.65563  -0.214799  1
410  0  -0.0555986  -1.44774  12758.8  2.01203  -0.179114  1
411  0  0.691546  0.0976303  12642.4  2.09397  -0.228175  1
412  0  0.935715  -0.489044  12705.1  2.01092  -0.0859951  1
413  0  0.622895  -0.239184  12590.9  2.11457  -0.0919522  1
414  0  0.535582  -0.173123  12571.5  2.12578  -0.110224  1
415  0  0.25358  0.428336  13009.6  1.96485  -0.0703341  1
416  0  0.266105  -0.440345  12618.6  2.11316  -0.185721  1
417  0  0.243332  0.293551  12958.1  1.9856  -0.0215612  1
418  0  0.442566  -0.187204  12532.2  2.13748  -0.107162  1
419  0  0.676882  -0.68931  12680.9  2.0435  -0.141244  1
420  0  -0.996478  -0.246365  13052.6  1.99213  -0.376965  1
421  0  0.267958  -0.221228  12461.3  2.18583  -0.174759  1
422  0  -0.81896  0.365411  13197.9  1.99657  -0.347526  1
423  0  1.0442  -0.013154  12962.7  1.33338  -0.0560733  1
424  0  -1.47871  -1.04144  12947.8  1.98615  -0.345916  1
425  0  0.894298  0.34891  12818  1.96562  -0.207886  1
426  0  1.03886  0.541533  12831.2  1.93797  -0.189409  1
427  0  0.316908  0.785161  13070.4  1.93158  -0.10525  1
428  0  0.981072  -0.0284305  12873.9  1.40111  0.0235359  1
429  0  0.933902  -0.0366017  12865.2  1.34005  0.0469708  1
430  0  0.429288  0.417465  12901.4  1.99393  -0.103328  1
431  0  0.190917  -0.0329859  12110.1  1.58845  -0.135545  1
432  0  -0.162435  -0.0345863  13134.6  1.90458  -0.351235  1
433  0  0.629196  -0.0184939  12472  0.587124  -0.0742442  1
434  0  0.907665  0.05999  12778.6  1.88265  -0.296928  1
435  0  0.227361  -0.876557  12720  2.04286  -0.182363  1
436  0  0.841405  -0.195211  12701.1  2.05416  0.0326054  1
437  0  0.542575  -0.0169734  12641.8  0.673235  -0.0261787  1
438  0  0.515059  0.114964  12601  2.19336  -0.145478  1
439  0  0.955467  0.0513178  12845.4  1.82327  -0.296504  1
440  0  -0.0649324  -0.178425  12749.7  2.06278  -0.355149  1
441  0  1.00165  0.0372398  12923  1.64488  -0.270738  1
442  0  0.0369483  -0.125301  12417.6  2.21693  -0.393575  1
443  0  -0.805522  0.668199  13273.3  1.99603  -0.321325  1
444  0  -0.0742632  0.0683992  13614.9  1.6416  -0.259078  1
445  0  0.545162  -0.122587  12580.7  2.12894  -0.121199  1
446  0  0.675419  -0.159905  12552.3  2.17618  -0.0665361  1
447  0  -1.01724  1.00584  13324.8  2.01122  -0.398183  1
448  0  0.0237716  0.078218  13822.2  1.4884  0.234144  1
449  0  -1.50816  0.924339  13314.9  1.99028  -0.378024  1
450  0  0.667966  0.287781  12775.7  2.01588  -0.173441  1
451  0  1.30423  0.394756  12777.4  1.92296  -0.197438  1
452  0  0.409886  0.118558  12599.3  2.2103  -0.0730475  1
453  0  0.0804195  -0.0414171  11905.5  2.38942  -0.344921  1
454  0  0.99899  -0.0187889  12881.1  1.33403  0.0295425  1
455  0  -0.210947  -0.186983  12938.7  1.98974  -0.29952  1
456  0  1.37336  -0.957971  12661.5  1.97667  -0.160251  1
457  0  0.201988  0.116771  12784  2.10496  0.14407  1
458  0  -0.260473  -0.0706191  13077.6  1.94578  -0.293209  1
459  0  -1.35777  -1.5351  12891  1.98054  -0.337843  1
460  0  1.63573  0.973805  12704.6  1.91155  -0.192668  1
461  0  1.52114  -0.228236  12704.5  1.92448  -0.140877  1
462  0  0.679833  0.452614  12855.9  1.97649  -0.158328  1
463  0  0.740854  -0.0199674  12440  0.627265  0.0645332  1
464  0  0.525713  0.233919  12743.5  2.05305  -0.134781  1
465  0  0.0337568  -0.034371  11740.4  2.50176  -0.61613  1
466  0  0.462664  -0.39836  12609.3  2.11111  -0.139059  1
467  0  0.281889  -0.153218  12377.2  2.20406  -0.139861  1
468  0  0.847507  0.0722341  12715.7  1.95404  -0.286864  1
469  0  0.767921  -0.142679  12609  2.12638  0.0437582  1
470  0  0.0965114  0.28187  13141.2  1.9007  0.0148299  1
471  0  1.05621  -0.0768775  12900.6  1.73261  0.0188599  1
472  0  -0.473417  -0.270846  12986.3  1.9854  -0.283128  1
473  0  -0.500493  -0.108099  13066.1  1.96953  -0.285352  1
474  0  0.600521  -0.0790448  12548.7  1.86866  -0.136786  1
475  0  0.154318  -0.127091  12286.5  2.2367  -0.243607  1
476  0  -0.0197713  0.0166766  13791.7  1.31756  -0.762347  1
477  0  -0.020138  -0.0215489  12715.7  2.01043  -0.812693  1
478  0  0.983722  -1.30622  12672  1.99613  -0.178886  1
479  0  -0.0233398  -0.294545  12708.1  2.09015  -0.284015  1
480  0  0.0480237  0.48996  13146.7  1.91574  -0.0679759  1
481  0  0.290596  -1.50757  12720.6  2.02291  -0.181649  1
482  0  -0.109127  0.230482  13334.4  1.8177  -0.0943042  1
483  0  -0.0489623  -0.582428  12758  2.05249  -0.20809  1
484  0  0.437351  0.318091  12840.5  2.01985  -0.0999782  1
485  0  0.757655  0.0826259  12659.2  2.01407  -0.25032  1
486  0  0.896249  1.14525  12951.5  1.91467  -0.168337  1
487  0  0.883504  0.750632  12896.3  1.93655  -0.173039  1
488  0  0.4191  -0.135414  12501.6  2.16237  -0.0867928  1
489  0  -0.324812  0.0372703  13163.1  1.92855  -0.252298  1
490  0  0.326275  0.249247  12836.6  2.03394  -0.0441288  1
491  0  -1.58269  0.472379  13220.1  1.97452  -0.357702  1
492  0  0.603144  0.10196  12628.2  2.12954  -0.195759  1
493  0  0.0529328  0.0904491  13521.9  1.66595  0.287411  1
494  0  0.366202  -0.0205489  12295.1  0.930932  0.0873439  1
495  0  0.236835  -0.0281194  12084.3  1.30418  -0.0743021  1
496  0  0.315616  -0.0280035  12185.1  1.2189  -0.00581002  1
497  0  0.455692  -0.0166237  12580.4  0.780767  0.0571329  1
498  0  0.0921352  -0.175844  12439.6  2.19906  -0.294569  1
499  0  0.54964  1.12282  13062.2  1.91673  -0.139276  1
500  0  0.353627  -0.116603  12408.9  2.23429  -0.0881828  1
501  0  1.13442  -1.0674  12672  1.99146  -0.166361  1
502  0  0.446277  0.683379  12999.7  1.94195  -0.114285  1
503  0  1.00279  0.220848  12826.8  1.9415  -0.238726  1
504  0  0.157594  -0.0327898  12077  1.7979  -0.182753  1
505  0  -0.0155528  0.0498542  14153  1.25216  -0.183393  1
506  0  0.538497  -1.09992  12701.5  2.02766  -0.169867  1
507  0  0.292982  0.116886  12675.2  2.18941  0.0303899  1
508  0  0.664372  -0.0153425  12399.2  0.502363  -0.0662848  1
509  0  0.724739  0.179475  12719.5  2.04478  -0.212544  1
510  0  -0.21779  -0.525172  12831.8  2.02872  -0.22771  1
511  0  -0.240076  1.47592  13423.2  1.85297  -0.0450655  1
512  0  1.10705  0.121665  12869.7  1.96654  -0.22268  1
513  0  0.122851  0.108199  13043.4  1.94429  0.256185  1
514  0  0.404737  0.231714  12771.5  2.05687  -0.0807327  1
515  0  0.798266  -0.646703  12686.1  2.03046  -0.123953  1
516  0  0.945386  -0.126915  12813.3  1.91697  0.0772741  1
517  0  0.658105  -0.111768  12500.3  2.11936  -0.0952479  1
518  0  0.389515  -0.242194  12524.7  2.14345  -0.128263  1
519  0  0.421834  -0.501313  12637.8  2.09212  -0.154695  1
520  0  0.833521  0.226785  12777.1  1.99084  -0.225526  1
521  0  -0.00918846  -1.0699  12761.1  2.03543  -0.187908  1
522  0  0.999628  -0.188149  12800.6  1.94036  0.0189986  1
523  0  0.951074  -0.289555  12749  1.98672  -0.0152841  1
524  0  0.0907457  -0.256848  12552.5  2.15037  -0.264346  1
525  0  -1.12049  0.239975  13166.9  1.99052  -0.380262  1
526  0  1.32441  0.176582  12785.1  1.923  -0.202984  1
527  0  1.5959  0.198249  12709  1.92605  -0.190569  1
528  0  0.438244  0.118724  12620.3  2.22331  -0.0944954  1
529  0  1.70279  -0.0454096  12681.2  1.92913  -0.158664  1
530  0  0.251711  -0.110205  12278.4  2.27723  -0.159941  1
531  0  0.171555  0.300634  13042.7  1.9484  -0.00315437  1
532  0  0.7448  -0.312654  12654.2  2.07679  -0.0626801  1
533  0  0.890738  -0.0212311  12834.5  1.00483  0.0307308  1
534  0  1.05158  0.0858036  12900.6  1.99133  -0.2533  1
535  0  0.848839  -0.0147545  12786.9  0.832455  0.0728951  1
536  0  -0.539384  1.15696  13375.8  1.93024  -0.0933925  1
537  0  1.17003  -0.562237  12708  1.96971  -0.116651  1
538  0  0.434132  -0.64999  12670.6  2.06745  -0.163474  1
539  0  0.142964  0.180821  13058.3  1.93477  0.111248  1
540  0  0.114533  0.216195  13130.1  1.90242  0.0694926  1
541  0  0.141994  -0.659611  12710.9  2.06313  -0.191799  1
542  0  0.853313  0.151153  12765.5  2.03649  -0.257497  1
543  0  0.0521439  1.07753  13222.7  1.8996  -0.0980659  1
544  0  0.0990697  -0.0713887  12132.8  2.3764  -0.332073  1
545  0  -0.559424  0.0201589  13117.6  1.9706  -0.286827  1
546  0  -0.779294  1.1376  13372.7  1.97468  -0.241879  1
547  0  0.683901  0.227856  12738.4  2.02759  -0.191143  1
548  0  -0.97751  1.66738  13558.4  1.91728  -0.321575  1
549  0  -0.242624  0.136685  13269.9  1.87779  -0.205516  1
550  0  0.330877  1.35219  13187  1.89273  -0.135701  1
551  0  0.862767  -0.138107  12725.8  2.00446  0.0919454  1
552  0  -1.65294  -0.690176  13001.8  1.98401  -0.333838  1
553  0  -0.855804  -1.62267  12845.9  2.00792  -0.314026  1
554  0  0.0111458  -0.0172153  11119.9  2.32267  -0.965564  1
555  0  0.503191  -0.0698621  12608  1.86498  -0.0647194  1
556  0  0.879968  0.0707206  12742.1  1.95853  -0.299024  1
557  0  -1.63465  -0.13357  13098.2  1.9817  -0.348184  1
558  0  0.220045  0.205071  12908.1  2.00626  0.0398097  1
559  0  -0.574606  0.69386  13260.2  1.97348  -0.185615  1
560  0  -0.155189  0.785923  13221.2  1.91924  -0.0745617  1
561  0  0.770736  -0.019557  12539.4  0.701257  0.122243  1
562  0  0.959738  0.15426  12830.3  1.97759  -0.269831  1
563  0  0.635214  -0.486846  12654.9  2.07278  -0.120327  1
564  0  -0.190303  -0.350955  12836.1  2.03409  -0.261894  1
565  0  0.161753  -0.39392  12616.3  2.12209  -0.21377  1
566  0  1.0261  0.016466  12973.8  1.27763  -0.176319  1
567  0  -1.56917  1.56917  13466  1.95058  -0.368567  1
568  0  1.12824  -0.143616  12852.7  1.8703  -0.0439213  1
569  0  0.469705  0.163526  12667.3  2.12118  -0.113083  1
570  0  0.337051  0.109236  12597.9  2.04511  -0.00117678  1
571  0  -0.438455  -1.15509  12825.6  2.02028  -0.232166  1
572  0  0.437011  -0.0877433  12520.1  2.09872  -0.0509071  1
573  0  -0.415156  -0.859781  12846.5  2.02432  -0.239659  1
574  0  -0.011792  0.176735  13425.5  1.75672  0.00249405  1
575  0  0.985935  -1.67802  12671.6  1.99361  -0.196513  1
576  0  0.159345  0.480225  13083.7  1.94005  -0.0710165  1
577  0  1.19245  -0.0771844  12874.2  1.77657  -0.110367  1
578  0  0.0283838  -0.421854  12700.3  2.08412  -0.230599  1
579  0  -0.154133  0.404325  13233.4  1.8814  -0.0856057  1
580  0  0.722698  -0.0500764  12410.6  1.32845  0.0479768  1
581  0  -0.106934  -0.0272569  13152  1.8715  -0.429091  1
582  0  -0.419534  0.168136  13190  1.94495  -0.22741  1
583  0  0.537168  0.45182  12884.3  1.98496  -0.127547  1
584  0  -0.199186  -0.793497  12806  2.03621  -0.204929  1
585  0  -0.376534  -0.0515514  13093.4  1.95523  -0.267302  1
586  0  0.315278  0.182623  12776.4  2.06411  -0.0172091  1
587  0  -0.173474  0.173073  13330.8  1.83243  -0.163247  1
588  0  0.278742  0.146373  12740  2.10921  0.0298173  1
589  0  1.04085  1.65128  12953.8  1.96779  -0.207327  1
590  0  0.798926  0.0670555  12660.3  1.738  -0.234522  1
591  0  0.607527  -0.00305452  12527.5  0.347284  -0.063804  1
592  0  0.535639  0.0977581  12590.2  1.93984  -0.142716  1
593  0  -0.290438  0.290221  13242.4  1.89021  -0.147632  1
594  0  0.492141  0.101318  12567.3  1.97331  -0.122005  1
595  0  1.07028  0.18061  12844.2  1.9305  -0.229127  1
596  0  0.209103  -0.196429  12419.5  2.2139  -0.207613  1
597  0  0.580495  0.277479  12773.2  2.02958  -0.150693  1
598  0  0.708562  0.0755131  12643  1.7294  -0.198228  1
599  0  0.667546  0.0831074  12622.9  1.82509  -0.195528  1
600  0  0.929837  0.042644  12804.4  1.5454  -0.254856  1
601  0  -0.18299  -0.101683  13010.8  1.96185  -0.333755  1
602  0  -0.00532323  -0.164502  12600.9  2.12958  -0.366029  1
603  0  0.76343  -0.0984629  12551.5  1.97989  0.0781189  1
604  0  0.261444  0.536209  13036.6  1.95226  -0.0893906  1
605  0  -1.05465  0.017679  13118.2  1.98466  -0.376047  1
606  0  0.520812  -0.00410705  12639.2  0.508968  0.00355288  1
607  0  -0.475427  -0.477172  12920.5  2.00765  -0.278849  1
608  0  0.563664  -0.00457055  12615.1  0.469883  -0.0386962  1
609  0  0.211895  -0.0914633  12213.6  2.34383  -0.203026  1
610  0  0.551064  -0.362425  12612.4  2.10677  -0.119249  1
611  0  0.831429  -0.0493775  12708.9  1.30993  0.150013  1
612  0  0.567086  0.153768  12663.4  2.13737  -0.165654  1
613  0  0.442613  1.58123  13189.4  1.90107  -0.155359  1
614  0  -0.421147  0.581556  13238.9  1.94719  -0.125633  1
615  0  0.000746264  0.329305  13221.9  1.86484  -0.0353749  1
616  0  1.23789  0.641813  12799  1.93139  -0.189323  1
617  0  -0.0741186  -0.00517523  13300.3  1.77495  -0.505265  1
618  0  -0.0602093  -0.0924381  12790.5  2.04166  -0.468314  1
619  0  -0.252161  0.629119  13229.2  1.92305  -0.0803276  1
620  0  0.104654  -0.0228341  11979.5  1.66353  -0.180581  1
621  0  0.225368  0.104199  12695.4  2.05098  0.121399  1
622  0  0.0446595  0.176732  13343.4  1.79831  0.0810605  1
623  0  0.907226  0.133892  12788.9  2.02786  -0.278859  1
624  0  0.180386  0.100075  12753.2  2.02582  0.198283  1
625  0  0.344323  -0.00961731  12204.3  0.438738  0.00397614  1
626  0  0.973533  0.0299042  12895.9  1.37947  -0.228624  1
627  0  -0.910066  -0.481485  12992.4  1.9997  -0.369772  1
628  0  -0.133568  -0.186063  12866.5  2.01488  -0.33023  1
629  0  1.62458  -1.60698  12624  1.98594  -0.170161  1
630  0  0.05817  -0.0215436  11604  1.99723  -0.323319  1
631  0  0.142616  -0.0843882  12188.1  2.34007  -0.265845  1
632  0  0.382438  0.107013  12586.4  2.01806  -0.0368926  1
633  0  -0.562499  -0.686602  12898.1  2.01334  -0.293994  1
634  0  0.684725  -0.0682134  12417.2  1.68416  -0.0582718  1
635  0  0.228254  0.360458  13005.9  1.96405  -0.0412348  1
636  0  -0.151207  0.0451636  13333.8  1.81296  -0.291636  1
637  0  1.56527  -0.759101  12652.7  1.95583  -0.149639  1
638  0  0.842337  -0.773785  12688.3  2.02358  -0.137569  1
639  0  -0.251189  -1.67783  12772.8  2.00361  -0.199112  1
640  0  0.727773  0.347063  12809  1.99243  -0.179233  1
641  0  0.0189566  0.716323  13169.3  1.92324  -0.087637  1
642  0  -0.300852  -0.252514  12945.4  1.99427  -0.273373  1
643  0  0.633751  0.179994  12703.5  2.06054  -0.184259  1
644  0  0.71949  -0.00237941  12422.5  0.211778  0.0388173  1
645  0  0.286825  -0.297775  12534.4  2.1479  -0.172511  1
646  0  -0.798575  -0.708866  12934.2  2.00332  -0.348797  1
647  0  1.17192  1.15772  12853.6  1.9155  -0.18121  1
648  0  1.19491  -0.356207  12751.6  1.93854  -0.0943116  1
649  0  1.6702  -1.10048  12628.2  1.96667  -0.164885  1
650  0  0.584381  -0.193196  12574.5  2.12804  -0.104911  1
651  0  0.342316  0.393605  12934.3  1.98953  -0.0811683  1
652  0  0.872738  -0.254007  12719.6  2.02798  -0.00262232  1
653  0  1.02395  -0.00657888  12977.2  1.12015  -0.0197073  1
654  0  0.579889  0.0910131  12586.8  1.8724  -0.161346  1
655  0  -0.836959  -0.122446  13074.7  1.98409  -0.360392  1
656  0  -0.786358  -0.315532  13018.9  1.99348  -0.354017  1
657  0  0.258097  -0.0130534  12084.9  0.570655  -0.031662  1
658  0  0.623363  0.0861238  12629  1.82554  -0.182893  1
659  0  0.214281  -0.0153621  12072.6  0.695708  -0.0866853  1
660  0  0.269459  0.107716  12644.1  2.04089  0.054155  1
661  0  0.433312  -0.00362863  12529.3  0.455235  0.0400109  1
662  0  0.476967  -0.0019047  12609  0.468301  0.0438414  1
663  0  0.873168  -0.0837593  12757.3  1.72906  0.133336  1
664  0  0.790293  -0.256474  12674.6  2.07055  -0.021314  1
665  0  0.389827  -0.00565943  12420.8  0.472286  0.0642709  1
666  0  0.434196  0.866472  13047.2  1.9275  -0.11551  1
667  0  0.785415  -0.0613437  12581  1.51609  0.146891  1
668  0  0.435562  -0.3089  12573.9  2.12221  -0.13535  1
669  0  0.981561  0.100493  12859.4  2.01682  -0.290685  1
670  0  -0.549112  0.322353  13204.1  1.96059  -0.234724  1
671  0  0.323991  -0.767464  12696.6  2.05272  -0.175585  1
672  0  0.0250264  -0.0810376  12334.9  2.18104  -0.456579  1
673  0  1.0091  -0.0714183  12876.7  1.69367  0.0544134  1
674  0  0.0923416  0.0797875  13162.4  1.80101  0.381313  1
675  0  0.72673  -1.22511  12689.5  2.01465  -0.171477  1
676  0  0.943835  0.281161  12816.1  1.95651  -0.225831  1
677  0  0.383656  0.144535  12662.4  2.17591  -0.053443  1
678  0  0.403181  0.186951  12718.8  2.08237  -0.0739604  1
679  0  -0.421341  0.43421  13225.5  1.93697  -0.160208  1
680  0  0.685226  -0.271528  12623.1  2.09897  -0.0731754  1
681  0  0.477422  0.280776  12791.9  2.03739  -0.114144  1
682  0  -0.149381  -0.639905  12797.5  2.04061  -0.209994  1
683  0  0.384893  -0.0430618  12402.1  1.52351  0.0339833  1
684  0  0.731985  0.648481  12908.2  1.94344  -0.156498  1
685  0  -1.6381  -1.32467  12921.8  1.97738  -0.330995  1
686  0  0.958347  -0.0176374  12863.3  1.17792  -0.0139542  1
687  0  -0.107645  0.0626073  13461.6  1.73472  -0.285168  1
688  0  0.270707  -0.0700187  12183.2  2.22495  -0.106757  1
689  0  0.869738  -0.0116707  12826.2  0.840686  0.0376992  1
690  0  0.158542  0.0925612  12835.5  1.96969  0.247902  1
691  0  0.823274  -0.0118764  12715.1  0.694892  0.0712667  1
692  0  0.130415  -0.0227656  12047.9  1.33043  -0.125144  1
693  0  0.356896  -0.0778522  12351.5  2.13661  -0.0371728  1
694  0  1.63546  1.63546  12716.7  2.06205  -0.173315  1
695  0  1.66679  1.30288  12713.1  1.91567  -0.171004  1
696  0  0.9154  -0.0175487  12868  1.04607  0.0124569  1
697  0  0.615672  -0.0466596  12517.5  1.28668  -0.110855  1
698  0  0.324426  -0.0584337  12272.8  2.0098  -0.0274062  1
699  0  0.566198  -0.08886  12597.1  1.99763  -0.123684  1
700  0  0.168338  0.757354  13121.1  1.92962  -0.0996132  1
701  0  0.329109  -0.228163  12495.2  2.16438  -0.147953  1
702  0  -0.0691794  0.509539  13195  1.90345  -0.0747901  1
703  0  0.486197  -0.170333  12552.4  2.12752  -0.104048  1
704  0  -1.16605  -0.980451  12935.5  1.99075  -0.361896  1
705  0  0.143914  -0.28002  12546.6  2.15185  -0.234777  1
706  0  0.311893  0.10235  12688.8  1.97531  0.0184519  1
707  0  0.231774  0.161968  12832.6  2.03753  0.0588301  1
708  0  0.950207  0.0307105  12838  1.30009  -0.221089  1
709  0  -1.64753  1.22464  13383.9  1.99223  -0.369042  1
710  0  -0.0249809  -0.066507  12534.7  2.08593  -0.576063  1
711  0  0.819951  0.0572897  12679.2  1.58237  -0.225538  1
712  0  0.774458  0.0641673  12669.3  1.62343  -0.211134  1
713  0  -0.11383  0.158487  13415  1.77454  -0.135697  1
714  0  -0.700182  -1.19059  12860.1  2.01019  -0.30421  1
715  0  0.279902  -0.00964948  12104.6  0.284207  -0.0249356  1
716  0  0.69255  -0.00441288  12383.2  0.233525  0.0258148  1
717  0  0.469342  0.0950626  12574  1.84199  -0.109314  1
718  0  0.585752  0.0022041  12577.6  0.323156  -0.0673278  1
719  0  0.498726  0.00112181  12630.2  0.397685  0.0462667  1
720  0  0.0689021  -0.0991526  12250.6  2.23863  -0.364851  1
721  0  -0.903184  -0.962287  12910.2  1.99984  -0.353654  1
722  0  0.358888  0.100407  12606.1  1.91417  -0.014453  1
723  0  0.411449  -0.000565784  12485.8  0.305509  0.054269  1
724  0  0.688044  0.0731846  12620.5  1.62262  -0.183772  1
725  0  0.557221  0.0888105  12560.7  1.77948  -0.144209  1
726  0  0.296707  0.658002  13053.1  1.9407  -0.101665  1
727  0  0.144383  -1.72607  12726.3  2.01059  -0.167959  1
728  0  0.733568  0.0756469  12627.9  1.7834  -0.209718  1
729  0  -1.6437  0.183896  13162.9  1.98072  -0.350387  1
730  0  -0.444265  0.972264  13310.2  1.92266  -0.0733122  1
731  0  1.69348  -0.483691  12646.7  1.93602  -0.130524  1
732  0  0.64493  0.079213  12613.3  1.68302  -0.181457  1
733  0  0.774631  0.113142  12697  2.12629  -0.255949  1
734  0  0.836172  0.10569  12730.3  2.09867  -0.277675  1
735  0  0.722622  -0.14233  12547.1  2.15477  -0.00786217  1
736  0  -0.147876  -1.22951  12779.7  2.0247  -0.188555  1
737  0  0.9356  -0.0124464  12882.3  1.01752  -0.0168781  1
738  0  0.804148  -0.00434642  12667.9  0.475896  0.0646203  1
739  0  0.431935  -1.2818  12712.1  2.02614  -0.181313  1
740  0  -0.0439659  0.0526895  13819.5  1.49896  -0.28947  1
741  0  0.992392  0.0183974  12915.5  1.07468  -0.193269  1
742  0  0.404393  -0.937817  12704.9  2.03752  -0.173624  1
743  0  -0.981691  0.490879  13222  1.99538  -0.378178  1
744  0  0.479623  0.567368  12948.1  1.96165  -0.116909  1
745  0  -1.31539  0.390829  13200.6  1.98263  -0.381007  1
746  0  1.18265  0.311719  12810.1  1.9223  -0.201092  1
747  0  -0.0303609  -0.231478  12677.3  2.09739  -0.317826  1
748  0  -0.118205  1.71583  13530.4  1.79999  -0.0965333  1
749  0  0.710027  0.131241  12682.6  2.13859  -0.228899  1
750  0  0.047907  0.393767  13162.3  1.89925  -0.04486  1
751  0  -0.35746  0.106635  13193.8  1.93004  -0.226957  1
752  0  0.707687  -0.570025  12675.2  2.04816  -0.121871  1
753  0  -0.052935  -0.897815  12769.2  2.04033  -0.190979  1
754  0  0.374597  -0.418125  12606.6  2.11503  -0.160545  1
755  0  0.979748  0.0523409  12890.8  1.8711  -0.29206  1
756  0  0.994876  0.39678  12823.7  1.94414  -0.202508  1
757  0  0.85298  -0.43232  12695.7  2.03636  -0.0757829  1
758  0  -0.0191082  0.121233  13623.6  1.64815  -0.0161724  1
759  0  -1.34698  -0.657258  12992.8  1.99034  -0.359787  1
760  0  1.28018  -0.724884  12684.2  1.97144  -0.141233  1
761  0  1.29618  -1.63177  12648  1.98742  -0.179927  1
762  0  0.30058  -0.0088654  12121.6  0.345461  0.014084  1
763  0  -0.409717  1.67368  13570.6  1.78707  0.0145166  1
764  0  0.559117  -0.235827  12581.3  2.11557  -0.106678  1
765  0  0.660012  -0.842049  12687.9  2.03578  -0.15287  1
766  0  0.9976  -0.00756392  12824.9  1.02438  0.0316402  1
767  0  0.982982  -0.0116037  12843.6  1.16419  -0.0123454  1
768  0  -1.28424  -0.13788  13086  1.9878  -0.374712  1
769  0  0.907058  0.0896658  12784.2  2.04994  -0.30653  1
770  0  -0.144228  0.0042661  13244.2  1.84796  -0.347105  1
771  0  0.0470063  0.0667957  13671.6  1.51521  0.418674  1
772  0  0.559281  -0.644285  12670.3  2.0591  -0.149313  1
773  0  -0.615801  -0.34886  12987.1  1.99321  -0.317161  1
774  0  0.250063  -0.365358  12579.9  2.13553  -0.190003  1
775  0  0.769965  0.204317  12742.4  2.01302  -0.216463  1
776  0  0.201648  -0.536502  12667  2.08954  -0.195486  1
777  0  0.494648  -0.213994  12561.8  2.12303  -0.111413  1
778  0  0.425332  -0.0543837  12506.2  1.69153  0.0132521  1
779  0  0.191666  -0.0103793  12082.9  0.508713  -0.0546988  1
780  0  0.00608341  0.0427685  14464.3  0.927049  0.0474588  1
781  0  0.270812  0.236746  12878.1  2.01854  -0.00771741  1
782  0  0.513274  0.0926195  12579.1  1.80604  -0.123221  1
783  0  -0.0463453  -0.00991894  13242.1  1.76447  -0.697838  1
784  0  0.826307  0.307209  12800.2  1.98477  -0.204437  1
785  0  0.125281  0.138733  13071.2  1.93076  0.187692  1
786  0  0.581405  -0.30129  12602.8  2.1068  -0.105343  1
787  0  1.108  -0.0770241  12907.7  1.73219  -0.0328444  1
788  0  -0.583744  -1.70694  12811.6  2.01016  -0.269578  1
789  0  0.126957  -0.151131  12365.1  2.25159  -0.281714  1
790  0  0.113705  0.0865118  13051.9  1.87968  0.324771  1
791  0  0.57655  -0.0581586  12599.8  1.54461  -0.105799  1
792  0  0.905994  0.0389053  12778.3  1.3705  -0.229324  1
793  0  0.316459  -0.132079  12382.8  2.22216  -0.114978  1
794  0  0.205699  0.900635  13131  1.92162  -0.104375  1
795  0  0.216275  -0.0394113  12102.5  1.80291  -0.118786  1
796  0  0.201046  -0.0607762  12163.7  2.32283  -0.195792  1
797  0  0.171239  -0.0136753  12095.4  0.750842  -0.0731508  1
798  0  -1.01143  0.747221  13283.5  1.99646  -0.399698  1
799  0  0.704396  -0.399302  12656.1  2.07812  -0.0946396  1
800  0  0.629545  0.00461943  12490.6  0.176593  -0.0223479  1
801  0  0.805139  0.403117  12827.8  1.97264  -0.186362  1
802  0  -0.0834003  0.317966  13262.9  1.85066  -0.0681423  1
803  0  -0.255158  0.913029  13264.6  1.91517  -0.064034  1
804  0  0.071338  0.077098  13317.7  1.71868  0.405608  1
805  0  0.137823  0.0908495  12897.4  1.94985  0.276495  1
806  0  -0.193606  -0.258846  12872.6  2.02127  -0.286517  1
807  0  1.33289  -0.104298  12782  1.85955  -0.154758  1
808  0  -0.722061  -0.0176851  13106.9  1.98012  -0.330894  1
809  0  0.0535754  0.130234  13397.2  1.76105  0.172363  1
810  0  0.521499  -0.0376888  12637.2  1.14619  -0.0296692  1
811  0  0.962863  -0.0438644  12856.7  1.46859  0.0565003  1
812  0  0.945331  -0.0733823  12852.9  1.67086  0.0933071  1
813  0  1.36084  1.74337  12844.3  2.053  -0.231928  1
814  0  -0.848958  0.876725  13306.7  1.99903  -0.33862  1
815  0  0.542222  0.0033562  12633.9  0.376855  -0.013347  1
816  0  0.649978  0.00253983  12444.9  0.162454  -0.0484131  1
817  0  1.00592  0.0139422  12941.4  1.03622  -0.179565  1
818  0  1.08732  -0.236894  12798.4  1.92642  -0.0415776  1
819  0  0.42452  0.0977568  12584.1  1.89542  -0.0696907  1
820  0  0.128848  -1.27161  12742.5  2.02824  -0.185123  1
821  0  0.473995  -0.0276443  12611.7  0.962236  0.0269267  1
822  0  0.25726  -0.0401216  12100.3  1.71208  -0.0739403  1
823  0  0.670948  -0.213095  12586.5  2.12926  -0.0725918  1
824  0  0.436874  -0.0295042  12536.2  1.09409  0.0480018  1
825  0  -0.0907558  0.100595  13518.4  1.71483  -0.185347  1
826  0  -0.211988  -0.0357184  13128.1  1.92164  -0.308345  1
827  0  -0.50884  0.126477  13158.4  1.96392  -0.260493  1
828  0  0.457022  -1.70255  12695.6  2.02122  -0.18614  1
829  0  0.638395  0.140569  12667.6  2.15078  -0.200227  1
830  0  0.149293  -0.0134831  12062.8  0.807956  -0.105938  1
831  0  1.43166  0.316963  12744.9  1.91748  -0.19928  1
832  0  -0.0113858  -0.00116681  12754.2  1.67069  -1.2324  1
833  0  -0.0857847  -0.33095  12759.3  2.06882  -0.268043  1
834  0  0.670848  0.00457721  12402.4  0.0611597  -0.0391098  1
835  0  0.707676  1.71984  13099.6  1.94911  -0.171381  1
836  0  0.52435  -0.0967661  12598.3  2.05719  -0.103232  1
837  0  0.491217  0.360483  12843.4  2.00964  -0.117979  1
838  0  1.02997  1.36554  12929.6  1.90528  -0.179424  1
839  0  -0.771893  0.195267  13164.4  1.98755  -0.341825  1
840  0  -1.70182  0.750227  13271.1  1.97442  -0.345408  1
841  0  1.67035  0.691761  12692  1.92025  -0.202601  1
842  0  0.215158  0.252528  12963.4  1.9828  0.0130087  1
843  0  0.187241  1.76649  13349.4  1.88276  -0.177317  1
844  0  0.630695  0.235492  12740.9  2.03606  -0.171189  1
845  0  0.470121  -0.075221  12582.2  1.9563  -0.045019  1
846  0  -0.739845  0.50738  13231.7  1.99336  -0.302293  1
847  0  0.192079  -0.245146  12485.2  2.16856  -0.211954  1
848  0  0.321239  -0.00464061  12179.2  0.157293  -0.00605231  1
849  0  0.812158  -0.142468  12663  2.07878  0.0721599  1
850  0  0.430036  0.265283  12794  2.04357  -0.0950585  1
851  0  -0.0970562  1.28073  13323.5  1.88227  -0.0729766  1
852  0  -1.23092  0.834799  13297.8  1.99411  -0.405664  1
853  0  1.1232  0.0634993  12890.9  1.89743  -0.218728  1
854  0  1.02789  0.0550784  12938.3  1.88484  -0.274592  1
855  0  1.13629  0.434252  12810.4  1.93091  -0.195248  1
856  0  -1.42077  0.6662  13261.3  1.97534  -0.380379  1
857  0  0.903958  -0.0502355  12832.5  1.42709  0.092694  1
858  0  0.400701  -0.168808  12499.7  2.15308  -0.105849  1
859  0  0.245479  -0.170377  12376.1  2.22333  -0.173667  1
860  0  0.283338  0.343868  12948.8  1.98699  -0.0540466  1
861  0  -1.28095  -1.26214  12910.7  1.98408  -0.352038  1
862  0  0.103463  -0.0465193  12035.5  2.38475  -0.302806  1
863  0  -0.258528  0.00138614  13160.1  1.9172  -0.276989  1
864  0  0.541118  0.191562  12697.8  2.0732  -0.145352  1
865  0  0.502137  0.193934  12705.4  2.07248  -0.128286  1
866  0  -0.0743573  0.03546  13546.9  1.65464  -0.378468  1
867  0  0.24818  0.0974001  12660.1  1.97367  0.0871301  1
868  0  -0.176567  0.529902  13218.6  1.90687  -0.0813905  1
869  0  -1.64084  -1.68317  12884.9  1.96924  -0.324716  1
870  0  0.636461  -0.0828121  12472.1  1.87463  -0.126096  1
871  0  -0.191779  0.0901809  13304.2  1.84794  -0.236139  1
872  0  0.165995  -0.166748  12378.2  2.24365  -0.238854  1
873  0  0.101179  -0.790284  12735.1  2.04742  -0.188272  1
874  0  0.391171  -0.109178  12459.6  2.19907  -0.063913  1
875  0  0.44931  0.0988644  12560.2  1.922  -0.0958486  1
876  0  0.560425  -0.0371158  12631.4  1.06817  -0.0531123  1
877  0  0.40426  0.0965967  12537.6  1.83929  -0.0504837  1
878  0  0.0147351  0.596204  13161.8  1.91878  -0.0801842  1
879  0  -1.2881  1.70191  13544.5  1.90556  -0.422246  1
880  0  0.759266  -0.000678381  12511.8  0.244864  0.0461419  1
881  0  -1.60068  -0.414844  13043.7  1.98329  -0.343946  1
882  0  0.628798  -0.167859  12561.2  2.15642  -0.100554  1
883  0  0.203478  0.0956721  12720.6  2.00458  0.165669  1
884  0  0.179513  0.125163  12847.7  2.04152  0.159942  1
885  0  0.862185  0.0491606  12715.3  1.51073  -0.238914  1
886  0  0.782453  -0.000562428  12606.4  0.37103  0.0847576  1
887  0  -0.0277389  0.251476  13307.5  1.82192  -0.0328844  1
888  0  0.633069  0.372102  12822.3  2.00014  -0.153746  1
889  0  1.4616  0.744863  12748.2  1.92392  -0.190938  1
890  0  0.0813512  -0.0171132  11764.8  1.53836  -0.173444  1
891  0  0.221128  0.132586  12787.6  2.08323  0.101228  1
892  0  0.154008  -0.0570435  12123.7  2.3737  -0.248526  1
893  0  0.0245895  0.0554228  14039.4  1.25138  0.35236  1
894  0  0.977472  -0.912323  12682.9  2.00869  -0.150803  1
895  0  0.0278717  -0.262567  12621.3  2.12361  -0.284837  1
896  0  -0.0867756  -0.0630681  12980.3  1.94767  -0.458672  1
897  0  0.534866  0.13371  12635.9  2.20464  -0.153631  1
898  0  -0.65905  1.74949  13559.8  1.85077  -0.00105515  1
899  0  0.886509  0.0451317  12742.7  1.48746  -0.239753  1
900  0  0.903041  0.601771  12863  1.94274  -0.178446  1
901  0  0.341294  0.473851  12971.1  1.97286  -0.0934184  1
902  0  0.188427  0.181123  12939.9  1.99027  0.0864259  1
903  0  0.497707  0.138106  12627.2  2.20264  -0.134111  1
904  0  0.949968  -0.387312  12720.7  2.00456  -0.0571403  1
905  0  1.05821  -0.446029  12722.6  1.98038  -0.0859889  1
906  0  0.673582  0.122042  12657  2.16029  -0.218653  1
907  0  0.669713  -0.0387609  12392.4  1.1011  -0.0628334  1
908  0  -0.00861076  0.0310674  14351  0.964647  -0.464657  1
909  0  0.573339  -0.152939  12567.6  2.14329  -0.118135  1
910  0  -0.113221  -0.507753  12780.5  2.04537  -0.221692  1
911  0  0.814454  0.129109  12727.6  2.097  -0.259503  1
912  0  -0.0453275  -0.131704  12696.7  2.08718  -0.414465  1
913  0  -1.74667  -0.960828  12960.6  1.98278  -0.323632  1
914  0  -0.511939  0.21558  13184.8  1.9604  -0.241915  1
915  0  -1.1414  -0.422441  13022.8  1.99455  -0.375119  1
916  0  0.841274  0.0490994  12699  1.41282  -0.218026  1
917  0  1.03882  0.690927  12848.6  1.93699  -0.184841  1
918  0  -0.983211  1.31145  13387.7  2.00237  -0.347507  1
919  0  0.984325  -0.108061  12834.4  1.85312  0.0655545  1
920  0  0.533328  -0.450565  12632.7  2.09353  -0.132302  1
921  0  0.344874  0.144675  12690.4  2.1582  -0.0232653  1
922  0  0.0673779  0.218725  13224.4  1.8569  0.0551494  1
923  0  1.06325  -0.165919  12835.2  1.90361  -0.00569499  1
924  0  0.583373  0.119902  12629.4  2.18978  -0.185631  1
925  0  0.739445  0.00246146  12461.2  0.147902  0.0124747  1
926  0  0.744025  -0.0717086  12467.7  1.6914  0.093857  1
927  0  0.80872  0.946041  12946.8  1.93198  -0.166103  1
928  0  0.490327  -0.340167  12593.9  2.1153  -0.12757  1
929  0  -1.0767  -1.72226  12858.4  1.99728  -0.325293  1
930  0  0.136019  0.255793  13086.6  1.92764  0.0343881  1
931  0  0.453872  -0.246324  12552.6  2.1273  -0.121193  1
932  0  1.42929  1.16459  12777.5  1.91295  -0.17845  1
933  0  0.775845  -0.187174  12644.3  2.1087  0.0124862  1
934  0  0.0499077  -0.170172  12491.6  2.1781  -0.329758  1
935  0  1.7523  0.441874  12654.6  1.93017  -0.194974  1
936  0  -0.0285924  0.0345899  13971.2  1.31026  -0.455151  1
937  0  0.180476  -0.102575  12249.1  2.26506  -0.220367  1
938  0  0.382698  0.346867  12878.8  2.00868  -0.0868108  1
939  0  -0.00516874  0.0153211  13896.7  0.797069  -1.04351  1
940  0  -0.249547  0.220123  13267.5  1.87583  -0.165363  1
941  0  -0.0533094  0.095012  13684.8  1.6128  -0.141965  1
942  0  0.487268  -0.0465142  12612.4  1.42819  -0.0202953  1
943  0  1.01338  0.167562  12845.3  1.94593  -0.251686  1
944  0  1.01732  -0.0231816  12923.9  1.35734  0.0216052  1
945  0  0.624003  0.114277  12642.9  2.17949  -0.202291  1
946  0  0.753934  0.147548  12706.6  2.08987  -0.231931  1
947  0  0.753765  0.0630637  12630.9  1.52374  -0.189298  1
948  0  1.07676  -0.117358  12877.7  1.84941  -0.00137611  1
949  0  0.682855  -1.76558  12676.1  2.00781  -0.206099  1
950  0  0.0357732  -0.0143301  11282.7  1.98285  -0.446088  1
951  0  0.60092  0.0818104  12602.3  1.66682  -0.159025  1
952  0  0.0540405  -0.551757  12714.8  2.07004  -0.206849  1
953  0  -0.0645095  0.190707  13398.7  1.77608  -0.0684322  1
954  0  -0.249685  0.0628625  13226.9  1.89117  -0.248823  1
955  0  1.73861  -1.35708  12617.1  1.97893  -0.168668  1
956  0  -0.104902  0.946963  13239.3  1.9124  -0.0816554  1
957  0  0.717285  -0.026576  12388.9  0.675776  0.0477181  1
958  0  -0.408319  -0.174069  13024.2  1.97213  -0.27482  1
959  0  0.00935539  -0.349789  12683  2.10054  -0.257481  1
960  0  1.03151  -0.0479089  12910.4  1.55342  0.0235524  1
961  0  -0.677827  0.341927  13199.1  1.98363  -0.296659  1
962  0  0.164745  0.14816  12953.8  1.98866  0.143665  1
963  0  0.0812682  -0.139304  12380.8  2.24545  -0.329545  1
964  0  0.905731  -0.1242  12783.2  1.94796  0.0997607  1
965  0  0.570409  0.723518  12968  1.93691  -0.13049  1
966  0  0.822793  0.0819182  12695.5  2.02832  -0.282669  1
967  0  0.967034  0.0750665  12858.7  2.01057  -0.307679  1
968  0  -0.926849  0.211271  13163.9  1.99204  -0.369618  1
969  0  -0.331833  -0.508094  12870.1  2.01833  -0.242819  1
970  0  -0.258765  -0.136787  12999.5  1.96769  -0.294615  1
971  0  -0.17567  -0.436746  12818.7  2.03269  -0.236755  1
972  0  0.90555  0.466901  12837.7  1.95149  -0.190335  1
973  0  -0.50575  0.833902  13277.7  1.94796  -0.112034  1
974  0  -0.278051  -1.38993  12792.3  2.01095  -0.197776  1
975  0  0.298417  -0.0561906  12179.9  2.0038  -0.0492788  1
976  0  0.934889  0.0702209  12816.7  1.98734  -0.308508  1
977  0  1.01418  0.0886999  12898.7  2.0148  -0.281865  1
978  0  0.91469  -1.10083  12680.5  2.00575  -0.164538  1
979  0  -1.26718  1.10551  13355.4  2.01546  -0.412125  1
980  0  0.177662  0.4059  13062.7  1.94399  -0.0484657  1
981  0  -0.294643  0.104042  13216.9  1.90891  -0.227582  1
982  0  0.0985173  -0.940405  12743  2.03976  -0.186913  1
983  0  -1.04488  -1.46447  12876.8  1.99668  -0.339358  1
984  0  0.213723  -0.745653  12708.8  2.05481  -0.184244  1
985  0  -0.329572  0.376933  13232.1  1.90734  -0.138086  1
986  0  1.00998  -0.00330072  12941  0.994646  -0.0190843  1
987  0  0.382041  0.27525  12826.7  2.03313  -0.0758396  1
988  0  0.459181  -0.136297  12539.1  2.1449  -0.0904669  1
989  0  -0.0313436  -0.494735  12740.4  2.06215  -0.221769  1
990  0  0.312618  -0.528547  12647.9  2.09181  -0.175881  1
991  0  1.78348  -0.231467  12639.2  1.94585  -0.123921  1
992  0  0.235911  -0.00833913  12083.9  0.278698  -0.0349367  1
993  0  1.34151  0.938799  12791.7  1.92614  -0.183388  1
994  0  0.175034  -0.0499213  12175.7  2.2606  -0.215535  1
995  0  1.18433  0.115069  12846.2  1.95417  -0.207085  1
996  0  0.454915  0.00302041  12569.3  0.29465  0.0568653  1
997  0  0.314502  -0.187402  12436.1  2.1858  -0.136445  1
998  0  -0.245039  0.36416  13241.5  1.88564  -0.115044  1
999  0  -0.329777  1.24058  13368.2  1.90438  -0.0455082  1
1000  0  0.359115  0.212559  12776.3  2.05762  -0.0552648  1
1001  0  0.438545  0.179613  12691.7  2.08541  -0.096212  1
1002  0  0.292278  0.285753  12898.3  2.00874  -0.0387345  1
1003  0  0.781856  0.0849229  12673.7  2.04818  -0.258461  1
1004  0  1.07111  -0.0448761  12952.7  1.56955  -0.0125994  1
1005  0  0.225231  1.19408  13176.4  1.89504  -0.118531  1
1006  0  0.101672  0.435368  13117.1  1.92509  -0.0543746  1
1007  0  0.702415  0.548319  12884.1  1.95987  -0.155775  1
1008  0  0.45156  0.13974  12640.8  2.19548  -0.0993588  1
1009  0  0.779522  -0.0387667  12559.3  1.10782  0.155219  1
1010  0  0.312025  -0.373458  12581.7  2.13095  -0.17303  1
1011  0  0.648139  -0.0309045  12424.6  0.950566  -0.0813072  1
1012  0  0.000460111  0.0988176  13754.4  1.55384  0.073065  1
1013  0  -1.77123  1.77123  13475.1  1.95962  -0.32332  1
1014  0  0.0424571  0.270789  13226.9  1.85908  0.00186306  1
1015  0  0.52619  0.300489  12795.9  2.02778  -0.130031  1
1016  0  0.527685  1.35765  13108.1  1.90341  -0.146113  1
1017  0  1.10172  0.246665  12827.1  1.92463  -0.214492  1
1018  0  -1.7715  0.97984  13330.8  1.983  -0.34136  1
1019  0  1.15708  -0.870978  12679.3  1.99111  -0.151427  1
1020  0  0.0899949  -0.391981  12657.1  2.10793  -0.232761  1
1021  0  0.691935  -0.116425  12510.5  2.1184  -0.0493729  1
1022  0  0.505962  -0.133168  12570.3  2.13464  -0.103488  1
1023  0  -0.45898  -0.0258559  13106.6  1.9611  -0.272179  1
1024  0  0.0532505  -0.0438035  11898.5  2.54536  -0.480636  1
1025  0  0.0346022  -0.0555121  12130.3  2.3943  -0.517958  1
1026  0  -0.307348  -0.0233659  13109.2  1.94293  -0.271001  1
1027  0  0.36695  -0.000865755  12285.3  0.153981  0.0816633  1
1028  0  -0.127654  -0.0687326  13035.4  1.94108  -0.392949  1
1029  0  0.731415  0.218814  12742  2.01259  -0.20374  1
1030  0  0.715996  0.102142  12649.7  2.11661  -0.235355  1
1031  0  0.964067  -0.616335  12698.7  2.00466  -0.111767  1
1032  0  1.3434  -0.264001  12756  1.93158  -0.131109  1
1033  0  0.1028  1.29541  13251.2  1.88081  -0.108325  1
1034  0  0.0692834  0.335909  13168.9  1.88845  -0.0198266  1
1035  0  0.609757  -0.0236566  12542.3  0.774654  -0.0846722  1
1036  0  -0.736453  -1.42531  12847.9  2.01058  -0.306167  1
1037  0  1.05941  0.133789  12866.1  1.95924  -0.244172  1
1038  0  0.0295833  0.106637  13621.4  1.63244  0.169203  1
1039  0  -0.0298064  0.0010474  13376  1.56569  -0.793532  1
1040  0  0.432314  0.495609  12939.7  1.97464  -0.108307  1
1041  0  0.612502  -0.410112  12636.7  2.09248  -0.113055  1
1042  0  -0.353483  0.220067  13221.6  1.91649  -0.190584  1
1043  0  0.985972  -0.0484971  12884.4  1.52626  0.055631  1
1044  0  1.80615  -1.80174  12611.5  1.99036  -0.164282  1
1045  0  0.383806  -0.140728  12470  2.17816  -0.0928577  1
1046  0  0.291879  0.0978945  12636.4  1.90913  0.0293469  1
1047  0  0.578674  -0.749866  12680.8  2.04832  -0.154822  1
1048  0  0.635564  -0.29395  12613.7  2.1021  -0.0924173  1
1049  0  0.569272  -0.939826  12694.1  2.03289  -0.162839  1
1050  0  0.781889  -0.390014  12674.8  2.06093  -0.074267  1
1051  0  0.834087  -0.533336  12688.5  2.0293  -0.103285  1
1052  0  0.0695754  -0.213589  12525.1  2.15913  -0.291872  1
1053  0  0.884695  0.258172  12801.1  1.97452  -0.225939  1
1054  0  0.00203323  0.0638739  14073.3  1.32201  0.0711624  1
1055  0  0.287691  -0.1116  12306.2  2.28941  -0.132005  1
1056  0  0.620218  -0.58662  12665.5  2.06026  -0.136392  1
1057  0  1.02254  -0.262123  12773.1  1.95448  -0.0215803  1
1058  0  0.601996  0.166513  12680.3  2.10009  -0.178499  1
1059  0  -0.600512  -0.07599  13080  1.97546  -0.305437  1
