330  542  866
541  542  866
435  507  931
367  537  1001
269  509  985
414  486  810
290  725  760
349  460  912
273  748  988
285  671  1003
725  760  879
392  495  1009
322  560  945
484  748  988
376  676  823
369  474  767
373  485  566
326  494  505
291  540  786
328  461  635
490  720  853
284  774  967
12  443  678
300  545  579
321  390  441
321  397  441
293  452  564
350  458  581
359  769  815
366  477  559
285  527  574
354  411  607
357  509  552
434  601  900
274  407  521
357  470  519
350  458  759
399  499  819
287  522  767
367  482  762
432  583  908
299  471  627
366  559  692
316  613  639
351  425  485
332  569  644
282  566  969
325  526  680
306  779  1019
303  476  600
322  397  446
349  546  912
380  705  828
433  491  743
287  767  910
429  518  685
349  460  622
349  459  622
346  612  747
328  461  882
333  553  644
509  552  985
313  353  560
363  525  649
544  932  935
281  473  630
330  932  935
368  484  555
313  536  567
96  97  523
352  702  954
360  494  951
342  509  904
354  411  598
322  560  898
398  634  736
286  530  696
269  509  605
297  457  720
294  502  977
332  569  654
334  537  1001
319  755  864
349  595  754
365  611  777
38  559  692
331  435  931
348  571  681
300  533  545
543  652  1024
437  543  856
270  469  904
295  532  936
326  494  623
344  481  806
342  509  605
297  720  853
28  602  675
86  87  538
325  486  810
313  353  536
366  477  801
281  464  630
425  816  889
402  694  698
373  485  578
275  586  995
482  549  832
3  27  675
395  437  543
481  806  867
428  501  742
293  597  994
376  507  823
303  476  592
513  616  673
340  440  529
270  470  904
472  505  954
3  28  675
485  566  969
406  471  669
15  508  821
28  29  602
464  540  786
368  484  658
346  444  496
302  569  654
354  573  732
435  524  701
92  647  918
366  500  768
392  584  1009
315  502  715
298  683  738
393  570  999
408  548  985
385  468  953
361  626  742
92  918  961
456  624  781
292  491  855
380  496  828
389  482  549
364  611  628
280  433  743
452  564  812
344  436  481
363  523  649
359  463  769
285  527  1003
408  552  878
449  666  958
382  624  781
294  503  977
291  657  684
293  478  597
94  95  525
285  434  900
353  536  762
268  573  732
379  703  788
386  679  809
299  562  746
410  519  799
423  608  704
338  583  908
0  138  570
302  569  859
301  569  745
360  494  505
352  472  954
287  479  842
357  552  645
360  495  951
11  12  678
295  476  936
515  776  1002
357  470  509
379  497  788
363  523  800
326  442  874
287  457  842
390  441  594
287  479  927
374  523  800
381  560  817
395  543  652
288  579  947
403  616  673
384  530  696
330  542  935
286  530  625
408  548  873
385  468  825
292  491  610
380  546  612
388  512  572
325  526  685
367  536  537
271  493  604
383  608  704
499  608  717
436  481  591
289  590  965
556  702  954
353  560  817
282  566  792
363  641  917
289  452  629
318  520  694
339  518  685
399  499  643
382  624  711
397  441  596
560  648  945
341  627  751
738  820  970
101  102  668
0  46  783
354  598  732
324  499  819
376  554  756
394  554  756
558  776  1002
282  483  792
268  573  939
326  442  802
397  446  603
379  497  980
303  561  600
295  488  532
387  545  579
24  611  777
410  677  799
270  445  469
418  528  577
344  498  641
77  78  554
297  457  630
400  915  966
373  527  574
345  458  631
392  694  698
361  737  742
370  561  600
417  562  725
369  474  689
584  813  1009
367  536  762
416  555  988
352  472  979
366  768  962
288  710  771
306  533  1019
341  627  775
432  583  732
360  505  954
552  645  878
371  484  748
279  634  736
122  123  576
305  468  595
392  520  694
406  471  740
412  548  908
35  477  702
293  713  877
345  458  851
359  815  955
323  439  455
311  776  821
428  501  605
294  502  731
445  514  805
534  586  995
287  568  998
307  657  684
356  566  574
301  569  644
111  112  670
292  451  610
287  522  998
128  129  565
339  456  518
292  451  613
317  842  916
501  742  959
458  631  759
346  444  561
319  455  726
45  752  770
269  428  605
34  556  702
683  738  928
405  579  947
44  753  770
386  517  809
358  726  974
462  567  774
354  607  802
383  475  717
414  489  646
367  389  482
414  489  640
12  443  681
301  553  884
424  492  785
274  614  986
308  564  812
539  612  747
33  34  556
324  650  717
365  475  650
393  549  891
296  478  575
342  469  633
388  512  708
536  537  567
101  588  668
25  611  628
445  469  971
336  524  701
409  541  866
307  461  657
273  499  608
283  820  970
414  486  997
292  613  639
58  59  585
399  534  586
351  425  816
290  581  760
278  666  958
404  565  839
336  453  524
285  434  723
382  565  839
56  57  587
356  566  792
328  393  646
294  582  903
135  136  580
269  428  741
470  509  904
315  502  731
490  720  949
364  512  572
304  539  612
312  503  636
302  613  859
433  491  855
404  695  847
275  816  889
467  553  884
508  712  831
407  540  890
333  553  653
304  546  612
271  493  887
515  774  967
468  595  754
321  390  870
476  600  936
280  607  743
318  520  924
360  556  954
54  55  594
273  499  643
48  49  599
389  461  635
89  90  563
298  683  806
268  583  732
382  565  711
52  53  596
526  680  950
317  672  916
287  568  927
363  525  641
299  471  669
21  544  704
412  548  741
112  606  670
444  496  804
311  714  821
361  530  625
421  517  797
429  685  810
295  476  593
1  10  752
1  45  752
388  572  758
484  555  988
528  577  707
362  487  582
317  720  949
393  570  891
35  477  836
303  561  747
100  101  588
50  51  603
417  562  746
43  44  753
372  497  656
350  581  992
470  519  799
493  604  650
350  623  759
368  841  905
417  725  928
404  529  847
270  470  799
0  750  783
20  21  544
37  38  559
497  656  980
93  591  772
419  683  806
307  486  882
32  584  813
409  511  866
44  45  770
386  538  1015
306  551  629
327  600  936
301  553  644
98  99  589
395  550  724
471  627  1023
464  540  1000
370  492  670
274  407  793
94  525  772
351  485  578
606  670  862
432  598  732
315  656  715
354  573  802
431  760  879
361  625  626
307  486  1013
415  447  710
590  666  920
435  507  795
421  682  797
371  484  658
352  702  801
323  439  937
372  497  668
474  767  996
316  769  815
383  608  717
322  397  857
498  641  917
372  588  668
379  637  703
336  557  701
442  607  802
368  521  905
323  712  714
425  700  889
326  505  993
314  653  1005
280  433  740
283  856  970
14  15  821
336  557  722
593  792  975
97  523  693
379  609  811
429  518  846
339  781  853
373  578  911
516  590  965
516  590  844
450  569  745
324  493  650
372  588  869
96  523  649
308  564  665
427  510  773
294  731  903
377  616  665
439  455  974
450  569  859
377  585  716
407  521  829
396  550  995
277  598  667
351  586  642
302  815  955
393  489  646
396  789  887
313  567  780
343  652  1024
396  534  995
366  500  801
348  571  776
270  445  805
299  562  669
321  397  857
347  537  863
392  520  765
411  607  743
112  113  606
291  540  890
329  636  977
474  841  905
327  739  936
449  710  771
533  545  790
405  579  948
466  738  928
392  584  765
472  573  939
378  595  850
392  495  698
627  751  1022
269  548  741
399  642  643
307  461  882
340  440  632
420  591  1018
339  685  853
415  447  764
380  620  705
395  550  922
335  609  811
407  439  890
476  592  593
350  531  874
395  437  724
418  583  768
288  579  771
442  531  874
475  777  794
429  778  846
440  529  827
293  452  877
297  526  853
293  478  713
79  80  618
300  579  948
324  493  789
401  684  786
355  551  718
288  467  947
81  82  615
338  548  908
273  608  748
375  666  959
391  687  1022
313  560  648
343  725  928
632  709  991
339  456  781
456  518  835
511  614  986
413  585  983
435  524  843
384  744  957
365  475  777
383  475  794
117  118  620
130  131  624
95  525  649
303  592  848
415  625  626
357  519  753
373  566  574
349  595  895
325  486  680
119  120  622
384  491  610
93  591  647
340  529  892
413  587  976
86  538  679
268  583  768
274  614  793
355  551  966
457  630  910
399  586  642
23  777  794
558  755  864
400  779  966
92  93  647
377  585  983
381  621  674
409  511  614
15  508  831
424  757  785
87  538  655
479  842  916
425  485  969
374  589  852
396  547  761
473  630  910
455  726  974
323  455  714
331  435  701
387  590  906
289  590  906
512  763  1007
276  578  911
433  471  782
356  574  723
445  514  967
351  586  816
408  528  707
13  571  681
472  505  993
348  515  776
543  856  970
553  653  1005
551  629  812
364  572  944
289  452  965
381  560  898
403  616  718
477  702  801
419  806  867
309  639  687
619  830  851
409  541  888
424  492  941
344  436  641
453  524  837
398  617  798
418  528  834
390  594  728
105  106  637
384  530  957
350  623  874
390  587  728
107  108  638
326  573  802
282  838  984
418  577  962
390  587  976
374  589  693
426  602  675
391  430  535
34  35  702
276  578  686
393  489  999
375  925  959
275  586  816
312  503  773
326  623  874
486  680  1013
337  779  1019
376  554  676
467  553  1005
305  468  825
487  582  903
285  574  723
387  590  920
328  393  635
370  600  861
324  499  717
438  588  869
420  751  1018
350  531  992
316  639  687
315  609  934
321  597  870
347  567  774
410  752  770
325  685  810
416  642  643
284  617  798
329  715  869
284  462  617
519  753  770
77  554  676
541  542  886
364  512  763
503  636  977
329  715  977
290  562  725
277  651  667
24  25  611
362  582  697
318  572  758
287  457  910
451  613  859
475  650  717
380  546  912
370  670  862
408  528  873
438  589  852
377  513  716
510  773  946
532  739  936
419  683  746
294  582  840
375  590  666
78  554  706
493  789  887
488  532  1021
333  854  865
136  580  640
393  549  635
308  616  665
418  583  834
69  70  660
397  603  734
122  576  688
452  629  812
388  664  758
435  803  843
307  684  1013
360  556  813
95  96  649
298  738  990
356  592  1004
381  599  898
46  47  621
65  66  661
67  68  659
397  596  734
123  576  690
424  739  941
433  471  740
426  602  924
355  915  966
302  613  815
63  64  662
634  713  877
333  644  865
295  593  975
510  738  990
296  826  952
278  742  959
305  709  991
39  40  577
288  467  881
342  469  904
458  581  760
319  455  755
436  525  641
270  677  805
277  598  909
490  781  853
379  637  811
384  491  744
427  582  840
304  539  897
38  39  692
571  776  821
40  577  707
403  718  930
488  609  934
400  659  727
128  565  695
290  581  876
348  514  515
19  542  935
342  501  605
444  561  862
129  565  711
331  663  796
473  767  910
375  590  844
31  32  584
343  652  879
284  462  774
274  521  933
87  88  655
410  519  770
289  545  790
374  636  852
362  699  700
357  645  1006
291  657  845
372  656  715
483  792  975
386  955  1015
322  857  945
400  661  727
422  923  975
595  850  895
46  621  783
381  621  817
336  453  721
396  547  887
403  673  733
604  763  1007
25  26  628
389  461  730
418  768  962
297  630  787
61  62  673
348  681  883
426  628  893
449  710  958
23  24  777
380  612  919
423  704  932
384  610  696
21  704  960
411  598  909
445  736  971
323  614  793
387  545  906
289  629  790
293  564  994
396  534  789
342  633  925
316  613  815
13  14  571
30  520  765
408  552  985
22  23  794
526  685  853
296  478  826
135  580  778
386  654  901
360  495  1009
331  796  931
370  492  861
314  663  691
385  568  825
300  533  722
85  86  679
446  599  898
402  664  758
744  909  957
431  619  851
438  852  869
282  699  984
375  633  844
403  662  733
374  523  693
398  634  713
427  582  1011
481  591  1018
430  687  769
431  619  1016
414  580  640
76  77  676
442  531  956
466  928  1024
572  791  944
380  620  912
427  510  820
385  601  953
391  430  687
440  818  827
422  731  903
414  646  997
323  614  712
477  559  836
31  584  765
365  604  650
365  611  763
409  614  712
136  137  640
299  627  775
520  602  924
310  619  1016
402  694  758
415  710  958
313  648  780
48  599  674
93  94  772
361  651  737
345  830  851
302  654  955
291  684  786
35  36  836
349  459  895
355  718  930
294  503  840
271  604  1007
416  555  686
435  795  803
89  563  885
451  610  696
121  122  688
377  513  616
336  721  722
380  496  919
394  618  858
276  686  942
412  651  737
412  651  667
327  600  861
272  698  951
100  588  807
508  714  821
335  480  784
123  124  690
137  489  640
421  615  854
275  724  995
98  589  693
335  480  811
344  498  929
306  533  790
364  611  763
391  535  918
308  616  718
127  128  695
370  561  862
286  625  764
458  760  851
99  589  807
396  550  761
340  632  709
473  767  996
59  585  716
372  715  869
279  516  634
426  791  924
436  525  772
82  83  682
415  626  958
58  585  719
97  98  693
455  714  755
357  753  1006
508  712  714
0  750  832
378  595  991
21  22  960
57  587  719
304  546  754
368  555  841
345  664  830
356  723  1004
278  626  742
30  520  1014
116  117  705
12  13  681
56  587  728
416  642  921
421  517  981
320  665  994
104  105  703
327  739  941
346  561  747
90  563  808
421  615  682
361  651  766
78  79  706
295  488  871
361  530  766
368  658  933
17  541  888
401  680  950
39  577  692
108  109  757
454  621  783
535  808  961
412  737  741
394  653  858
516  634  877
268  768  939
492  670  814
356  592  593
55  594  728
428  737  742
49  599  735
346  496  919
349  546  754
369  522  767
54  594  729
47  48  674
279  633  844
374  636  800
364  628  944
443  677  678
282  483  838
324  789  819
59  60  716
113  606  849
308  551  718
129  130  711
444  804  849
377  665  983
91  808  961
53  596  729
394  653  756
410  677  678
466  738  970
310  761  973
117  620  705
57  58  719
52  596  734
333  465  858
346  612  919
394  618  706
371  964  986
416  686  921
416  643  988
333  465  854
334  726  914
334  726  863
82  615  682
408  707  878
335  739  1021
55  56  728
90  91  808
79  618  706
53  54  729
37  559  987
463  563  769
19  542  963
371  658  986
50  603  735
26  628  893
395  652  922
448  547  973
134  135  778
306  551  966
424  638  757
306  629  790
510  738  820
51  603  734
49  50  735
443  677  805
550  724  995
376  507  931
51  52  734
309  639  782
465  618  858
105  637  703
280  607  956
19  20  935
40  41  707
432  598  667
108  638  757
332  644  865
309  687  1022
66  67  727
130  624  711
430  535  808
321  597  938
308  551  812
379  609  980
329  636  852
544  704  932
465  615  854
436  591  772
400  779  894
422  871  975
373  527  911
342  501  925
277  651  766
332  654  901
497  668  822
369  522  1003
371  748  749
118  620  896
462  617  952
430  563  769
80  618  875
386  654  955
456  835  880
102  668  822
119  622  896
399  534  819
547  887  982
62  63  733
331  701  989
81  615  875
423  608  748
120  622  899
520  602  1014
453  837  868
449  666  920
32  33  813
103  104  788
138  570  999
109  110  785
362  487  984
41  42  878
131  624  880
17  541  886
73  74  803
415  625  764
404  529  892
577  692  962
391  751  918
33  556  813
47  621  674
300  557  722
83  84  797
74  75  795
318  694  758
514  515  967
335  609  1021
318  572  791
111  670  814
375  633  925
99  100  807
106  637  943
410  678  1010
107  638  943
398  617  826
269  548  985
367  389  1001
562  669  876
434  539  897
311  558  776
351  642  921
15  16  831
84  85  809
582  697  1011
440  632  902
406  876  992
434  539  848
30  31  765
322  446  898
326  573  993
270  677  799
387  771  920
410  752  1010
386  538  679
491  743  744
443  681  883
419  746  775
114  115  804
414  580  810
337  779  894
434  601  897
516  877  965
449  771  920
467  691  947
385  671  998
360  813  1009
409  712  831
424  638  784
16  17  888
386  517  901
281  473  996
124  125  818
314  663  796
343  928  1024
407  540  829
426  628  944
345  664  1008
428  737  741
400  659  894
404  672  892
281  464  1000
359  463  1015
539  747  848
272  631  759
448  547  982
502  715  977
271  887  982
137  489  1012
440  690  818
288  710  881
405  663  691
381  599  674
420  751  918
347  863  864
75  76  823
404  672  839
527  833  1003
42  645  878
20  544  935
0  570  891
341  751  1018
347  537  567
312  636  800
394  554  706
425  699  700
400  661  915
67  659  727
424  739  784
303  747  848
448  708  1017
115  116  828
66  661  727
338  548  873
368  521  933
405  663  989
125  126  827
385  568  998
70  660  868
447  745  872
338  583  834
398  713  826
312  773  946
576  688  850
311  558  755
110  111  814
617  826  952
547  761  973
334  537  863
530  766  957
353  454  817
331  663  989
310  619  973
278  626  958
522  671  1003
452  877  965
365  604  763
71  72  837
132  133  835
483  923  975
462  567  780
376  756  796
432  667  908
279  633  971
63  662  733
447  764  872
113  114  849
501  925  959
369  833  1003
329  852  869
69  660  978
83  682  797
72  73  843
104  703  788
109  757  785
451  696  860
68  659  978
76  676  823
102  103  822
126  127  847
575  857  945
271  708  1007
133  134  846
403  662  930
402  664  1008
42  43  1006
353  454  762
17  18  886
648  780  952
333  653  858
274  658  933
70  71  868
330  866  964
29  30  1014
321  857  938
272  631  824
14  571  821
623  759  972
405  948  989
382  781  949
85  679  809
65  661  968
378  632  902
272  698  824
330  749  964
29  602  1014
338  834  873
550  761  922
62  673  733
64  662  968
407  439  937
345  631  1008
26  27  893
124  690  818
88  89  885
116  705  828
398  736  798
581  876  992
80  81  875
317  720  842
91  92  961
27  675  893
362  699  984
121  688  899
532  739  1021
471  782  1023
555  686  942
335  739  784
88  655  885
369  689  833
320  870  994
131  132  880
404  565  695
500  768  939
447  710  881
2  18  963
2  19  963
495  698  951
464  630  787
488  609  1021
472  573  993
41  707  878
127  695  847
311  714  755
10  11  1010
314  653  756
304  897  953
4  36  987
4  37  987
118  119  896
378  576  850
652  879  1016
429  580  778
120  121  899
564  665  994
61  673  1020
406  669  876
385  671  900
320  665  983
286  696  860
420  591  647
74  795  803
442  607  956
494  623  972
498  917  946
478  713  826
356  593  792
557  701  989
362  700  926
305  709  927
312  917  946
479  709  927
440  690  902
412  667  908
401  684  1013
337  506  907
110  785  814
459  688  899
426  675  893
366  692  962
134  778  846
417  683  746
407  793  937
401  786  787
434  723  1004
422  731  934
283  697  856
301  745  884
422  871  934
576  690  902
273  643  988
75  795  823
721  722  1019
450  860  872
454  621  817
103  788  822
337  506  894
115  804  828
459  688  850
341  775  867
305  825  927
84  797  809
423  748  749
310  652  922
114  804  849
296  648  952
592  848  1004
463  655  1015
297  526  950
444  606  849
438  588  807
388  664  1017
355  504  915
348  514  883
425  699  969
305  595  991
388  708  1017
73  803  843
478  575  938
304  754  953
480  638  784
315  609  980
355  504  930
106  107  943
387  579  771
445  798  967
474  689  841
438  589  807
559  836  987
279  516  844
429  580  810
340  672  892
448  619  830
125  818  827
378  576  902
309  627  1022
299  746  775
271  708  982
317  672  839
448  708  982
385  601  900
461  657  913
448  619  973
845  890  974
480  637  811
447  881  884
60  716  1020
351  578  921
467  881  884
402  698  824
64  65  968
460  620  896
406  740  940
282  699  969
133  835  846
460  622  896
68  69  978
126  827  847
453  721  907
315  731  934
431  760  851
468  754  953
314  756  796
72  837  843
459  622  899
511  964  986
480  637  943
522  671  998
480  638  943
437  724  889
376  796  931
132  835  880
447  745  884
71  837  868
578  686  921
542  886  963
290  562  876
343  725  879
402  824  1008
555  841  942
444  606  862
557  948  989
453  660  907
409  831  888
312  800  917
274  658  986
281  829  905
285  671  900
278  666  959
453  660  868
60  61  1020
344  806  929
378  632  991
456  624  880
454  750  762
316  687  769
535  918  961
465  618  875
465  615  875
450  745  872
315  656  980
323  793  937
503  773  840
500  801  979
460  620  912
430  563  808
411  743  744
314  691  1005
280  940  956
300  557  948
534  789  819
340  709  916
389  549  635
463  563  885
401  680  1013
340  672  916
454  750  783
289  545  906
291  845  890
283  697  1011
490  781  949
292  639  855
413  585  719
276  689  833
437  700  889
413  587  719
421  854  865
427  773  840
463  655  885
528  834  873
514  805  883
488  871  934
296  575  945
328  882  997
512  708  1007
445  736  798
389  730  1001
310  761  922
18  886  963
437  700  926
277  909  957
279  736  971
359  955  1015
371  749  964
441  594  729
352  801  979
390  870  976
664  830  1017
597  870  994
441  596  729
318  791  924
639  782  855
328  646  997
506  660  907
575  857  938
446  599  735
631  824  1008
497  788  822
511  866  964
421  865  981
280  740  940
358  726  914
309  782  1023
601  897  953
11  678  1010
383  704  960
478  597  938
483  838  923
405  691  947
42  645  1006
286  764  872
446  603  735
489  999  1012
347  864  1002
492  785  814
413  976  983
286  860  872
0  832  891
401  787  950
450  859  860
506  660  978
309  627  1023
506  659  978
494  951  972
363  800  917
138  999  1012
276  689  942
317  839  949
419  775  867
275  724  889
426  791  944
337  721  907
281  905  996
422  903  923
496  804  828
568  825  927
310  652  1016
297  787  950
506  659  894
362  697  926
457  720  842
504  661  968
284  798  967
433  782  855
504  662  968
276  833  911
513  716  1020
298  806  929
469  633  971
383  794  960
461  730  913
358  913  914
10  752  1010
319  726  863
481  867  1018
281  829  1000
540  829  1000
527  833  911
347  774  1002
443  805  883
459  850  895
507  795  823
513  673  1020
423  749  932
533  722  1019
411  744  909
482  750  832
382  839  949
472  939  979
467  691  1005
531  940  956
504  661  915
22  794  960
518  835  846
337  721  1019
272  951  972
466  970  1024
464  786  787
498  946  990
504  662  930
296  648  945
492  861  941
420  647  918
277  766  957
529  827  847
319  863  864
272  759  972
427  820  1011
474  905  996
538  655  1015
16  831  888
498  929  990
487  838  923
482  750  762
479  709  916
689  841  942
517  797  809
330  749  932
524  837  843
697  856  926
334  730  1001
295  871  975
406  940  992
487  838  984
391  751  1022
332  865  981
451  859  860
417  683  928
298  929  990
341  867  1018
320  870  976
500  939  979
521  829  905
43  753  1006
431  879  1016
36  836  987
558  864  1002
439  890  974
448  830  1017
358  657  845
517  901  981
358  657  913
487  903  923
437  856  926
543  970  1024
486  882  997
306  779  966
283  820  1011
358  845  974
334  730  914
327  861  941
320  976  983
531  940  992
434  848  1004
462  780  952
730  913  914
510  946  990
515  774  1002
332  901  981
549  832  891
137  138  1012
