35  511  936
35  445  936
358  486  911
292  551  930
382  703  791
552  596  807
351  420  532
294  526  554
329  508  882
69  70  502
340  580  893
24  419  548
351  557  613
361  632  768
313  491  929
536  550  743
289  421  825
347  524  538
351  398  597
286  480  715
325  368  769
266  491  492
316  360  393
309  584  653
304  481  686
341  418  813
44  549  601
286  512  748
351  420  597
392  482  812
281  610  629
347  463  898
373  614  795
287  444  708
318  552  596
320  346  553
34  35  445
327  537  957
325  536  550
359  406  758
399  562  832
289  422  825
85  86  523
25  501  757
346  477  870
442  525  916
307  465  570
351  398  557
269  557  581
396  480  715
554  561  883
378  402  600
287  444  686
336  426  479
293  500  529
317  517  648
73  74  505
321  425  476
298  375  537
75  76  504
433  554  561
388  557  613
329  453  508
331  381  521
703  791  962
340  424  723
341  418  470
289  422  516
302  490  530
340  432  559
504  670  698
38  497  599
399  611  832
488  491  929
382  456  805
44  45  601
358  497  911
25  26  757
320  346  870
378  402  793
353  543  641
361  476  768
394  665  817
353  543  766
340  424  559
353  534  641
482  812  874
416  596  807
295  490  696
312  520  748
383  543  766
414  584  653
280  454  800
410  454  800
373  667  795
286  715  748
353  534  742
489  582  628
266  518  728
347  522  626
296  524  538
338  437  662
294  337  712
292  461  930
334  473  871
334  467  871
30  590  727
380  534  742
38  39  497
2  19  622
2  18  622
372  522  794
268  473  645
329  453  462
304  481  540
349  540  776
325  368  550
349  540  710
381  670  698
369  485  609
0  137  514
367  422  516
352  430  854
357  709  779
266  492  518
272  430  546
320  553  720
298  375  579
119  120  515
98  99  522
458  580  893
394  571  665
359  427  820
330  424  723
354  547  744
347  522  794
295  490  530
343  443  483
330  424  468
370  524  555
290  589  933
369  609  800
328  483  729
410  609  914
285  544  825
269  557  831
275  456  703
363  525  570
282  470  874
443  483  729
375  579  608
410  454  857
22  416  639
352  485  854
325  536  681
403  552  823
327  330  448
294  337  526
338  599  911
310  539  939
342  525  916
342  584  702
308  580  952
497  599  911
387  582  628
292  517  789
24  419  864
27  757  783
366  457  774
298  579  597
388  557  581
328  433  561
370  555  765
305  540  787
344  457  576
136  137  689
310  539  667
354  474  629
380  638  785
92  93  468
445  738  886
340  432  580
269  496  935
358  510  934
22  416  869
400  590  727
293  472  536
368  550  698
335  509  824
304  444  660
302  362  615
355  607  799
408  527  642
316  589  650
397  507  949
34  445  886
328  433  691
301  563  903
110  111  535
130  131  534
328  691  826
474  610  629
385  745  927
360  393  564
302  362  633
380  479  785
491  492  879
363  570  778
289  516  606
509  741  824
324  625  743
358  510  948
335  527  642
395  719  821
419  614  864
388  581  693
427  607  799
388  506  613
458  580  952
400  506  838
132  133  543
121  122  542
347  463  626
137  514  689
272  546  706
508  533  882
29  30  590
346  389  835
299  506  613
399  431  789
296  461  555
398  557  831
373  581  693
318  552  823
359  406  752
388  506  838
389  568  687
465  791  906
270  642  948
455  701  868
358  487  934
377  532  661
357  499  779
322  555  765
347  524  898
512  709  732
303  444  920
372  580  794
280  435  529
375  537  606
331  625  657
437  486  911
323  570  778
382  456  703
356  678  681
341  503  813
361  535  736
431  517  789
399  431  959
334  473  819
473  644  819
338  437  911
286  480  940
365  492  518
367  422  680
396  480  862
266  488  491
270  642  802
282  470  888
330  573  723
376  535  736
414  584  702
494  563  903
35  36  511
12  434  735
268  473  644
332  530  657
383  499  760
322  551  803
66  67  558
50  51  569
436  526  554
355  474  610
296  524  555
460  520  748
397  484  949
267  507  919
327  537  965
339  484  547
307  465  714
345  722  844
368  505  769
278  609  914
369  567  800
290  466  933
431  517  648
26  27  757
46  47  577
314  501  614
48  49  564
410  609  800
390  658  764
280  567  750
31  475  727
287  472  857
371  542  730
383  643  760
425  476  731
329  512  732
274  449  694
290  658  700
359  572  752
365  596  639
332  530  633
23  24  548
379  542  730
528  664  842
336  563  884
350  611  758
408  642  802
279  658  764
365  492  596
451  695  808
90  91  568
501  614  864
500  529  696
418  470  874
338  599  936
31  475  749
307  525  570
293  536  743
360  394  577
322  697  803
289  421  553
69  502  617
455  701  938
70  502  616
344  457  860
358  486  948
286  533  940
96  97  566
426  479  761
319  541  604
447  539  667
302  490  666
347  538  794
373  447  581
419  614  795
395  695  821
508  712  855
381  621  670
94  95  559
315  606  965
400  707  838
611  746  758
392  482  663
443  518  728
366  487  897
464  703  962
465  570  915
42  576  754
346  389  568
365  518  892
280  454  529
318  492  596
366  509  774
288  466  531
310  548  795
359  427  704
490  696  926
363  586  649
283  459  653
274  734  875
469  481  686
310  548  807
313  491  877
308  538  591
366  509  897
363  583  649
331  441  521
537  606  965
428  507  929
297  573  723
312  709  779
317  517  654
312  766  779
275  679  703
297  574  646
267  547  744
369  485  726
15  561  883
299  532  661
357  514  732
367  680  734
282  482  591
303  536  681
359  556  758
296  461  663
272  706  747
273  579  608
421  553  720
37  38  599
275  456  822
284  791  906
437  486  821
537  560  957
312  520  766
331  381  740
427  607  820
355  713  799
413  513  867
315  389  835
381  698  740
333  446  513
377  604  677
91  568  687
269  602  935
429  757  783
511  599  936
273  575  921
420  532  762
510  642  948
293  529  889
42  43  576
377  604  661
377  532  762
305  540  776
411  541  604
12  434  737
85  523  618
395  695  808
338  662  936
444  660  920
371  584  730
292  718  789
365  565  892
73  505  631
309  545  684
388  693  838
300  545  904
76  504  670
74  505  630
318  492  879
400  475  772
384  549  601
75  504  630
354  480  629
359  556  820
354  474  744
86  523  612
383  766  779
428  507  919
354  547  773
314  501  815
344  549  833
440  737  834
405  546  739
391  706  747
343  565  858
344  549  842
378  456  600
336  426  844
366  457  754
364  569  674
540  710  786
358  497  724
321  551  803
413  659  811
370  594  651
297  458  646
521  621  806
304  444  686
352  528  733
405  701  868
481  540  787
325  415  769
315  606  917
422  544  825
394  571  909
316  589  716
276  746  813
305  699  787
88  89  598
420  579  597
337  712  855
116  117  583
350  556  679
443  518  892
389  448  873
494  563  884
266  488  863
454  529  889
77  78  621
343  443  892
290  650  700
321  425  803
119  515  627
120  515  634
527  734  875
303  444  708
287  686  894
337  526  830
267  507  949
416  596  639
413  867  942
268  572  752
37  599  816
361  654  736
114  115  586
112  113  585
385  712  745
384  664  842
370  593  651
359  572  704
288  481  859
352  528  860
396  460  636
294  554  881
469  481  859
404  636  798
345  592  844
297  458  893
292  461  718
335  527  824
373  447  667
405  546  868
439  491  877
335  509  897
355  610  925
454  472  857
486  821  948
316  360  818
91  92  687
339  484  691
413  513  811
272  528  664
41  683  753
332  450  519
442  525  856
299  506  772
441  519  851
358  487  683
99  522  626
279  546  868
277  588  901
330  448  468
713  799  919
324  550  698
278  609  854
98  522  637
274  449  544
374  588  901
319  541  738
462  514  732
406  503  645
272  528  733
344  576  833
101  102  593
406  503  746
275  556  679
40  41  683
286  533  882
429  590  707
105  106  595
343  622  858
336  479  804
17  18  721
403  552  939
327  448  676
400  475  727
93  468  775
367  734  771
482  591  843
364  569  956
295  500  625
287  472  708
103  104  594
285  544  705
387  582  669
434  664  735
449  567  750
321  476  849
334  467  935
130  534  638
131  534  641
408  527  734
361  535  632
110  535  632
393  569  956
373  614  693
459  545  904
380  563  804
374  573  574
271  741  774
464  679  703
111  535  647
381  521  621
327  330  573
20  565  846
419  548  795
350  464  928
460  715  748
295  500  696
315  389  676
11  12  735
411  749  890
333  513  867
362  633  839
633  839  945
132  543  641
316  393  956
121  542  634
133  543  643
328  483  777
275  607  820
297  573  574
277  588  895
339  691  745
122  542  656
339  745  927
396  460  715
303  678  920
125  126  605
123  124  603
437  719  821
377  575  677
351  532  918
3  28  783
3  27  783
270  821  948
360  564  668
308  580  794
418  812  874
465  714  791
276  611  832
350  464  679
323  452  778
433  691  745
308  538  794
323  452  759
293  472  889
316  716  956
363  586  778
441  521  763
364  489  674
301  563  742
500  625  743
280  567  800
302  666  720
292  517  878
363  583  856
25  501  864
446  513  796
390  423  751
380  563  742
350  556  758
411  604  661
317  578  711
357  499  689
319  604  677
280  435  750
355  474  713
283  459  780
469  686  894
343  565  892
61  62  620
503  746  813
432  580  958
464  682  928
59  60  619
312  709  748
272  430  733
363  525  856
57  58  624
317  578  648
68  69  617
55  56  623
70  71  616
18  622  721
279  455  658
323  578  711
325  415  937
288  481  787
379  603  656
457  635  860
84  85  618
575  762  921
383  499  779
53  54  628
384  549  842
384  664  735
20  21  846
268  572  781
370  524  898
488  507  929
86  87  612
395  575  677
475  749  890
360  577  668
302  530  633
368  504  698
400  506  772
279  546  706
271  635  774
321  551  878
303  678  681
72  73  631
99  100  626
118  119  627
321  654  878
396  636  798
74  75  630
266  728  863
375  516  608
366  487  753
36  511  816
426  761  782
273  575  808
387  669  866
485  609  854
441  519  810
300  545  912
295  625  657
299  613  918
449  567  694
451  771  802
456  805  963
572  704  877
379  684  730
274  694  875
429  707  815
380  479  804
109  110  632
450  519  809
320  417  870
309  684  730
402  780  904
421  666  825
322  551  930
290  466  896
411  541  828
319  662  738
267  547  949
120  121  634
15  16  561
371  542  634
313  704  877
290  589  650
129  130  638
376  585  647
361  476  849
386  619  685
302  615  720
4  36  816
4  37  816
408  771  802
346  553  835
370  594  765
407  469  859
562  718  789
301  742  876
66  558  659
386  624  685
307  525  702
311  650  700
407  469  894
378  456  822
67  558  671
131  132  641
531  699  787
453  571  790
538  591  843
390  423  885
269  581  913
436  834  883
289  606  917
335  642  934
425  731  767
309  584  730
365  565  846
133  134  643
307  714  922
317  711  736
97  98  637
97  566  637
375  516  606
320  417  615
352  430  733
327  676  965
296  663  843
269  496  831
387  628  688
92  468  873
21  22  639
326  867  942
457  576  754
438  888  908
387  623  688
364  489  582
94  559  775
95  559  770
336  563  804
322  555  930
400  590  707
96  566  770
511  599  816
311  665  817
39  497  724
300  884  907
372  580  958
309  545  924
275  556  820
343  483  721
332  519  851
111  112  647
306  589  716
342  525  702
395  677  719
378  610  793
115  116  649
293  500  743
272  664  747
461  663  718
370  593  898
317  654  736
51  569  674
295  530  657
324  698  740
65  66  659
371  584  841
122  123  656
371  515  634
300  592  884
336  844  884
360  394  817
374  573  957
395  575  808
50  569  672
13  737  834
102  103  651
435  529  696
30  31  727
290  658  896
42  754  755
288  531  787
548  807  869
372  566  637
316  650  818
344  528  860
326  660  920
588  690  831
389  448  676
271  726  944
348  669  866
116  583  649
379  603  717
472  536  960
51  52  674
439  491  879
417  615  872
345  684  912
435  696  926
283  780  963
509  741  774
404  494  903
334  819  902
433  554  881
422  544  680
49  564  672
376  711  736
115  586  649
323  578  915
112  585  647
397  507  863
271  635  944
333  446  710
314  614  693
438  574  646
399  562  789
392  562  718
403  644  781
49  50  672
287  857  894
459  780  904
76  77  670
368  505  630
306  582  669
47  577  668
382  587  714
368  504  630
328  729  826
417  612  652
33  541  828
329  462  732
409  824  875
385  508  712
433  745  881
470  888  908
286  512  882
284  648  959
406  645  752
48  564  668
67  68  671
331  441  851
404  636  903
282  482  874
310  552  939
47  48  668
331  625  740
453  508  855
397  729  826
341  470  673
71  72  675
44  549  833
117  583  837
436  756  834
24  25  864
402  655  904
378  822  925
322  471  697
345  478  722
560  690  923
298  597  923
510  642  934
0  46  692
334  602  935
404  494  907
58  59  685
22  23  869
482  663  843
345  478  717
407  701  847
114  586  848
113  585  848
527  824  875
460  520  961
384  601  845
367  516  608
54  55  688
341  503  801
343  622  721
410  640  914
46  577  692
285  666  825
322  471  765
473  645  801
441  797  810
102  593  651
123  603  656
87  88  652
103  594  651
415  631  675
333  660  786
440  756  834
299  532  918
90  568  891
288  701  938
357  514  689
592  844  884
273  808  865
412  617  671
106  595  767
329  512  882
409  725  741
292  551  878
415  616  675
328  561  777
107  108  731
342  584  841
303  536  960
77  621  670
281  610  793
495  533  940
426  605  722
362  615  872
376  585  759
447  539  902
380  534  638
304  540  786
445  662  936
0  790  909
31  32  749
332  633  945
376  535  647
445  662  738
379  684  717
105  595  905
553  835  917
308  591  952
285  490  666
379  542  656
93  94  775
12  13  737
126  605  782
39  40  724
383  543  643
288  466  938
320  615  720
101  593  900
271  725  741
13  14  834
430  546  739
104  594  905
372  522  637
279  455  868
298  560  923
78  621  806
358  683  724
412  931  942
95  96  770
14  15  883
480  629  862
416  807  869
277  673  895
512  709  748
32  33  828
124  603  943
125  605  943
43  44  833
496  588  895
106  107  767
281  629  862
284  648  906
401  453  571
79  80  763
458  646  850
365  639  846
324  550  743
517  654  878
587  714  922
134  135  760
16  561  777
351  613  918
431  648  959
447  581  913
364  716  956
127  128  761
377  575  762
374  588  690
108  109  768
385  495  533
33  541  886
409  725  954
88  598  652
399  682  959
323  711  759
446  796  827
441  763  797
126  127  782
392  663  718
437  662  719
348  669  699
80  81  797
301  636  961
345  592  912
494  884  907
332  657  851
450  809  829
601  845  950
390  658  700
331  657  851
41  42  755
136  689  852
389  687  873
398  597  923
128  129  785
382  714  791
324  625  740
434  664  747
436  526  756
319  677  719
283  653  910
425  595  697
399  611  928
68  617  671
515  627  916
409  694  954
109  632  768
268  644  781
344  528  842
71  616  675
0  514  955
414  653  910
298  537  560
439  572  781
276  611  746
439  823  879
314  707  838
273  579  921
16  17  953
364  582  716
392  562  832
426  605  782
118  627  837
454  472  889
129  638  785
63  64  796
89  598  891
23  548  869
467  673  895
429  590  814
361  654  849
288  701  859
403  819  939
374  560  690
311  817  818
600  780  963
478  605  722
28  29  814
402  600  780
333  660  867
78  79  806
403  781  823
59  619  685
503  645  801
72  631  675
352  485  944
451  808  865
326  931  942
323  570  915
300  655  907
284  959  962
58  624  685
345  684  717
376  711  759
539  819  902
19  20  858
449  544  705
319  662  719
314  707  815
354  480  941
397  728  729
425  595  767
386  619  853
134  643  760
402  655  792
82  83  809
55  623  688
296  538  843
81  82  810
64  65  811
100  626  900
92  687  873
62  620  827
10  845  950
398  690  831
356  678  931
83  84  829
386  624  861
417  612  872
62  63  827
54  628  688
390  700  751
356  681  937
384  735  845
61  620  947
451  695  802
424  468  775
545  684  912
353  766  876
369  725  726
33  34  886
459  545  924
466  531  933
60  619  947
0  790  955
301  636  903
337  401  899
311  650  818
10  11  845
84  618  829
391  764  885
387  623  866
326  660  867
57  624  951
461  555  930
442  627  837
117  118  837
289  553  917
56  623  951
531  933  946
306  582  716
87  612  652
291  526  756
300  655  904
310  552  807
520  876  961
346  477  568
607  822  925
291  526  830
386  776  853
339  547  773
371  515  841
29  590  814
391  880  885
457  635  774
415  631  769
21  639  846
372  566  958
53  628  964
113  114  848
357  709  732
406  746  758
348  699  932
1  10  950
1  45  950
405  701  847
484  547  949
306  589  933
107  731  767
412  617  784
539  819  939
341  673  871
471  595  697
415  616  788
385  508  533
108  731  768
434  737  840
404  655  792
397  484  826
337  401  855
20  565  858
467  673  871
487  683  753
332  450  945
478  603  717
300  592  912
274  544  680
275  607  822
305  699  932
291  423  885
374  560  957
65  659  811
14  834  883
460  636  961
301  876  961
421  666  720
135  136  852
127  761  782
89  90  891
515  841  916
465  578  915
417  598  652
128  761  785
410  640  857
466  896  938
19  622  858
100  101  900
483  721  953
407  640  894
448  468  873
411  661  890
488  507  863
349  776  853
104  105  905
394  692  909
270  695  802
442  583  837
270  695  821
321  654  849
474  713  744
273  608  865
424  559  775
640  857  894
412  558  671
352  635  944
268  645  752
452  586  848
452  585  848
411  749  828
310  667  795
397  728  863
43  576  833
404  655  907
402  792  793
405  739  847
279  706  764
428  799  919
124  125  943
333  710  786
274  680  734
352  635  860
52  674  964
40  683  724
318  823  879
440  737  840
285  490  926
453  462  790
452  585  759
285  705  926
455  658  896
291  880  885
41  753  755
432  559  770
369  567  954
326  678  931
401  453  855
80  763  797
281  798  862
452  586  778
407  701  859
337  830  899
432  566  770
17  721  953
427  704  836
414  910  922
665  751  899
60  61  947
356  502  784
309  653  924
646  850  888
478  603  943
478  605  943
356  502  788
56  57  951
413  558  659
325  681  937
349  493  887
409  741  824
271  725  726
79  763  806
501  757  815
682  959  962
435  705  750
471  594  765
299  661  890
349  493  853
52  53  964
45  601  950
438  901  908
404  792  798
135  760  852
339  773  927
442  627  916
81  797  810
463  626  900
64  796  811
435  705  926
63  796  827
369  725  954
442  583  856
471  595  905
278  739  847
428  836  929
471  594  905
523  618  839
401  571  665
0  692  909
340  723  893
499  689  852
356  784  931
350  611  928
299  772  890
382  587  805
83  809  829
348  498  861
82  809  810
291  756  880
378  610  925
366  754  755
348  498  866
356  788  937
334  602  902
306  933  946
520  766  876
450  618  839
470  673  908
463  593  900
496  588  831
366  753  755
465  578  906
439  572  877
291  423  830
450  618  829
426  722  844
446  620  827
436  554  883
362  523  839
446  620  887
311  700  751
326  678  920
451  771  865
367  771  865
446  710  887
602  902  913
420  762  921
392  812  832
16  777  953
355  607  925
484  691  826
578  648  906
407  640  914
408  734  771
443  728  729
434  747  840
391  747  840
425  697  803
278  739  854
304  660  786
429  757  815
456  600  963
567  694  954
393  569  672
267  713  744
269  602  913
430  739  854
367  608  865
502  617  784
427  799  836
393  564  672
505  631  769
502  616  788
429  783  814
282  850  888
463  593  898
32  749  828
587  910  922
305  776  932
396  798  862
354  773  941
28  783  814
398  690  923
399  682  928
314  693  838
303  708  960
420  579  921
311  665  751
432  566  958
438  574  901
362  523  872
476  731  768
386  776  932
374  574  901
493  620  887
360  817  818
414  702  922
499  760  852
479  761  785
353  742  876
409  694  875
417  598  870
297  723  893
391  840  880
341  801  871
473  801  871
428  799  836
11  735  845
313  836  929
462  514  955
493  620  947
282  591  850
571  790  909
493  619  947
403  644  819
541  738  886
390  764  885
489  674  964
523  612  872
498  624  951
423  830  899
276  812  813
407  847  914
498  623  951
459  653  924
294  712  745
277  673  908
475  772  890
495  773  941
439  781  823
455  896  938
412  558  942
449  705  750
493  619  853
489  628  964
281  792  793
464  682  962
413  558  942
313  704  836
498  624  861
531  699  946
394  577  692
385  495  927
418  812  813
498  623  866
281  792  798
401  665  899
327  573  957
391  706  764
277  901  908
587  805  910
349  710  887
267  713  919
477  568  891
447  902  913
386  861  932
485  726  944
276  812  832
440  756  880
294  745  881
462  790  955
315  835  917
438  646  888
284  791  962
412  784  931
669  699  946
307  702  922
415  788  937
513  796  811
283  805  910
483  777  953
315  676  965
521  763  806
477  598  891
458  850  952
335  897  934
495  773  927
477  598  870
283  805  963
480  940  941
423  751  899
440  840  880
519  809  810
342  841  916
348  861  932
450  839  945
591  850  952
306  669  946
472  708  960
278  847  914
487  897  934
467  895  935
496  895  935
495  940  941
