457  545  969
337  612  745
347  545  969
281  609  675
311  607  749
39  596  737
449  646  790
384  444  681
266  643  671
436  643  761
278  509  635
340  491  985
270  536  792
410  587  831
572  763  883
288  461  485
93  94  525
340  491  996
329  555  865
313  531  820
304  377  745
375  567  634
312  493  748
353  574  585
524  591  682
474  809  1003
315  940  971
356  401  1010
369  555  865
336  444  766
333  557  612
331  531  584
335  471  510
498  571  916
332  473  754
307  551  644
343  420  460
271  561  812
321  508  643
30  587  831
328  614  622
332  428  673
352  809  1003
340  492  985
336  474  894
28  29  467
336  444  596
302  642  840
299  461  557
430  594  921
39  40  596
473  613  757
292  533  805
284  553  937
449  646  998
314  580  700
278  509  629
383  838  988
351  511  711
622  825  987
368  587  743
348  526  842
338  434  880
334  759  1050
275  602  979
283  450  778
293  600  935
462  642  840
266  448  761
321  493  928
277  492  816
401  591  682
294  881  986
321  438  928
271  561  1017
396  615  635
57  58  620
531  820  1007
480  759  1050
332  473  613
330  580  617
397  563  819
299  517  567
316  578  611
361  563  819
284  459  518
332  479  613
293  459  572
351  543  711
293  459  935
395  522  616
431  668  895
408  739  848
301  564  625
502  609  675
366  443  888
394  610  629
517  612  745
344  465  633
12  776  807
334  573  759
672  940  971
394  424  652
344  464  633
374  564  625
435  520  890
359  550  776
397  562  769
366  818  902
361  563  694
297  594  726
118  119  560
369  555  870
19  20  477
469  818  902
380  544  601
370  562  769
493  842  928
419  533  805
87  88  541
95  96  542
354  449  544
92  93  540
395  522  764
297  472  930
288  485  820
301  487  625
316  469  818
300  583  966
503  602  979
426  716  893
295  504  1009
407  690  762
375  567  882
326  526  842
398  503  602
420  460  666
352  809  959
304  377  687
423  505  925
109  110  566
621  623  990
272  415  692
393  609  636
398  522  692
350  466  578
324  627  764
274  437  746
345  502  675
282  430  604
272  415  650
299  461  634
427  608  893
419  488  976
362  454  534
268  646  790
494  561  1017
529  931  999
357  610  629
282  430  921
412  732  884
300  472  966
34  515  678
266  643  761
310  574  585
307  571  916
283  489  778
277  492  577
388  512  771
350  466  550
465  632  728
296  622  825
335  570  573
338  434  891
486  568  949
332  428  864
267  681  902
352  678  959
391  509  635
310  559  585
57  620  1031
398  522  931
291  575  1005
342  546  875
383  460  658
394  424  826
380  544  648
305  679  752
29  467  831
336  474  809
447  536  792
384  444  670
122  123  565
269  510  626
579  704  952
388  725  771
16  613  757
356  401  662
409  632  728
273  660  786
301  564  589
477  690  762
507  678  959
274  437  606
642  770  1023
282  544  648
402  493  748
34  515  719
351  510  797
348  490  945
439  550  776
293  497  749
331  531  683
31  587  743
345  502  646
363  551  644
295  521  844
71  72  563
73  74  562
357  509  629
421  756  822
303  621  778
280  534  915
388  512  1018
535  881  986
508  643  671
334  573  641
478  553  937
93  525  540
312  493  842
272  522  692
614  705  787
338  661  880
296  614  787
408  647  739
384  469  681
276  723  877
338  621  623
413  452  791
443  598  918
423  505  599
433  623  891
381  481  627
468  820  1014
321  493  730
339  455  527
295  521  1009
285  486  949
340  650  996
366  552  888
20  477  879
28  467  854
291  575  701
457  561  812
291  549  1005
0  677  849
316  469  611
321  508  730
395  481  764
361  500  694
333  456  530
360  598  918
404  673  754
389  478  553
370  580  871
607  749  991
288  558  751
381  536  546
330  555  870
412  738  747
400  462  642
458  760  827
272  650  914
384  469  611
342  638  875
412  530  884
385  609  636
288  820  1014
374  516  618
27  638  854
412  669  747
11  12  776
26  27  638
354  544  601
127  128  582
506  647  739
283  652  770
450  521  844
308  727  823
0  137  569
361  589  819
366  552  699
295  532  755
363  575  701
533  604  708
650  901  914
272  522  616
385  502  609
369  593  709
317  574  767
269  510  797
417  727  823
369  590  709
468  820  1007
314  580  769
335  510  782
310  703  887
370  595  712
326  379  526
390  559  585
419  488  695
277  572  763
292  533  708
40  596  670
418  705  860
425  516  794
466  550  671
368  586  587
0  677  1030
281  488  976
516  618  847
351  510  992
299  567  634
297  594  930
400  553  906
307  551  698
443  598  888
364  506  704
273  754  786
313  672  820
106  107  581
104  105  579
297  472  789
370  580  769
513  669  747
40  41  670
329  555  789
276  668  895
447  597  948
431  652  895
469  681  902
379  422  482
392  445  626
301  487  695
457  561  873
284  553  906
291  549  556
266  448  886
330  555  617
324  529  931
335  570  744
375  746  882
348  438  945
390  503  979
34  35  678
310  574  718
323  739  848
304  517  745
429  580  700
320  597  948
488  695  1006
393  756  822
356  679  686
361  500  564
320  586  597
456  538  836
345  533  604
354  552  790
401  565  1010
363  551  710
385  547  636
554  838  988
270  536  750
420  666  667
353  585  603
90  91  666
286  570  676
361  564  589
327  716  893
362  454  703
282  544  862
368  561  777
364  704  952
429  580  617
112  113  592
20  684  879
293  497  903
319  600  722
349  453  982
364  506  739
474  676  894
380  511  956
94  525  654
401  591  662
461  485  940
32  33  545
79  80  590
81  82  588
364  716  872
298  487  980
45  656  867
407  690  757
303  621  990
77  78  593
75  76  595
33  34  719
453  540  982
324  529  627
313  531  683
411  505  855
419  533  976
300  472  964
284  462  752
496  660  786
295  504  755
327  608  893
391  615  635
487  695  1006
448  761  918
376  582  729
298  531  584
370  562  712
481  627  764
288  558  756
369  593  870
370  595  871
369  590  865
67  68  618
274  636  989
437  746  882
375  558  751
723  877  996
283  450  808
467  806  831
458  760  1024
507  941  973
316  845  920
365  513  747
333  557  738
280  534  791
348  842  928
299  517  612
366  443  818
457  545  873
481  780  799
400  642  770
518  679  752
394  652  895
318  422  1002
365  512  620
299  557  612
296  614  622
442  578  611
512  707  1018
335  573  759
435  520  767
368  586  777
44  45  656
286  641  736
286  736  917
451  660  1032
410  586  587
411  556  833
386  583  821
294  851  881
386  653  714
347  736  995
407  496  786
277  478  572
360  761  918
409  582  981
473  754  786
388  640  725
354  449  790
330  580  871
305  679  686
268  598  888
543  674  1025
324  522  931
366  663  699
20  21  684
378  482  526
19  477  861
15  16  613
418  571  860
376  582  981
348  526  828
280  505  599
270  529  946
362  548  703
387  570  744
451  660  901
431  652  770
434  527  874
354  552  699
365  512  707
489  621  778
341  684  1035
310  703  718
37  941  973
350  656  724
520  890  984
288  461  751
410  806  831
523  684  1035
407  473  786
413  452  878
337  483  538
498  571  860
309  832  838
325  625  980
608  856  990
92  540  824
430  594  726
395  523  616
332  479  864
287  567  882
546  800  875
372  576  648
359  776  807
408  647  721
391  509  835
390  603  979
417  644  727
284  518  752
381  481  780
317  574  718
338  623  891
319  722  981
382  649  706
382  541  838
33  545  719
487  625  980
386  588  821
390  585  603
309  539  832
383  657  658
380  576  648
395  481  799
387  744  1029
411  556  855
316  578  845
454  534  915
485  672  940
334  641  659
395  758  799
421  468  798
30  31  587
318  607  664
99  100  624
372  576  949
387  570  676
17  690  757
455  527  863
97  98  619
347  736  969
315  557  738
320  586  777
381  536  750
456  530  846
355  605  833
23  780  799
320  494  866
383  541  838
400  553  779
95  542  654
285  486  965
368  561  873
129  130  632
379  422  850
118  560  696
568  930  964
362  534  630
485  672  820
131  132  633
331  584  785
96  542  702
548  703  887
439  656  867
283  489  1023
119  560  697
87  541  706
448  845  920
380  601  923
398  602  691
337  483  968
109  566  688
430  604  708
88  541  657
466  578  845
343  460  988
110  566  689
390  503  999
411  815  833
339  455  655
347  545  719
440  821  865
380  576  956
321  438  742
268  790  888
353  574  1027
536  546  962
44  656  724
412  669  732
459  572  937
301  589  997
293  749  883
357  602  691
424  826  958
286  570  573
355  549  556
351  543  674
315  738  747
589  819  1033
441  595  871
440  588  821
325  584  785
286  573  641
309  539  960
424  645  958
440  590  865
441  593  870
376  524  729
327  608  856
396  635  765
507  678  926
286  676  917
363  644  727
434  804  874
408  624  721
363  575  727
475  736  995
364  739  872
309  554  838
343  420  912
494  561  777
295  532  1004
327  856  1009
429  700  852
517  567  817
386  583  876
407  496  762
336  766  894
315  557  940
504  716  872
444  596  670
338  621  1021
422  482  849
298  584  980
322  614  705
343  631  760
61  62  640
382  832  838
421  468  1014
63  64  639
503  931  999
344  465  728
549  735  837
425  772  794
409  728  981
383  460  988
407  473  757
388  683  830
337  538  836
365  672  707
306  591  662
395  523  758
71  563  694
297  617  726
72  563  693
73  562  693
284  459  937
320  494  777
392  445  781
332  673  754
425  516  1013
29  30  831
74  562  712
270  529  750
463  809  959
376  524  591
467  638  854
310  559  887
292  519  700
349  453  934
398  691  692
535  673  881
22  758  799
101  102  647
357  602  810
486  568  1026
519  589  997
385  598  783
381  627  750
311  497  749
456  538  909
377  514  687
91  666  667
311  497  913
268  598  783
413  534  630
417  644  753
386  588  714
547  636  989
277  577  963
345  533  675
306  600  722
122  565  717
3  28  854
3  27  854
339  655  839
393  558  756
471  674  947
307  571  698
471  510  992
312  803  869
414  736  969
123  565  740
83  84  653
416  763  883
25  800  875
277  763  963
269  626  905
331  683  830
276  610  723
406  619  702
329  583  821
365  513  620
513  620  1031
281  488  978
338  661  1021
410  586  597
346  811  951
495  851  881
380  511  923
85  86  649
450  521  983
372  568  949
353  603  713
43  44  724
514  677  1030
401  682  740
284  462  906
298  487  1006
386  653  843
479  613  834
500  564  927
355  605  919
375  558  746
394  610  895
311  607  664
523  684  758
55  56  669
94  95  654
328  614  858
483  538  897
13  14  748
385  547  924
391  713  835
488  798  1006
413  630  801
605  674  1025
21  684  758
441  870  871
14  748  803
403  922  1002
359  550  1022
88  89  657
336  596  737
300  583  876
2  19  861
333  456  836
290  760  1024
388  640  830
372  568  930
308  727  1005
339  661  880
392  651  781
337  745  968
340  660  901
124  125  682
297  555  617
411  505  1037
343  554  988
353  520  720
135  136  680
275  602  810
333  612  836
91  667  955
352  678  994
133  134  685
449  544  862
337  612  836
289  674  947
278  635  765
356  470  686
374  625  907
382  649  853
279  890  984
393  558  953
492  577  665
486  539  960
2  18  861
340  492  665
328  622  848
104  579  704
377  514  628
37  38  941
342  546  962
425  785  1013
324  522  764
106  581  775
107  581  774
458  711  965
287  567  817
296  637  825
105  579  775
275  603  713
343  554  760
280  505  1037
363  701  710
471  759  947
357  509  810
340  660  665
429  617  726
326  379  932
496  660  1032
414  801  812
491  877  996
403  680  733
343  631  912
414  659  801
695  805  997
405  542  936
23  24  780
435  767  974
292  700  852
467  806  1044
298  798  1006
108  109  688
400  462  906
300  964  1026
90  658  666
110  111  689
117  118  696
127  582  729
79  590  709
335  471  759
296  637  787
345  604  998
266  671  886
323  622  848
78  593  709
1  45  867
1  10  867
75  595  712
479  803  869
279  615  784
128  582  741
82  588  714
398  503  931
285  711  956
21  22  758
385  502  783
488  798  978
532  825  987
349  731  916
552  790  888
515  678  994
119  120  697
89  90  658
356  662  679
72  73  693
351  511  797
529  946  999
70  71  694
269  601  923
81  588  813
362  630  1017
362  548  944
80  590  813
396  615  784
295  844  1004
374  516  907
303  856  990
406  542  936
68  618  715
384  611  829
77  593  814
76  595  814
435  551  710
428  864  932
112  592  802
445  663  699
113  592  804
439  550  977
459  518  935
454  703  718
281  609  822
328  476  868
273  660  665
415  650  996
414  641  736
350  578  1047
103  104  704
390  559  946
121  122  717
267  651  781
78  79  709
518  935  942
355  549  837
302  642  1036
304  517  817
346  734  951
319  903  1008
511  711  956
74  75  712
397  769  819
293  572  883
427  608  911
67  618  847
319  600  903
285  711  965
413  534  791
328  476  857
58  620  859
385  598  924
318  422  850
618  715  927
283  652  808
68  69  715
292  519  805
447  536  962
415  691  692
405  525  654
287  796  817
529  627  750
326  864  932
22  23  799
96  97  702
483  628  975
331  499  830
471  674  992
346  734  823
523  914  1035
331  499  788
523  616  914
480  759  947
389  553  668
17  18  690
137  569  733
376  722  981
305  686  1016
389  478  816
278  629  826
322  614  858
402  493  730
405  542  654
325  785  1013
82  83  714
32  545  743
312  748  803
391  713  720
279  698  890
376  591  722
450  808  844
375  634  751
126  127  729
392  626  782
427  688  774
514  677  687
362  944  1017
356  470  1010
442  611  829
60  61  725
437  606  742
86  87  706
533  675  976
31  32  743
100  101  721
402  807  1039
405  525  731
430  708  852
379  482  526
574  767  1027
336  737  809
379  495  850
514  628  943
414  641  659
300  876  967
289  815  833
325  584  980
371  608  990
374  564  927
399  631  912
416  763  986
445  626  905
279  698  841
16  17  757
558  746  953
424  808  844
461  634  751
329  821  865
393  609  822
381  546  800
390  946  999
432  532  1004
327  716  1009
347  719  995
365  672  971
54  55  732
568  964  1026
105  106  775
107  108  774
297  555  789
64  65  772
308  734  735
306  591  722
434  527  880
348  438  928
313  672  707
456  899  909
433  623  910
100  624  721
97  619  702
272  616  914
604  862  998
276  610  895
393  636  953
408  624  868
475  736  917
0  569  849
289  605  674
128  129  741
318  922  1002
432  532  825
445  663  781
404  535  673
432  637  765
392  744  782
325  625  907
24  25  800
455  863  900
394  629  826
307  644  753
59  60  771
123  124  740
496  762  1032
437  742  885
353  713  720
341  762  879
399  631  837
382  541  706
554  760  827
61  640  725
345  646  998
271  630  801
510  626  782
268  646  783
344  464  773
389  668  877
458  711  1024
419  695  805
461  557  940
99  624  933
98  619  933
413  659  878
501  655  839
406  542  702
64  639  772
413  659  801
374  618  927
433  689  802
477  762  879
406  858  936
111  112  802
113  114  804
425  639  772
417  768  823
406  619  857
371  608  911
306  600  935
367  664  922
136  137  733
373  655  1016
309  554  827
41  42  950
424  652  808
314  819  1033
274  606  989
83  653  714
342  638  1044
292  708  852
277  478  816
89  657  658
65  66  794
446  548  887
101  647  721
349  753  934
446  548  866
285  949  956
391  615  720
346  484  1011
365  747  971
129  632  741
80  81  813
494  866  944
76  77  814
577  665  1028
346  484  811
350  656  977
318  607  851
456  846  899
423  701  710
424  645  844
86  649  706
402  730  1039
417  753  934
333  530  1000
291  556  855
62  640  993
14  15  834
412  530  1000
63  639  993
304  795  796
498  731  916
314  700  1033
431  668  779
415  723  957
304  796  817
339  661  839
432  637  825
4  36  973
4  37  973
130  632  904
483  961  975
282  604  862
502  646  783
396  637  765
339  527  880
478  572  937
474  676  917
131  633  904
55  669  732
132  633  908
427  688  911
550  671  1022
330  870  871
328  857  858
319  728  981
348  490  828
446  559  887
334  659  878
372  594  930
283  770  1023
84  653  1049
373  686  1016
371  623  910
102  647  1020
415  691  957
442  724  1019
329  583  966
350  550  977
289  605  833
341  762  1032
401  565  740
387  651  766
85  649  1049
108  688  774
397  563  693
322  858  936
397  562  693
12  13  1034
425  639  788
275  713  835
279  615  984
403  680  892
463  737  809
281  675  976
553  668  779
484  667  955
519  589  1033
66  67  847
298  531  1007
451  914  1035
386  843  876
515  719  995
492  816  985
42  43  1019
52  53  846
436  643  898
569  849  1002
551  698  890
280  791  793
360  547  924
451  901  914
111  689  802
269  601  905
56  669  1031
404  963  1028
389  816  985
367  664  1040
645  844  1004
430  726  852
39  737  1038
273  665  1028
323  739  872
124  682  740
621  1021  1036
25  26  875
436  989  1048
433  689  910
453  540  824
577  963  1028
115  116  863
355  556  833
426  716  952
60  725  771
409  632  741
323  622  987
353  520  1027
438  742  885
410  597  806
306  935  942
483  897  961
411  793  1046
383  541  657
319  728  1008
114  115  874
267  663  902
276  668  877
467  638  1044
290  919  1025
432  645  1004
317  767  974
388  683  1018
53  54  884
358  528  843
58  59  859
504  755  872
275  603  979
346  768  823
274  636  953
411  815  1046
486  539  1026
335  744  782
466  671  886
404  754  1028
10  11  1015
575  727  1005
387  676  894
65  772  794
372  648  921
117  696  900
51  52  899
547  989  1048
452  878  1050
130  131  904
455  655  889
132  133  908
70  694  1012
92  824  955
116  117  900
341  684  879
399  734  735
350  724  1047
414  812  969
278  826  958
489  621  1036
436  606  989
377  745  968
136  680  733
322  705  860
447  597  1051
125  682  1043
358  528  853
368  743  873
392  651  1029
372  594  921
423  701  925
360  547  1048
49  50  897
400  770  779
490  795  796
35  36  926
322  860  1001
135  680  1041
304  687  795
133  685  908
38  39  1038
512  620  859
50  51  909
366  663  902
521  856  1009
317  718  896
103  704  1020
357  691  957
69  715  1012
426  581  775
134  685  1041
378  482  677
427  581  774
378  526  828
120  697  938
472  930  964
426  579  775
504  716  1009
290  631  760
421  798  978
498  860  1001
314  769  819
446  559  1042
98  99  933
302  661  839
267  663  781
599  896  915
477  690  861
120  121  938
360  598  924
416  749  883
435  551  890
432  765  958
576  949  956
440  588  813
440  590  813
399  735  837
418  784  841
418  571  841
511  797  923
566  688  911
441  593  814
328  848  868
121  717  938
441  595  814
439  656  977
566  689  910
267  681  939
301  695  997
308  735  1005
318  664  922
26  638  875
66  794  847
323  755  987
423  599  1052
489  1023  1036
371  566  911
371  566  910
448  845  886
290  631  919
429  726  852
313  683  1018
41  670  950
59  771  859
42  829  950
405  731  1001
54  732  884
470  717  1010
323  755  872
91  92  955
303  778  983
359  807  1039
305  752  929
46  47  943
354  699  970
615  720  984
483  628  968
291  701  925
48  49  961
340  650  901
300  967  1026
455  696  900
114  804  874
433  592  802
434  592  804
364  716  952
271  801  812
560  696  889
470  686  954
548  866  944
387  766  894
497  903  1008
18  690  861
303  856  983
402  748  1034
455  696  889
458  827  960
308  734  823
126  729  1043
409  582  741
408  848  868
501  655  1016
545  743  873
501  929  1016
382  832  853
499  639  788
358  832  967
373  560  954
47  48  975
484  824  1011
381  780  800
460  658  666
62  63  993
371  623  990
509  810  835
528  653  843
442  578  1047
482  677  849
432  645  958
403  569  733
560  697  954
373  560  889
302  839  840
425  785  788
458  960  965
519  700  1033
406  857  858
346  768  1011
442  724  1047
379  495  932
293  600  903
436  606  898
287  796  945
435  710  974
500  715  1012
69  70  1012
539  967  1026
484  667  811
267  651  939
115  863  874
543  711  1024
499  640  830
280  599  915
53  846  884
535  763  986
102  103  1020
349  753  916
453  768  1011
528  649  853
500  715  927
389  877  985
116  863  900
500  694  1012
571  698  841
519  805  997
52  846  899
334  878  1050
463  737  1038
344  728  1008
631  837  919
470  717  938
56  57  1031
499  640  993
499  639  993
447  792  948
470  697  938
525  540  982
43  724  1019
84  85  1049
331  785  788
423  710  974
606  742  898
506  704  1020
421  822  978
476  619  933
476  624  933
0  46  1030
642  1023  1036
412  738  1000
125  126  1043
501  839  840
35  678  926
134  135  1041
316  818  920
470  697  954
426  581  893
427  581  893
305  929  1016
610  723  957
428  673  881
384  670  950
528  653  1049
479  803  834
288  756  1014
14  803  834
476  619  857
373  655  889
51  899  909
428  495  881
426  579  952
358  832  853
462  752  929
528  649  1049
525  731  982
282  648  921
50  897  909
418  705  787
506  647  1020
476  624  868
431  770  779
354  601  970
367  537  972
446  866  948
651  766  939
420  912  951
433  592  891
434  592  891
514  943  1030
421  756  1014
513  669  1031
279  784  841
357  610  957
367  537  892
520  720  984
275  810  835
294  607  851
269  797  923
438  885  945
49  897  961
444  681  939
396  637  1045
404  535  963
464  685  908
373  686  954
416  749  991
466  845  886
445  699  970
351  674  992
518  679  942
289  815  947
453  768  934
24  780  800
464  685  972
454  718  896
298  798  1007
436  761  1048
387  651  1029
498  731  1001
507  926  973
490  795  828
446  792  948
420  667  811
559  946  1042
321  643  898
512  771  859
452  791  793
411  793  1037
15  613  834
360  761  1048
417  768  934
444  766  939
428  495  932
463  941  959
280  793  1037
484  824  955
318  850  851
344  773  913
48  961  975
439  867  1015
662  679  942
313  707  1018
457  812  969
464  773  972
378  677  687
47  943  975
294  607  991
278  765  958
378  795  828
465  632  904
377  628  968
281  822  978
418  784  1045
329  789  966
465  633  904
443  818  920
36  926  973
358  843  876
524  729  1043
464  633  908
508  730  1039
291  855  925
462  840  929
392  744  1029
309  827  960
326  842  869
507  941  959
605  919  1025
367  892  922
311  664  1040
454  896  915
384  829  950
508  1022  1039
535  763  963
468  798  1007
333  738  1000
403  892  922
446  792  1042
271  630  1017
524  682  1043
537  685  972
270  792  1042
508  671  1022
532  755  987
516  794  847
637  787  1045
439  776  1015
537  680  892
46  943  1030
287  882  885
273  754  1028
355  837  919
453  824  1011
344  913  1008
302  661  1021
321  742  898
349  731  982
501  840  929
326  864  869
307  753  916
270  946  1042
537  680  1041
403  569  1002
402  807  1034
537  685  1041
442  829  1019
274  746  953
315  747  971
320  866  948
358  876  967
447  962  1051
420  811  951
539  832  967
399  734  951
474  917  1003
565  717  1010
306  662  942
597  806  1051
13  748  1034
399  912  951
490  796  945
443  918  920
11  776  1015
475  917  1003
549  735  1005
527  863  874
494  944  1017
342  806  1051
422  849  1002
530  846  884
463  941  1038
378  687  795
10  867  1015
516  907  1013
480  815  1046
405  936  1001
415  723  996
773  913  1040
497  913  1008
505  855  925
520  767  1027
521  856  983
486  960  965
342  806  1044
367  773  1040
601  905  970
342  962  1051
450  778  983
367  773  972
599  896  1052
475  994  1003
538  897  909
475  994  995
287  885  945
396  784  1045
480  815  947
294  986  991
418  787  1045
448  918  920
290  1024  1025
359  1022  1039
423  974  1052
12  807  1034
38  941  1038
472  789  966
317  896  1052
416  986  991
352  994  1003
437  882  885
42  829  1019
628  943  975
451  1032  1035
445  905  970
452  793  1046
449  862  998
515  994  995
480  1046  1050
491  877  985
479  864  869
325  907  1013
322  936  1001
312  842  869
302  1021  1036
317  974  1052
543  1024  1025
311  913  1040
341  1032  1035
452  1046  1050
495  850  851
