0  2  1  0  10575.7  0  0  1
1  1  2  2  10512.4  2.00272  -0.0531063  1
2  1  2  -2  10512.8  1.9946  -0.0407914  1
3  3  -2  -2  10496  1.99955  -0.0528316  1
4  3  -2  2  10529.2  1.99931  -0.0523563  1
10  1  2  1.6  10513.4  2.00698  -0.0548456  1
11  1  2  1.2  10513.4  2.00797  -0.0567075  1
12  1  2  0.8  10513.4  2.00843  -0.0569311  1
13  1  2  0.4  10513.4  2.00551  -0.0545404  1
14  1  2  5.50449e-12  10513.4  1.99446  -0.0393173  1
15  1  2  -0.4  10513.4  1.98571  -0.0259582  1
16  1  2  -0.8  10513.4  1.98817  -0.0290221  1
17  1  2  -1.2  10513.4  1.99176  -0.0342927  1
18  1  2  -1.6  10513.4  1.99304  -0.0385071  1
19  0  1.6  -2  10508.9  1.99643  -0.0425589  1
20  0  1.2  -2  10502.3  1.99916  -0.0461267  1
21  0  0.8  -2  10496.1  2.0017  -0.0507065  1
22  0  0.4  -2  10489.1  2.00383  -0.0558305  1
23  0  5.50449e-12  -2  10484.7  2.00498  -0.0594155  1
24  0  -0.4  -2  10483.9  2.00526  -0.0603525  1
25  0  -0.8  -2  10484.4  2.00458  -0.0586312  1
26  0  -1.2  -2  10489.2  2.00259  -0.0552809  1
27  0  -1.6  -2  10494  2.00058  -0.0535272  1
28  3  -2  -1.6  10499.2  1.99931  -0.0523563  1
29  3  -2  -1.2  10505.2  1.99931  -0.0523563  1
30  3  -2  -0.8  10512.6  1.99931  -0.0523563  1
31  3  -2  -0.4  10520.3  1.99931  -0.0523563  1
32  3  -2  -5.50449e-12  10526.6  1.99931  -0.0523563  1
33  3  -2  0.4  10530.1  1.99931  -0.0523563  1
34  3  -2  0.8  10531.6  1.99931  -0.0523563  1
35  3  -2  1.2  10531  1.99931  -0.0523563  1
36  3  -2  1.6  10529.8  1.99931  -0.0523563  1
37  0  -1.6  2  10528.3  1.99931  -0.0523563  1
38  0  -1.2  2  10526.4  1.99931  -0.0523563  1
39  0  -0.8  2  10523  1.99931  -0.0523563  1
40  0  -0.4  2  10517.4  1.99931  -0.0523563  1
41  0  -5.50449e-12  2  10511.9  1.99931  -0.0523563  1
42  0  0.4  2  10509  1.99931  -0.0523563  1
43  0  0.8  2  10508  1.99931  -0.0523563  1
44  0  1.2  2  10508.7  1.99931  -0.0523563  1
45  0  1.6  2  10510.5  1.99931  -0.0523563  1
46  2  0.978041  0.000839818  10720.7  0  0  1
47  2  0.956105  0.00217876  10705.6  2.55205e-16  -1.58229e-17  1
48  2  0.934196  0.00391834  10686.9  -2.66149e-16  1.97752e-17  1
49  2  0.912314  0.00596186  10671.5  1.37403e-16  -1.11333e-17  1
50  2  0.890454  0.00823381  10683.5  0  0  1
51  2  0.868614  0.0106844  10661.2  1.82553e-16  -1.37452e-17  1
52  2  0.846789  0.0132672  10599.6  -2.86564e-16  3.43086e-17  1
53  2  0.824976  0.0159574  10570.8  -1.4092e-16  1.57569e-17  1
54  2  0.803175  0.0187341  10553  0  0  1
55  2  0.781383  0.0215884  10515.2  0  0  1
56  2  0.759598  0.0244908  10508  2.29104e-17  -4.41055e-18  1
57  2  0.737819  0.0274384  10475.1  3.80356e-16  -4.38935e-17  1
58  2  0.716043  0.030408  10434.2  1.64215e-17  -2.11908e-18  1
59  2  0.694271  0.0334021  10389.1  0  0  1
60  2  0.672497  0.0363891  10363.1  1.55086e-16  -1.69858e-17  1
61  2  0.650722  0.0393683  10323.2  0  0  1
62  2  0.628942  0.0423108  10275  0  0  1
63  2  0.607155  0.0451924  10251.6  3.96979e-16  -4.0676e-17  1
64  2  0.585357  0.048002  10207.4  -6.01922e-16  6.82289e-17  1
65  2  0.563541  0.0506611  10135.7  -3.94389e-16  4.06232e-17  1
66  2  0.541709  0.0531819  10051.1  -1.47911e-31  6.16298e-33  1
67  2  0.519854  0.0555056  10038.1  -8.76628e-16  7.58812e-17  1
68  2  0.49798  0.0576297  10008.9  2.27386e-16  -1.63908e-17  1
69  2  0.476084  0.0595224  9963.51  2.34712e-16  -1.24128e-17  1
70  2  0.454168  0.0611637  9939.52  0  0  1
71  2  0.432234  0.062543  9915.36  -9.86076e-32  6.16298e-33  1
72  2  0.410284  0.0636367  9927.77  2.38923e-16  -7.63295e-18  1
73  2  0.388321  0.0644359  9902.31  0  0  1
74  2  0.366349  0.0649104  9877.02  9.98736e-16  -1.36994e-17  1
75  2  0.344372  0.065054  9875.09  4.58319e-16  5.69579e-18  1
76  2  0.322395  0.0648677  9847.91  4.78811e-16  1.30702e-17  1
77  2  0.300424  0.0643383  9845.39  0  0  1
78  2  0.278462  0.0635072  9891.84  0  0  1
79  2  0.256515  0.0623547  9919.58  0  0  1
80  2  0.234587  0.0608887  9903.95  -1.39231e-16  -1.08675e-17  1
81  2  0.212684  0.0590845  9968.91  0  0  1
82  2  0.190812  0.0569357  10030.9  2.35704e-16  2.69621e-17  1
83  2  0.168981  0.0544038  10043.3  1.40985e-16  1.30268e-17  1
84  2  0.147204  0.0514426  10084.7  0  0  1
85  2  0.125499  0.0479948  10136.1  -4.53452e-16  -7.94695e-17  1
86  2  0.103894  0.0439712  10279.8  1.63824e-16  3.0936e-17  1
87  2  0.08243  0.0392511  10382  -3.01561e-16  -7.58837e-17  1
88  2  0.0611835  0.0336383  10504.8  6.02918e-16  1.47081e-16  1
89  2  0.0403081  0.0267814  10684.5  3.6029e-16  8.73714e-17  1
90  2  0.0201962  0.0179579  11386.9  -3.6029e-16  -8.73714e-17  1
91  2  0.00249384  0.00513334  11726.1  0  0  1
92  2  0.0123609  -0.00918744  9711.77  0  0  1
93  2  0.0336936  -0.0143675  8818.87  0  0  1
94  2  0.0554688  -0.0173148  9526.33  0  0  1
95  2  0.0773633  -0.0192109  9549.94  -6.24202e-16  6.69414e-17  1
96  2  0.0993034  -0.0204857  9684.27  4.70176e-16  -4.78445e-17  1
97  2  0.121264  -0.0213463  9759.83  1.55171e-16  -1.2086e-17  1
98  2  0.143234  -0.0219056  9804.95  0  0  1
99  2  0.165209  -0.0222346  9842.99  5.6232e-17  -6.37778e-18  1
100  2  0.187186  -0.0223882  9935.22  0  0  1
101  2  0.209164  -0.0223941  9981.43  3.95109e-17  2.64913e-18  1
102  2  0.231141  -0.0222942  10022.2  -3.93564e-16  6.67666e-18  1
103  2  0.253118  -0.0221009  10044.5  0  0  1
104  2  0.275094  -0.0218342  10082.2  1.58358e-16  -9.86496e-19  1
105  2  0.297069  -0.0214993  10119.4  2.14579e-16  -1.81005e-18  1
106  2  0.319043  -0.0211127  10139.8  1.421e-16  -1.70194e-18  1
107  2  0.341016  -0.0206787  10161.1  0  0  1
108  2  0.362989  -0.0202062  10013.5  2.84207e-17  -3.25343e-18  1
109  2  0.384961  -0.0197029  10061.4  3.98603e-16  1.19114e-17  1
110  2  0.406932  -0.0191702  10242.2  -5.46924e-16  -7.12592e-18  1
111  2  0.428903  -0.0186193  10224.4  1.90375e-16  2.65534e-18  1
112  2  0.450873  -0.0180493  10211.1  0  0  1
113  2  0.472842  -0.017462  10235.7  1.49616e-16  4.49447e-18  1
114  2  0.494812  -0.016856  10234.9  -3.29244e-16  -4.87512e-18  1
115  2  0.516781  -0.0162361  10251.1  0  0  1
116  2  0.538749  -0.0156113  10274  3.08885e-16  5.65106e-18  1
117  2  0.560718  -0.0149794  10290.3  -1.88814e-16  -4.64229e-18  1
118  2  0.582686  -0.0143381  10295.3  0  0  1
119  2  0.604654  -0.0136848  10305.8  3.05782e-16  7.23692e-18  1
120  2  0.626622  -0.0130253  10319.1  -3.25767e-16  -6.82654e-18  1
121  2  0.648589  -0.0123659  10325.6  -1.46138e-16  -2.85459e-18  1
122  2  0.670557  -0.0117041  10343.8  -3.19908e-16  -7.94505e-18  1
123  2  0.692524  -0.0110375  10353  0  0  1
124  2  0.714492  -0.0103658  10357.7  0  0  1
125  2  0.736459  -0.00969159  10368.9  -3.24832e-16  -7.93506e-18  1
126  2  0.758426  -0.00901575  10372.2  1.7897e-16  3.04927e-18  1
127  2  0.780393  -0.00833607  10376.8  1.40644e-16  6.57683e-18  1
128  2  0.80236  -0.00765109  10382  4.47546e-16  1.41253e-17  1
129  2  0.824327  -0.00696164  10387.6  0  0  1
130  2  0.846294  -0.0062698  10400.6  0  0  1
131  2  0.86826  -0.00556255  10403  1.92024e-17  -1.97276e-18  1
132  2  0.890225  -0.00483293  10415.1  3.48928e-16  9.02699e-18  1
133  2  0.91219  -0.00408369  10394.6  2.80369e-16  8.64359e-18  1
134  2  0.934153  -0.00328407  10390.7  1.39977e-16  6.89121e-18  1
135  2  0.956111  -0.00236724  10393.5  0  0  1
136  2  0.978058  -0.00120367  10399.2  0  0  1
264  0  1.01156  0.992476  10497.9  2.01687  -0.0586599  1
265  0  0.0600167  1.02699  10504.2  2.01396  -0.0387396  1
266  0  -0.341199  0.539545  10555.9  1.98746  -0.0294565  1
267  0  -0.931703  -0.652919  10512.3  2  -0.0668293  1
268  0  -0.0154634  -0.9717  10462.1  2.02266  -0.068126  1
269  0  0.986987  -1.00525  10477  2.01441  -0.0337401  1
270  0  0.505118  -0.649604  10419.8  2.04521  -0.0413387  1
271  0  0.959898  -0.492208  10464.6  2.02339  -0.00660615  1
272  0  0.0513153  -0.492854  10410.9  2.05117  -0.0932599  1
273  0  -0.435772  -0.301177  10534  1.99288  -0.0923006  1
274  0  0.528805  0.639845  10445.8  2.04424  -0.051728  1
275  0  0.994943  0.494677  10503.7  2.01471  -0.0785074  1
276  0  0.0959901  0.509627  10480.2  2.02814  -0.000141541  1
277  0  0.67088  -0.344512  10391.9  2.06201  -0.00264762  1
278  0  0.363495  -0.329238  10317.4  2.09884  -0.0464777  1
279  0  0.705659  0.345926  10425.2  2.0496  -0.100895  1
280  0  0.409561  0.3743  10347.7  2.08941  -0.037834  1
281  0  0.882787  -0.257379  10444.3  2.03397  0.0234845  1
282  0  0.895129  0.251784  10515.7  2.0034  -0.11439  1
283  0  1.29502  0.243763  10559.5  1.9949  -0.0652119  1
284  0  1.24135  -0.260837  10534.6  1.99217  -0.000523258  1
285  0  0.148995  -0.265563  10284  2.11518  -0.111821  1
286  0  0.202767  0.262443  10351  2.08907  0.0635983  1
287  0  -0.0203925  0.246783  10599.5  1.9637  0.0608015  1
288  0  -0.354464  0.109874  10629.9  1.94647  -0.0599873  1
289  0  -0.20139  -0.140573  10586.3  1.96378  -0.142132  1
290  0  -0.0201252  -0.19091  10391.2  2.05728  -0.196519  1
291  0  0.506669  -0.206376  10308.4  2.10508  -0.00155635  1
292  0  0.657376  -0.164959  10354.3  2.09412  0.0247322  1
293  0  0.547562  0.238067  10286.9  2.1191  -0.103905  1
294  0  0.290469  -0.17651  10210.8  2.15324  -0.0497183  1
295  0  0.795546  -0.1417  10402.3  2.08947  0.039433  1
296  0  0.686083  0.18311  10389.4  2.06161  -0.156165  1
297  0  1.00051  -0.147606  10511.7  2.03563  0.045337  1
298  0  -0.104855  -0.0718707  10668.3  1.9174  -0.207882  1
299  0  -0.163668  0.111305  10740.5  1.8846  -0.0323787  1
300  0  0.435013  0.196204  10178.6  2.16454  -0.0615758  1
301  0  0.308542  0.183606  10153.3  2.17625  0.0311646  1
302  0  0.991346  0.137628  10596.3  1.99347  -0.106986  1
303  0  -0.948692  -0.0422082  10541.9  1.99153  -0.0626393  1
304  0  0.398776  -0.136146  10230.5  2.16221  -0.00840486  1
305  0  0.783548  0.136166  10484.5  2.04811  -0.170126  1
306  0  0.113863  0.182825  10438.8  2.04194  0.14551  1
307  0  0.0185382  0.144054  10686.5  1.90819  0.151969  1
308  0  0.576491  -0.116847  10309.4  2.15573  0.0243758  1
309  0  0.190567  -0.123714  10105.8  2.21364  -0.101354  1
310  0  0.108069  -0.116325  10064.7  2.2182  -0.183765  1
311  0  0.88512  -0.105509  10432.2  2.1001  0.0550148  1
312  0  0.482216  -0.107462  10263.9  2.1825  0.0148502  1
313  0  0.891198  0.113412  10587  2.03628  -0.149024  1
314  0  0.216168  0.155066  10200.6  2.14815  0.124154  1
315  0  -1.16749  0.761943  10536.2  1.99712  -0.0505523  1
316  0  -0.629364  1.21331  10526.6  2.00163  -0.0460873  1
317  0  1.4607  -0.785053  10501.4  1.99981  -0.0239033  1
318  0  -0.153411  -0.389431  10463.6  2.02555  -0.113462  1
319  0  -0.448466  -0.774378  10490.4  2.00991  -0.0753701  1
320  0  1.36209  0.699563  10515.3  2.00914  -0.062029  1
321  0  0.482352  -1.17446  10465.7  2.01934  -0.0511107  1
322  0  0.584034  0.146777  10248  2.14772  -0.158288  1
323  0  0.549362  1.1518  10494  2.01884  -0.0493888  1
324  0  0.729117  -0.0982064  10372.2  2.12738  0.0427257  1
325  0  0.494204  0.141541  10146.8  2.20095  -0.120426  1
326  0  -0.00292022  -0.105848  10346.1  2.07201  -0.29915  1
327  0  0.330728  -0.102249  10172  2.22112  -0.0224448  1
328  0  -0.041602  0.0759616  10974.5  1.75265  0.0652305  1
329  0  0.715366  0.106141  10420.6  2.13799  -0.202283  1
330  0  0.639769  -0.0847693  10342.3  2.13718  0.0415093  1
331  0  1.18211  0.0781191  10604.3  1.90242  -0.0626401  1
332  0  1.53882  0.00306199  10537  1.93388  -0.0338783  1
333  0  -0.0433232  -0.0384648  10739.7  1.84699  -0.372373  1
334  0  0.648643  0.106058  10333.6  2.18496  -0.203852  1
335  0  0.264911  -0.0883336  10116.8  2.24911  -0.04262  1
336  0  -0.866054  -1.31954  10494  2.00391  -0.0619293  1
337  0  0.948066  -0.0730971  10454.8  2.0004  0.0750386  1
338  0  1.13828  -0.076108  10590.1  1.84096  0.0320384  1
339  0  0.950753  0.0736098  10647.8  1.98655  -0.128854  1
340  0  0.378909  0.137591  10060.1  2.26038  -0.0250363  1
341  0  1.06114  -0.313026  10499.2  2.0079  0.0107062  1
342  0  -0.742683  0.305584  10556.8  1.9856  -0.0527958  1
343  0  0.814874  -0.0722824  10401.7  2.03794  0.0533297  1
344  0  0.822198  0.0811172  10544.1  2.06468  -0.193968  1
345  0  0.75774  0.575352  10464.1  2.03545  -0.0722729  1
346  0  0.738019  -0.575577  10433.8  2.03935  -0.0210148  1
347  0  0.0803245  0.110269  10514.2  1.98112  0.261584  1
348  0  1.08381  0.317367  10538.9  1.99633  -0.082011  1
349  0  0.518301  -0.366161  10358.1  2.07894  -0.0218177  1
350  0  0.287935  -0.547976  10389.6  2.0617  -0.0621234  1
351  0  0.146839  0.123727  10293  2.09691  0.209897  1
352  0  0.41942  -0.0776815  10214.3  2.17374  0.0137747  1
353  0  0.0630517  -0.0697693  9860.64  2.30875  -0.322433  1
354  0  -0.216309  -0.00959104  10684.1  1.915  -0.109379  1
355  0  0.553471  0.397343  10381  2.07367  -0.0716867  1
356  0  -0.147511  -0.672622  10461.4  2.02469  -0.0843913  1
357  0  0.295755  -0.876297  10443  2.03312  -0.0578736  1
358  0  -1.3969  -0.374169  10522.6  1.9985  -0.0590925  1
359  0  -1.40227  -1.01211  10506.2  2.00045  -0.0586866  1
360  0  0.527613  -0.0692311  10276.4  2.07341  0.0315552  1
361  0  -0.241357  0.329916  10603.6  1.96266  -0.0194123  1
362  0  0.159849  -0.072712  9952.51  2.29124  -0.106718  1
363  0  0.771736  0.254869  10454.7  2.03448  -0.127348  1
364  0  0.848167  0.379396  10480.1  2.02486  -0.0964229  1
365  0  0.6859  -0.891649  10454.7  2.02718  -0.0386364  1
366  0  0.287126  0.125154  10035.6  2.27262  0.0809582  1
367  0  0.44655  0.115118  10028.7  2.31146  -0.0900385  1
368  0  0.732736  0.878225  10482.2  2.02477  -0.0568356  1
369  0  0.537086  0.106632  10125.5  2.2853  -0.172918  1
370  0  0.748696  -0.250443  10400  2.05809  0.0179834  1
371  0  0.834985  -0.38016  10437.2  2.03915  0.00375997  1
372  0  -0.389218  -0.0997756  10585.7  1.96782  -0.0918343  1
373  0  0.325567  0.548613  10431.3  2.05311  -0.0270624  1
374  0  -1.0976  1.35603  10529.2  2.00001  -0.0499186  1
375  0  0.0331619  -0.31336  10373.9  2.06942  -0.130758  1
376  0  0.957436  1.49286  10503.8  2.0139  -0.0533409  1
377  0  0.754946  0.0760058  10480.2  2.09513  -0.212023  1
378  0  -0.719182  0.724696  10541.7  1.99464  -0.0452166  1
379  0  0.333447  0.862922  10479.1  2.02654  -0.0396268  1
380  0  -1.403  0.190297  10533.6  1.9967  -0.0552702  1
381  0  1.41599  -1.25832  10498.8  2.00104  -0.0350599  1
382  0  -0.358369  -1.22422  10482.3  2.01042  -0.0654461  1
383  0  1.03502  -0.0706973  10576.7  1.89641  0.0769394  1
384  0  0.68132  -0.0538461  10341.6  1.8743  0.0425891  1
385  0  0.59575  -0.0605362  10287.6  1.93269  0.0388605  1
386  0  0.0307302  0.0788296  10832.8  1.81843  0.302289  1
387  0  -0.657426  -0.170997  10547.9  1.98743  -0.0740559  1
388  0  -0.0582059  0.0165305  11102.7  1.64196  -0.146654  1
389  0  -0.114567  0.697431  10520.3  2.00575  -0.0244425  1
390  0  0.188535  1.51293  10507.2  2.01188  -0.0471636  1
391  0  0.0555775  -1.48213  10477.8  2.01049  -0.0602062  1
392  0  0.858803  -0.0533123  10396.1  1.85208  0.0563076  1
393  0  0.772719  -0.0489015  10369.3  1.81267  0.0461179  1
394  0  0.218738  -0.0674622  10027.2  2.19348  -0.0587938  1
395  0  0.600073  0.0881487  10233.7  2.17465  -0.206388  1
396  0  1.02816  0.0735911  10649.4  2.00092  -0.0982615  1
397  0  1.41859  1.26177  10508.8  2.01114  -0.0564664  1
398  0  0.208463  -0.402075  10351.3  2.08155  -0.0802557  1
399  0  0.375009  -0.0651034  10153.4  2.11257  0.00179238  1
400  0  0.860814  0.056495  10607.6  1.89658  -0.176982  1
401  0  0.462225  -0.0593553  10227.9  1.96805  0.0277  1
402  0  0.19232  0.101137  10123.6  2.24613  0.214121  1
403  0  0.865637  -1.4407  10483.9  2.00859  -0.0444032  1
404  0  0.334674  0.110118  9993.14  2.33594  0.0234333  1
405  0  1.60624  -0.409639  10517.2  1.98963  -0.0160981  1
406  0  0.24444  0.10467  10035.6  2.30244  0.147431  1
407  0  0.905813  -0.0468678  10409.2  1.81374  0.0680274  1
408  0  -0.63817  -0.472185  10518.1  1.99894  -0.0768372  1
409  0  0.956657  -0.735882  10467.9  2.02024  -0.0234161  1
410  0  0.909689  0.0484832  10643.5  1.81537  -0.148495  1
411  0  0.0117275  -0.0511869  10174.4  2.13549  -0.561562  1
412  0  0.948974  0.708373  10492  2.02063  -0.0669121  1
413  0  -0.368839  -0.510151  10498.1  2.00794  -0.0896639  1
414  0  0.413087  -0.243924  10288  2.11353  -0.0259433  1
415  0  0.0774673  0.314053  10489.3  2.01846  0.0534338  1
416  0  0.25805  -0.281824  10280.5  2.11762  -0.0707837  1
417  0  0.104864  -0.705003  10432.9  2.03876  -0.0734296  1
418  0  0.361847  0.269022  10261.4  2.13432  -0.0131908  1
419  0  -0.106845  -0.164212  10526.7  1.99078  -0.184488  1
420  0  1.23965  -0.517269  10500.4  2.00403  -0.0120146  1
421  0  0.108514  -0.0660639  9853.56  2.31278  -0.193496  1
422  0  -0.0741216  0.423859  10549.5  1.99118  0.00623639  1
423  0  0.292066  0.377844  10367  2.08028  -0.000620187  1
424  0  0.0694292  -0.212945  10279.9  2.11612  -0.16204  1
425  0  -0.193517  1.31818  10515.5  2.00753  -0.0439781  1
426  0  0.60706  -0.251409  10353.7  2.08129  0.00523792  1
427  0  1.10598  0.0055417  10629.8  1.61855  -0.01538  1
428  0  -0.430835  0.850064  10533.9  1.99863  -0.0391683  1
429  0  -0.0899933  0.158257  10744.4  1.88552  0.0308693  1
430  0  0.31051  -0.0597282  10119.5  2.06291  -0.017136  1
431  0  0.691009  0.0720107  10380.7  2.03152  -0.214102  1
432  0  0.726721  -0.0506348  10354.6  1.82669  0.0454828  1
433  0  1.22124  0.509006  10522.5  2.00606  -0.0685526  1
434  0  0.849723  0.180258  10523.8  1.9972  -0.140103  1
435  0  0.0488928  -0.136809  10219.3  2.13264  -0.233807  1
436  0  0.639688  0.26913  10368.7  2.08026  -0.116879  1
437  0  0.490555  0.099336  10053.4  2.30462  -0.141087  1
438  0  -0.266227  -0.281928  10520.8  1.99825  -0.114931  1
439  0  0.155831  0.731972  10483.6  2.02475  -0.0282135  1
440  0  -0.10333  -0.0290607  10782.8  1.85034  -0.195458  1
441  0  -0.021996  -0.0223408  10918.1  1.76246  -0.501972  1
442  0  -0.106823  -0.293553  10462.9  2.02529  -0.137325  1
443  0  -0.483807  0.311356  10580.4  1.97406  -0.0453528  1
444  0  0.624643  -0.502358  10407.4  2.05344  -0.023206  1
445  0  0.397777  0.105444  9995.6  2.33751  -0.046727  1
446  0  0.465586  0.278703  10282.6  2.12139  -0.0621485  1
447  0  0.450863  0.512347  10414.4  2.06124  -0.04347  1
448  0  -0.783121  -0.961806  10499.4  2.0044  -0.0662432  1
449  0  0.402054  -0.471517  10373.2  2.07002  -0.0469382  1
450  0  0.729074  -0.158508  10379.7  2.08945  0.030838  1
451  0  -0.927639  -0.332543  10528.6  1.99601  -0.0673457  1
452  0  1.52559  0.40505  10526.7  2.00487  -0.05702  1
453  0  1.10922  0.148304  10576.7  1.99429  -0.0724935  1
454  0  0.21562  -0.197076  10205.4  2.1528  -0.0873663  1
455  0  -1.2989  -1.51108  10496.9  2.00103  -0.0575177  1
456  0  0.141634  -0.170223  10177.1  2.16482  -0.13704  1
457  0  0.452468  -1.62147  10482.8  2.00775  -0.0539495  1
458  0  1.12512  -0.222242  10527.2  1.99926  0.012338  1
459  0  -0.626718  0.0873864  10568.4  1.97808  -0.0626464  1
460  0  0.456749  -0.170294  10274  2.12707  -0.00396663  1
461  0  0.862132  -0.176676  10430.7  2.05356  0.036195  1
462  0  0.969169  0.0394086  10678.1  1.74709  -0.107662  1
463  0  -1.11704  0.309763  10540  1.99398  -0.0543977  1
464  0  0.969093  -0.0396663  10444.6  1.75143  0.0977374  1
465  0  0.67069  0.490167  10435.8  2.04918  -0.0752003  1
466  0  0.800189  0.057406  10526.3  1.90238  -0.197342  1
467  0  1.35539  -0.0570199  10554.1  1.90196  -0.0169086  1
468  0  -1.53359  1.0518  10531.8  1.99908  -0.0513807  1
469  0  0.693473  -0.10622  10358  2.13478  0.036906  1
470  0  0.638646  -0.0473593  10329.3  1.77304  0.0398323  1
471  0  0.131388  0.0914968  10271.9  2.15153  0.288029  1
472  0  0.57224  1.53394  10503.6  2.01402  -0.050749  1
473  0  -0.013613  0.0455493  11258.3  1.59061  0.131802  1
474  0  -0.0388507  -0.0945592  10501.5  1.9925  -0.302628  1
475  0  0.987297  0.323609  10524.8  2.00376  -0.0925306  1
476  0  -0.17531  -0.251808  10509.8  2.00361  -0.136908  1
477  0  0.493708  0.209212  10224.4  2.1469  -0.0920433  1
478  0  -0.949794  0.976811  10533.7  1.99814  -0.048218  1
479  0  -0.189152  1.01882  10515.9  2.00803  -0.0384376  1
480  0  0.814386  -0.0432204  10395.6  1.75085  0.0503498  1
481  0  0.367461  0.196894  10172.9  2.16853  -0.0156632  1
482  0  0.594506  -0.186793  10335.8  2.0932  0.0139379  1
483  0  1.01089  0.243053  10550.5  1.98615  -0.095897  1
484  0  0.74241  0.161684  10440.5  2.04578  -0.164394  1
485  0  0.939831  -0.35076  10460.9  2.02724  0.00905241  1
486  0  0.356868  -0.196343  10247  2.13372  -0.0335259  1
487  0  0.220907  -1.08598  10460.4  2.02263  -0.0597679  1
488  0  0.753976  -1.12677  10471  2.01717  -0.0419602  1
489  0  0.264571  -0.0580465  10089.3  2.08479  -0.026743  1
490  0  0.17641  -0.0528381  9962.55  2.11333  -0.0736291  1
491  0  -1.5567  0.645232  10533.2  1.99851  -0.0524479  1
492  0  0.644673  0.0764316  10318.5  2.07996  -0.214555  1
493  0  0.163094  0.40195  10443.1  2.04462  0.0177499  1
494  0  0.524969  -0.154108  10301.6  2.12275  0.0114856  1
495  0  0.624426  0.205423  10333.6  2.08511  -0.140899  1
496  0  0.936479  -0.132801  10462  2.06717  0.0522161  1
497  0  -0.580814  -1.66337  10486.1  2.00534  -0.0607594  1
498  0  0.549495  -0.0510109  10278.9  1.84535  0.0378417  1
499  0  0.507721  -0.0498988  10252.6  1.82334  0.0315264  1
500  0  -0.523324  1.61305  10520.4  2.00414  -0.0490883  1
501  0  1.00143  -0.260351  10486.9  2.01415  0.0208824  1
502  0  0.799468  1.08327  10494.2  2.01878  -0.0550156  1
503  0  0.932926  0.170922  10566.1  1.97949  -0.119343  1
504  0  1.41507  1.67329  10508.9  2.00981  -0.0539019  1
505  0  0.566541  0.0889828  10179.2  2.21842  -0.201759  1
506  0  0.535175  0.176555  10223.1  2.1415  -0.123934  1
507  0  0.723547  0.0655619  10434.8  1.9833  -0.209695  1
508  0  -1.25811  -0.691665  10513.8  1.99919  -0.0614205  1
509  0  0.250816  0.226833  10269.1  2.13167  0.0590541  1
510  0  0.342886  -0.0576439  10132.9  2.06334  -0.00501825  1
511  0  -0.613594  0.5383  10552.6  1.98894  -0.0438865  1
512  0  0.295393  1.07866  10494.5  2.01855  -0.042996  1
513  0  0.253776  -0.138661  10149.4  2.19455  -0.0607911  1
514  0  0.366362  0.103527  9981.7  2.35088  -0.0176392  1
515  0  0.0859704  0.074433  10472.1  2.04884  0.362255  1
516  0  -0.15846  0.271016  10632  1.9472  -8.33741e-05  1
517  0  -0.0876725  -0.524171  10446.8  2.033  -0.096603  1
518  0  0.0397131  -0.0427628  9698.66  2.18232  -0.420047  1
519  0  1.12773  -1.37198  10491.4  2.00499  -0.0400258  1
520  0  -0.225881  -0.84956  10472.4  2.01827  -0.0749097  1
521  0  0.617656  -0.139987  10332.1  2.11961  0.0252285  1
522  0  0.806817  -0.207882  10415.9  2.05627  0.0294179  1
523  0  0.0455827  0.203458  10567.7  1.97832  0.113926  1
524  0  0.120965  -0.341205  10341.2  2.08626  -0.106892  1
525  0  -1.3383  -0.081569  10530.7  1.99727  -0.0580935  1
526  0  0.642138  0.154541  10329.4  2.10662  -0.168634  1
527  0  -0.674319  -0.691093  10506.2  2.00297  -0.0725783  1
528  0  0.418643  -0.0478468  10195.2  1.71475  0.0239172  1
529  0  1.09844  -0.637006  10483.5  2.01239  -0.0169303  1
530  0  -0.958017  0.537373  10542.3  1.99401  -0.0506471  1
531  0  0.823259  -0.280248  10426.9  2.04366  0.0173915  1
532  0  0.469371  -0.280153  10321.1  2.09793  -0.0197384  1
533  0  0.293795  -0.124859  10168.4  2.2032  -0.0407858  1
534  0  1.33266  -0.943935  10495  2.004  -0.0283936  1
535  0  1.60184  -0.949506  10504  1.99775  -0.0284957  1
536  0  1.40716  -1.67139  10501.8  1.99893  -0.0412838  1
537  0  0.722996  -0.435549  10416.8  2.04878  -0.00893422  1
538  0  0.534781  0.827458  10472.3  2.02997  -0.0497741  1
539  0  0.0175426  0.0462556  11029.1  1.6226  0.393486  1
540  0  1.11616  -0.850113  10482.8  2.01185  -0.0266681  1
541  0  0.773428  -0.101792  10386.9  2.11848  0.0452954  1
542  0  0.497041  -0.83898  10440.6  2.03455  -0.0465981  1
543  0  -0.12734  0.0592304  10829.6  1.83714  -0.0626988  1
544  0  0.449872  -0.125756  10255.9  2.16233  0.00553581  1
545  0  -0.246054  0.188392  10653.8  1.93394  -0.0327025  1
546  0  0.170249  0.212161  10354.4  2.0884  0.108662  1
547  0  0.148898  -0.130384  10098.3  2.20077  -0.134167  1
548  0  0.288392  0.0916589  9916.61  2.21695  0.0970046  1
549  0  -0.188474  -0.0779732  10644  1.93531  -0.141921  1
550  0  0.19006  -0.0887762  10054  2.29133  -0.0922545  1
551  0  -1.03927  -0.907188  10505.3  2.00165  -0.0635928  1
552  0  0.852089  0.136989  10541.8  2.01976  -0.153111  1
553  0  1.1582  1.26188  10504.6  2.01322  -0.055797  1
554  0  0.935522  -0.0394731  10428.1  1.76695  0.0766499  1
555  0  0.676322  -0.247833  10375.4  2.07  0.0125168  1
556  0  0.177347  0.0770178  10079.1  2.12303  0.242853  1
557  0  0.839833  0.292726  10485.3  2.02173  -0.112806  1
558  0  0.829658  0.0518202  10584.7  1.8798  -0.188966  1
559  0  0.567324  -0.0776604  10293.5  2.0998  0.033034  1
560  0  0.936894  0.0386838  10681.5  1.75087  -0.12954  1
561  0  0.0868737  -0.0472419  9758.19  2.11749  -0.215472  1
562  0  0.360901  0.43388  10386  2.07419  -0.0258874  1
563  0  -0.33193  -0.169675  10568  1.97618  -0.106515  1
564  0  0.131749  -0.0508315  9846.93  2.05196  -0.128417  1
565  0  -1.58273  -0.714854  10513.8  1.99903  -0.0569714  1
566  0  -1.63892  1.49409  10529.7  1.99946  -0.0517728  1
567  0  0.837619  -0.118279  10417.1  2.09846  0.0463549  1
568  0  -0.493372  -0.437236  10516.6  1.99991  -0.0850912  1
569  0  1.20556  0.795283  10508.3  2.01216  -0.0627174  1
570  0  -0.578305  -0.313346  10533.7  1.99314  -0.0809098  1
571  0  0.345939  -0.702462  10419.8  2.04543  -0.0556421  1
572  0  1.08746  0.623557  10506.7  2.01387  -0.0692568  1
573  0  0.642725  -0.717101  10437.5  2.03621  -0.0343364  1
574  0  -0.0948373  -1.28817  10475.7  2.01305  -0.0635417  1
575  0  0.760814  0.43238  10453.2  2.03889  -0.0884727  1
576  0  0.704264  0.243412  10407.1  2.05886  -0.130949  1
577  0  0.778653  0.192029  10469.1  2.02259  -0.148063  1
578  0  0.221459  0.086401  9997.73  2.18539  0.187758  1
579  0  -0.268751  -0.101016  10607.9  1.955  -0.114266  1
580  0  0.0249838  -0.242073  10347.6  2.08194  -0.162077  1
581  0  0.30838  -0.24021  10258.6  2.1285  -0.0531847  1
582  0  0.675025  0.707649  10465.9  2.03361  -0.0598651  1
583  0  0.752764  -0.334465  10412.3  2.05222  0.00551126  1
584  0  0.786947  0.0904317  10500.1  2.10112  -0.194615  1
585  0  0.33593  -0.14441  10206.2  2.17112  -0.0294622  1
586  0  0.467763  0.0880535  9983.35  2.1141  -0.111805  1
587  0  0.704265  -0.0354632  10353.5  1.47817  0.0375563  1
588  0  0.748204  -0.0341145  10367.9  1.46291  0.0357363  1
589  0  0.51134  0.081522  10073.4  2.04811  -0.147635  1
590  0  0.871008  0.498685  10481.8  2.02563  -0.0813098  1
591  0  0.416401  0.134067  10057.9  2.26265  -0.0605711  1
592  0  0.453093  0.155553  10117.4  2.20531  -0.0851691  1
593  0  0.57648  0.312159  10346.1  2.08953  -0.0912013  1
594  0  -0.196637  0.588046  10540.6  1.99539  -0.021711  1
595  0  0.880308  -0.0314082  10400.7  1.48495  0.0495385  1
596  0  -0.786509  1.46011  10525.4  2.00193  -0.0487277  1
597  0  0.67543  0.13669  10369.9  2.11301  -0.18182  1
598  0  1.74712  0.708271  10516.4  2.00835  -0.0578026  1
599  0  0.261421  0.177693  10187.4  2.16246  0.0737908  1
600  0  0.872302  -0.599973  10454.6  2.02803  -0.0167126  1
601  0  -0.276229  -0.394817  10498.7  2.00902  -0.103856  1
602  0  0.882528  0.0350007  10639.4  1.50069  -0.138792  1
603  0  -0.0159881  -0.0469936  10543.3  1.93332  -0.480826  1
604  0  0.311083  -0.424923  10357.9  2.078  -0.0614669  1
605  0  -1.60028  -0.0778263  10527.5  1.99879  -0.0555898  1
606  0  0.371529  -0.105764  10197.3  2.20481  -0.00949839  1
607  0  0.422258  0.0881911  9959.59  2.15203  -0.0687515  1
608  0  1.00862  -0.0385926  10523.5  1.64219  0.112531  1
609  0  0.418114  0.724691  10460.9  2.03575  -0.0424719  1
610  0  1.33095  0.0920768  10566.5  1.93244  -0.0527451  1
611  0  0.286754  0.283429  10304.8  2.11158  0.0206018  1
612  0  0.0772887  1.27154  10506.6  2.0123  -0.0437431  1
613  0  -1.63013  -1.32324  10501.6  1.99996  -0.0554882  1
614  0  0.339318  0.153858  10092  2.22075  0.00855498  1
615  0  1.00831  0.0420287  10674.6  1.7942  -0.106597  1
616  0  -0.0222684  0.0117272  11450.7  1.40151  -0.235342  1
617  0  1.50011  -0.20743  10530  1.96462  -0.0126859  1
618  0  -0.210443  1.64664  10515.1  2.0066  -0.0483318  1
619  0  0.246083  0.463079  10423.8  2.05604  -0.00525221  1
620  0  0.659903  -0.0352806  10341.2  1.44074  0.0357813  1
621  0  0.616962  -0.0372128  10309.6  1.46713  0.030744  1
622  0  1.07616  -0.136318  10550.7  2.0147  0.0356875  1
623  0  -1.07705  -0.455713  10521.6  1.99775  -0.0644813  1
624  0  0.00022887  -0.0275631  10235  2.001  -0.812234  1
625  0  0.750999  0.113575  10459.5  2.10108  -0.19229  1
626  0  -0.0337619  -0.137692  10434.4  2.02957  -0.243576  1
627  0  0.173474  -0.512685  10389.4  2.06184  -0.0790062  1
628  0  0.00640434  0.342529  10538.5  1.99431  0.0348609  1
629  0  -0.965113  -1.63534  10490.4  2.00326  -0.0589388  1
630  0  -0.0367023  -0.431929  10428.9  2.04309  -0.108367  1
631  0  1.19385  1.03191  10504.7  2.01346  -0.0587683  1
632  0  0.936129  0.120824  10596.3  2.02056  -0.12802  1
633  0  1.0925  -0.463053  10487.1  2.01216  -0.00563263  1
634  0  0.539463  -0.109204  10296.7  2.16208  0.0215741  1
635  0  -1.13707  -1.20308  10499.7  2.00198  -0.0603844  1
636  0  1.73423  0.239569  10523.4  1.99322  -0.050829  1
637  0  -0.500188  -0.183378  10555.4  1.98324  -0.0846221  1
638  0  0.775996  0.043668  10509.6  1.47576  -0.163417  1
639  0  1.04592  -0.0128742  10616.7  1.36862  0.0513778  1
640  0  0.225848  -0.10397  10097.8  2.25022  -0.071255  1
641  0  -0.0788119  -0.116011  10557.3  1.97219  -0.225377  1
642  0  0.792606  -0.0302653  10385.1  1.38216  0.0339953  1
643  0  0.835787  -0.0299291  10405.2  1.40848  0.0468633  1
644  0  0.912534  -0.19666  10454.1  2.03949  0.0349309  1
645  0  -0.267155  -1.50742  10482.2  2.00805  -0.0622332  1
646  0  -0.527768  -0.0313195  10573.7  1.97532  -0.0737411  1
647  0  0.571464  -0.0396513  10290.4  1.52005  0.0353046  1
648  0  0.852541  0.0915259  10573.2  2.05638  -0.170964  1
649  0  0.242386  -0.0451367  10033.6  1.77245  -0.030069  1
650  0  0.0437157  0.0516123  10719.5  1.8102  0.441595  1
651  0  0.2864  -0.0436559  10109.8  1.67956  -0.0125945  1
652  0  0.0856452  -0.264454  10315.1  2.09874  -0.135014  1
653  0  0.0101039  -0.617897  10436.1  2.03758  -0.0841858  1
654  0  0.620895  0.0652723  10262.6  1.78783  -0.183189  1
655  0  0.664647  0.0594643  10349.7  1.68854  -0.184224  1
656  0  0.609736  -0.0946034  10314.5  2.1469  0.0356963  1
657  0  0.560002  0.497676  10416.4  2.0593  -0.0617637  1
658  0  0.110546  0.0676034  10280.8  2.04217  0.357899  1
659  0  0.197531  -0.0442098  9992.4  1.80727  -0.0455171  1
660  0  -0.0432823  0.562775  10522.6  2.00614  -0.00955532  1
661  0  0.776363  0.330298  10456.1  2.03613  -0.107025  1
662  0  -1.3192  0.528845  10536  1.99691  -0.0526666  1
663  0  -0.816763  0.136201  10553.2  1.98624  -0.0588699  1
664  0  -0.257442  0.0790991  10679.3  1.91948  -0.0654311  1
665  0  -0.41565  -0.988499  10484.3  2.01154  -0.0699992  1
666  0  0.602182  -0.321258  10367.6  2.07453  -0.00653182  1
667  0  0.51176  -0.471702  10383.7  2.06496  -0.0317393  1
668  0  0.167121  0.165105  10303.9  2.1035  0.149811  1
669  0  0.484413  -0.0383811  10238.3  1.48278  0.0219556  1
670  0  0.528368  -0.0371378  10268.7  1.44236  0.0319479  1
671  0  0.063657  0.156806  10558.1  1.97277  0.179775  1
672  0  1.36864  -0.355981  10519.6  1.99567  -0.0117595  1
673  0  0.538493  0.0801769  10060.1  1.97399  -0.170869  1
674  0  0.950358  0.591536  10493.3  2.02118  -0.073338  1
675  0  1.46299  0.22628  10547.4  1.99191  -0.055349  1
676  0  1.67748  -0.678656  10507.8  1.9931  -0.023376  1
677  0  0.444415  -0.042712  10215.9  1.54105  0.0214724  1
678  0  0.392195  -0.0437977  10161.2  1.61698  0.0391562  1
679  0  0.266376  0.084114  9987.78  2.15585  0.128043  1
680  0  0.310899  0.0857917  9903.05  2.15637  0.0588629  1
681  0  0.0645916  -0.0390197  9574.5  2.09216  -0.275858  1
682  0  0.4117  -0.184067  10260.4  2.13108  -0.0161782  1
683  0  1.10937  0.438612  10521  2.00628  -0.0756649  1
684  0  1.66556  -1.53262  10506  1.99663  -0.037832  1
685  0  0.486926  0.351051  10337  2.09338  -0.0611303  1
686  0  -0.495357  -0.599734  10502  2.00538  -0.0802459  1
687  0  -1.25882  1.04743  10532.4  1.99878  -0.0504267  1
688  0  0.114369  0.118924  10395.5  2.04556  0.236745  1
689  0  0.0707595  0.0561624  10500.1  1.90653  0.418902  1
690  0  1.45683  0.88123  10512.3  2.00989  -0.059362  1
691  0  0.109483  -0.0413365  9771.44  1.94882  -0.146679  1
692  0  0.155269  0.0736886  10147.9  2.09163  0.280285  1
693  0  0.156387  -0.0426192  9846.48  1.84651  -0.0809196  1
694  0  -0.135693  -0.109887  10606.2  1.9528  -0.176847  1
695  0  0.638452  0.582138  10446.9  2.04423  -0.0643294  1
696  0  0.791894  -0.736397  10452.1  2.02873  -0.0279336  1
697  0  0.819605  0.70943  10480  2.02661  -0.0647923  1
698  0  -0.303499  0.699586  10537.6  1.99698  -0.0313043  1
699  0  0.434491  -0.355746  10338  2.0888  -0.0339548  1
700  0  0.491059  -0.0740253  10249.4  2.11066  0.0250709  1
701  0  0.618462  0.124608  10282.4  2.17782  -0.185553  1
702  0  0.204657  -0.316639  10306.7  2.10389  -0.0878704  1
703  0  0.833546  0.219206  10497.7  2.00827  -0.131427  1
704  0  0.393072  1.37236  10501.9  2.0147  -0.047773  1
705  0  0.543863  -0.274579  10340.1  2.08824  -0.00688552  1
706  0  0.444595  0.0830138  9959.16  2.03508  -0.0910456  1
707  0  0.199161  0.0767413  10066.2  2.09792  0.219375  1
708  0  0.839265  -0.485231  10443.5  2.03465  -0.00817592  1
709  0  -1.72303  -1.01004  10507.7  1.99974  -0.0551812  1
710  0  0.749268  0.0503865  10485.8  1.60979  -0.177815  1
711  0  -0.0249089  -0.782405  10452.5  2.02878  -0.0752455  1
712  0  0.917405  0.0817241  10621.6  2.02421  -0.141019  1
713  0  -0.488493  0.650104  10547.1  1.99185  -0.0382314  1
714  0  -0.0431817  -0.0111952  11065.8  1.66444  -0.311396  1
715  0  0.313305  -1.37878  10473.8  2.01353  -0.0561238  1
716  0  0.681832  -0.0298198  10341.9  1.2775  0.0382367  1
717  0  0.901886  -0.0243583  10398.8  1.26267  0.0389273  1
718  0  0.598719  0.0657057  10218.2  1.69286  -0.181254  1
719  0  0.770337  -0.0266373  10363  1.24334  0.0312399  1
720  0  1.72182  1.42701  10511  2.00939  -0.0554368  1
721  0  0.219792  -0.0402994  9988.92  1.65232  -0.0234745  1
722  0  0.56417  0.120343  10198.8  2.23269  -0.176238  1
723  0  0.414709  0.24524  10234.6  2.14712  -0.0418383  1
724  0  0.333218  0.0844342  9911.75  2.06408  0.0256515  1
725  0  0.857896  -0.0251627  10392.5  1.28087  0.0506967  1
726  0  0.860013  0.03151  10621  1.29057  -0.154512  1
727  0  -1.0923  -0.199095  10531.4  1.99594  -0.0624886  1
728  0  -0.222736  -0.527469  10475.1  2.01877  -0.0950461  1
729  0  0.244254  0.0810256  9951.83  2.10934  0.153136  1
730  0  0.593997  -1.41239  10477.6  2.01172  -0.049563  1
731  0  1.20502  0.352037  10536.6  1.99794  -0.0721568  1
732  0  -0.66304  1.01275  10531.7  1.99943  -0.0447938  1
733  0  0.19612  0.585441  10463.6  2.0364  -0.0172313  1
734  0  -1.39053  1.65536  10528.4  1.99996  -0.0514873  1
735  0  0.636857  0.350562  10392.4  2.06595  -0.0936802  1
736  0  0.434619  -0.565347  10398.6  2.05727  -0.0456258  1
737  0  1.04938  0.0339904  10639.3  1.65599  -0.0814521  1
738  0  0.913116  -0.0817879  10434.2  2.04555  0.0648144  1
739  0  -0.310855  0.000402731  10633.7  1.94428  -0.0862684  1
740  0  -0.0891703  0.0985609  10849.2  1.82077  0.00630059  1
741  0  -0.019515  0.185663  10681.6  1.91879  0.0843583  1
742  0  -0.00458457  0.0793814  10970  1.74432  0.19081  1
743  0  0.117648  0.247916  10448.4  2.0402  0.0879691  1
744  0  0.0214473  0.840515  10505.9  2.01351  -0.0310926  1
745  0  1.16803  0.243299  10556.4  1.98366  -0.0740629  1
746  0  0.0915556  -0.156184  10182.6  2.15718  -0.180991  1
747  0  0.989117  -0.0732547  10515  1.98472  0.0885044  1
748  0  -0.0299435  0.120446  10826.5  1.82955  0.0961501  1
749  0  0.0296237  -0.0806411  10089.9  2.19215  -0.372677  1
750  0  0.700287  1.33419  10499.7  2.01583  -0.0516822  1
751  0  -0.374704  0.235432  10607.6  1.95915  -0.0417132  1
752  0  1.21511  -0.151556  10549.9  1.96845  0.00374606  1
753  0  0.84625  -0.0826357  10409.7  2.08541  0.0530115  1
754  0  -0.0857703  -0.219507  10472.3  2.02138  -0.166173  1
755  0  -0.143193  -0.0474281  10702.7  1.90046  -0.162079  1
756  0  -0.146975  0.00800721  10777.2  1.86118  -0.121  1
757  0  0.212877  -1.75317  10482.4  2.00718  -0.0580216  1
758  0  0.300833  -0.0880257  10135.4  2.24191  -0.0304131  1
759  0  0.328996  0.230183  10227.7  2.15275  0.0110919  1
760  0  0.748636  -0.12549  10383.1  2.10567  0.0370196  1
761  0  1.17293  -0.358213  10511.2  2.00015  -0.000898982  1
762  0  0.618959  -0.60376  10420.9  2.04528  -0.0304374  1
763  0  0.401595  0.165997  10116.6  2.19535  -0.0420414  1
764  0  1.76228  -0.162829  10521.6  1.97232  -0.0224304  1
765  0  0.581142  0.19322  10284.5  2.11098  -0.133877  1
766  0  0.855759  -0.898204  10466.3  2.02107  -0.0325802  1
767  0  0.451515  -0.216963  10291.7  2.11167  -0.0133897  1
768  0  -0.410026  1.08297  10524.2  2.00326  -0.0420979  1
769  0  -1.60245  -1.66132  10496.9  1.99964  -0.0545028  1
770  0  -1.75312  0.204173  10529.9  1.99861  -0.0536755  1
771  0  0.987935  0.0714246  10638.8  1.99774  -0.114642  1
772  0  0.984756  -0.0197198  10409  1.29712  0.100555  1
773  0  0.538308  0.136956  10178.7  2.20323  -0.14698  1
774  0  0.903411  0.0266018  10665.6  1.23761  -0.10028  1
775  0  0.894571  0.871571  10491.5  2.02016  -0.0606354  1
776  0  0.132223  -0.866048  10447.1  2.03089  -0.0665863  1
777  0  0.726053  -0.0288462  10356.7  1.27593  0.0358951  1
778  0  0.308596  -0.0378021  10114.7  1.44352  -0.00429265  1
779  0  -0.642678  -1.11906  10491.5  2.00704  -0.065796  1
780  0  0.465185  0.979578  10485.6  2.02336  -0.0466768  1
781  0  1.23199  -0.0212125  10603  1.79797  -0.0233558  1
782  0  0.578126  0.0683164  10209.1  1.77617  -0.182951  1
783  0  -0.744488  -0.324941  10531.3  1.99453  -0.0727911  1
784  0  0.488667  0.0774857  10008.8  1.92216  -0.121902  1
785  0  -0.483921  0.13617  10591.8  1.9664  -0.0592118  1
786  0  0.666469  0.0838001  10346.8  2.14883  -0.215815  1
787  0  0.287434  -0.35249  10321.8  2.09654  -0.0643199  1
788  0  0.361991  -0.0396768  10108.7  1.47212  -0.00352005  1
789  0  0.414675  -0.995976  10453.5  2.02703  -0.0524171  1
790  0  1.08418  0.0784446  10621.5  1.94006  -0.0840163  1
791  0  0.686002  0.0501687  10366.1  1.4345  -0.167792  1
792  0  0.194826  -0.628904  10412.6  2.04899  -0.0695361  1
793  0  -0.358342  0.386984  10580.1  1.97532  -0.0313659  1
794  0  0.687325  0.102636  10378.8  2.16408  -0.205464  1
795  0  0.284888  -0.0680501  10111.4  2.17725  -0.0279509  1
796  0  0.00955905  -0.139388  10319.3  2.08431  -0.243423  1
797  0  -0.0684218  -0.0625259  10675.8  1.90287  -0.271928  1
798  0  0.998357  -0.397481  10475.3  2.01909  0.00306962  1
799  0  0.700692  -0.193822  10376.8  2.07472  0.0231775  1
800  0  -0.00443322  -0.010199  11052.2  1.43084  -0.786895  1
801  0  0.260193  -0.219893  10235.1  2.13951  -0.0695494  1
802  0  0.736636  0.207081  10432.8  2.03942  -0.145128  1
803  0  0.749075  -0.068916  10370.4  2.0194  0.0465101  1
804  0  1.01613  -1.70271  10494.3  2.00236  -0.0456217  1
805  0  0.516868  0.285599  10308.4  2.10796  -0.0802842  1
806  0  -0.245626  -0.205594  10552.4  1.98335  -0.124295  1
807  0  0.642158  -0.205541  10356.2  2.08134  0.0167931  1
808  0  0.706677  0.0495056  10412.7  1.47663  -0.168014  1
809  0  -1.02458  1.71832  10526  2.00105  -0.0508403  1
810  0  0.715916  -0.125775  10372.9  2.11499  0.0358093  1
811  0  0.889922  0.157316  10554.9  1.9948  -0.135778  1
812  0  0.078618  0.383225  10485.2  2.02254  0.0270895  1
813  0  0.176759  0.899514  10492.4  2.02004  -0.0359263  1
814  0  0.124685  -0.430077  10376.1  2.06903  -0.0936399  1
815  0  0.449179  -0.0890877  10233.2  2.19584  0.0117779  1
816  0  -0.318132  -0.655652  10483.1  2.0141  -0.0830084  1
817  0  1.03834  0.179362  10579.5  1.97382  -0.0930815  1
818  0  -0.734952  -0.034416  10553.3  1.98562  -0.066665  1
819  0  0.708489  -0.0722468  10353  2.0445  0.0453749  1
820  0  -0.153411  0.189944  10687.5  1.91708  -0.00264644  1
821  0  0.181154  -0.163642  10160.7  2.17042  -0.107325  1
822  0  0.767106  -0.179948  10393.8  2.07252  0.0297441  1
823  0  0.663109  0.224003  10372  2.07201  -0.13708  1
824  0  0.000870257  0.0253247  11619.8  1.195  0.207241  1
825  0  0.989777  0.0201958  10679.2  1.25938  -0.067281  1
826  0  0.0591793  0.0805465  10622.8  1.93909  0.342324  1
827  0  0.0448587  0.111958  10667.5  1.89883  0.233744  1
828  0  0.399959  0.0820866  9961.21  2.02182  -0.0509219  1
829  0  0.37904  0.0837773  9932.11  2.09432  -0.0305285  1
830  0  -0.200511  0.456132  10563.1  1.98512  -0.0146824  1
831  0  0.726671  0.0446601  10458  1.36179  -0.156134  1
832  0  0.886458  0.0715992  10612.9  1.99712  -0.162283  1
833  0  0.626549  0.0921039  10293.4  2.18649  -0.211335  1
834  0  0.24367  -0.0713304  10072.7  2.21914  -0.0441986  1
835  0  0.330674  -0.0394404  10132.2  1.5046  -0.0158118  1
836  0  0.813682  0.163123  10505.7  2.01482  -0.152511  1
837  0  0.565612  -0.155428  10313.6  2.11758  0.0176691  1
838  0  0.973506  -0.10761  10491.2  2.06464  0.0664111  1
839  0  0.350543  -0.0807576  10166.3  2.21652  -0.00486482  1
840  0  -0.060065  -1.72571  10482.4  2.00673  -0.0603355  1
841  0  0.818501  0.116559  10524.1  2.05606  -0.172525  1
842  0  0.696245  -1.73218  10488.1  2.00519  -0.0501192  1
843  0  0.462301  -0.0343467  10231.4  1.31735  0.0184946  1
844  0  0.909637  0.320889  10506.2  2.0126  -0.101174  1
845  0  0.359557  -0.271307  10287  2.11502  -0.0416948  1
846  0  0.883486  -0.309525  10446.5  2.03388  0.0147068  1
847  0  0.60846  -0.406923  10386.9  2.06376  -0.0158511  1
848  0  0.557682  0.0682638  10122.7  1.73743  -0.166698  1
849  0  0.0195448  -0.0290135  9466.85  2.11707  -0.718903  1
850  0  0.720469  1.74115  10506.5  2.01113  -0.0517225  1
851  0  0.464841  0.426834  10378.4  2.07685  -0.0496774  1
852  0  1.72406  1.04638  10512.9  2.00894  -0.0574583  1
853  0  -0.0751302  0.0581627  10965.5  1.76531  -0.0342802  1
854  0  0.594196  -0.0311121  10286.7  1.30825  0.0333628  1
855  0  0.885104  -0.144816  10434.2  2.06966  0.0446559  1
856  0  1.04333  -0.201356  10511.2  2.00961  0.0263388  1
857  0  0.794573  -0.0537335  10391.7  1.89245  0.0502767  1
858  0  0.354423  0.0844338  9917.6  2.11322  0.000334642  1
859  0  0.883496  -0.0705271  10412.8  2.00274  0.0621215  1
860  0  0.255672  0.136134  10111.4  2.20344  0.102775  1
861  0  0.351209  0.338484  10328.4  2.0973  -0.0153373  1
862  0  0.0698615  -0.108255  10109.7  2.1994  -0.249826  1
863  0  0.985009  0.189379  10567.5  1.97341  -0.105337  1
864  0  0.0364618  -0.17862  10295.9  2.10467  -0.196356  1
865  0  -1.7104  -0.40569  10520.7  1.99918  -0.0550859  1
866  0  0.973785  -1.21264  10481.8  2.01079  -0.0390903  1
867  0  0.0519232  0.654627  10495.9  2.01888  -0.0180007  1
868  0  -0.83283  -0.478456  10519.9  1.9981  -0.0701889  1
869  0  0.815036  0.0350995  10557.6  1.31897  -0.140497  1
870  0  -0.387898  -0.397798  10514.4  2.00174  -0.094285  1
871  0  0.379357  1.69784  10506.8  2.01149  -0.0495332  1
872  0  -0.951527  0.7455  10538.7  1.99601  -0.0486674  1
873  0  -0.061341  1.15888  10511.6  2.00993  -0.0411465  1
874  0  0.974566  0.100745  10616.2  2.03629  -0.117176  1
875  0  0.705438  -0.294624  10392.2  2.06244  0.00767441  1
876  0  0.83402  -0.056276  10401.5  1.92047  0.0529246  1
877  0  0.128092  -0.0895501  9974.2  2.30219  -0.165259  1
878  0  0.50756  0.114671  10117.7  2.29337  -0.143933  1
879  0  0.616306  0.984065  10485.5  2.02315  -0.0516068  1
880  0  0.488415  -0.147928  10281.3  2.13447  0.00724771  1
881  0  0.473865  0.122039  10079.6  2.2957  -0.119083  1
882  0  0.422649  0.608966  10441.7  2.04667  -0.0399368  1
883  0  1.08277  -0.0568291  10595.9  1.77007  0.0696998  1
884  0  -0.177458  -1.07372  10474  2.01594  -0.0678223  1
885  0  0.837895  0.0309308  10609.2  1.30719  -0.146293  1
886  0  0.39551  -0.0849827  10197.1  2.20674  0.00712232  1
887  0  0.41383  -0.108448  10220.8  2.19731  0.00110129  1
888  0  -0.192272  0.0513793  10736  1.88773  -0.0777918  1
889  0  0.209909  -0.248132  10257.5  2.12923  -0.0899672  1
890  0  -1.08905  0.0871579  10539.5  1.99322  -0.0581973  1
891  0  0.657613  -0.0657802  10341  2.00251  0.0416258  1
892  0  0.947779  -0.0207555  10419.3  1.2608  0.0620705  1
893  0  0.622275  -0.0664053  10322.1  2.02018  0.0405  1
894  0  0.596621  0.247734  10325  2.09974  -0.116277  1
895  0  0.510073  -0.0966983  10277.3  2.1869  0.0229917  1
896  0  0.29784  0.679147  10460.6  2.03631  -0.0317378  1
897  0  0.912444  -0.423096  10455.7  2.0286  0.000173053  1
898  0  -0.925245  -1.1007  10498.5  2.00393  -0.0635463  1
899  0  -0.0772271  0.311582  10594.6  1.9662  0.0214787  1
900  0  -0.14864  0.361798  10586.4  1.97172  -0.00107469  1
901  0  0.923788  -0.0206061  10398.4  1.27198  0.0404088  1
902  0  0.948208  0.0206648  10714.1  1.19863  -0.0890597  1
903  0  0.146243  0.326755  10433.6  2.04636  0.0464677  1
904  0  0.221227  0.346926  10387.6  2.06967  0.0243595  1
905  0  0.940163  0.403503  10502  2.01474  -0.0888635  1
906  0  0.96826  0.0166576  10692.6  1.10467  -0.080795  1
907  0  -0.619166  -0.881589  10495.8  2.00652  -0.069884  1
908  0  0.314227  0.136842  10069.6  2.23987  0.0456329  1
909  0  0.171196  -0.208258  10223.8  2.14563  -0.111894  1
910  0  1.05183  1.73729  10506.7  2.01085  -0.0530305  1
911  0  0.219337  -0.753265  10431.3  2.03951  -0.0646617  1
912  0  0.18325  0.12811  10209.2  2.1387  0.176988  1
913  0  1.28882  -0.715781  10494.9  2.00501  -0.0211202  1
914  0  1.04167  0.117573  10618.3  2.01003  -0.0900127  1
915  0  1.35332  0.374159  10537.6  2.00009  -0.0621722  1
916  0  0.559326  -0.221864  10329.6  2.09273  0.00368295  1
917  0  0.411019  -0.299099  10311.5  2.10273  -0.0336876  1
918  0  0.967159  -0.0167425  10400.7  1.1621  0.0783455  1
919  0  0.652174  -0.116146  10345.4  2.13734  0.033233  1
920  0  0.133981  0.0664452  10171.5  2.0274  0.319108  1
921  0  0.638098  -0.0287034  10320.7  1.21966  0.0288066  1
922  0  1.24285  0.637817  10514.5  2.00974  -0.0652183  1
923  0  0.306623  0.110069  9982.86  2.34383  0.0627465  1
924  0  1.72947  -1.22131  10507.6  1.995  -0.0338341  1
925  0  0.26883  0.108639  10032.4  2.31113  0.119553  1
926  0  0.458599  0.23162  10235.3  2.14776  -0.0682441  1
927  0  0.10452  0.0925453  10387.7  2.06699  0.30652  1
928  0  0.219233  0.120701  10112.7  2.21075  0.158388  1
929  0  0.732336  0.088213  10449.8  2.14218  -0.214169  1
930  0  0.924764  0.0211011  10673  1.21988  -0.0862741  1
931  0  1.0067  1.15659  10500.2  2.01546  -0.0565414  1
932  0  0.571187  -1.01171  10457  2.02495  -0.0461163  1
933  0  0.732728  0.290004  10429.9  2.0494  -0.116336  1
934  0  -0.850917  -0.184033  10538.7  1.99219  -0.0674951  1
935  0  0.118076  -0.212938  10245.8  2.13356  -0.138914  1
936  0  0.794917  0.0354276  10536.7  1.25044  -0.140543  1
937  0  0.378246  -0.400074  10345.6  2.08413  -0.0474363  1
938  0  -0.0646071  -0.169409  10472.4  2.01585  -0.202981  1
939  0  -0.196421  -0.318677  10494.5  2.01077  -0.121171  1
940  0  -0.445297  1.37314  10521.2  2.00424  -0.0464973  1
941  0  1.33577  -0.198164  10542.9  1.97381  -0.00661446  1
942  0  0.356068  0.124349  10026.9  2.29136  -0.00188153  1
943  0  -0.402453  -0.199356  10556.6  1.98223  -0.0956345  1
944  0  -0.563367  -1.37489  10487.7  2.00619  -0.0628537  1
945  0  -0.413245  0.0230702  10603.4  1.96023  -0.0744234  1
946  0  -0.828116  -0.797483  10504.5  2.00277  -0.0679312  1
947  0  0.808784  -0.100924  10398.1  2.1161  0.0480891  1
948  0  0.423088  0.111288  10011.2  2.33727  -0.0673296  1
949  0  -0.035952  -0.0635427  10604.5  1.9286  -0.347235  1
950  0  -0.162613  -0.185822  10540.3  1.9872  -0.153808  1
951  0  0.313924  -0.294938  10293.6  2.11125  -0.0559604  1
952  0  -0.0478459  -0.347815  10424.6  2.04491  -0.125904  1
953  0  0.24788  -0.177697  10193.5  2.1571  -0.0684513  1
954  0  0.246119  -0.474825  10371.1  2.07115  -0.0708188  1
955  0  0.414973  0.309466  10299.9  2.11164  -0.0383121  1
956  0  0.971809  -0.202976  10484.2  2.0241  0.0344634  1
957  0  -0.243548  0.854136  10523.7  2.00396  -0.0342721  1
958  0  -1.41058  0.836884  10533.7  1.99832  -0.051561  1
959  0  0.439524  -0.0659454  10222.6  2.07802  0.0241209  1
960  0  -0.00787497  -0.0737632  10380.4  2.02943  -0.382954  1
961  0  0.940518  -0.270019  10465.9  2.02483  0.0214067  1
962  0  0.0878167  -0.0849109  9951.23  2.30373  -0.226727  1
963  0  -0.617304  0.233392  10569.4  1.97853  -0.0543032  1
964  0  -0.0683631  -0.0170362  10894.2  1.78389  -0.244037  1
965  0  0.0446935  -0.396444  10391.8  2.06162  -0.10961  1
966  0  1.02659  0.0142345  10687.5  1.27564  -0.049168  1
967  0  1.23636  0.158361  10571.4  2.00032  -0.0667738  1
968  0  -1.72939  1.74163  10529.1  1.99954  -0.052088  1
969  0  0.813893  -0.0236055  10387.7  1.18472  0.0388338  1
970  0  0.0429325  0.269168  10534.2  1.99726  0.0712484  1
971  0  0.777982  0.0680282  10497.5  2.0088  -0.208848  1
972  0  0.119139  1.73897  10510  2.00866  -0.0490006  1
973  0  -0.0188436  1.47596  10511.2  2.00977  -0.0462713  1
974  0  0.484001  0.17408  10170.6  2.16224  -0.0971674  1
975  0  1.45313  -0.572563  10508  1.99811  -0.018004  1
976  0  -0.342718  -0.254069  10540.7  1.98929  -0.10521  1
977  0  -0.3333  -0.335576  10522.5  1.99855  -0.101618  1
978  0  0.832316  -0.155756  10420.1  2.07031  0.0398094  1
979  0  -0.914872  0.309744  10547.5  1.99019  -0.0542306  1
980  0  0.128908  0.14852  10374  2.06165  0.187841  1
981  0  0.928298  0.0611854  10641.4  1.94662  -0.143084  1
982  0  0.677355  0.4103  10422.1  2.05331  -0.0870774  1
983  0  -1.72287  0.909435  10532  1.99911  -0.0520229  1
984  0  0.949888  0.27094  10529.5  1.99923  -0.103106  1
985  0  0.193224  -0.0661796  10006.6  2.25147  -0.0785294  1
986  0  0.285398  0.151886  10109.7  2.19099  0.0630976  1
987  0  -0.706883  1.7583  10522.5  2.00245  -0.0505307  1
988  0  0.897179  1.29421  10500.5  2.01531  -0.0543599  1
989  0  1.75126  1.75126  10510.9  2.00753  -0.0537646  1
990  0  0.589789  0.115727  10242.1  2.22202  -0.187698  1
991  0  -1.37273  -1.26743  10500.9  2.0009  -0.057965  1
992  0  0.65029  -0.290177  10375.7  2.07058  0.00337682  1
993  0  0.264314  -0.0381549  10068.8  1.51808  -0.01254  1
994  0  0.711247  0.135507  10412.9  2.08961  -0.183358  1
995  0  0.164402  0.0991962  10196.9  2.19587  0.24321  1
996  0  0.855471  -0.221711  10433.2  2.04283  0.0284728  1
997  0  1.00616  0.100225  10628.8  2.02983  -0.10834  1
998  0  0.691451  -0.144238  10367.3  2.1038  0.0300859  1
999  0  0.0157093  0.453071  10513.9  2.00977  0.0102313  1
1000  0  0.865613  0.611028  10481.5  2.02665  -0.0718788  1
1001  0  -1.06359  -1.42283  10495.1  2.0024  -0.0597148  1
1002  0  1.70446  0.45412  10522.3  2.00738  -0.0576153  1
1003  0  -0.0864997  0.227208  10658.4  1.93369  0.0318274  1
1004  0  0.641976  0.0565695  10305.3  1.53833  -0.170883  1
1005  0  1.14699  -1.11265  10487.9  2.00806  -0.0342607  1
1006  0  0.841303  0.0702395  10593.8  2.04456  -0.185719  1
1007  0  0.400155  -0.0638824  10174.4  2.09274  0.00992738  1
1008  0  0.106917  -0.591469  10415.6  2.04779  -0.0803487  1
1009  0  0.429366  -0.150812  10251.9  2.14758  -0.00381665  1
1010  0  0.0101649  -1.14395  10468.6  2.01812  -0.0641151  1
1011  0  -0.76568  0.482385  10550.5  1.98971  -0.0489317  1
1012  0  1.02312  0.395554  10518.1  2.00684  -0.0834196  1
1013  0  0.456086  -0.416734  10361  2.07627  -0.0357808  1
1014  0  0.218271  -0.152658  10149.8  2.17965  -0.0830674  1
1015  0  0.122434  -0.142438  10139  2.17602  -0.155983  1
1016  0  0.327609  -0.0766967  10137.4  2.2215  -0.0166703  1
1017  0  0.619675  0.429209  10409.5  2.06075  -0.0774137  1
1018  0  -0.0965573  0.0159723  10913.3  1.7807  -0.131527  1
1019  0  0.371821  0.163585  10118.2  2.19543  -0.0175401  1
1020  0  0.372194  -0.160735  10226.7  2.15495  -0.02065  1
1021  0  0.995959  -0.585624  10471.4  2.01937  -0.013654  1
1022  0  0.176101  -0.0362238  9943.46  1.60327  -0.0525877  1
1023  0  1.37161  0.536947  10524.9  2.00551  -0.0629734  1
1024  0  0.785576  -0.0744248  10389.7  2.05981  0.0513277  1
1025  0  0.288682  0.220107  10230.2  2.14989  0.0389171  1
1026  0  1.7632  -1.77659  10508.9  1.99562  -0.0403755  1
1027  0  0.673004  -0.0834357  10349.9  2.11943  0.0405007  1
1028  0  -1.78147  0.633455  10532  1.99906  -0.0525209  1
1029  0  0.0907198  0.0562842  10424.9  1.91585  0.395849  1
1030  0  0.0310034  -0.114188  10242  2.12463  -0.273644  1
1031  0  -0.480766  0.466459  10563.2  1.98367  -0.0392415  1
1032  0  0.53902  -0.558554  10404.9  2.05425  -0.0343157  1
1033  0  0.709812  0.0854377  10404.5  2.15774  -0.215149  1
1034  0  0.509027  -0.12308  10286.1  2.15699  0.0152079  1
1035  0  0.944224  0.219358  10545  1.98549  -0.110388  1
1036  0  0.607498  0.171218  10289.3  2.10742  -0.155778  1
1037  0  0.10918  -1.28774  10471.3  2.01558  -0.06082  1
1038  0  0.213735  0.196619  10274.7  2.12731  0.0971173  1
1039  0  0.547516  -0.185385  10317  2.10118  0.00862118  1
1040  0  1.08206  0.226277  10563.8  1.97857  -0.084551  1
1041  0  0.988257  -0.318328  10478.8  2.01813  0.0129946  1
1042  0  0.549759  -0.0316781  10278.7  1.25857  0.0359479  1
1043  0  0.0119198  0.106934  10811  1.82574  0.188831  1
1044  0  0.506298  -0.0308028  10243.5  1.21642  0.026392  1
1045  0  0.507786  0.248013  10269.7  2.13015  -0.0835866  1
1046  0  0.887327  0.199695  10532.1  1.98897  -0.12569  1
1047  0  -1.63334  0.42765  10532.5  1.99831  -0.0532441  1
1048  0  1.52795  0.614197  10519.4  2.00762  -0.0596557  1
1049  0  -0.0415938  0.0426838  11163.4  1.63624  -0.013519  1
1050  0  -0.827151  1.22877  10529.2  2.00029  -0.047748  1
1051  0  1.19564  1.48382  10506.6  2.01256  -0.0545612  1
1052  0  -1.43591  1.28565  10530.4  1.99942  -0.0511103  1
1053  0  0.627924  -0.17432  10343  2.09037  0.0210494  1
1054  0  -0.0337365  -0.26787  10412  2.05003  -0.152637  1
1055  0  0.163493  -0.101027  10040.6  2.27209  -0.120605  1
1056  0  1.01274  -0.107481  10537.6  2.04416  0.0587292  1
1057  0  -0.3368  -1.75541  10484  2.00562  -0.0607096  1
1058  0  0.924959  -0.0599574  10421.2  1.95109  0.0775579  1
1059  0  0.683839  0.299807  10403  2.06193  -0.111892  1
1060  0  -1.33329  -1.76155  10493.6  2.00103  -0.0556301  1
1061  0  1.04869  0.831706  10500.1  2.01603  -0.0625623  1
1062  0  -0.617306  0.389579  10562.3  1.98358  -0.0471002  1
1063  0  0.100224  0.143469  10460.5  2.01827  0.200538  1
1064  0  -1.73233  1.24141  10530.7  1.99929  -0.0518329  1
1065  0  0.97889  -0.872361  10472.9  2.01743  -0.0289164  1
