0  2  1  0  10457.5  6.37994e-17  -1.38964e-17  1
1  1  2  2  10514.9  1.78109  0.40246  1
2  1  2  -2  10483.1  2.10279  0.451301  1
3  3  -2  -2  11160.6  1.94144  0.480443  1
4  3  -2  2  10719.6  1.9359  0.498898  1
10  1  2  1.6  10508.5  1.75055  0.407129  1
11  1  2  1.2  10508.5  1.69751  0.395637  1
12  1  2  0.8  10508.5  1.60866  0.418011  1
13  1  2  0.4  10508.5  1.73027  0.517095  1
14  1  2  5.50449e-12  10508.5  1.96349  0.537184  1
15  1  2  -0.4  10508.5  1.97388  0.471194  1
16  1  2  -0.8  10508.5  1.89658  0.427003  1
17  1  2  -1.2  10508.5  2.00024  0.423209  1
18  1  2  -1.6  10508.5  2.20002  0.429918  1
19  0  1.6  -2  10570.7  1.94144  0.480443  1
20  0  1.2  -2  10866.1  1.94144  0.480443  1
21  0  0.8  -2  10933.5  1.94144  0.480443  1
22  0  0.4  -2  11011.2  1.94144  0.480443  1
23  0  5.50449e-12  -2  11249.3  1.94144  0.480443  1
24  0  -0.4  -2  11263.1  1.94144  0.480443  1
25  0  -0.8  -2  11215.1  1.94144  0.480443  1
26  0  -1.2  -2  11176.3  1.94144  0.480443  1
27  0  -1.6  -2  11162.7  1.94144  0.480443  1
28  3  -2  -1.6  11137.7  1.94144  0.480443  1
29  3  -2  -1.2  11109.9  1.94144  0.480443  1
30  3  -2  -0.8  11060.7  1.94144  0.480443  1
31  3  -2  -0.4  10996.4  1.94144  0.480443  1
32  3  -2  -5.50449e-12  10927.7  1.94144  0.480443  1
33  3  -2  0.4  10859.5  1.94144  0.480443  1
34  3  -2  0.8  10801.7  1.94144  0.480443  1
35  3  -2  1.2  10754.9  1.94144  0.480443  1
36  3  -2  1.6  10724.8  1.94144  0.480443  1
37  0  -1.6  2  10697.6  1.92723  0.473645  1
38  0  -1.2  2  10651.5  1.95366  0.48494  1
39  0  -0.8  2  10632.9  1.93562  0.663587  1
40  0  -0.4  2  10757.7  1.82773  0.719766  1
41  0  -5.50449e-12  2  10792.5  1.75948  0.580628  1
42  0  0.4  2  10667.3  1.75839  0.465123  1
43  0  0.8  2  10622.4  1.7713  0.425504  1
44  0  1.2  2  10604.7  1.77269  0.408643  1
45  0  1.6  2  10558.9  1.77976  0.395215  1
46  2  0.994325  0.0211199  10407.6  -3.24559e-18  -1.92581e-17  1
47  2  0.984726  0.0408463  10273.6  0  0  1
48  2  0.967877  0.0548702  10121.3  2.76093e-17  -1.51093e-17  1
49  2  0.950126  0.0678161  9993.25  0  0  1
50  2  0.931186  0.0789434  9881.56  1.75156e-17  -7.1492e-18  1
51  2  0.911931  0.0895324  9807.85  0  0  1
52  2  0.891955  0.0986746  9799.68  -1.30272e-18  1.49851e-17  1
53  2  0.871637  0.107045  9838.88  0  0  1
54  2  0.851084  0.114819  9903.52  0  0  1
55  2  0.830187  0.121609  9960.71  0  0  1
56  2  0.809068  0.127681  9984.3  -2.46519e-32  2.31112e-33  1
57  2  0.787882  0.133517  9971.65  0  0  1
58  2  0.766612  0.139036  9932.73  -1.60969e-17  -4.55482e-18  1
59  2  0.745228  0.144096  9826.51  0  0  1
60  2  0.723769  0.148827  9750.13  -1.3251e-16  2.24373e-17  1
61  2  0.702132  0.152659  9715.64  0  0  1
62  2  0.680433  0.156131  9668.85  -6.11402e-17  9.03941e-18  1
63  2  0.658719  0.159505  9686.17  -8.19653e-17  1.02614e-18  1
64  2  0.636966  0.162621  9631.91  0  0  1
65  2  0.615157  0.165314  9507.2  0  0  1
66  2  0.593276  0.16733  9432.23  1.60417e-16  -1.37636e-20  1
67  2  0.57134  0.168623  9404.34  0  0  1
68  2  0.549378  0.169365  9330.87  0  0  1
69  2  0.527405  0.169706  9291.81  0  0  1
70  2  0.505431  0.169798  9229.45  0  0  1
71  2  0.483456  0.169773  9137.58  -2.00939e-16  -1.28564e-17  1
72  2  0.461482  0.169574  9026.83  0  0  1
73  2  0.439513  0.169049  8905.98  1.9828e-16  1.71349e-17  1
74  2  0.417562  0.168048  8822.03  0  0  1
75  2  0.395648  0.166415  8707.37  0  0  1
76  2  0.373805  0.164017  8691.5  0  0  1
77  2  0.352027  0.161086  8675.51  0  0  1
78  2  0.330296  0.157822  8658.55  5.53075e-17  7.23822e-18  1
79  2  0.308593  0.154374  8566.11  0  0  1
80  2  0.286908  0.150821  8460.58  7.3953e-17  1.79987e-17  1
81  2  0.265359  0.146522  8441.76  0  0  1
82  2  0.243944  0.141595  8428.38  -2.04559e-16  -5.64833e-17  1
83  2  0.222618  0.136296  8430.59  0  0  1
84  2  0.201397  0.130588  8260.83  1.91115e-16  5.22225e-17  1
85  2  0.180235  0.124666  8144.86  0  0  1
86  2  0.159204  0.118298  8132.9  0  0  1
87  2  0.138485  0.110984  8133.59  5.91688e-16  2.49386e-16  1
88  2  0.118063  0.102872  8005.7  0  0  1
89  2  0.0978518  0.0942468  7920.37  2.51223e-16  1.38714e-16  1
90  2  0.0783437  0.0841544  7996.55  0  0  1
91  2  0.0591069  0.0735327  7900.43  -6.92449e-16  -4.52096e-16  1
92  2  0.0407791  0.0614301  7630.28  0  0  1
93  2  0.023492  0.04787  7543.07  0  0  1
94  2  0.0100063  0.0310787  8087.13  1.41991e-16  2.07674e-16  1
95  2  0.0019672  0.0106471  10047.8  0  0  1
96  2  0.00345697  -0.0103873  12046  0  0  1
97  2  0.0185067  -0.0262804  12585.9  0  0  1
98  2  0.0382582  -0.0358731  12476.2  3.75647e-17  -7.65306e-18  1
99  2  0.0588491  -0.0435278  12232.2  0  0  1
100  2  0.0799266  -0.0497416  12014.5  0  0  1
101  2  0.10124  -0.0550527  11812.7  0  0  1
102  2  0.122838  -0.059106  11724.7  0  0  1
103  2  0.144498  -0.0628083  11626.8  9.39323e-17  -7.01965e-18  1
104  2  0.166205  -0.0662337  11536.2  0  0  1
105  2  0.187961  -0.0693244  11417.6  -2.69819e-16  3.03645e-17  1
106  2  0.209797  -0.0717751  11329.6  0  0  1
107  2  0.231709  -0.0734325  11371.5  6.59646e-17  -4.20982e-18  1
108  2  0.25358  -0.0755437  11379.4  0  0  1
109  2  0.275255  -0.0791486  11161.8  0  0  1
110  2  0.297037  -0.0820205  10948.1  0  0  1
111  2  0.318933  -0.0838776  10930.9  0  0  1
112  2  0.340851  -0.0854626  10916.9  2.07017e-16  -1.0771e-17  1
113  2  0.362782  -0.0868482  10887.4  0  0  1
114  2  0.384725  -0.0880285  10811.9  2.1748e-16  -8.21906e-18  1
115  2  0.406681  -0.0889448  10734.8  0  0  1
116  2  0.428648  -0.0895477  10711.6  1.43324e-16  -3.67069e-18  1
117  2  0.45062  -0.0898944  10684.3  0  0  1
118  2  0.472594  -0.0900548  10641.9  2.22462e-16  -8.69252e-19  1
119  2  0.494569  -0.0900989  10603.7  0  0  1
120  2  0.516544  -0.0900868  10549.3  -4.59166e-16  -5.05921e-18  1
121  2  0.538519  -0.0899926  10480.3  0  0  1
122  2  0.560493  -0.0897467  10444.3  -1.53161e-16  -6.29442e-18  1
123  2  0.582463  -0.0892792  10393.8  0  0  1
124  2  0.604424  -0.0885206  10339.7  -1.54556e-16  -7.84756e-18  1
125  2  0.626374  -0.0874594  10284.5  0  0  1
126  2  0.648311  -0.0861716  10263.3  6.92828e-17  4.66887e-18  1
127  2  0.670236  -0.0846875  10235  0  0  1
128  2  0.692144  -0.0829849  10166.2  -1.53104e-16  -1.50075e-17  1
129  2  0.714004  -0.08076  10135.7  0  0  1
130  2  0.735691  -0.0772261  10203.9  0  0  1
131  2  0.757466  -0.0743278  10295.3  3.9222e-16  4.59005e-17  1
132  2  0.779375  -0.0726281  10203.2  0  0  1
133  2  0.80126  -0.0706552  10064.1  4.51503e-16  5.92255e-17  1
134  2  0.82305  -0.0678175  10018.2  0  0  1
135  2  0.844778  -0.0645306  9993.96  4.53262e-16  7.5254e-17  1
136  2  0.866462  -0.0609714  9963.02  0  0  1
137  2  0.888096  -0.057116  9913.02  4.69836e-16  9.75872e-17  1
138  2  0.909609  -0.0526475  9824.99  0  0  1
139  2  0.930749  -0.0466539  9883.36  0  0  1
140  2  0.951649  -0.0398839  10004.8  2.11979e-16  6.30994e-17  1
141  2  0.971895  -0.0313563  10060.3  0  0  1
142  2  0.989474  -0.0186142  10286  0  0  1
276  0  0.179442  -0.673521  11121.3  1.85013  0.310628  1
277  0  0.802893  -0.659456  10780.9  1.95126  0.300934  1
278  0  -0.52703  -0.496745  11163  1.83568  0.464209  1
279  0  -0.851698  0.371483  10802.7  1.96547  0.625731  1
280  0  -0.166204  0.981266  10502.6  2.01153  0.595655  1
281  0  0.748471  1.08892  10458.4  1.93474  0.352805  1
282  0  1.29674  0.650196  10578.5  1.78335  0.124869  1
283  0  0.318343  0.72198  10199.5  2.13839  0.464903  1
284  0  0.777459  0.600633  10246  2.09279  0.191764  1
285  0  -0.0557614  0.504833  10214.1  2.12871  0.674316  1
286  0  -0.45719  -0.0362704  11040.2  1.82569  0.62735  1
287  0  1.04418  0.404908  10457.6  1.98792  -0.0701522  1
288  0  -0.0820816  -0.400347  11355.1  1.71768  0.356455  1
289  0  0.486125  -0.475798  10902.3  1.94224  0.208788  1
290  0  1.33208  0.187773  10864.5  1.50515  0.00129735  1
291  0  1.27934  -0.437019  10663.8  1.9506  0.384712  1
292  0  -0.225431  0.238087  10538.9  1.96036  0.812062  1
293  0  0.197398  -0.351157  11267.1  1.79004  0.175118  1
294  0  0.514842  0.451439  9866.68  2.31598  0.295748  1
295  0  0.254821  0.414588  9717.81  2.36997  0.561765  1
296  0  0.726534  0.374734  9978.45  2.25113  0.0985708  1
297  0  0.730488  -0.351224  10636.2  2.03728  0.262304  1
298  0  0.992724  -0.305526  10582.6  2.03616  0.378941  1
299  0  0.0831725  0.304206  9623.3  2.35749  0.826423  1
300  0  -0.142026  -0.162254  11547.8  1.51951  0.50184  1
301  0  0.875396  0.288231  10018.2  2.33408  -0.0160548  1
302  0  1.02872  0.223269  10216  1.84613  -0.495128  1
303  0  -0.0393005  0.202348  9952.12  2.15516  1.03272  1
304  0  -0.144455  0.0868714  10777.8  1.76501  0.9777  1
305  0  0.0485707  -0.239887  11584.7  1.59931  0.209033  1
306  0  0.362917  -0.260387  11005.9  1.92047  0.0701786  1
307  0  0.54985  -0.278023  10731.2  2.03308  0.155438  1
308  0  1.12858  0.114813  10822  0.890221  -0.307039  1
309  0  1.19563  -0.135859  10764.9  1.97645  0.438947  1
310  0  0.581067  0.321526  9718.3  2.38176  0.160286  1
311  0  0.445291  0.30665  9453.92  2.49104  0.289607  1
312  0  0.335168  0.295045  9319.84  2.5313  0.464499  1
313  0  0.19744  0.252254  9173.84  2.55025  0.730121  1
314  0  0.183056  -0.211527  11395  1.72062  0.046504  1
315  0  -1.03923  -0.246671  11006.9  1.92277  0.568525  1
316  0  0.689269  0.264619  9811.1  2.4486  0.0623984  1
317  0  -1.10149  -1.06103  11123.6  1.90897  0.497822  1
318  0  0.782974  0.231929  9977.38  2.23025  0.00137507  1
319  0  -0.353257  -1.25563  11163.5  1.9305  0.41915  1
320  0  -0.0244674  -0.139895  11846.6  1.35584  0.321373  1
321  0  0.668398  -0.220953  10523.9  2.11184  0.210334  1
322  0  0.799988  -0.20587  10391.8  2.16113  0.288156  1
323  0  0.933415  -0.178873  10391.7  2.12654  0.418329  1
324  0  0.112015  0.209763  9113.58  2.5148  0.943618  1
325  0  -0.981155  1.1858  10689.7  1.96323  0.564365  1
326  0  -0.501077  0.558082  10629.4  1.99778  0.655484  1
327  0  0.487276  -1.28356  11016.1  1.89845  0.250898  1
328  0  0.273532  -0.18358  11198.2  1.81999  -0.0139313  1
329  0  0.463953  -0.206248  10783.3  2.01888  0.0620499  1
330  0  -0.24898  -0.775795  11179  1.85573  0.388976  1
331  0  0.549168  -0.188193  10624.9  2.08601  0.104027  1
332  0  0.920267  0.198618  9654.24  1.68098  -0.0753778  1
333  0  0.0672012  -0.144891  11811.1  1.42103  0.0754618  1
334  0  0.0510534  0.168772  9192.57  2.40648  1.14287  1
335  0  -0.0217394  0.116547  9837.39  2.03094  1.31193  1
336  0  0.516405  0.259293  9454.89  2.59871  0.182293  1
337  0  0.14371  -0.138292  11583.4  1.57692  -0.0545998  1
338  0  0.979652  0.1445  9812.83  0.591216  -0.311951  1
339  0  0.591142  0.2423  9563.68  2.54885  0.0995126  1
340  0  1.36479  -1.29332  10695.4  1.95705  0.388393  1
341  0  0.348384  -0.159846  10987.6  1.93187  -0.0326609  1
342  0  0.446424  0.240268  9218.66  2.70529  0.257746  1
343  0  0.37697  0.235878  9083.38  2.75884  0.39429  1
344  0  0.274762  1.18268  10475.7  1.96256  0.476245  1
345  0  0.839754  0.194657  9966.58  1.49196  0.0540735  1
346  0  -0.0949583  -0.00678762  11396.2  1.37607  0.955694  1
347  0  1.3479  1.31955  10544.5  1.78848  0.348708  1
348  0  0.98216  -0.121812  10366.3  2.15685  0.51657  1
349  0  1.09337  -0.0609151  10710.8  1.86584  0.520005  1
350  0  0.61683  -0.151431  10444.2  2.24928  0.132733  1
351  0  0.491048  -0.847155  10962.4  1.91107  0.276119  1
352  0  0.283149  0.224618  8965.1  2.76418  0.596199  1
353  0  0.213552  -0.1415  11375.8  1.70621  -0.0747592  1
354  0  -0.266221  -0.0441898  11186.1  1.70142  0.682339  1
355  0  -0.0471605  -0.0681708  12010.1  1.13428  0.572336  1
356  0  -0.541875  0.268037  10783.1  1.93422  0.657863  1
357  0  0.101917  -1.05414  11116.5  1.92462  0.348331  1
358  0  0.735764  -0.158139  10352.9  2.24889  0.233739  1
359  0  -1.47646  0.20678  10890.1  1.94395  0.50682  1
360  0  -0.351681  -0.239432  11240.7  1.74236  0.520918  1
361  0  -0.694673  -0.21193  11054.6  1.87348  0.559795  1
362  0  0.18579  0.179186  8661.17  2.85614  0.875241  1
363  0  -1.28576  0.693852  10780.5  1.96259  0.516647  1
364  0  -0.63086  -0.928966  11144.8  1.87776  0.426501  1
365  0  0.854653  -0.143219  10246.6  2.25088  0.359494  1
366  0  0.0314292  -0.0924782  12114.9  1.15918  0.0870071  1
367  0  0.416262  -0.152538  10831.9  2.02825  -0.00875974  1
368  0  0.880469  0.457764  10239.9  2.10835  0.0551886  1
369  0  -0.874232  -0.596051  11097  1.90783  0.516904  1
370  0  -1.43879  -0.623896  11047.5  1.9408  0.512716  1
371  0  0.723304  0.209198  9798.37  1.95235  -0.0399664  1
372  0  -0.770317  0.056444  10928.3  1.90783  0.606823  1
373  0  0.550185  0.678085  10178  2.14521  0.34097  1
374  0  1.01221  0.087571  10255.9  0.130432  -0.157755  1
375  0  1.08948  0.0400692  10773.9  0.412841  -0.0185528  1
376  0  0.148257  0.590768  10090.4  2.19763  0.563301  1
377  0  0.656249  0.216287  9697.34  2.26053  0.0228979  1
378  0  -0.0554384  0.0407564  10748.4  1.50189  1.33603  1
379  0  0.240864  0.188952  8701.65  2.84455  0.725605  1
380  0  0.998642  0.843956  10467.6  1.91787  0.23696  1
381  0  0.132821  0.160035  8608.81  2.81058  1.09238  1
382  0  0.878546  0.158286  9811.05  0.49017  0.112415  1
383  0  0.501365  -0.142964  10638.5  2.1648  0.0253032  1
384  0  -0.563859  0.958495  10626.4  1.99627  0.637589  1
385  0  0.336826  0.205593  8830.96  2.7894  0.471664  1
386  0  0.685421  -0.138278  10310.5  2.32638  0.195066  1
387  0  0.307991  -0.129078  11055.1  1.9405  -0.103271  1
388  0  -0.399746  1.43561  10651.5  1.92226  0.628331  1
389  0  0.362906  0.398816  9662.82  2.40802  0.432161  1
390  0  -0.0651023  0.347982  10137.3  2.13113  0.796366  1
391  0  0.472556  0.949846  10362.8  2.02404  0.40697  1
392  0  0.789758  0.184501  9995.18  1.13154  -0.0822037  1
393  0  0.921214  0.136211  9685.32  0.129712  0.0533837  1
394  0  0.574077  1.51991  10562.1  1.86745  0.431336  1
395  0  -0.241006  0.432034  10445.9  2.03168  0.719283  1
396  0  -0.249428  0.691467  10467.2  2.03983  0.64608  1
397  0  0.123779  0.888195  10365.1  2.04416  0.517506  1
398  0  -0.814809  0.71308  10713.4  2.00371  0.622204  1
399  0  0.107299  -0.101633  11788.1  1.45025  -0.1124  1
400  0  0.826904  -1.01025  10832.9  1.90008  0.31065  1
401  0  0.794794  -0.117273  10208.9  2.34119  0.291893  1
402  0  0.0765067  -0.490636  11253.1  1.78461  0.297664  1
403  0  1.64653  -0.0645149  10631.6  1.96985  0.320632  1
404  0  0.550005  -0.134509  10520.5  2.24665  0.0577313  1
405  0  0.46179  -0.134926  10706.9  2.14112  -0.00451956  1
406  0  0.880189  -0.110511  10122.3  2.3274  0.414814  1
407  0  0.939671  -0.0911276  10129.5  2.24677  0.547741  1
408  0  0.543021  0.208738  9373.98  2.33326  0.0859425  1
409  0  0.494394  0.213209  9244.88  2.5116  0.149176  1
410  0  -1.06982  0.123125  10902.4  1.94156  0.592941  1
411  0  0.289736  -0.516424  11091.9  1.86765  0.234438  1
412  0  0.250982  -0.120653  11273.8  1.79821  -0.133962  1
413  0  0.386131  0.553017  9975.25  2.25704  0.424842  1
414  0  -0.804949  -1.46313  11171.1  1.93213  0.463368  1
415  0  0.62809  0.421757  9931.72  2.27108  0.189664  1
416  0  0.111638  0.451871  9940.74  2.24634  0.646666  1
417  0  1.17137  -0.804739  10716.9  1.92696  0.35296  1
418  0  -0.0668347  -0.242035  11563.9  1.58026  0.356636  1
419  0  -0.0467588  0.00322081  11360.6  1.13759  1.23568  1
420  0  -0.338961  0.121068  10857.8  1.85307  0.740859  1
421  0  0.108991  -0.204132  11585.8  1.60169  0.106718  1
422  0  -1.48751  1.17028  10747.6  1.9497  0.473987  1
423  0  0.0946296  0.137686  8562.51  2.76392  1.27222  1
424  0  0.169569  0.355588  9629.39  2.38704  0.686891  1
425  0  -0.2865  -0.43495  11258.8  1.76469  0.417209  1
426  0  0.72772  0.829127  10345.5  2.03682  0.298386  1
427  0  1.03248  0.0496482  10447.4  -0.0139813  -0.0809821  1
428  0  1.01164  0.648592  10436.9  1.94976  0.135691  1
429  0  1.58643  0.427024  10644.2  1.6306  0.0527897  1
430  0  0.0363415  0.251177  9664.09  2.31422  0.938131  1
431  0  0.265324  -0.275128  11192.2  1.8343  0.0893191  1
432  0  0.323886  -0.395262  11069  1.88143  0.168946  1
433  0  0.0448655  0.110566  8797.22  2.56136  1.504  1
434  0  0.168499  -1.53575  11125.4  2.0041  0.308135  1
435  0  0.60568  0.20579  9521.61  2.12901  0.0329245  1
436  0  -1.50551  -0.226314  10976.8  1.93665  0.509676  1
437  0  0.167405  -0.107612  11526.6  1.62699  -0.136172  1
438  0  0.399023  0.206598  8942.43  2.68477  0.311801  1
439  0  -0.042059  0.709812  10344.4  2.07861  0.590498  1
440  0  0.534878  0.334924  9665.72  2.39762  0.210139  1
441  0  -0.131702  -0.623819  11218.3  1.8121  0.370316  1
442  0  0.365794  -0.129367  10911.2  2.02731  -0.0704966  1
443  0  -1.48468  -1.48468  11142.8  1.91518  0.481152  1
444  0  0.460832  -0.312097  10869.4  1.97476  0.134421  1
445  0  -0.183407  -0.301609  11387.2  1.67269  0.423877  1
446  0  0.25493  0.321566  9415.75  2.4912  0.595378  1
447  0  1.28489  0.432666  10621.8  1.7778  0.0269767  1
448  0  0.0685038  -0.372662  11361.9  1.72965  0.264305  1
449  0  -0.0865139  1.35958  10602.4  1.9248  0.575957  1
450  0  0.754439  -0.121398  10288.1  2.31872  0.262949  1
451  0  0.963582  0.283168  10121.8  2.24648  -0.209843  1
452  0  -0.0170959  0.0708068  9835.44  1.88905  1.65533  1
453  0  1.06387  1.36959  10539.9  1.83704  0.364351  1
454  0  0.750927  0.306788  9951.83  2.32902  0.0614132  1
455  0  0.837683  0.363941  10101.2  2.22312  0.0326787  1
456  0  1.02175  -0.0722269  10481.8  1.97946  0.594265  1
457  0  1.6068  0.96222  10553.9  1.7018  0.304189  1
458  0  0.989713  -1.44146  10806.8  1.94514  0.346469  1
459  0  -1.57663  -1.0395  11094.9  1.93949  0.502257  1
460  0  -0.132076  -0.0965085  11575.8  1.46782  0.609903  1
461  0  1.63218  -0.739943  10629.5  1.9053  0.401818  1
462  0  0.595242  -0.128313  10429.1  2.28334  0.0957286  1
463  0  0.645509  -0.128886  10350.5  2.32398  0.149881  1
464  0  0.626559  0.264289  9679.49  2.50544  0.094249  1
465  0  0.666806  0.336515  9858.15  2.31071  0.114957  1
466  0  0.674238  -0.539291  10789  1.96162  0.261813  1
467  0  0.962116  0.109664  9889.89  -0.0238449  -0.0369712  1
468  0  0.608614  0.579738  10108.7  2.18122  0.274438  1
469  0  0.0139267  -0.0665807  12334.6  0.952429  0.154378  1
470  0  0.203959  0.165318  8594.85  2.81951  0.810669  1
471  0  0.606211  -0.407558  10771.3  1.98965  0.225238  1
472  0  0.299662  -0.93845  11050.1  1.91223  0.312864  1
473  0  0.0210098  -0.860577  11147.4  1.87907  0.351866  1
474  0  0.290867  0.190213  8738.52  2.80674  0.577278  1
475  0  -0.00931656  -0.042471  12371.1  0.661879  0.502141  1
476  0  -1.19087  0.446686  10829  1.95565  0.554129  1
477  0  0.387202  0.304467  9382.25  2.50837  0.374702  1
478  0  0.740424  0.182229  9813.9  1.25811  -0.0990079  1
479  0  0.05887  -0.0799742  12104  1.19217  -0.0978534  1
480  0  0.448991  0.207122  9085  2.5726  0.197764  1
481  0  1.03394  -0.0313487  10591.1  1.38873  0.510034  1
482  0  -1.28489  1.55976  10696.3  1.93167  0.47766  1
483  0  0.695708  0.191973  9706.47  1.55819  -0.0362773  1
484  0  1.05264  -0.553035  10694.3  1.96304  0.346214  1
485  0  0.736488  0.506801  10134.9  2.17001  0.16154  1
486  0  0.830516  0.161611  10007.5  0.678952  0.0324921  1
487  0  0.867789  -0.330994  10569.2  2.05495  0.32199  1
488  0  1.05955  0.157176  10409.6  1.07569  -0.550718  1
489  0  1.18021  0.224878  10794  1.52203  -0.246547  1
490  0  0.132309  -0.308059  11375.8  1.73034  0.185083  1
491  0  -0.810995  1.57519  10656.2  1.94901  0.624288  1
492  0  0.607401  -0.231967  10604.3  2.0858  0.171066  1
493  0  0.426113  -0.622259  10979.5  1.90721  0.244522  1
494  0  0.264338  1.57271  10596.2  1.85663  0.496728  1
495  0  0.388887  -0.213274  10937.4  1.9525  0.0392223  1
496  0  0.315517  -0.224345  11109.7  1.87407  0.0400774  1
497  0  -0.381659  0.317908  10672.5  1.95348  0.710327  1
498  0  0.219432  -0.109753  11367.2  1.75  -0.135486  1
499  0  0.572976  0.212567  9450.46  2.32448  0.0680807  1
500  0  0.917312  0.361639  10195.1  2.19855  -0.0349382  1
501  0  0.836254  -0.112272  10159.7  2.34603  0.351357  1
502  0  0.368619  0.203753  8891.51  2.74435  0.387727  1
503  0  0.139874  0.277654  9392.47  2.462  0.796408  1
504  0  -0.649565  0.442435  10732.3  1.97416  0.638704  1
505  0  0.262952  0.548848  9981.53  2.25416  0.504639  1
506  0  0.644608  -0.309014  10652.8  2.0543  0.212849  1
507  0  -0.0842155  0.144966  10282.2  1.97109  1.089  1
508  0  1.28395  0.972498  10534.3  1.81404  0.272107  1
509  0  -0.446833  -0.710466  11171.5  1.84426  0.415896  1
510  0  0.464128  0.392441  9720.65  2.38468  0.319184  1
511  0  -1.65577  0.586867  10819.5  1.94689  0.499182  1
512  0  0.416652  -0.125088  10791.7  2.11508  -0.0438595  1
513  0  0.161051  0.15074  8406.36  2.67253  0.927188  1
514  0  0.137542  -0.0993787  11650.4  1.55  -0.132741  1
515  0  -0.294897  -1.6119  11204.4  1.96662  0.439134  1
516  0  0.336557  -0.121043  10992.7  2.01131  -0.0957187  1
517  0  0.0132968  0.0990905  9172.83  2.29575  1.58516  1
518  0  0.705818  -0.110186  10192.7  2.11425  0.189167  1
519  0  -0.145665  -0.997515  11153.9  1.90339  0.378885  1
520  0  0.522552  1.17345  10468.8  1.94603  0.411607  1
521  0  1.16008  -0.00455549  10900.3  1.3459  0.287977  1
522  0  0.0161133  0.409975  10035  2.19258  0.720043  1
523  0  0.73868  -0.212875  10442.6  2.14273  0.247866  1
524  0  -0.449773  0.825464  10583.1  2.00976  0.636665  1
525  0  -0.515206  0.101545  10908.2  1.88063  0.647729  1
526  0  1.54279  -1.56429  10659.6  2.19973  0.467744  1
527  0  -0.276799  -0.157289  11285.6  1.68669  0.576532  1
528  0  -1.1593  -0.517472  11051.9  1.93528  0.547112  1
529  0  -0.00785939  -0.315818  11465.8  1.65995  0.303945  1
530  0  0.727269  0.258178  9854.67  2.3955  0.034671  1
531  0  0.825828  -0.487065  10690.9  1.98832  0.296987  1
532  0  -0.127623  0.264284  10302.2  2.0448  0.859431  1
533  0  -0.551602  -0.192468  11095  1.83803  0.563589  1
534  0  1.58686  -0.405972  10642  1.95827  0.382274  1
535  0  0.28264  -0.107177  11090.4  1.82256  -0.171507  1
536  0  -0.284067  -0.608092  11215.1  1.80589  0.398344  1
537  0  -0.91854  -0.887578  11114.6  1.89776  0.485771  1
538  0  1.10238  -0.231236  10631.3  1.99694  0.428203  1
539  0  0.517029  0.19583  9276.78  1.96545  0.0796267  1
540  0  0.992345  1.10415  10500.8  1.88322  0.317959  1
541  0  -0.799514  -1.16328  11145  1.89972  0.44826  1
542  0  0.651739  0.187193  9667.59  1.33305  -0.0100243  1
543  0  0.972876  -0.0663342  10173.3  1.90934  0.568349  1
544  0  0.892369  0.128523  9772.76  -0.0117338  0.134974  1
545  0  -0.183584  0.000408154  11171.9  1.61021  0.822424  1
546  0  0.608834  -1.64725  10957.4  2.00499  0.239542  1
547  0  0.118744  0.131334  8365.36  2.66473  1.12313  1
548  0  -0.247374  0.0790861  10927.9  1.78535  0.801324  1
549  0  0.209182  0.206709  8902.17  2.76043  0.780234  1
550  0  1.64808  -1.08687  10596.9  1.88856  0.400891  1
551  0  0.0190454  -0.183523  11745.5  1.47237  0.231479  1
552  0  1.04323  0.00615976  10567.2  0.311828  0.159724  1
553  0  0.483529  -0.116502  10637.6  2.00376  -0.00782952  1
554  0  0.256485  0.269881  9198.71  2.56784  0.617557  1
555  0  -0.49025  1.16641  10625.3  1.96789  0.63454  1
556  0  -0.712019  1.30553  10662.5  1.94686  0.628451  1
557  0  0.974474  0.0828952  10075.2  -0.124341  0.0680463  1
558  0  0.295674  0.882391  10322.2  2.0542  0.465419  1
559  0  0.0761238  0.112345  8330.84  2.6115  1.36878  1
560  0  0.527762  -0.119407  10536.1  2.0679  0.0227847  1
561  0  0.498576  0.552753  10016.4  2.23505  0.341822  1
562  0  1.40845  0.0192247  10837  1.71209  0.282453  1
563  0  1.37795  -0.192282  10696  1.97076  0.374489  1
564  0  1.06095  0.0947187  10512.5  0.404106  -0.346043  1
565  0  0.332772  0.475072  9831.73  2.32806  0.461258  1
566  0  0.418768  0.461575  9830.2  2.33358  0.3773  1
567  0  0.0372856  -0.65093  11187.6  1.8258  0.338366  1
568  0  0.568196  0.390578  9821.89  2.32644  0.217115  1
569  0  0.0352416  1.10513  10487.9  1.98619  0.543489  1
570  0  -0.710089  -0.494843  11113.8  1.88205  0.496403  1
571  0  -1.15319  -1.48389  11149.2  1.91271  0.49538  1
572  0  -0.725278  0.238766  10839.2  1.93715  0.625943  1
573  0  -0.0299278  0.275368  9987.29  2.17553  0.905204  1
574  0  -0.623869  -0.0461022  10995.1  1.87125  0.598318  1
575  0  -0.0205406  0.0309258  10103.1  1.27895  1.87056  1
576  0  0.190226  -0.474882  11196.6  1.81767  0.250588  1
577  0  0.558466  0.279763  9581.89  2.5051  0.157802  1
578  0  1.52529  0.195119  10723.9  1.70392  0.079762  1
579  0  0.447228  -1.04843  10999.8  1.90754  0.279477  1
580  0  0.298066  0.35649  9530.78  2.45722  0.522058  1
581  0  0.690277  0.223011  9750.92  2.29864  0.0158222  1
582  0  -1.19086  -0.799519  11084.8  1.93265  0.528706  1
583  0  0.0411235  -0.0607292  12286.7  0.978961  -0.0884389  1
584  0  0.859126  0.734492  10364.3  2.01411  0.224027  1
585  0  0.271149  0.172088  8555.16  2.49365  0.560968  1
586  0  1.5923  1.59176  10533.7  1.76415  0.391631  1
587  0  1.14833  0.530548  10522.6  1.88524  0.0493711  1
588  0  1.2267  1.6349  10568.4  1.7863  0.390395  1
589  0  -1.63006  1.42883  10726  1.93754  0.482489  1
590  0  0.93356  0.106062  9803.91  -0.203522  0.0842457  1
591  0  0.805144  0.303744  10006.5  2.32052  0.0384866  1
592  0  -1.02741  0.891999  10721.1  1.99234  0.562835  1
593  0  -0.0654643  -1.34801  11140.9  1.96338  0.390232  1
594  0  0.410003  0.265841  9259.89  2.62381  0.335787  1
595  0  -0.490773  -0.334684  11165.4  1.81159  0.515331  1
596  0  0.42717  0.191201  8922.6  2.19611  0.191199  1
597  0  0.0847378  -0.0757057  11926.6  1.2855  -0.184411  1
598  0  0.848218  0.141744  9933.64  0.193913  0.0724733  1
599  0  0.472264  0.19226  9132.99  2.04402  0.113818  1
600  0  0.227045  0.160904  8547.02  2.50197  0.672184  1
601  0  0.571991  -0.113653  10455.9  2.05765  0.0566008  1
602  0  0.315835  0.179516  8710.42  2.40685  0.433768  1
603  0  0.905082  -0.0835479  9989.12  2.11595  0.439494  1
604  0  0.617258  -0.11364  10354.8  2.09556  0.100496  1
605  0  -0.106445  1.65494  10692.9  1.84186  0.59562  1
606  0  0.660897  -0.109419  10290  2.06175  0.142145  1
607  0  -0.398833  -0.959492  11158.9  1.88633  0.409585  1
608  0  -0.822715  -0.129521  10999  1.89909  0.582491  1
609  0  -0.847488  -0.3431  11061.2  1.90304  0.549503  1
610  0  -0.668516  -0.683357  11133  1.87009  0.451589  1
611  0  0.473989  0.271392  9385.55  2.57915  0.235543  1
612  0  0.196356  -0.0930266  11401.6  1.64515  -0.163607  1
613  0  -0.992446  0.558265  10773.1  1.98116  0.595905  1
614  0  0.894452  0.587806  10320  2.04166  0.131585  1
615  0  0.716665  0.173547  9738.37  0.849689  -0.0276569  1
616  0  0.186504  0.744088  10234.1  2.11671  0.510428  1
617  0  0.760903  0.165383  9903.57  0.689718  -0.0835656  1
618  0  0.2261  -0.180409  11325.7  1.75039  -0.0138077  1
619  0  0.0977776  0.173323  8915.78  2.57938  1.0778  1
620  0  0.805104  0.154073  10002.1  0.45328  -0.020481  1
621  0  -0.0714311  0.083922  10443.1  1.76182  1.22207  1
622  0  0.770296  -0.0976457  10227.9  1.98858  0.226431  1
623  0  0.147674  0.232173  9142.65  2.52915  0.840536  1
624  0  -0.355134  -0.104932  11161  1.75828  0.614078  1
625  0  0.782071  0.429581  10107.3  2.18694  0.0914958  1
626  0  1.22305  -1.61322  10737.1  2.13321  0.472343  1
627  0  0.426818  -0.394634  10949.7  1.93327  0.16913  1
628  0  0.318434  -0.756044  11046.2  1.88483  0.291599  1
629  0  0.879072  0.231612  9861.4  2.10987  0.0143873  1
630  0  0.445725  0.787973  10252.9  2.10033  0.410161  1
631  0  0.814912  -0.09226  10095.4  2.03339  0.266728  1
632  0  0.865724  -0.201569  10397.8  2.14793  0.34032  1
633  0  0.72847  -0.101225  10230.1  2.01697  0.218265  1
634  0  0.518964  -0.367158  10829.8  1.98262  0.179769  1
635  0  0.341376  0.244587  9088  2.71387  0.468645  1
636  0  0.859463  -0.0861653  10036.8  2.04131  0.338914  1
637  0  0.394228  -0.110977  10796.8  1.95888  -0.0740307  1
638  0  -0.168355  0.550559  10371.8  2.06806  0.671265  1
639  0  0.188672  0.149233  8329.88  2.51544  0.772352  1
640  0  0.825385  0.244177  9975.62  2.24843  0.0296556  1
641  0  0.439215  -0.111919  10728.8  1.986  -0.0339776  1
642  0  -0.169788  0.168554  10560.9  1.915  0.906932  1
643  0  1.06505  0.293135  10471.6  1.97852  -0.275597  1
644  0  1.16433  0.364616  10619.5  1.83906  -0.100111  1
645  0  0.306203  -0.103964  10984.4  1.81895  -0.150446  1
646  0  0.239475  -0.0935766  11365.3  1.64229  -0.154149  1
647  0  0.517729  -0.222097  10709.5  2.04687  0.103686  1
648  0  0.627515  0.184643  9562.4  1.28998  -0.0145153  1
649  0  0.108229  -0.0773784  11792.8  1.37637  -0.201654  1
650  0  0.179783  -0.164336  11459.8  1.66356  -0.0228832  1
651  0  0.142061  0.134278  8286.04  2.57572  0.986725  1
652  0  0.719139  -0.844516  10859.5  1.91977  0.291822  1
653  0  1.54478  0.682422  10593.5  1.67281  0.167365  1
654  0  -0.46146  0.425695  10655.6  1.97974  0.674787  1
655  0  0.947529  -0.832524  10774.1  1.92622  0.325619  1
656  0  1.67803  1.28472  10530.6  1.74349  0.372247  1
657  0  0.675245  0.177649  9682.78  0.926673  -0.0048356  1
658  0  -0.166192  -0.493893  11277.9  1.76388  0.380208  1
659  0  0.0202548  0.14027  9344.05  2.29069  1.27133  1
660  0  -0.0747833  -0.113645  11792.7  1.33598  0.483434  1
661  0  -0.342177  0.538866  10531.1  2.01878  0.678472  1
662  0  0.419338  0.651331  10122.4  2.18065  0.40906  1
663  0  -0.0116214  -0.0934024  12098.2  1.12859  0.325102  1
664  0  0.896561  1.6572  10581.8  1.81649  0.409474  1
665  0  0.539314  0.1871  9307.28  1.56441  0.0418617  1
666  0  0.910747  0.113341  9766.11  -0.225514  0.149746  1
667  0  0.686056  0.685293  10247.9  2.09905  0.269845  1
668  0  0.868594  0.130058  9857.8  -0.0248486  0.105118  1
669  0  0.0421958  0.543047  10125.6  2.17075  0.630295  1
670  0  -0.898213  0.170937  10880.2  1.93722  0.618029  1
671  0  0.599927  -0.686598  10877.7  1.93165  0.264413  1
672  0  0.993361  0.0617285  10246.5  -0.129365  0.132143  1
673  0  0.240151  0.225575  8978.97  2.71304  0.685203  1
674  0  0.249672  0.162012  8485.85  2.34966  0.574307  1
675  0  0.0149761  0.19425  9572.79  2.29771  1.08621  1
676  0  -1.6574  0.0151247  10927.9  1.9394  0.502718  1
677  0  0.226271  -1.30568  11100.6  1.94106  0.299889  1
678  0  0.494515  0.188174  9190.23  1.76761  0.0648022  1
679  0  0.972619  0.202364  9811.54  1.72553  -0.35652  1
680  0  0.338265  0.178737  8672.5  2.18643  0.350141  1
681  0  0.106148  -0.143073  11707.8  1.49344  0.0104046  1
682  0  0.782907  1.31302  10519.7  1.88318  0.38131  1
683  0  0.959677  -0.418067  10641.3  1.9933  0.341484  1
684  0  -1.20889  -0.0579028  10944.1  1.93818  0.552889  1
685  0  -0.171757  0.344156  10372.2  2.03998  0.778638  1
686  0  0.590756  0.809918  10299.7  2.07108  0.345742  1
687  0  0.782052  0.155302  9968.27  0.402066  -0.0496776  1
688  0  0.505356  -0.110625  10603.4  1.96017  0.00084114  1
689  0  -1.53074  0.866539  10771.3  1.94716  0.491187  1
690  0  -0.0770295  -0.18024  11663.5  1.47396  0.400975  1
691  0  0.0942537  0.249694  9388.6  2.43758  0.895108  1
692  0  0.926363  -0.0690789  9911.72  1.89586  0.467055  1
693  0  0.461549  -0.108659  10678.8  1.92184  -0.0215565  1
694  0  0.787268  -0.273328  10505.5  2.10493  0.285028  1
695  0  0.549727  -0.109643  10476.3  1.96345  0.0288645  1
696  0  0.415475  0.356096  9573.74  2.44679  0.353607  1
697  0  0.0387767  0.0853614  8359.42  2.42571  1.63668  1
698  0  0.10201  0.378287  9784.39  2.30494  0.723787  1
699  0  -0.194995  -0.103633  11390.8  1.59713  0.624053  1
700  0  -0.622688  0.709494  10658.6  2.0024  0.638867  1
701  0  0.682903  -0.105111  10222.4  2.01947  0.154878  1
702  0  -0.566027  -1.12657  11157.1  1.90081  0.426484  1
703  0  0.792099  -0.0914022  10132.3  1.93084  0.217719  1
704  0  -1.68823  -0.421385  11007.8  1.93775  0.497545  1
705  0  0.656953  -0.158611  10415.9  2.2336  0.173254  1
706  0  0.423961  -0.253332  10896.7  1.96817  0.0809444  1
707  0  1.06772  -1.07919  10768  1.88221  0.333644  1
708  0  -0.0432994  -0.509993  11274.2  1.77291  0.347838  1
709  0  -0.499326  -1.47377  11189.7  1.95266  0.442153  1
710  0  0.986264  0.509931  10375.6  2.00293  0.0472681  1
711  0  -0.989488  -1.7373  11177.1  1.92853  0.499041  1
712  0  0.694629  -0.181448  10420.1  2.17275  0.207603  1
713  0  0.311954  -0.169637  11081.9  1.87724  -0.0306501  1
714  0  0.0251114  -0.139323  11908.2  1.34026  0.175693  1
715  0  0.880748  -0.0785095  10003.7  1.97114  0.363114  1
716  0  0.427448  0.217817  9056.49  2.72314  0.266095  1
717  0  -0.42269  0.187106  10805.7  1.89927  0.700324  1
718  0  0.202179  0.482718  9896.66  2.28022  0.573989  1
719  0  0.998081  -0.200721  10505.2  2.06443  0.435551  1
720  0  1.10238  -0.367768  10652.2  1.97852  0.378053  1
721  0  0.193711  -0.117505  11433.5  1.67805  -0.1147  1
722  0  0.383337  -0.166568  10909.7  1.97166  -0.00875453  1
723  0  0.626807  0.23173  9628.14  2.47911  0.0593789  1
724  0  -0.156058  0.809846  10440.9  2.04439  0.606755  1
725  0  -0.0192779  -0.00731994  11666.4  0.606489  1.29669  1
726  0  0.573265  -0.15174  10527.5  2.21615  0.0971002  1
727  0  0.101082  0.115697  8189.25  2.56781  1.19853  1
728  0  -0.348881  0.0120025  11028.6  1.79296  0.693429  1
729  0  0.763747  0.203802  9928.56  1.73092  -0.0609276  1
730  0  0.476717  -0.167024  10724.7  2.06563  0.0365534  1
731  0  -1.26811  1.02086  10732.2  1.9645  0.483195  1
732  0  0.203272  -0.276664  11307.2  1.7736  0.113362  1
733  0  0.941794  0.162847  9595.84  0.834451  -0.144089  1
734  0  0.945151  -0.0625333  10050.2  1.8177  0.503475  1
735  0  0.244467  -0.225276  11257.4  1.80229  0.0431148  1
736  0  0.827768  0.924982  10422.1  1.96981  0.301604  1
737  0  0.0677363  0.20783  9313.74  2.42317  1.01889  1
738  0  0.261204  -0.0950092  11274.3  1.67587  -0.188861  1
739  0  -0.267502  -0.329972  11302.6  1.72203  0.449137  1
740  0  0.018235  0.0699004  8561.27  2.21664  1.8525  1
741  0  0.509212  -0.182853  10680.8  2.06496  0.0719257  1
742  0  0.749272  -0.0943645  10297.8  1.83708  0.220298  1
743  0  0.814427  0.522249  10213  2.11851  0.12742  1
744  0  0.0594433  0.093192  8324.96  2.46405  1.46686  1
745  0  -0.810771  0.935028  10675  1.99927  0.623885  1
746  0  0.0686853  -0.111011  11922.9  1.33066  -0.00562426  1
747  0  0.703079  0.30597  9880.74  2.35472  0.082858  1
748  0  0.597055  0.276921  9658.33  2.48421  0.126344  1
749  0  -0.631443  -1.71435  11216.4  1.94783  0.461379  1
750  0  -0.553909  1.73768  10685.7  1.89643  0.689022  1
751  0  0.551231  -0.558294  10868.6  1.94442  0.237387  1
752  0  0.924522  -0.259292  10490.4  2.09293  0.372943  1
753  0  0.623164  0.359289  9835.04  2.31153  0.156185  1
754  0  0.669976  0.385244  9924.74  2.26547  0.141322  1
755  0  0.247587  -0.154093  11265.3  1.76947  -0.0593205  1
756  0  0.383822  0.184313  8779.31  2.17688  0.273867  1
757  0  0.180467  0.312369  9439.87  2.46069  0.711602  1
758  0  0.484003  0.241185  9309.06  2.68545  0.20557  1
759  0  1.76178  0.25923  10531.5  1.77116  0.250775  1
760  0  0.585013  0.187504  9443.26  1.49518  0.0155426  1
761  0  -0.794067  0.550724  10743.1  1.98987  0.629278  1
762  0  0.778248  -0.164356  10332.9  2.23484  0.267525  1
763  0  1.35318  -0.6669  10674.4  1.93856  0.379786  1
764  0  0.241563  0.646605  10122.6  2.18498  0.506067  1
765  0  0.549639  0.238842  9469.41  2.60532  0.131722  1
766  0  -0.360255  0.99496  10567.8  1.99831  0.621064  1
767  0  1.17592  0.744889  10523.1  1.85391  0.170024  1
768  0  0.389445  -0.483948  10999.5  1.90728  0.205093  1
769  0  0.153479  -0.0833688  11583.4  1.52112  -0.185634  1
770  0  -1.70466  0.299545  10877  1.94421  0.500537  1
771  0  -0.222329  -0.22299  11382  1.646  0.492586  1
772  0  0.351233  -0.105067  10920.1  1.86465  -0.0970164  1
773  0  -0.0936104  -0.781727  11175.5  1.85472  0.363275  1
774  0  0.174338  -0.0845386  11506.1  1.55818  -0.18971  1
775  0  0.0698218  -0.302018  11463.8  1.67602  0.230575  1
776  0  0.142255  0.190813  8836.12  2.69154  0.951717  1
777  0  1.21611  -0.269658  10673.9  1.95101  0.40291  1
778  0  0.998928  -0.041446  10352.6  1.41038  0.500975  1
779  0  -1.70165  -0.782045  11056.4  1.94151  0.495379  1
780  0  0.560174  0.188983  9390.61  1.60597  0.0321784  1
781  0  0.605328  0.182116  9479.62  1.19663  -0.0108767  1
782  0  0.358894  0.182917  8725.15  2.24968  0.337656  1
783  0  -1.35552  -1.73527  11155.5  1.92582  0.48401  1
784  0  0.371752  -0.104057  10874.5  1.84654  -0.0911356  1
785  0  -1.04002  0.316316  10845.1  1.9568  0.602133  1
786  0  0.395254  -0.136908  10845.3  2.05588  -0.0457094  1
787  0  0.642386  0.952749  10393.4  1.99941  0.351125  1
788  0  0.0654363  -0.184416  11713.2  1.50141  0.127168  1
789  0  0.404645  0.183315  8817.18  2.00573  0.200984  1
790  0  0.316876  -0.304815  11091.8  1.87726  0.107744  1
791  0  0.265236  0.200289  8784.19  2.85382  0.656788  1
792  0  -0.2747  0.328478  10545.1  1.98441  0.74926  1
793  0  1.79616  0.595338  10562.7  1.57954  0.262529  1
794  0  -1.33787  -1.23478  11125.9  1.91055  0.49927  1
795  0  0.469215  0.218809  9192.11  2.6501  0.195391  1
796  0  0.713889  -0.273479  10550.9  2.09342  0.245131  1
797  0  0.141406  -0.179956  11543  1.61855  0.0314769  1
798  0  0.159679  -0.571184  11163.7  1.83226  0.288978  1
799  0  0.286707  -0.637022  11083.2  1.86721  0.273853  1
800  0  0.130742  -0.0780778  11709.7  1.44488  -0.188633  1
801  0  0.282969  -1.10795  11057.4  1.91918  0.305564  1
802  0  -1.27034  -0.334451  11005.7  1.93202  0.533829  1
803  0  0.214195  1.0194  10415.7  2.00354  0.490328  1
804  0  1.37289  -0.94516  10675  1.88909  0.366098  1
805  0  0.302797  0.258063  9142.89  2.61038  0.530416  1
806  0  0.0017353  0.0513905  8893.49  1.81694  2.08528  1
807  0  -0.113296  0.426853  10266.9  2.09657  0.727531  1
808  0  0.278196  -0.144227  11160.1  1.83774  -0.0836987  1
809  0  -0.0985907  -0.316889  11435.7  1.65973  0.374555  1
810  0  0.328648  -0.101875  10985.3  1.83455  -0.119166  1
811  0  -1.70577  -1.70577  11155.4  1.93232  0.472551  1
812  0  0.950292  0.0890761  9933.86  -0.243197  0.12584  1
813  0  0.0184347  0.328698  9876.45  2.2447  0.816225  1
814  0  -0.0892282  -0.0594552  11730.1  1.31274  0.695447  1
815  0  -1.70749  -1.33043  11128.8  1.92818  0.486975  1
816  0  1.43328  0.528432  10622.7  1.71697  0.0742561  1
817  0  0.724913  -0.126653  10290.6  2.35814  0.240515  1
818  0  0.143417  -0.408265  11272.8  1.78007  0.231249  1
819  0  0.581685  0.482149  9970.11  2.2597  0.257658  1
820  0  0.956545  -1.74815  10843.2  2.10113  0.421657  1
821  0  0.406525  0.233482  9108.29  2.75014  0.322101  1
822  0  0.594276  -0.106681  10398.2  1.94872  0.0659314  1
823  0  -0.317137  0.225769  10697.2  1.92055  0.755006  1
824  0  1.06556  -0.137128  10588.4  2.03873  0.500251  1
825  0  -0.640284  0.127117  10893.8  1.90394  0.622978  1
826  0  -0.105642  0.0435849  10953.5  1.58564  1.04515  1
827  0  0.63967  -0.105115  10295.4  1.96641  0.115515  1
828  0  -1.41941  0.435205  10844.1  1.94869  0.510357  1
829  0  -0.0097308  -0.230336  11608  1.56779  0.287785  1
830  0  0.0643893  0.139157  8846.93  2.55294  1.28542  1
831  0  0.35915  1.35968  10529.8  1.91528  0.464181  1
832  0  -0.13981  -0.0482149  11447.8  1.48661  0.747826  1
833  0  0.35892  -1.50583  11083.5  1.96922  0.207677  1
834  0  -1.0777  1.73166  10658.9  1.95685  0.51559  1
835  0  -1.72966  1.09313  10765.4  1.94226  0.494592  1
836  0  0.421958  -0.19513  10856.3  1.9878  0.0317193  1
837  0  -0.0222394  0.16013  9815.89  2.16016  1.16245  1
838  0  0.880539  0.185923  9783.19  1.30678  0.0870443  1
839  0  -0.392402  0.675521  10561.6  2.01565  0.649718  1
840  0  0.159625  -0.822276  11109.3  1.878  0.331442  1
841  0  0.381422  -0.328295  10991.5  1.92165  0.123306  1
842  0  1.0044  0.0378517  10366.7  -0.180156  0.165965  1
843  0  0.855515  0.168444  9918.57  0.807277  0.0993207  1
844  0  0.308529  0.205939  8845.13  2.85193  0.551554  1
845  0  0.359763  0.342183  9492.91  2.47499  0.431447  1
846  0  0.435759  -0.138098  10769.1  2.10399  -0.0191275  1
847  0  -0.134034  -0.240499  11495.3  1.59728  0.422317  1
848  0  0.806167  0.208876  9986.42  1.77947  -0.0158892  1
849  0  1.40421  0.34543  10734.8  1.6595  -0.00688204  1
850  0  1.25179  0.0803375  10942.5  1.28472  0.0901344  1
851  0  0.76384  -1.25453  10888  1.8758  0.286468  1
852  0  0.890355  -0.152861  10275.4  2.20206  0.398581  1
853  0  0.370144  0.269164  9230.25  2.60657  0.40681  1
854  0  -0.382172  -0.392767  11221.9  1.78075  0.463945  1
855  0  -0.000942795  -0.421728  11344.7  1.73222  0.319121  1
856  0  0.424971  1.73384  10624.3  1.80765  0.454614  1
857  0  0.131426  0.324  9583.73  2.3933  0.75441  1
858  0  0.242022  -0.417532  11174.5  1.83162  0.200333  1
859  0  0.173847  -0.135171  11487.7  1.63873  -0.0761925  1
860  0  -0.0462044  -0.0343736  11907.2  0.990208  0.838492  1
861  0  -0.244621  1.17383  10578  1.96727  0.601355  1
862  0  0.29467  0.169402  8583.09  2.22529  0.438375  1
863  0  -0.968196  -0.0139314  10946.6  1.923  0.596337  1
864  0  -0.100035  0.204615  10218.9  2.0521  0.962108  1
865  0  0.500832  0.300046  9533.46  2.47174  0.218782  1
866  0  1.79815  -0.244656  10597.6  2.00613  0.424371  1
867  0  0.514761  0.384093  9744.15  2.36744  0.259697  1
868  0  0.348881  1.0401  10407  1.99587  0.449831  1
869  0  -0.0481259  0.609879  10277.8  2.10592  0.620418  1
870  0  0.69396  -0.441662  10722  1.99013  0.25699  1
871  0  0.516404  0.228856  9357.57  2.61373  0.150948  1
872  0  0.824619  0.141344  9988.27  0.14096  0.0331111  1
873  0  0.673844  0.199223  9703.78  1.82345  -0.0182638  1
874  0  0.986475  0.351168  10299.2  2.12909  -0.122955  1
875  0  0.965011  0.428872  10309.2  2.07357  -0.0138462  1
876  0  0.164249  1.78431  10653.5  1.78974  0.517803  1
877  0  -0.00511676  0.234445  9805.22  2.24101  0.984252  1
878  0  0.922187  0.240799  9864.05  2.25344  -0.121636  1
879  0  0.449884  0.185841  8994.02  1.87141  0.117082  1
880  0  0.0949277  -0.255668  11507.8  1.66162  0.171079  1
881  0  0.444877  -0.166021  10783.7  2.03927  0.017382  1
882  0  0.315965  0.229754  8972.9  2.77905  0.53247  1
883  0  0.835691  -0.084609  10053.5  1.93064  0.286284  1
884  0  -1.02287  1.43882  10675.5  1.94058  0.5436  1
885  0  -1.44531  1.75726  10685.6  1.92793  0.463737  1
886  0  0.632113  0.207383  9612.83  2.09308  0.0134442  1
887  0  -0.416586  0.0770903  10931.3  1.85063  0.681917  1
888  0  0.208738  0.148468  8500.69  2.27267  0.653218  1
889  0  -0.178519  -0.384189  11332.7  1.7192  0.397387  1
890  0  -0.38532  -0.528604  11204.8  1.80207  0.428331  1
891  0  -0.305705  0.828527  10522.1  2.02158  0.627897  1
892  0  0.0660899  0.698835  10260.1  2.11072  0.561562  1
893  0  0.947667  0.131857  9712.6  0.146646  -0.0738505  1
894  0  0.143079  -0.240235  11458.7  1.69085  0.112152  1
895  0  1.79833  -0.564731  10580.8  1.94887  0.423919  1
896  0  0.692154  0.571165  10160.6  2.15105  0.220521  1
897  0  0.91884  -0.128307  10212.2  2.25061  0.466063  1
898  0  0.625464  0.305706  9755.43  2.3892  0.122878  1
899  0  0.661807  0.287383  9787  2.41808  0.0904902  1
900  0  1.27314  0.311073  10717.5  1.67937  -0.073889  1
901  0  0.699219  0.433579  10022.2  2.22856  0.146032  1
902  0  0.304522  0.419941  9701.91  2.38352  0.50288  1
903  0  1.09624  0.207245  10621.8  1.52947  -0.47969  1
904  0  0.222403  0.305553  9367.92  2.49865  0.656468  1
905  0  0.63813  -0.192293  10497.7  2.13039  0.173823  1
906  0  0.659662  0.247198  9727.81  2.48545  0.0600962  1
907  0  1.75075  -1.3733  10580.9  2.10481  0.43202  1
908  0  0.0648592  -0.0616921  12139  1.10851  -0.206036  1
909  0  0.325665  0.624356  10078  2.20623  0.464951  1
910  0  0.109931  0.152967  8662.54  2.76173  1.16529  1
911  0  0.989654  0.111362  10029.3  0.135207  -0.185387  1
912  0  1.01932  0.130132  10170.3  0.534985  -0.418028  1
913  0  0.190243  0.41596  9761.18  2.3341  0.631421  1
914  0  0.81426  0.180743  10010.1  1.10787  -0.0158186  1
915  0  1.08402  -0.0101181  10783.9  1.11721  0.395244  1
916  0  1.01095  0.173675  10014.4  1.22668  -0.541458  1
917  0  -0.34618  0.418513  10570.8  1.99434  0.707609  1
918  0  0.908379  0.164146  9649.17  0.718433  0.0751295  1
919  0  0.288031  0.300844  9330.89  2.52549  0.547687  1
920  0  0.355948  0.222453  8969.08  2.81536  0.437624  1
921  0  1.01709  0.0159155  10455.2  -0.143663  0.0312919  1
922  0  0.250375  -1.73959  11138.9  2.04003  0.25921  1
923  0  0.737398  0.162816  9768.24  0.441635  -0.0627469  1
924  0  0.443927  0.271038  9334.79  2.58751  0.27947  1
925  0  -1.32913  -0.951745  11099.2  1.93459  0.515349  1
926  0  0.657708  0.499198  10053.1  2.21548  0.208209  1
927  0  0.483265  -0.25436  10799.1  2.00946  0.105865  1
928  0  0.639408  -1.02046  10915.3  1.89859  0.280213  1
929  0  0.0204997  -0.0463869  12514.9  0.667249  0.0576559  1
930  0  0.694037  0.170392  9691.78  0.612712  -0.028872  1
931  0  0.76914  0.271531  9935.12  2.36373  0.0368217  1
932  0  1.01378  -0.0115556  10483.2  0.477906  0.192712  1
933  0  0.560066  -0.224104  10650  2.07001  0.133407  1
934  0  1.40401  0.816447  10558.7  1.76624  0.217724  1
935  0  0.124539  -0.120342  11688  1.5128  -0.0695597  1
936  0  0.219354  -0.0883128  11367.7  1.60999  -0.15067  1
937  0  0.777771  0.354056  10024.3  2.24558  0.0611008  1
938  0  0.150496  1.35559  10554.6  1.922  0.521229  1
939  0  -0.441276  -0.181557  11145.1  1.79662  0.569974  1
940  0  -1.26195  0.211034  10884.9  1.94758  0.543697  1
941  0  0.217346  0.181879  8702.96  2.88967  0.807809  1
942  0  0.579908  -0.340438  10747.9  2.0159  0.194774  1
943  0  0.751111  0.233252  9887.4  2.28085  -0.00848904  1
944  0  0.479228  0.345708  9609.79  2.42347  0.273393  1
945  0  1.76737  -1.76737  10549.1  2.24071  0.472314  1
946  0  1.17202  1.19145  10537.3  1.82903  0.325635  1
947  0  0.223882  0.359475  9562.06  2.42953  0.620685  1
948  0  0.257173  -0.336881  11183.3  1.8325  0.14326  1
949  0  -1.76023  1.7683  10716.4  1.93002  0.501155  1
950  0  -0.259738  0.166513  10732.3  1.88078  0.804878  1
951  0  1.41368  -1.79603  10661.3  2.20491  0.521634  1
952  0  -1.02521  -0.722235  11084.4  1.9256  0.538722  1
953  0  0.644149  1.77996  10612.4  1.8026  0.423996  1
954  0  -1.01549  -1.27897  11142.5  1.90311  0.478891  1
955  0  -0.13726  0.655024  10378.1  2.06863  0.627562  1
956  0  -0.991533  -0.459867  11062.9  1.92653  0.558391  1
957  0  1.41915  1.80023  10567.4  1.76682  0.395367  1
958  0  0.417085  -0.105295  10759.1  1.88094  -0.0561031  1
959  0  0.351091  -0.197404  11004.9  1.92036  0.0139687  1
960  0  0.414455  0.401754  9698.11  2.39627  0.369712  1
961  0  -0.0456933  -1.72686  11196.4  1.99997  0.413783  1
962  0  0.533262  -0.157098  10596.5  2.16492  0.0670504  1
963  0  -1.42204  0.0297442  10924.1  1.94141  0.514442  1
964  0  0.332065  -0.142543  11017.5  1.94066  -0.0653702  1
965  0  -0.0318034  -0.195206  11695.7  1.48538  0.319235  1
966  0  0.59081  -0.189954  10560.2  2.11435  0.135908  1
967  0  -0.0239955  0.858413  10406.8  2.04329  0.564788  1
968  0  -1.78719  -0.203594  10968.2  1.93877  0.49717  1
969  0  -0.625093  -0.356785  11113.9  1.85963  0.521658  1
970  0  1.28983  -0.05323  10847.9  1.80387  0.375863  1
971  0  -1.2791  1.30072  10710  1.94694  0.477681  1
972  0  -0.647669  -1.32549  11168.7  1.923  0.435073  1
973  0  0.81298  -0.152814  10291.4  2.24323  0.311797  1
974  0  0.177868  0.212965  8954.69  2.65743  0.827605  1
975  0  1.78683  1.79958  10525.6  1.77119  0.40306  1
976  0  0.263867  0.476922  9833.12  2.31707  0.522415  1
977  0  -0.720789  1.11094  10659.6  1.97848  0.635268  1
