0  2  1  0  18175.7  0  0  1
1  1  2  2  18048.3  1.86222  0.183895  1
2  1  2  -2  18030.8  2.01265  0.316351  1
3  3  -2  -2  19103.3  1.97042  0.342699  1
4  3  -2  2  18300.7  1.97333  0.344318  1
10  1  2  1.6  18014.2  1.83128  0.182884  1
11  1  2  1.2  18014.2  1.77267  0.158997  1
12  1  2  0.8  18014.2  1.70989  0.0971443  1
13  1  2  0.4  18014.2  1.68808  0.00465224  1
14  1  2  5.50449e-12  18014.2  1.83316  -0.0179627  1
15  1  2  -0.4  18014.2  1.94272  0.0657672  1
16  1  2  -0.8  18014.2  1.86905  0.15779  1
17  1  2  -1.2  18014.2  1.8241  0.213315  1
18  1  2  -1.6  18014.2  1.94003  0.263834  1
19  0  1.6  -2  18149.3  1.97042  0.342699  1
20  0  1.2  -2  18315.8  1.97042  0.342699  1
21  0  0.8  -2  18392.8  1.97042  0.342699  1
22  0  0.4  -2  18577.1  1.97042  0.342699  1
23  0  5.50449e-12  -2  18759.7  1.77328  -0.0179413  1
24  0  -0.4  -2  18821.4  1.60188  -0.371836  1
25  0  -0.8  -2  19153.5  1.79902  -0.011195  1
26  0  -1.2  -2  19363.6  1.97042  0.342699  1
27  0  -1.6  -2  19217.6  1.97042  0.342699  1
28  3  -2  -1.6  19029.1  1.97042  0.342699  1
29  3  -2  -1.2  18930.5  1.97042  0.342699  1
30  3  -2  -0.8  18817.5  1.97042  0.342699  1
31  3  -2  -0.4  18711.7  1.97042  0.342699  1
32  3  -2  -5.50449e-12  18603.3  1.97042  0.342699  1
33  3  -2  0.4  18513.3  1.97042  0.342699  1
34  3  -2  0.8  18431.7  1.97042  0.342699  1
35  3  -2  1.2  18359.7  1.97042  0.342699  1
36  3  -2  1.6  18320.7  1.97042  0.342699  1
37  0  -1.6  2  18272.3  1.98592  0.35076  1
38  0  -1.2  2  18236.4  2.00248  0.359543  1
39  0  -0.8  2  18225.2  2.00932  0.341325  1
40  0  -0.4  2  18229  2.01228  0.284308  1
41  0  -5.50449e-12  2  18232  2.00128  0.254962  1
42  0  0.4  2  18244.9  1.95599  0.251997  1
43  0  0.8  2  18271  1.90387  0.213486  1
44  0  1.2  2  18243.5  1.87387  0.171088  1
45  0  1.6  2  18140.1  1.86619  0.167308  1
46  2  0.9798  0.00812183  17948.3  0  0  1
47  2  0.959834  0.0168434  17917.1  0  0  1
48  2  0.93958  0.0248709  17889  6.96071e-18  1.15494e-18  1
49  2  0.919016  0.0320664  17867.1  0  0  1
50  2  0.898251  0.0386673  17846.7  0  0  1
51  2  0.877393  0.0449629  17831.8  -5.36384e-17  1.53097e-17  1
52  2  0.856481  0.0510812  17783  0  0  1
53  2  0.835532  0.0570698  17745.3  8.39882e-17  -1.55492e-17  1
54  2  0.814553  0.0629567  17760.8  0  0  1
55  2  0.79355  0.0687534  17698.3  0  0  1
56  2  0.772526  0.0744717  17659.7  2.75219e-17  -5.39984e-18  1
57  2  0.75148  0.0801132  17617.2  0  0  1
58  2  0.730413  0.0856739  17505.6  0  0  1
59  2  0.709326  0.0911557  17502.9  -6.56529e-17  1.06295e-17  1
60  2  0.688214  0.0965451  17471.4  0  0  1
61  2  0.667081  0.101847  17427.4  0  0  1
62  2  0.645917  0.107027  17388  0  0  1
63  2  0.624726  0.112093  17268.4  0  0  1
64  2  0.603501  0.117014  17233  -8.92435e-17  9.46907e-18  1
65  2  0.582243  0.121793  17196.5  0  0  1
66  2  0.560946  0.126396  17087  0  0  1
67  2  0.539607  0.130798  17015.5  0  0  1
68  2  0.518225  0.134988  16919.7  0  0  1
69  2  0.496795  0.138919  16838.5  2.26335e-16  -2.51567e-17  1
70  2  0.475317  0.142585  16725  0  0  1
71  2  0.453785  0.145915  16604.8  1.59629e-16  -1.58241e-17  1
72  2  0.432202  0.148898  16519.9  0  0  1
73  2  0.410561  0.151426  16330.9  0  0  1
74  2  0.388869  0.153473  16204.7  2.7769e-16  -5.5178e-18  1
75  2  0.367127  0.154879  16090.7  0  0  1
76  2  0.345351  0.155584  15978.1  0  0  1
77  2  0.323564  0.155517  15893.3  0  0  1
78  2  0.301795  0.154627  15814.2  -1.80641e-16  -1.74643e-17  1
79  2  0.280075  0.152928  15806.6  0  0  1
80  2  0.258437  0.150382  15810.2  6.09005e-16  1.04085e-16  1
81  2  0.236916  0.146989  15913.5  0  0  1
82  2  0.215543  0.142757  15946.3  0  0  1
83  2  0.19435  0.137707  15955.6  0  0  1
84  2  0.173365  0.131848  16174.9  0  0  1
85  2  0.152637  0.12514  16226.9  2.78135e-16  9.86104e-17  1
86  2  0.132217  0.117545  16214.5  2.7407e-16  1.1143e-16  1
87  2  0.112177  0.108998  16504.2  0  0  1
88  2  0.092616  0.0994073  16780.5  0  0  1
89  2  0.0736585  0.0886749  16969.3  0  0  1
90  2  0.0554983  0.0766457  17348.7  0  0  1
91  2  0.0384266  0.0631206  17753.8  0  0  1
92  2  0.0229205  0.047834  18337.8  0  0  1
93  2  0.00988576  0.0304125  19319.9  0  0  1
94  2  0.00143669  0.0104417  19804.8  -1.51669e-16  -9.36578e-17  1
95  2  0.00405984  -0.0102556  18991.7  0  0  1
96  2  0.0241897  -0.0180337  18079.2  0  0  1
97  2  0.0458099  -0.0205843  17995.7  0  0  1
98  2  0.0675918  -0.0207859  18092.8  0  0  1
99  2  0.089347  -0.0196243  18187.7  0  0  1
100  2  0.111034  -0.0175382  18275.4  0  0  1
101  2  0.132653  -0.014831  18353.3  0  0  1
102  2  0.15421  -0.0116624  18460.3  3.37084e-16  3.7154e-17  1
103  2  0.175732  -0.00826449  18551  0  0  1
104  2  0.197224  -0.00468378  18590.5  0  0  1
105  2  0.218727  -0.00117198  18635.7  -1.27209e-16  -1.42904e-17  1
106  2  0.240239  0.00229142  18690  5.03841e-18  5.28141e-18  1
107  2  0.261774  0.00560552  18726.7  -1.28497e-16  -1.60625e-17  1
108  2  0.283332  0.00876564  18748.1  0  0  1
109  2  0.304913  0.01176  18770.6  -4.01621e-16  -4.34067e-17  1
110  2  0.326526  0.0145201  18799.9  0  0  1
111  2  0.348162  0.0170941  18822.1  1.26935e-16  1.28678e-17  1
112  2  0.369826  0.0194183  18844.5  0  0  1
113  2  0.391519  0.0214468  18832.7  0  0  1
114  2  0.413235  0.0232212  18838  -1.0926e-16  -7.06687e-18  1
115  2  0.434971  0.0247426  18852.5  0  0  1
116  2  0.456723  0.0259908  18843.8  0  0  1
117  2  0.478488  0.0269929  18849.3  -2.23763e-16  -1.16787e-17  1
118  2  0.500262  0.0278069  18858.7  0  0  1
119  2  0.522041  0.0284295  18860.1  0  0  1
120  2  0.543825  0.0288636  18858.1  0  0  1
121  2  0.565612  0.0291407  18856.1  -1.12821e-16  -4.27559e-18  1
122  2  0.5874  0.0292533  18844.3  0  0  1
123  2  0.609188  0.0292  18837.5  -1.14939e-16  1.44445e-18  1
124  2  0.630975  0.0289857  18841.2  0  0  1
125  2  0.65276  0.0286019  18832  -1.15452e-16  1.12878e-18  1
126  2  0.674542  0.0280419  18816.8  0  0  1
127  2  0.696317  0.0272878  18804.4  -1.1041e-16  2.08386e-18  1
128  2  0.718084  0.0263341  18787.4  0  0  1
129  2  0.739844  0.0252101  18770.2  -1.1369e-16  6.39259e-18  1
130  2  0.761592  0.0238867  18758.2  0  0  1
131  2  0.783329  0.0223943  18740.3  0  0  1
132  2  0.805056  0.020756  18715.9  1.45793e-16  -9.3616e-18  1
133  2  0.82677  0.0189537  18701.4  -1.07992e-16  8.89377e-18  1
134  2  0.848473  0.0170262  18684.3  0  0  1
135  2  0.870162  0.0149532  18641.8  0  0  1
136  2  0.891842  0.0127809  18610.4  0  0  1
137  2  0.913512  0.0105142  18580.8  0  0  1
138  2  0.935179  0.00821358  18536.3  1.18143e-16  -9.98785e-18  1
139  2  0.956841  0.00586985  18487.3  0  0  1
140  2  0.97848  0.00332687  18426.2  0  0  1
272  0  1.26498  0.688216  18048.7  1.87605  -0.0382851  1
273  0  0.892604  -0.591619  18489  1.6993  0.0160879  1
274  0  0.069598  -0.964226  18692.1  1.68167  -0.0617392  1
275  0  0.45931  1.05939  18023.4  2.03967  0.139943  1
276  0  -0.632343  0.889697  18284.4  2.02927  0.368622  1
277  0  0.350009  -0.517878  18653.5  1.68487  0.0129012  1
278  0  -0.0129878  -0.418404  18718.4  1.73934  0.0169022  1
279  0  -0.563776  0.283391  18447.2  1.96512  0.354094  1
280  0  -0.158621  0.615353  18104  2.06763  0.283163  1
281  0  0.294939  0.588784  17723.8  2.19034  0.162046  1
282  0  0.757868  0.570285  17842.4  2.07697  -0.0520367  1
283  0  0.679657  -0.319096  18617.8  1.65859  -0.00409242  1
284  0  0.944694  -0.27343  18502  1.69544  -0.0385156  1
285  0  0.433207  -0.253027  18696.1  1.66958  0.0434093  1
286  0  0.186843  -0.255612  18682.1  1.73232  0.0550179  1
287  0  -0.380724  -0.0667011  18683.1  1.85904  0.227595  1
288  0  1.04704  0.354653  18017.4  1.91701  -0.181746  1
289  0  -0.732301  -0.743485  18774.9  1.95527  0.248705  1
290  0  -0.193174  0.282539  18308.5  1.96329  0.38404  1
291  0  0.0489241  0.363534  17759.2  2.17418  0.415234  1
292  0  0.510406  0.404951  17475.4  2.28769  -0.035405  1
293  0  0.709605  0.321394  17635.3  2.16697  -0.206811  1
294  0  0.251304  0.35461  17286.7  2.38627  0.254245  1
295  0  0.576347  -0.152676  18723.2  1.6322  0.0244575  1
296  0  0.740798  -0.138475  18666.8  1.64436  -0.0385901  1
297  0  0.886677  -0.126813  18562.4  1.69129  -0.073792  1
298  0  0.0193323  -0.185255  18723.5  1.75771  0.0254047  1
299  0  0.878191  0.22771  17845.2  2.09833  -0.308398  1
300  0  1.0378  0.175948  18075.9  1.96696  -0.323111  1
301  0  0.288924  -0.143372  18702.9  1.70692  0.100795  1
302  0  -0.176588  0.102686  18652.9  1.79515  0.384319  1
303  0  0.389025  0.291606  17013.1  2.49667  0.0378449  1
304  0  -0.0214881  0.222829  17984.4  2.06511  0.58711  1
305  0  0.453253  -0.106371  18761.8  1.65339  0.069629  1
306  0  0.506791  0.264598  17176.4  2.45731  -0.151868  1
307  0  0.176009  -0.121252  18622.5  1.78776  0.104298  1
308  0  0.101471  0.230152  17307.6  2.34376  0.635552  1
309  0  0.620054  0.235894  17394.8  2.38369  -0.261518  1
310  0  0.72126  0.213628  17569.9  2.28888  -0.319285  1
311  0  0.591279  -0.990575  18554  1.66323  0.0233828  1
312  0  0.0906141  -0.122186  18609.9  1.81949  0.0419192  1
313  0  1.51364  -0.232052  18217.3  1.81321  -0.0375146  1
314  0  0.661026  -0.0737758  18754.1  1.66088  -0.0120469  1
315  0  -0.962459  -0.187676  18623.4  1.96845  0.432094  1
316  0  1.03794  -0.157819  18446  1.72627  -0.0635978  1
317  0  0.535015  -0.0655353  18790.3  1.66282  0.0449457  1
318  0  0.370102  -0.0728167  18771  1.70871  0.111798  1
319  0  1.29982  0.0271243  18270.7  1.6258  -0.125411  1
320  0  -0.116187  -0.0188132  19000.5  1.58984  0.196532  1
321  0  0.808541  -0.0742795  18651.7  1.68474  -0.0765225  1
322  0  1.26551  -1.28971  18302.4  1.70726  0.131358  1
323  0  0.806315  0.160652  17710.4  2.1792  -0.381313  1
324  0  0.89497  0.140168  17854.9  2.03647  -0.383615  1
325  0  -0.133759  1.12967  18146.5  2.04531  0.225794  1
326  0  0.206017  0.250119  16924.5  2.52718  0.443668  1
327  0  -0.0209064  -0.103992  18843.9  1.71731  -0.0255901  1
328  0  -0.216287  -0.222523  18772.7  1.78368  0.10147  1
329  0  -1.26903  0.54888  18450.4  1.99217  0.435081  1
330  0  0.955071  -0.0858953  18491.4  1.75873  -0.0977463  1
331  0  0.311686  0.254147  16760  2.61515  0.185027  1
332  0  -0.0380906  0.128566  18399.4  1.81486  0.706772  1
333  0  0.904457  1.02437  18034.2  1.96401  0.0678075  1
334  0  0.241513  -0.0741584  18673.7  1.79374  0.152548  1
335  0  -0.0660166  0.0507519  19011  1.48867  0.514167  1
336  0  0.725353  -0.0441242  18738.8  1.66123  -0.0472011  1
337  0  1.22535  -0.389491  18358.9  1.75528  -0.00845915  1
338  0  0.875034  -0.0506356  18603.2  1.71354  -0.110985  1
339  0  0.597846  -0.0357791  18808.2  1.62886  0.0185798  1
340  0  -0.396378  -0.61793  18732  1.84947  0.0283679  1
341  0  0.428721  -0.0419914  18813  1.66354  0.0994617  1
342  0  0.0415958  0.167419  17666.5  2.12916  0.816968  1
343  0  0.952651  0.0952111  17929  1.64654  -0.366694  1
344  0  0.427635  0.229498  16802  2.70354  -0.0909461  1
345  0  0.300981  -0.0540697  18739.1  1.76793  0.155972  1
346  0  1.01524  0.0732882  18108.5  1.45924  -0.363926  1
347  0  -1.31418  1.36987  18313.4  1.988  0.386509  1
348  0  0.597223  -0.588161  18587.2  1.67883  0.00750075  1
349  0  0.825591  -0.235702  18577.5  1.66921  -0.0375507  1
350  0  -0.533037  -1.34362  18798.5  1.77072  -0.175242  1
351  0  1.40702  0.353155  18121.3  1.79257  -0.111453  1
352  0  0.542448  0.201957  17097.5  2.51152  -0.279894  1
353  0  0.526866  0.643549  17781.2  2.13914  0.0485758  1
354  0  0.165417  0.191322  16703.4  2.63892  0.69645  1
355  0  -0.393687  0.467279  18299.4  2.00111  0.328782  1
356  0  0.12943  -0.0767654  18508.7  1.91547  0.111496  1
357  0  -0.554669  -0.353753  18702.4  1.91159  0.217353  1
358  0  0.650607  0.173503  17373.6  2.28075  -0.343683  1
359  0  1.16858  0.000524299  18367.9  1.42337  -0.103236  1
360  0  -1.36922  -0.691823  18780.3  1.98722  0.433524  1
361  0  -1.06127  -1.2158  18858  1.9493  0.422128  1
362  0  0.256759  -1.45885  18646.2  1.53297  -0.0451484  1
363  0  0.0829666  0.860003  18012.6  2.08716  0.215491  1
364  0  0.140833  -0.665262  18681  1.69831  -0.0105491  1
365  0  0.184255  -0.453047  18685.1  1.70693  0.0201013  1
366  0  0.491422  -0.0273587  18828.9  1.61037  0.0739906  1
367  0  0.09849  0.166084  17091.1  2.38766  0.874256  1
368  0  0.260273  0.207437  16399.3  2.8342  0.381726  1
369  0  0.357107  0.205538  16413  2.85137  0.0470553  1
370  0  -0.346961  0.188723  18489.2  1.91792  0.329475  1
371  0  1.42035  1.15597  18074.4  1.85355  0.0791576  1
372  0  1.22962  -0.800756  18336.5  1.74935  0.0624646  1
373  0  0.0765297  0.570765  17857.5  2.14964  0.273665  1
374  0  0.382428  -0.160635  18724.8  1.66868  0.0744631  1
375  0  0.284759  -0.278079  18686.9  1.70376  0.0512171  1
376  0  -0.65166  1.44587  18245.3  2.02848  0.339333  1
377  0  0.513258  -0.389298  18646.8  1.66859  0.0161634  1
378  0  -0.0554715  -0.0167114  19299.1  1.36826  0.117207  1
379  0  0.752776  0.133144  17583  1.83526  -0.344336  1
380  0  -0.689922  0.575718  18357.2  2.00477  0.392645  1
381  0  0.842143  0.10998  17761.1  1.61232  -0.323928  1
382  0  0.352002  0.449016  17479.6  2.29729  0.128404  1
383  0  0.847182  -0.390766  18532.7  1.68377  -0.0110946  1
384  0  0.473456  0.195913  16827.1  2.5905  -0.224227  1
385  0  0.195007  -0.0560127  18603.8  1.85304  0.171888  1
386  0  0.081026  -0.0680904  18413.9  1.96579  0.0269325  1
387  0  0.0274112  -0.0676589  18604.6  1.85943  -0.136  1
388  0  0.684243  -0.0186434  18775.2  1.55541  -0.0302825  1
389  0  0.773258  -0.0170815  18721.1  1.57801  -0.076251  1
390  0  0.861634  0.410343  17861.5  2.03703  -0.165711  1
391  0  0.918325  -0.0327624  18547.4  1.69454  -0.140212  1
392  0  0.832318  -0.0225846  18664.5  1.6114  -0.104537  1
393  0  0.555307  -0.0172702  18817.5  1.5281  0.0384964  1
394  0  0.216932  0.191832  16430.8  2.80806  0.551253  1
395  0  1.02402  0.607978  17985.4  1.95808  -0.0667079  1
396  0  0.757455  1.47445  18136.1  1.94992  0.157727  1
397  0  0.223808  1.49213  18155.1  2.00725  0.205137  1
398  0  0.388737  -0.0214574  18810.2  1.53851  0.120885  1
399  0  0.91805  -0.955881  18456.7  1.6923  0.0575588  1
400  0  0.824428  -1.42314  18438  1.61981  0.12413  1
401  0  -0.97225  0.28269  18491.9  1.98527  0.437159  1
402  0  -1.40638  -0.00549264  18594  1.97024  0.434484  1
403  0  0.579798  0.167846  17183.2  2.24636  -0.319854  1
404  0  1.24381  -0.185233  18347.6  1.77386  -0.0551155  1
405  0  -0.117094  -0.65558  18726.6  1.74869  -0.0491546  1
406  0  -0.303798  -0.963401  18753  1.76946  -0.140566  1
407  0  1.0359  -0.0705274  18424.7  1.81008  -0.0839568  1
408  0  0.682911  0.146049  17460.6  1.96752  -0.334875  1
409  0  0.581705  0.346546  17481.5  2.2663  -0.119202  1
410  0  0.641132  -0.0129544  18805.3  1.52626  -0.00747885  1
411  0  0.408397  -0.757182  18617.6  1.67889  0.00480023  1
412  0  0.342222  -0.0251944  18788.2  1.58567  0.145899  1
413  0  0.147599  0.32468  17402.3  2.33403  0.414691  1
414  0  -0.683986  0.0020861  18581.5  1.95282  0.353761  1
415  0  0.962762  -0.0370869  18452.9  1.75298  -0.145078  1
416  0  0.0181962  0.10941  18033.5  1.87807  1.02889  1
417  0  0.794565  0.113993  17683.4  1.54247  -0.307682  1
418  0  0.660282  -0.150671  18701.3  1.63239  -0.0063202  1
419  0  0.172521  0.469791  17663.9  2.22567  0.27244  1
420  0  0.541377  -0.276135  18674.9  1.65663  0.0227156  1
421  0  -0.0734655  0.341884  18046.6  2.05882  0.412966  1
422  0  0.0730364  -0.30625  18705.8  1.74114  0.0345321  1
423  0  -0.0717201  -0.288528  18747.1  1.75497  0.037691  1
424  0  -0.229731  -0.431132  18741  1.79947  0.0329384  1
425  0  -0.100927  -0.186597  18794.8  1.74465  0.05811  1
426  0  -1.00975  0.854998  18360.6  2.01014  0.428827  1
427  0  -0.380981  0.755632  18219.9  2.03529  0.298187  1
428  0  0.901599  0.0793605  17841  1.13349  -0.253733  1
429  0  1.06034  -0.419515  18434.4  1.72356  -0.0121896  1
430  0  0.310788  0.201318  16282.2  2.92414  0.204296  1
431  0  0.814987  -0.146744  18613.4  1.66018  -0.0563984  1
432  0  0.494756  -0.180024  18723.3  1.64618  0.0452698  1
433  0  1.21994  0.159854  18211.8  1.80653  -0.206454  1
434  0  1.53837  -0.56822  18227.4  1.80935  0.0526754  1
435  0  -0.119512  0.176908  18439.4  1.87596  0.484811  1
436  0  0.13024  -0.187964  18664.2  1.76464  0.0578138  1
437  0  1.12893  0.0843769  18307.3  1.59569  -0.274703  1
438  0  0.403787  0.195605  16534.9  2.73126  -0.104916  1
439  0  0.368771  0.83662  17924.7  2.09262  0.135108  1
440  0  0.25556  -0.034214  18690.4  1.67658  0.178303  1
441  0  0.971031  0.171005  17979.7  2.0418  -0.356695  1
442  0  0.392852  -0.358965  18669.8  1.68082  0.0282355  1
443  0  -0.0250299  0.0665448  18882.4  1.45623  0.79697  1
444  0  1.08846  0.0153022  18365.3  1.07623  -0.125777  1
445  0  -0.0227163  0.494853  17949.8  2.11249  0.319951  1
446  0  0.752068  0.830547  17958.9  2.01975  0.039421  1
447  0  0.705952  -0.241743  18637.3  1.65097  -0.0147491  1
448  0  -0.203179  0.445238  18176  2.02977  0.333606  1
449  0  0.0631447  0.131506  17388.4  2.24059  1.04602  1
450  0  0.65315  0.486022  17719.6  2.15232  -0.0649469  1
451  0  0.970255  -0.164098  18484.7  1.70777  -0.0652975  1
452  0  1.16083  -0.100712  18395.9  1.73207  -0.0685528  1
453  0  0.789006  0.249465  17712.2  2.15361  -0.287027  1
454  0  1.1064  -0.301102  18421.6  1.72705  -0.0330933  1
455  0  0.221994  -0.196302  18673.4  1.73367  0.0747701  1
456  0  0.447884  -0.0101264  18832.2  1.43826  0.0895379  1
457  0  0.517817  0.176152  16978.6  2.38434  -0.283611  1
458  0  -0.108362  -1.26569  18734.3  1.65784  -0.184671  1
459  0  -0.0861487  1.57947  18192  2.02231  0.231357  1
460  0  -0.0326255  -0.0483575  19093.7  1.5598  -0.0955408  1
461  0  -0.103046  -0.094239  18914.7  1.6836  0.0877263  1
462  0  -0.24487  -0.0919636  18778.6  1.78092  0.177537  1
463  0  0.960782  0.0591  17931.4  0.989733  -0.253085  1
464  0  1.64666  0.650966  18058.5  1.77497  -0.00126952  1
465  0  0.787504  -0.806191  18502.3  1.69454  0.0306853  1
466  0  0.269267  -1.03628  18641.7  1.65478  -0.0203687  1
467  0  1.73858  0.14782  18107.7  1.74368  -0.094012  1
468  0  0.60627  -0.0967317  18752.4  1.64571  0.0130315  1
469  0  -0.13279  0.823073  18091.8  2.069  0.240514  1
470  0  0.152101  0.162177  16663.8  2.69156  0.824943  1
471  0  1.03152  1.39311  18118.8  1.9198  0.121142  1
472  0  0.727219  -0.00797526  18770.8  1.50109  -0.0544965  1
473  0  -0.816763  1.25164  18281.3  2.02205  0.385497  1
474  0  0.625202  0.15359  17308.4  2.04627  -0.333685  1
475  0  0.146554  -0.0515022  18493.7  1.89025  0.161348  1
476  0  0.716652  -0.460959  18570.5  1.67295  0.00315432  1
477  0  -1.55451  0.916376  18395.1  1.97954  0.393225  1
478  0  0.87755  -0.0215609  18619.3  1.62289  -0.126546  1
479  0  0.513966  -0.125515  18747.5  1.63603  0.0471915  1
480  0  0.0254959  0.285072  17774.6  2.16273  0.52036  1
481  0  0.598214  -0.00346247  18836.3  1.45834  0.0143115  1
482  0  0.611864  -0.222606  18679.1  1.64483  0.0100338  1
483  0  0.981395  0.290336  17968  1.95939  -0.236247  1
484  0  1.69921  -0.95518  18132.7  1.80307  0.141522  1
485  0  0.456114  0.561288  17680.7  2.19743  0.0623515  1
486  0  0.312634  0.323096  17124.4  2.46597  0.184914  1
487  0  0.770406  -0.0753158  18685.2  1.67473  -0.0629047  1
488  0  0.3163  -0.110984  18723.9  1.69926  0.111699  1
489  0  1.20048  0.488624  18050.9  1.87829  -0.104521  1
490  0  0.46546  0.344043  17291.4  2.37245  -0.0295257  1
491  0  0.239901  -0.13184  18671.7  1.73703  0.110923  1
492  0  0.106873  1.09613  18082.9  2.05477  0.200672  1
493  0  -1.55244  -1.12281  18903.1  1.94726  0.417129  1
494  0  0.916951  -0.0892689  18536.7  1.73214  -0.0963804  1
495  0  -0.808052  -0.511405  18720.5  1.96032  0.342311  1
496  0  0.236084  -0.355211  18682.6  1.70637  0.0350219  1
497  0  0.505563  -0.00532488  18847.3  1.4313  0.0599527  1
498  0  0.29857  -0.0245398  18756  1.57536  0.165616  1
499  0  0.0297775  -0.12403  18692.6  1.78639  -0.00140075  1
500  0  -0.362938  1.07977  18195.9  2.04472  0.273257  1
501  0  0.709854  -0.0951009  18706.2  1.65502  -0.03427  1
502  0  -0.351323  0.328612  18363.2  1.96743  0.336044  1
503  0  0.258311  0.256833  16813  2.59234  0.316251  1
504  0  0.80367  -0.0189688  18701.4  1.59855  -0.0886904  1
505  0  -0.755728  -1.1727  18806  1.90508  0.137954  1
506  0  -1.12474  -0.906243  18804.6  1.99159  0.44447  1
507  0  -0.0279445  0.0345846  19342.2  1.1776  0.612796  1
508  0  0.899535  -0.215907  18537.4  1.68276  -0.0464466  1
509  0  -0.803191  -1.55473  18894.3  1.80983  0.0898346  1
510  0  0.415796  -0.0127906  18834.1  1.48205  0.106302  1
511  0  0.221103  -0.0373821  18642.2  1.74176  0.186996  1
512  0  1.26164  0.984031  18062.5  1.88033  0.0405212  1
513  0  0.729978  0.121107  17534.4  1.56272  -0.307077  1
514  0  0.173455  0.733219  17910  2.12352  0.204317  1
515  0  -0.221064  0.190156  18466.5  1.89783  0.376449  1
516  0  1.01011  0.040505  18078.5  0.776404  -0.315101  1
517  0  0.848371  -0.0985994  18606.7  1.68948  -0.0782722  1
518  0  0.562412  0.25863  17312.2  2.40816  -0.204026  1
519  0  1.14547  0.270721  18109.6  1.86367  -0.194126  1
520  0  1.13463  -0.64724  18387.4  1.7357  0.0321569  1
521  0  0.151869  0.248134  17094.1  2.44583  0.541179  1
522  0  0.765759  -0.348466  18578.5  1.66868  -0.0106404  1
523  0  0.854368  0.0859865  17767.4  1.11337  -0.243075  1
524  0  -0.970137  1.57247  18265.7  2.00755  0.37367  1
525  0  0.481593  -0.0769337  18782.3  1.67018  0.067018  1
526  0  0.672248  0.228886  17490.4  2.33484  -0.290372  1
527  0  0.13284  -0.129971  18612.3  1.8009  0.073173  1
528  0  0.0564341  -0.0495145  18308.5  1.88182  -0.0691591  1
529  0  0.447419  0.176566  16645.5  2.29661  -0.187984  1
530  0  -1.47427  -1.57386  19055.7  1.94535  0.431023  1
531  0  -1.29459  -0.321857  18667.1  1.97659  0.445301  1
532  0  0.888486  -0.321173  18526  1.68756  -0.0259915  1
533  0  -0.174479  -1.71602  18755.3  1.56425  -0.336602  1
534  0  0.547883  0.867217  17940.4  2.05967  0.0886351  1
535  0  -0.514035  0.0288805  18592.7  1.92169  0.302424  1
536  0  0.102059  -0.0455422  18327.7  1.82047  0.0829021  1
537  0  -0.199788  0.0103345  18795.2  1.7399  0.264398  1
538  0  1.41376  1.71514  18137.1  1.86786  0.151211  1
539  0  0.930909  0.0710543  17870.9  1.13301  -0.262591  1
540  0  1.01081  -0.0383399  18376.2  1.78219  -0.0978124  1
541  0  0.468804  -1.28037  18597  1.56667  0.0211518  1
542  0  0.547836  0.167978  17090  2.29926  -0.307117  1
543  0  0.0753322  -0.540678  18694.2  1.71443  0.00140942  1
544  0  0.479906  -0.639918  18611.5  1.67791  0.00639009  1
545  0  1.54059  -1.54855  18208.4  1.8221  0.197399  1
546  0  1.00628  0.122575  18062.1  1.91168  -0.388853  1
547  0  0.831973  0.327727  17801.8  2.06433  -0.21904  1
548  0  0.243261  0.176691  16112.9  2.74272  0.468757  1
549  0  0.201843  0.165185  16136.5  2.68005  0.627639  1
550  0  1.04583  -0.0214438  18394.4  1.40404  -0.0285386  1
551  0  1.02035  -0.22957  18462  1.71024  -0.0497631  1
552  0  0.332294  -0.208453  18702.5  1.69032  0.0693611  1
553  0  0.413325  -0.0840455  18774.4  1.68342  0.090367  1
554  0  0.167367  -0.0787164  18566.2  1.86579  0.138925  1
555  0  0.00464614  -0.0414219  18691.1  1.6722  -0.326785  1
556  0  0.68935  1.20441  18070.5  1.98287  0.126269  1
557  0  0.284285  -0.0892374  18710.3  1.74171  0.133004  1
558  0  0.0103834  0.0748514  18321.1  1.55835  1.12312  1
559  0  0.334373  0.183215  16182.4  2.65159  0.0988732  1
560  0  0.288799  0.184164  16084.6  2.73781  0.278402  1
561  0  0.758537  0.450498  17787.8  2.09849  -0.116007  1
562  0  0.258483  -0.594969  18663.3  1.69012  0.00579525  1
563  0  0.128913  0.192936  16983  2.4807  0.719665  1
564  0  -1.61159  0.361889  18507.7  1.97728  0.405611  1
565  0  1.17664  -1.61266  18309.3  1.78463  0.200959  1
566  0  -0.269991  0.0932787  18618.5  1.84784  0.314391  1
567  0  0.0714241  -0.227426  18696.5  1.75512  0.0400023  1
568  0  -0.403761  -0.236162  18713  1.86073  0.172078  1
569  0  -1.56338  1.56338  18303.5  1.97914  0.365487  1
570  0  0.66217  0.12811  17430.1  1.29982  -0.245305  1
571  0  0.257461  0.437254  17493.3  2.29538  0.215266  1
572  0  -0.103335  0.100924  18693.9  1.72586  0.495546  1
573  0  -0.545234  -0.145097  18655.5  1.91044  0.269854  1
574  0  0.0500426  0.104605  17465  2.01866  1.16945  1
575  0  -0.025568  0.733085  18022  2.09226  0.2464  1
576  0  0.0766971  -0.17957  18676.8  1.76963  0.0402796  1
577  0  0.112435  0.138369  16643  2.4686  1.00367  1
578  0  -0.787312  0.156616  18523.1  1.97266  0.400429  1
579  0  0.663009  0.00332931  18807.7  1.3012  -0.0187448  1
580  0  0.0412389  0.226238  17671.7  2.18731  0.65269  1
581  0  0.771588  -0.195049  18624.8  1.65261  -0.0341188  1
582  0  0.379697  0.180427  16312.1  2.50121  -0.0496999  1
583  0  -1.10642  0.0307309  18577.3  1.97145  0.448886  1
584  0  0.865941  0.174079  17814.7  2.14699  -0.363094  1
585  0  0.398905  0.383381  17333.5  2.36168  0.0652498  1
586  0  0.3618  -0.00693634  18816.7  1.2549  0.116549  1
587  0  1.45322  0.900105  18068.4  1.833  0.0257001  1
588  0  0.81161  0.0939444  17732.8  1.05015  -0.214625  1
589  0  0.769593  0.104364  17647.5  1.16075  -0.23864  1
590  0  0.597042  -0.820759  18560.8  1.68235  0.0178097  1
591  0  0.226157  -0.835467  18657.3  1.68225  -0.0154471  1
592  0  0.781558  -0.112564  18653.6  1.66133  -0.0576172  1
593  0  0.960206  0.808518  17999  1.96572  0.00434228  1
594  0  -0.53324  0.650336  18287.9  2.0176  0.347317  1
595  0  -0.551102  0.468302  18354.8  1.99462  0.357067  1
596  0  -1.01267  0.569329  18416.7  2.0018  0.439919  1
597  0  0.0646124  0.457741  17792.6  2.17086  0.332678  1
598  0  0.654454  0.285053  17515.7  2.24646  -0.221403  1
599  0  0.437573  -0.160902  18731.9  1.65298  0.0614907  1
600  0  0.558809  -0.104221  18756.8  1.64328  0.0319714  1
601  0  -0.0217856  0.00243678  19635.5  0.874762  0.127638  1
602  0  0.723751  0.154174  17538.5  2.095  -0.354695  1
603  0  -0.109788  0.278222  18181.2  2.00117  0.435801  1
604  0  -0.585503  -0.559217  18738.7  1.91344  0.169642  1
605  0  0.943149  -0.019507  18497.5  1.53626  -0.14094  1
606  0  0.627999  -0.410928  18611.6  1.66476  0.00492492  1
607  0  0.468123  -0.309767  18676.2  1.66785  0.0302397  1
608  0  -0.505925  -0.817827  18767.9  1.87436  0.0230329  1
609  0  0.477043  -0.00758418  18837.1  1.44632  0.0754285  1
610  0  0.97384  0.454415  17954.9  1.9707  -0.135913  1
611  0  0.628564  -0.0460537  18786.9  1.64883  0.000723553  1
612  0  0.719836  -1.1686  18504.7  1.63838  0.0607528  1
613  0  0.311307  -0.423745  18670.1  1.69209  0.0234926  1
614  0  -0.000526516  0.146565  18079.2  1.93861  0.802176  1
615  0  0.986524  -0.0240695  18367.5  1.60434  -0.138735  1
616  0  0.399583  0.666699  17790.1  2.14904  0.108298  1
617  0  0.614962  0.187867  17310.1  2.37996  -0.323461  1
618  0  1.37447  0.178277  18174.5  1.78077  -0.155501  1
619  0  -0.721919  0.341294  18446.6  1.98232  0.395829  1
620  0  0.546044  -0.484213  18618.1  1.6723  0.00807484  1
621  0  0.00639193  -0.266937  18724.1  1.75127  0.0341771  1
622  0  0.387849  0.255384  16861.2  2.5929  0.0117281  1
623  0  0.488212  1.35445  18111.9  1.99605  0.174102  1
624  0  -1.65765  -0.270535  18659.5  1.97519  0.401849  1
625  0  0.767197  0.174631  17631.6  2.22595  -0.364032  1
626  0  0.50605  -1.7262  18517.9  1.68879  0.107915  1
627  0  -0.317349  1.34909  18201.3  2.03814  0.264899  1
628  0  0.490661  0.165205  16836.8  2.03864  -0.226591  1
629  0  0.751438  -0.572508  18543.4  1.68485  0.010658  1
630  0  0.032007  -0.0406712  18322.8  1.83024  -0.2402  1
631  0  0.0768837  -0.414459  18704.6  1.72749  0.0204071  1
632  0  0.466475  -0.04069  18805.6  1.65095  0.0835402  1
633  0  0.456357  0.284803  17126.7  2.43949  -0.0769868  1
634  0  -1.12391  -0.537222  18722.3  1.98259  0.43684  1
635  0  0.0878516  0.305202  17577.4  2.25528  0.475061  1
636  0  0.156882  -0.332319  18690.9  1.72442  0.0366947  1
637  0  0.506749  0.210062  17034.8  2.58396  -0.229534  1
638  0  -0.775753  -0.227732  18647.8  1.95223  0.358177  1
639  0  0.20835  -0.0935772  18640.6  1.79295  0.136916  1
640  0  -0.273788  0.55942  18192.1  2.03562  0.306109  1
641  0  0.706747  0.00298641  18779.1  1.29429  -0.0438414  1
642  0  0.74934  0.00165441  18758.2  1.31199  -0.0599993  1
643  0  0.191274  -0.0296528  18577  1.52773  0.168502  1
644  0  0.0997552  -1.21479  18689  1.61981  -0.090466  1
645  0  0.691103  -0.0544228  18743.6  1.65977  -0.0296466  1
646  0  0.191079  0.38061  17456.3  2.30933  0.312621  1
647  0  0.598343  0.142575  17219.3  1.59456  -0.246494  1
648  0  0.900404  -0.0100828  18594.4  1.44147  -0.126576  1
649  0  0.857239  -0.00575606  18646.4  1.39779  -0.114274  1
650  0  -0.530997  -1.08289  18783  1.84166  -0.0871318  1
651  0  0.619614  0.0072246  18836.3  1.22392  0.00434155  1
652  0  0.576879  0.00708116  18837.7  1.21097  0.0140161  1
653  0  0.956097  -0.371571  18489.9  1.70139  -0.0205463  1
654  0  0.55426  -0.206614  18700  1.64543  0.0258608  1
655  0  0.33812  -0.0574781  18760  1.73987  0.134762  1
656  0  0.526226  -0.0314277  18821.5  1.61197  0.0527987  1
657  0  0.739245  0.264744  17641.9  2.18503  -0.267636  1
658  0  1.0079  1.69284  18183.7  1.90309  0.15787  1
659  0  0.686864  0.396423  17668.9  2.16763  -0.136958  1
660  0  1.64624  0.386754  18087.3  1.75232  -0.0643332  1
661  0  0.531345  0.00441084  18847.4  1.22616  0.0431279  1
662  0  0.0338726  0.0864509  17828.3  1.78493  1.22735  1
663  0  0.208068  0.319869  17242.2  2.40997  0.350076  1
664  0  -1.24649  0.270161  18516.8  1.9813  0.443153  1
665  0  0.0792916  -0.0407114  18247.6  1.79289  0.0209876  1
666  0  0.682278  0.187266  17474.2  2.31908  -0.338896  1
667  0  0.564092  -0.0487045  18797  1.64994  0.035293  1
668  0  0.275616  -0.0137146  18734.5  1.26567  0.139482  1
669  0  0.845592  -0.0584208  18629.8  1.69976  -0.0954284  1
670  0  0.0913441  0.122695  16952.3  2.29669  1.09231  1
671  0  0.318388  -0.00775663  18787.8  1.21129  0.131932  1
672  0  1.02852  0.0116944  18244.6  0.587033  -0.15109  1
673  0  -0.376043  -0.391082  18732  1.8545  0.10388  1
674  0  0.00764512  -0.77296  18699.5  1.70852  -0.047893  1
675  0  0.138921  0.142143  16449.7  2.50522  0.888204  1
676  0  1.12027  -0.192576  18417.6  1.74513  -0.0620188  1
677  0  0.379721  -0.114692  18746.1  1.67195  0.0918542  1
678  0  0.0568663  -0.0952188  18570.2  1.86413  -0.0131936  1
679  0  0.125892  -0.0362204  18374.7  1.66714  0.130222  1
680  0  0.963031  -0.765421  18437.7  1.71451  0.0387817  1
681  0  0.57879  0.211809  17254.3  2.46623  -0.27851  1
682  0  -0.581093  1.13657  18248.3  2.03757  0.341067  1
683  0  -0.126144  0.0444751  18877.6  1.64105  0.364627  1
684  0  0.791283  -0.0456505  18691.1  1.66914  -0.077007  1
685  0  -0.0369838  -0.172612  18779.9  1.73858  0.030476  1
686  0  0.222899  0.164691  16152.1  2.62323  0.543044  1
687  0  0.177452  0.157911  16316.6  2.64833  0.740424  1
688  0  0.858357  -0.176247  18572.8  1.67127  -0.0545522  1
689  0  0.999282  -0.11003  18455.5  1.75574  -0.0834715  1
690  0  0.469181  0.238645  16985  2.5972  -0.140288  1
691  0  0.423862  0.171401  16527.7  2.2225  -0.153247  1
692  0  -0.0459759  0.174969  18232  1.93006  0.6253  1
693  0  -0.142367  -0.514824  18730.8  1.76555  -0.00988225  1
694  0  0.266799  0.172535  16020.1  2.64902  0.368882  1
695  0  0.70568  0.118328  17496.8  1.26754  -0.239547  1
696  0  0.311822  0.176042  16010.3  2.57535  0.176019  1
697  0  0.872903  0.0684128  17812.8  0.706336  -0.156833  1
698  0  0.530678  0.317078  17341.6  2.33353  -0.115945  1
699  0  -0.101342  -0.401271  18730.7  1.7591  0.0190279  1
700  0  0.187793  0.589382  17792  2.17022  0.217269  1
701  0  0.0714996  0.197011  17411.5  2.25964  0.752259  1
702  0  0.941257  -0.12324  18511.9  1.71589  -0.0779004  1
703  0  1.30502  -0.580931  18314.7  1.76641  0.0352046  1
704  0  0.949663  0.37094  17933.8  1.97914  -0.189724  1
705  0  0.356731  0.175929  16139.2  2.43909  0.00763373  1
706  0  1.10066  -0.0449746  18401.6  1.60877  -0.0574239  1
707  0  -0.893972  -0.00237008  18574.6  1.96952  0.417117  1
708  0  0.978595  0.0334151  17939.5  0.431538  -0.1188  1
709  0  0.644241  0.609803  17797.1  2.11809  -0.00394086  1
710  0  -0.164159  -0.132777  18824.3  1.74439  0.111835  1
711  0  0.168011  -0.029221  18512.6  1.51809  0.167327  1
712  0  1.65064  1.41172  18066.2  1.83639  0.138217  1
713  0  0.640036  0.129282  17326.7  1.29218  -0.248061  1
714  0  -0.279176  -0.754654  18739.1  1.79293  -0.0678173  1
715  0  1.25105  -0.0770889  18337.5  1.65568  -0.0545491  1
716  0  0.38247  0.00121011  18825.1  1.0461  0.0845235  1
717  0  0.344986  0.283427  16942.3  2.53436  0.11585  1
718  0  1.65987  -0.400624  18158.7  1.86027  0.0275311  1
719  0  0.832583  0.0793528  17755.3  0.756499  -0.140055  1
720  0  0.744446  0.103271  17561.2  0.980647  -0.218395  1
721  0  0.788369  0.0911054  17659.8  0.822948  -0.182978  1
722  0  0.467563  0.163726  16674.9  1.96166  -0.204752  1
723  0  0.177255  -0.172005  18653.3  1.75984  0.078864  1
724  0  0.401355  0.170466  16333.3  2.18119  -0.109401  1
725  0  0.771498  0.00526037  18734.1  1.21577  -0.0651155  1
726  0  0.922335  -0.00957022  18557.8  1.3937  -0.128335  1
727  0  0.641535  0.00990637  18825.5  1.15232  -0.00373801  1
728  0  0.684774  0.00874902  18798  1.18947  -0.0292272  1
729  0  0.641533  -0.106343  18733.3  1.64214  -0.00174089  1
730  0  0.835946  -0.000871696  18685.1  1.2847  -0.0934166  1
731  0  1.37098  0.541051  18068  1.83496  -0.0678712  1
732  0  1.0598  0.110224  18186.6  1.8122  -0.364127  1
733  0  1.72049  -0.134098  18110.8  1.85632  -0.0517682  1
734  0  0.339566  -0.00286815  18802.8  1.07646  0.122879  1
735  0  0.396873  -0.0521485  18795.4  1.70292  0.108963  1
736  0  0.881825  0.676589  17938.3  2.01203  -0.0289244  1
737  0  0.117633  0.386963  17605.4  2.24125  0.367808  1
738  0  0.436838  0.452778  17518.7  2.27523  0.0494403  1
739  0  0.914252  0.180073  17889  2.10365  -0.353553  1
740  0  -1.70885  -0.589065  18745.4  1.98861  0.401012  1
741  0  0.575693  0.143056  17130.4  1.43758  -0.245418  1
742  0  -0.493253  -1.67456  18820.8  1.67232  -0.302882  1
743  0  0.672989  1.00099  18005.9  2.01368  0.0920568  1
744  0  0.546874  0.504487  17653.1  2.20133  -0.00309441  1
745  0  1.71132  1.05556  18052.6  1.79108  0.0885756  1
746  0  0.893089  0.0584126  17837.3  0.469573  -0.109766  1
747  0  1.50976  0.00437808  18196.5  1.74851  -0.110974  1
748  0  -1.15792  -1.63672  19112.9  1.86466  0.384913  1
749  0  0.681211  0.118176  17434.6  1.09419  -0.218477  1
750  0  0.237295  -0.245926  18683.3  1.72059  0.0604832  1
751  0  -0.803391  0.745133  18345.4  2.01469  0.413867  1
752  0  0.240945  0.970826  18013.8  2.07141  0.177894  1
753  0  0.464033  1.64293  18182.9  1.97124  0.209587  1
754  0  0.660937  -0.034339  18780.6  1.62303  -0.0162014  1
755  0  -0.0433298  0.280115  18016.1  2.06228  0.487877  1
756  0  0.27969  -0.199089  18690.8  1.71076  0.0743048  1
757  0  0.446976  -0.0713706  18786.3  1.68505  0.0806665  1
758  0  0.594537  -0.331168  18645.3  1.65845  0.0103909  1
759  0  0.488567  -0.242517  18696.9  1.65894  0.036467  1
760  0  0.706628  -0.178656  18664.9  1.64016  -0.0209917  1
761  0  0.598295  0.414535  17591.4  2.22135  -0.0854079  1
762  0  0.936473  0.137192  17912.3  2.01964  -0.388828  1
763  0  1.0015  -1.19363  18408.1  1.68064  0.100157  1
764  0  -0.0719354  -0.0519576  19063.3  1.57562  0.0735855  1
765  0  -0.244624  0.70581  18157.1  2.0499  0.272838  1
766  0  0.373968  -0.279845  18688.1  1.68288  0.0447712  1
767  0  1.17032  0.377397  18069.5  1.86642  -0.148578  1
768  0  0.322362  0.38195  17313.6  2.37205  0.159555  1
769  0  0.0331929  1.32949  18145.7  2.03317  0.209182  1
770  0  0.933355  -0.47784  18485.1  1.70049  -0.00113732  1
771  0  -0.0379944  -0.223654  18757  1.74799  0.0364584  1
772  0  0.876288  0.528351  17900.5  2.02367  -0.0944602  1
773  0  0.341737  -0.140943  18721.1  1.68259  0.0920032  1
774  0  1.2722  0.291311  18122  1.82558  -0.154672  1
775  0  0.982073  0.0883747  18003.8  1.59041  -0.375732  1
776  0  0.903477  0.303908  17880.5  2.01974  -0.239513  1
777  0  0.965551  -0.0142933  18458.6  1.45074  -0.143366  1
778  0  0.415734  -0.124702  18748.3  1.65601  0.077293  1
779  0  -0.16561  -0.0654916  18878.3  1.70302  0.166892  1
780  0  -0.123647  -0.883066  18724.6  1.72519  -0.101349  1
781  0  0.230421  0.223553  16643.8  2.67542  0.439444  1
782  0  1.05202  0.254984  18061.8  1.91711  -0.249065  1
783  0  0.268939  -0.0580757  18708.6  1.79721  0.165367  1
784  0  -1.27817  0.828949  18389.5  1.99429  0.419309  1
785  0  -0.438502  0.265936  18442.3  1.95082  0.335986  1
786  0  -0.00289648  0.0467104  19013.8  1.13396  0.993841  1
787  0  1.61356  -1.2368  18165.7  1.73824  0.156602  1
788  0  -1.66171  1.24342  18346.5  1.97483  0.3723  1
789  0  -0.0210754  0.401815  17923.6  2.11408  0.377716  1
790  0  -0.106226  0.425264  18064  2.06483  0.354188  1
791  0  1.01857  -0.315417  18461.8  1.71167  -0.0330153  1
792  0  0.276217  -0.700974  18652.6  1.68304  -0.00131759  1
793  0  -0.016344  -0.025074  19309.3  1.30464  -0.257739  1
794  0  0.0740095  0.109794  17102  2.12861  1.1514  1
795  0  -0.00815346  -0.342164  18722  1.74619  0.0270726  1
796  0  0.253306  -0.012248  18698.9  1.14388  0.140127  1
797  0  -0.0148706  0.10238  18430.3  1.72321  0.852658  1
798  0  0.660877  -0.207665  18672.2  1.64165  -0.00347971  1
799  0  1.11395  0.747311  18022.7  1.9222  -0.0234009  1
800  0  0.430792  0.197283  16675.9  2.71182  -0.145037  1
801  0  0.186872  0.216398  16779.2  2.59732  0.55614  1
802  0  0.102698  -0.0928983  18540  1.87932  0.060852  1
803  0  -0.0736109  0.961381  18096.7  2.05968  0.221354  1
804  0  -0.0423646  0.616646  18000.7  2.09992  0.276249  1
805  0  0.370375  -0.622634  18638.2  1.6808  0.0059813  1
806  0  0.878863  0.103083  17815.3  1.58084  -0.329121  1
807  0  0.319794  -0.339169  18679.7  1.69342  0.0363101  1
808  0  0.365546  -0.040612  18792.2  1.68578  0.129085  1
809  0  0.429829  -0.453588  18648.6  1.67848  0.0158908  1
810  0  1.1117  0.177666  18185.3  1.88477  -0.273287  1
811  0  -0.280131  0.26061  18387.8  1.9442  0.351354  1
812  0  1.35865  -0.126534  18285.7  1.73396  -0.0589478  1
813  0  0.279933  -0.0369228  18735.9  1.71636  0.175178  1
814  0  -0.249955  -0.578436  18738.9  1.79472  -0.0176286  1
815  0  0.0327832  0.135299  17754.8  2.04657  0.959036  1
816  0  0.747139  -0.0990472  18686.5  1.66029  -0.0486427  1
817  0  0.233268  -0.0170253  18675.8  1.25789  0.155632  1
818  0  1.42529  -0.41203  18269.9  1.80203  0.0070948  1
819  0  -0.0126901  0.334484  17908.8  2.11045  0.439438  1
820  0  0.165272  -1.73024  18676.9  1.59846  -0.0820085  1
821  0  0.698261  -0.13522  18692.8  1.63665  -0.0231923  1
822  0  0.124945  0.165913  16849.5  2.55098  0.863592  1
823  0  -1.50041  0.642193  18441.2  1.98337  0.408857  1
824  0  0.941373  0.232565  17933.4  2.03046  -0.296132  1
825  0  0.319656  -0.0338077  18764.2  1.68021  0.157124  1
826  0  -0.0538787  0.0954275  18692.6  1.67053  0.654064  1
827  0  -0.247244  0.354055  18275.6  1.98796  0.348205  1
828  0  1.05518  0.0558984  18270.6  1.15728  -0.313343  1
829  0  0.81611  0.000281572  18704.6  1.31318  -0.0843218  1
830  0  0.00296883  0.187604  17937.6  2.04971  0.698789  1
831  0  0.792153  0.00210699  18723  1.28862  -0.078535  1
832  0  0.733431  -0.954391  18516.5  1.67492  0.0351905  1
833  0  1.12645  -1.00349  18364.9  1.72365  0.0824498  1
834  0  1.40245  -1.01443  18263  1.75793  0.109455  1
835  0  -0.00955569  -0.0733664  18863.3  1.70311  -0.113083  1
836  0  0.617074  -0.018205  18814.1  1.56434  0.00388732  1
837  0  0.76256  -0.278592  18600.5  1.66196  -0.0209575  1
838  0  0.279952  0.70729  17848.3  2.13598  0.165695  1
839  0  0.531309  0.151544  16989.2  1.65972  -0.233527  1
840  0  0.733598  0.689142  17889.6  2.05753  0.000112408  1
841  0  0.427059  0.00675157  18856.1  1.02437  0.074423  1
842  0  -0.155513  0.354534  18173.4  2.01713  0.376945  1
843  0  0.875486  -0.265755  18542.1  1.68146  -0.0350145  1
844  0  -0.381056  0.0676584  18599.2  1.88905  0.290606  1
845  0  -1.28446  1.6911  18272.9  1.99219  0.370338  1
846  0  0.371009  0.537452  17640.5  2.22405  0.111425  1
847  0  0.816975  -0.107743  18626.1  1.67264  -0.0674722  1
848  0  0.101448  -0.153034  18643.8  1.78763  0.0506224  1
849  0  0.935609  0.0455495  17884.1  0.431017  -0.105073  1
850  0  0.554594  0.0104452  18838.6  1.1126  0.0270409  1
851  0  0.533627  0.234853  17178.7  2.51832  -0.223665  1
852  0  0.598895  0.297455  17430.7  2.28532  -0.179575  1
853  0  -0.458619  0.369428  18382.1  1.97524  0.342618  1
854  0  0.893736  1.24831  18088.3  1.9438  0.110859  1
855  0  0.940646  -0.0559875  18500.7  1.76767  -0.123788  1
856  0  0.476504  -0.140085  18745.3  1.6406  0.0561966  1
857  0  -0.0893642  0.0162171  19101.2  1.47962  0.30815  1
858  0  0.578467  -0.019627  18821.4  1.56712  0.0280202  1
859  0  1.20361  0.0700107  18310.2  1.56906  -0.198672  1
860  0  0.592954  -0.0687485  18775.2  1.65938  0.017891  1
861  0  -0.395778  1.6539  18223.1  2.02424  0.280651  1
862  0  -0.1661  -0.310061  18753  1.7759  0.0529867  1
863  0  0.0704812  0.159144  17355.2  2.25173  0.879899  1
864  0  0.913079  0.0541851  17851.5  0.517275  -0.103951  1
865  0  0.839109  0.150255  17761  2.10756  -0.376814  1
866  0  0.212319  -0.0179832  18613.1  1.23986  0.15457  1
867  0  0.535076  -0.16372  18729.6  1.63576  0.0367063  1
868  0  0.857547  -0.0317916  18632.9  1.66317  -0.112581  1
869  0  1.09504  0.483511  18017.8  1.91801  -0.117807  1
870  0  -0.00164457  -1.46976  18718.3  1.56104  -0.198696  1
871  0  0.879898  -1.67899  18399.4  1.71956  0.188094  1
872  0  1.74161  -0.654497  18129.7  1.85055  0.0971327  1
873  0  0.171566  1.77373  18208  1.99809  0.234853  1
874  0  0.490051  0.0114583  18858.6  1.00774  0.0525964  1
875  0  0.982342  -0.061244  18434.7  1.80461  -0.115527  1
876  0  0.510649  0.154064  16891.4  1.65403  -0.218044  1
877  0  0.70842  -0.0253043  18759  1.60967  -0.0426153  1
878  0  0.744135  -0.0271492  18744.3  1.61661  -0.0616549  1
879  0  0.503069  -0.0554541  18801.4  1.66698  0.0628934  1
880  0  0.955271  0.0363584  17901.7  0.293161  -0.0772774  1
881  0  1.15575  -0.51778  18385.9  1.73963  0.0106004  1
882  0  0.403698  0.00617609  18829.5  1.04412  0.0723065  1
883  0  0.772784  0.366379  17746.4  2.10959  -0.181017  1
884  0  0.171174  -0.0525787  18533.8  1.86776  0.174308  1
885  0  0.895021  -0.0346352  18584.4  1.69443  -0.129863  1
886  0  -0.632445  0.150548  18520  1.9578  0.357501  1
887  0  0.555252  0.147178  17095.8  1.58911  -0.248745  1
888  0  -0.104801  -1.07617  18722.9  1.69455  -0.138461  1
889  0  -0.0493554  -0.0826673  18940.7  1.66327  0.00103583  1
890  0  0.2934  0.2869  16942  2.54001  0.2201  1
891  0  0.957654  -0.217135  18502  1.69493  -0.0517751  1
892  0  0.820888  0.200336  17746.6  2.19443  -0.339599  1
893  0  0.642889  0.207357  17400.8  2.39931  -0.317501  1
894  0  -1.72818  0.0976422  18572  1.97006  0.388483  1
895  0  -0.304968  -1.19412  18763.4  1.73083  -0.221338  1
896  0  0.130476  -0.254052  18685.7  1.74428  0.0478618  1
897  0  0.446914  0.0112875  18837.7  0.917479  0.0592096  1
898  0  -0.643515  1.73445  18238.7  2.01676  0.331273  1
899  0  0.0185034  -0.635546  18700.9  1.72096  -0.0247543  1
900  0  1.10252  1.15112  18074.5  1.90907  0.0777864  1
901  0  0.615116  -0.176796  18700.6  1.63538  0.0104772  1
902  0  0.396787  -0.210848  18707.5  1.67223  0.0573071  1
903  0  0.293227  0.22163  16517.9  2.79384  0.256017  1
904  0  -0.818846  0.995105  18304.5  2.02474  0.402946  1
905  0  -0.282599  -0.293565  18744.6  1.81437  0.0954041  1
906  0  0.239996  0.516003  17650.5  2.22753  0.207886  1
907  0  0.612772  0.735204  17874  2.07964  0.0443663  1
908  0  0.919129  -0.167029  18528.7  1.68908  -0.0612763  1
909  0  0.172012  -0.552237  18680.3  1.7003  0.00686733  1
910  0  0.328825  0.223992  16525.5  2.81621  0.151592  1
911  0  0.650104  -0.265658  18651  1.65142  0.00138335  1
912  0  0.220178  -0.0613482  18650.2  1.83426  0.168819  1
913  0  0.98936  0.0589366  17992.3  1.08743  -0.319929  1
914  0  -1.73418  -1.3452  18985  1.95351  0.39096  1
915  0  0.387205  0.221147  16621  2.78363  -0.0164377  1
916  0  0.998278  0.22369  18002.4  1.98124  -0.29025  1
917  0  1.48325  -0.781109  18235.5  1.78835  0.0849216  1
918  0  0.879403  -0.080312  18581.1  1.71582  -0.0946571  1
919  0  0.712885  -0.386728  18589.5  1.66516  -0.00196812  1
920  0  -0.304184  -0.173489  18740.4  1.82152  0.15091  1
921  0  0.613074  -0.134478  18728.5  1.62959  0.0116268  1
922  0  0.421309  -0.934745  18602.8  1.67116  0.00568833  1
923  0  0.158067  0.143741  16435.6  2.45924  0.795125  1
924  0  0.702397  -0.676084  18545.6  1.68835  0.016247  1
925  0  0.7282  0.0101599  18780.3  1.15  -0.0507469  1
926  0  0.491175  0.749858  17864.7  2.10133  0.0837216  1
927  0  0.618362  0.130911  17268.3  1.20212  -0.215371  1
928  0  0.647871  -0.503354  18586.5  1.67345  0.00574842  1
929  0  -0.264874  0.904644  18157.3  2.05006  0.253905  1
930  0  0.733082  -0.0737803  18713.7  1.66994  -0.0473635  1
931  0  -1.07938  1.13346  18323.9  2.00478  0.40696  1
932  0  0.819395  -0.682364  18504.9  1.69761  0.0224839  1
933  0  0.819672  -0.484966  18529.1  1.68456  0.00367429  1
934  0  0.292971  -1.22256  18642.7  1.58206  -0.0278098  1
935  0  0.779646  0.300111  17718.9  2.11379  -0.237076  1
936  0  -0.454892  0.922524  18230.4  2.03939  0.308649  1
937  0  0.848835  -0.134738  18594.7  1.67244  -0.0657608  1
938  0  1.02102  -0.57103  18437.8  1.71648  0.0136684  1
939  0  0.815296  0.130052  17725.1  1.87924  -0.352241  1
940  0  0.517683  -0.0907796  18773.1  1.65463  0.050868  1
941  0  0.365891  0.330186  17152.3  2.45075  0.096195  1
942  0  -1.35974  -0.96894  18846.8  1.96633  0.445197  1
943  0  0.815487  -0.191053  18601.9  1.65995  -0.0460673  1
944  0  0.784005  0.139281  17669.7  1.95201  -0.356289  1
945  0  -1.00515  -0.723286  18771.8  1.98342  0.402423  1
946  0  0.145464  -0.0286874  18457.2  1.4627  0.151147  1
947  0  -0.399167  0.605121  18251  2.02148  0.315327  1
948  0  1.73288  1.74537  18078.2  1.85478  0.16918  1
949  0  0.407272  -0.0323596  18807.2  1.64649  0.115436  1
950  0  -0.297116  0.00444371  18696.7  1.82416  0.252924  1
951  0  0.879439  -0.00193312  18631.1  1.2949  -0.115337  1
952  0  0.67701  -0.102589  18721.6  1.6479  -0.0183639  1
953  0  0.598259  0.0144793  18844.7  1.04654  0.00682116  1
954  0  0.121884  0.274202  17352.3  2.35346  0.521166  1
955  0  0.81749  -0.0466028  18668.4  1.67809  -0.0905895  1
956  0  0.604576  0.162969  17262.3  2.21435  -0.340652  1
957  0  1.40343  -1.78413  18244.8  1.96427  0.250258  1
958  0  0.146505  -0.100561  18567.1  1.8391  0.0996554  1
959  0  0.422638  0.267206  16985.3  2.51865  -0.0430226  1
960  0  1.3267  -0.268665  18316.9  1.78621  -0.0303876  1
961  0  -0.0544536  -0.128583  18840.2  1.71859  0.0287699  1
962  0  0.91817  0.105449  17863.5  1.7137  -0.362465  1
963  0  0.776799  -0.416107  18559.4  1.6736  -0.00315645  1
964  0  0.497171  0.186833  16915.4  2.54019  -0.263585  1
965  0  0.780916  -0.153491  18632.8  1.6509  -0.0473031  1
966  0  0.903792  -0.0581345  18559.9  1.74002  -0.115774  1
967  0  0.628584  -0.0788652  18760.3  1.65764  0.00285037  1
968  0  0.556993  -0.696421  18584.4  1.68158  0.0102017  1
969  0  1.07907  -0.106943  18443  1.78545  -0.0793739  1
970  0  0.207885  -0.150553  18658.4  1.75084  0.098514  1
971  0  0.252793  -0.103337  18679.3  1.74472  0.128216  1
972  0  0.177808  0.279074  17176.1  2.43629  0.44539  1
973  0  1.792  -1.42688  18095.1  1.81951  0.214748  1
974  0  -0.00751933  -0.137236  18765.8  1.75037  -0.000232948  1
975  0  0.834897  0.270243  17784.9  2.08961  -0.270381  1
976  0  0.0900119  0.145591  17111.9  2.40035  1.01244  1
977  0  0.146411  0.216461  17000.6  2.47148  0.618726  1
978  0  -1.74053  -0.907705  18853.5  1.96829  0.404489  1
979  0  -1.71028  -1.72542  19094.1  1.95275  0.375503  1
980  0  0.240974  -0.0522614  18677.5  1.82405  0.173691  1
981  0  -0.153895  0.233261  18333.4  1.94253  0.431441  1
982  0  0.0678726  0.262605  17554.8  2.26248  0.570218  1
983  0  -0.296298  0.440512  18257.2  2.00629  0.327356  1
984  0  0.695181  0.265372  17576.8  2.22712  -0.256369  1
985  0  1.09368  0.917226  18039  1.92245  0.028089  1
986  0  -1.00101  -0.361029  18671.4  1.97241  0.427988  1
987  0  -0.454701  -0.494746  18723.6  1.87901  0.107434  1
988  0  0.652185  0.146107  17381.3  1.97188  -0.337637  1
989  0  0.353559  0.243216  16710.5  2.68026  0.0835685  1
990  0  -0.87268  -0.949538  18789.6  1.99076  0.332742  1
991  0  0.225601  0.835346  17948.3  2.10055  0.181982  1
992  0  1.1607  0.611435  18029.2  1.90207  -0.0695547  1
993  0  0.465506  -0.547429  18626.5  1.67789  0.00852491  1
994  0  1.76238  -1.76238  18102.4  1.99612  0.259292  1
995  0  -0.679526  -0.953288  18781.4  1.94321  0.130826  1
996  0  -0.0803929  0.22416  18211.5  1.97764  0.512013  1
997  0  0.685878  1.76204  18212.8  1.93379  0.202785  1
998  0  -0.0521165  0.0174558  19327.2  1.28064  0.365086  1
999  0  0.0754686  0.68385  17936.2  2.12014  0.239083  1
1000  0  0.255213  -0.508375  18669.9  1.69414  0.0146226  1
1001  0  -0.63617  0.730572  18306.7  2.01952  0.376446  1
1002  0  1.03115  -1.43174  18371.7  1.6495  0.141126  1
1003  0  -0.0752644  0.140403  18480.8  1.81345  0.587732  1
1004  0  0.450178  -0.209464  18711.3  1.66108  0.0490628  1
1005  0  0.45305  -1.09619  18582.5  1.63394  0.0131412  1
1006  0  0.761545  0.219399  17654.2  2.23604  -0.319702  1
1007  0  1.41569  0.71284  18065.2  1.83775  -0.0230292  1
1008  0  0.999405  0.0187473  17966.6  0.184132  -0.144827  1
1009  0  0.451257  0.213343  16815  2.72183  -0.158902  1
1010  0  1.2842  0.410308  18086  1.83829  -0.117676  1
1011  0  0.296164  -0.00509708  18758.6  1.04534  0.122889  1
1012  0  0.592457  -0.264268  18669.8  1.65143  0.0137699  1
1013  0  0.487918  -0.107755  18761.9  1.64446  0.0574886  1
1014  0  0.468223  0.0130808  18841.6  0.977201  0.0505608  1
1015  0  0.303081  0.505702  17597.6  2.24619  0.165654  1
1016  0  1.01434  -0.0144318  18279.2  1.35703  -0.0532708  1
1017  0  0.253825  -0.164711  18679.5  1.72501  0.0912649  1
1018  0  0.279062  1.21268  18091.3  2.03495  0.182634  1
1019  0  -0.0204744  -0.510348  18714.7  1.73734  -0.00334394  1
1020  0  0.0624558  -0.143216  18659.6  1.79155  0.0262596  1
1021  0  0.25621  0.304426  17076  2.48592  0.285152  1
1022  0  0.529324  -0.326592  18660.3  1.66207  0.0197711  1
1023  0  -1.76621  1.76621  18300.7  1.97658  0.351367  1
1024  0  -0.122769  0.515741  18080.9  2.06963  0.311248  1
1025  0  -0.474634  0.155558  18516.9  1.93469  0.325613  1
1026  0  -1.15417  -0.169065  18631.9  1.97061  0.45122  1
1027  0  0.510332  0.0137743  18857.6  0.97974  0.0463759  1
1028  0  -1.48569  -0.464329  18716.2  1.98917  0.429278  1
1029  0  0.189703  0.18453  16474  2.76542  0.658745  1
1030  0  -0.197533  1.8275  18217.9  2.01581  0.245307  1
1031  0  -0.341362  -0.502665  18734.8  1.83458  0.0414214  1
1032  0  1.20451  -0.267414  18379.8  1.75167  -0.0374694  1
1033  0  -1.14241  0.700539  18403.8  2.00122  0.436966  1
1034  0  0.0137669  -0.0993505  18722.8  1.77648  -0.0487192  1
1035  0  -1.38997  -1.31056  18940.8  1.94648  0.459088  1
1036  0  0.213188  -0.300548  18683.6  1.71812  0.0463787  1
1037  0  0.452013  0.394705  17398  2.32804  0.0176896  1
1038  0  0.0996729  0.19417  17176.6  2.36562  0.745862  1
1039  0  0.58366  -1.45844  18508.3  1.57522  0.0876259  1
1040  0  0.318803  -0.0820181  18734.8  1.72613  0.126891  1
1041  0  0.862955  0.131668  17793.5  2.00227  -0.379231  1
1042  0  0.562218  0.187397  17179.2  2.45561  -0.30635  1
1043  0  -1.75782  0.650251  18450.2  1.9754  0.377349  1
1044  0  0.489822  0.30263  17215.6  2.38657  -0.0957026  1
1045  0  0.969492  0.125809  17980.9  1.95322  -0.396727  1
1046  0  0.821534  -0.304598  18560.9  1.67511  -0.0233871  1
1047  0  0.238276  0.200169  16396  2.83737  0.467404  1
1048  0  1.31802  1.41612  18108.5  1.88356  0.116201  1
1049  0  -1.80324  0.997475  18392.8  1.97238  0.366114  1
1050  0  1.53521  0.214076  18146.7  1.75841  -0.116176  1
1051  0  -0.847824  0.482473  18412.5  1.99861  0.424142  1
1052  0  -0.25926  -1.43858  18763.9  1.65727  -0.287197  1
1053  0  -1.11931  0.410176  18467.1  1.99391  0.446033  1
1054  0  1.2672  0.824955  18051.3  1.87917  0.00128714  1
1055  0  0.723968  0.103907  17499.6  0.817353  -0.162205  1
1056  0  0.416379  0.316871  17157.3  2.43966  0.011281  1
1057  0  0.75929  -0.0452907  18718.2  1.66444  -0.0635256  1
1058  0  -0.00759412  0.026035  19599.3  0.798764  0.628517  1
1059  0  -1.39167  -1.78712  19210.4  1.88487  0.393579  1
1060  0  -0.128159  0.704941  18079.5  2.07528  0.260986  1
1061  0  0.165714  -0.214337  18671.1  1.74724  0.0633326  1
1062  0  0.347044  -0.0970122  18743.1  1.69534  0.110277  1
1063  0  -1.37759  1.09841  18355.9  1.98623  0.397641  1
1064  0  0.644069  0.34153  17551.9  2.22011  -0.160766  1
1065  0  0.221283  0.282064  17045.2  2.49663  0.370052  1
1066  0  0.121254  -0.0556464  18428.1  1.96602  0.126724  1
1067  0  0.105877  -0.0679067  18441.5  1.965  0.0832812  1
1068  0  0.850036  0.0676772  17765.6  0.484853  -0.10737  1
1069  0  -0.527525  0.789752  18265.1  2.02878  0.338466  1
