360  431  988
14  487  870
333  636  758
281  623  759
457  587  909
360  541  988
334  523  906
384  729  866
348  438  517
446  537  997
390  591  666
404  793  1029
423  550  931
334  906  1006
408  509  569
325  490  682
383  742  871
352  400  543
329  452  536
392  625  701
363  598  634
360  431  607
394  641  1063
361  503  757
406  688  697
360  541  552
470  625  1051
138  752  785
518  608  698
82  83  665
138  691  731
489  683  797
284  515  764
323  503  757
269  416  577
499  563  665
313  622  867
423  550  564
298  475  570
277  592  717
394  513  538
92  693  1077
418  440  668
295  526  799
360  453  607
343  441  530
305  684  811
314  426  449
357  554  566
308  546  776
325  490  806
363  593  598
300  520  705
377  563  702
273  447  721
502  636  758
330  354  683
295  526  810
287  530  774
307  532  675
403  555  912
591  626  967
467  549  1002
269  416  706
381  511  983
318  417  679
332  433  898
366  501  538
493  613  933
347  483  657
381  511  824
381  620  706
399  684  760
347  484  657
281  550  931
586  806  842
355  524  1079
127  128  558
400  608  698
749  793  1029
304  327  605
273  661  721
520  606  902
284  515  730
318  417  835
347  579  609
47  48  607
323  503  602
11  688  697
381  620  983
357  544  554
301  635  1052
384  521  866
287  520  902
301  493  613
25  598  634
324  472  820
303  541  810
424  573  889
461  555  912
361  503  1024
426  449  526
425  571  611
441  566  843
391  515  689
397  494  857
29  30  494
98  99  561
425  571  876
425  787  826
410  610  909
365  560  711
394  513  725
279  587  909
388  520  606
422  631  830
275  591  666
345  507  825
307  532  656
332  433  831
82  665  1021
383  537  871
344  630  778
395  560  860
445  641  725
301  493  1052
19  20  502
300  520  751
391  515  730
365  560  860
304  327  588
377  563  665
336  455  464
287  530  902
397  593  598
436  632  898
378  565  663
432  638  965
275  591  626
372  481  562
88  89  553
44  45  507
541  552  810
512  623  759
425  787  876
475  570  751
375  568  1078
289  562  874
22  461  912
329  535  773
272  566  843
79  80  560
478  845  954
293  564  1046
478  845  979
13  14  870
298  475  556
136  572  756
329  535  716
321  527  778
272  672  843
289  562  864
312  516  779
280  485  799
377  629  849
389  530  557
269  620  706
295  496  838
406  507  825
403  486  1015
612  684  1040
274  755  795
340  622  674
374  590  831
307  675  727
394  495  1063
466  714  1083
393  562  864
0  138  649
357  544  673
339  638  965
290  544  673
348  517  848
352  400  687
271  505  813
400  744  903
138  691  785
408  509  915
362  495  644
411  492  840
466  615  714
37  38  519
367  512  623
302  498  622
302  498  646
517  693  1077
374  590  726
411  492  669
345  507  789
345  492  658
417  577  835
310  586  842
386  613  933
381  488  706
338  446  997
397  494  783
337  625  1051
343  441  843
272  554  566
118  119  595
282  684  760
406  507  697
398  574  1017
312  516  994
544  554  1050
465  583  682
704  855  879
384  523  966
134  135  580
331  663  878
395  643  860
437  566  774
315  579  814
396  505  813
428  782  899
332  540  831
376  829  1039
284  764  1057
365  499  711
299  576  667
355  582  1079
388  520  705
374  589  726
291  545  1003
136  137  756
433  590  831
30  494  899
308  546  662
378  655  728
434  555  919
340  473  533
403  555  1015
343  531  679
454  545  1003
409  592  717
3  28  750
3  27  750
391  463  647
323  571  876
124  125  585
333  486  736
312  625  701
411  460  669
387  478  979
342  539  702
571  611  1083
379  584  820
107  108  584
469  680  1051
15  476  694
319  639  715
399  564  779
498  622  867
300  696  751
415  763  917
579  609  984
33  503  709
390  479  619
362  500  654
343  531  843
332  858  956
347  483  565
279  610  909
346  549  1002
416  706  833
603  764  1057
312  612  779
280  449  799
48  607  854
31  782  899
61  62  601
364  680  784
59  60  600
340  622  643
105  106  589
362  495  670
343  530  557
329  536  1054
355  626  967
446  533  863
386  613  802
378  627  728
309  563  702
380  608  662
428  490  806
339  568  829
103  104  590
605  748  865
379  628  724
488  755  795
345  492  983
19  502  803
347  579  765
458  855  879
274  481  545
430  584  820
384  523  739
440  747  911
335  459  895
294  618  1065
307  528  656
0  649  770
280  671  746
355  582  604
420  575  1057
366  513  538
454  545  874
101  102  594
472  820  1016
571  938  964
333  574  636
138  649  731
477  618  1065
29  494  783
368  505  927
365  499  563
57  58  614
418  440  747
467  549  666
55  56  616
380  601  737
410  515  689
314  449  908
293  564  970
400  543  903
411  460  823
284  575  730
338  674  675
288  722  815
405  450  1027
38  714  955
332  632  898
412  601  985
415  676  917
387  586  653
45  507  935
92  693  1001
348  438  773
400  608  687
276  573  889
327  605  937
285  551  868
408  572  756
319  523  639
391  463  730
415  423  676
341  556  747
275  666  945
340  473  643
335  667  1042
278  538  987
412  600  972
328  631  830
455  695  802
284  575  1057
347  484  609
647  800  816
517  693  848
25  26  598
277  592  637
451  521  832
282  676  760
393  562  981
38  519  955
465  682  1012
475  696  751
368  544  927
399  564  760
381  488  755
374  831  856
366  501  808
293  514  715
38  39  714
339  359  568
305  684  1040
441  530  774
479  762  1036
352  482  543
342  702  883
374  589  946
449  746  908
342  539  805
380  601  985
309  539  704
333  574  1017
315  624  1006
528  656  776
311  565  663
360  453  749
415  423  931
360  552  922
302  622  674
379  584  724
445  725  973
377  702  883
334  523  966
303  432  960
457  515  764
442  644  654
491  677  816
437  566  1020
21  22  912
23  685  991
421  787  876
394  641  725
455  613  802
315  579  984
273  447  957
90  91  668
405  450  648
338  675  727
531  672  843
385  600  972
394  538  907
439  800  816
463  575  730
324  472  913
321  581  850
410  515  909
352  687  897
372  661  721
420  535  716
385  614  743
280  671  699
336  464  780
15  16  694
488  706  833
111  112  627
383  660  742
86  87  621
109  110  628
415  623  763
399  612  684
84  85  629
371  580  788
546  776  1003
468  755  824
492  658  840
309  539  702
322  762  1036
290  695  802
368  544  1050
446  537  827
434  555  885
378  627  873
291  545  719
293  514  993
379  628  875
297  677  816
442  644  976
294  496  904
308  608  662
443  579  814
648  870  1047
498  924  1048
376  568  829
49  50  633
355  604  626
132  133  642
340  533  863
20  502  872
396  505  950
385  600  743
398  574  694
564  779  970
452  536  859
429  649  731
356  576  651
299  576  651
128  558  713
285  845  979
127  558  712
14  487  735
438  536  882
381  755  824
509  569  785
332  632  956
367  623  763
321  527  896
313  622  643
318  732  771
372  481  795
455  464  828
550  564  1046
130  131  640
396  845  954
296  522  878
268  611  817
446  533  881
43  658  840
270  468  671
283  689  800
461  555  919
304  735  748
424  501  941
450  671  1027
293  516  993
44  507  789
428  490  782
389  530  902
490  709  782
43  44  789
378  655  961
99  561  710
416  577  975
280  449  746
522  663  878
354  578  792
77  78  652
330  354  578
438  791  882
424  573  941
329  452  1073
424  501  987
457  515  909
418  668  733
280  699  772
371  572  767
391  689  800
98  561  708
314  426  1014
377  665  849
337  680  1051
511  825  983
338  446  863
303  810  822
39  40  615
527  630  778
336  455  695
417  577  975
69  70  660
465  583  1064
299  603  884
431  683  797
373  829  1039
428  806  842
306  650  1037
389  557  957
350  571  1083
32  709  782
357  566  1020
451  624  1085
408  572  767
396  525  950
283  725  846
387  478  853
113  114  655
356  703  932
89  553  733
417  679  841
410  610  847
333  486  758
17  18  636
446  798  881
481  562  874
462  938  964
115  116  657
315  624  984
348  773  1032
449  526  799
22  461  700
390  479  762
380  518  737
317  448  777
317  448  775
23  24  991
387  586  853
307  528  897
385  614  1018
39  615  714
473  533  861
342  474  883
369  699  772
302  675  923
430  589  946
441  566  774
308  608  687
88  553  686
2  19  803
414  614  1018
43  658  789
299  603  651
314  588  851
2  18  803
447  722  957
313  542  860
471  873  875
17  574  636
350  714  1083
414  616  940
135  580  788
286  892  928
327  588  1014
501  538  987
366  513  847
32  33  709
342  474  807
295  552  838
402  616  940
432  638  822
366  610  847
286  644  976
383  645  727
355  524  939
281  500  969
467  834  1002
510  676  917
282  596  597
42  43  840
361  583  682
371  572  788
80  560  711
408  767  915
650  716  1037
290  544  927
332  540  858
271  505  959
294  496  893
387  582  979
495  670  907
377  629  883
350  571  964
79  560  740
286  641  892
514  680  784
387  582  604
447  722  815
47  607  797
482  543  852
354  683  888
368  959  989
310  586  653
429  731  792
312  612  944
570  751  999
321  778  940
362  500  759
483  565  961
16  17  574
401  604  626
362  644  654
313  643  860
283  725  973
384  585  729
405  659  688
311  663  1056
426  526  822
325  682  1012
310  593  812
498  646  1048
320  662  982
371  767  880
46  489  770
335  547  895
386  673  942
540  831  856
51  52  681
329  650  716
352  482  645
466  615  1061
487  870  1047
368  505  959
53  54  678
429  649  770
452  809  859
268  690  1026
426  638  822
387  604  653
358  615  1061
11  12  688
270  824  962
596  684  811
380  518  608
40  41  963
351  635  911
324  677  913
457  587  775
336  695  868
312  625  994
493  801  933
435  587  926
389  722  957
406  825  962
285  845  868
409  692  889
423  676  760
400  698  744
534  906  1006
419  508  792
134  580  734
37  519  958
28  29  783
353  748  865
292  654  968
401  548  1059
136  572  788
402  778  1011
118  595  718
30  31  899
363  593  1030
439  491  1035
308  528  687
119  595  720
499  665  1021
397  593  857
301  547  1025
365  860  1071
325  586  853
511  824  962
430  820  946
294  527  630
690  826  1026
28  750  783
450  671  746
278  664  890
33  503  1005
316  749  793
270  671  1027
321  581  896
444  892  928
268  611  1026
477  618  1008
342  631  807
297  540  677
422  631  807
404  681  754
375  568  1019
108  584  724
322  573  941
567  568  1078
390  591  1069
319  523  739
298  570  1053
339  359  965
386  599  933
559  858  956
394  495  907
549  666  945
274  545  974
89  90  733
513  725  846
107  584  768
380  662  985
392  625  1067
378  663  873
456  639  715
282  596  684
423  564  760
301  613  828
409  692  717
315  1006  1058
522  663  1056
278  538  907
401  604  653
41  707  963
289  532  656
388  606  953
341  556  801
542  860  1071
308  528  776
124  585  729
439  491  816
296  878  992
293  715  1046
427  531  672
64  65  698
341  747  911
343  679  841
488  795  833
435  587  836
125  585  741
498  867  924
105  589  726
462  769  964
273  661  761
104  590  726
24  25  634
451  818  832
344  778  1011
576  667  1042
345  825  983
403  486  758
402  678  753
106  589  768
406  659  962
471  627  873
280  485  772
367  692  717
471  628  875
404  633  754
46  489  797
492  620  983
331  878  1016
419  578  792
103  590  796
446  798  827
451  521  1085
490  682  1024
302  674  675
556  747  1031
307  645  727
409  592  736
297  647  947
83  665  849
506  693  1001
422  621  686
398  694  723
361  682  1024
458  867  924
277  763  917
328  631  696
386  673  802
295  496  1023
359  568  1019
366  610  1036
297  647  816
102  594  796
101  594  794
370  650  1073
631  696  805
346  685  700
382  624  984
407  712  741
448  603  764
298  801  933
4  36  958
297  540  858
460  771  1038
87  88  686
325  586  806
281  623  931
476  735  748
310  593  857
401  626  1059
491  677  913
298  556  801
431  607  797
367  664  692
14  735  1084
321  850  1018
128  129  713
99  100  710
126  127  712
344  630  793
300  539  705
281  550  969
656  776  1080
353  637  723
292  654  921
309  542  1071
519  769  964
353  510  865
10  11  697
80  81  711
31  32  782
393  646  923
510  597  865
434  834  1002
18  636  803
419  837  1019
427  531  918
497  732  771
388  704  855
20  21  872
97  98  708
535  884  1032
406  659  688
403  758  872
383  660  986
470  625  1067
473  643  980
409  869  889
87  621  686
90  668  733
401  548  1030
485  496  904
378  565  961
346  700  919
405  659  1027
481  545  874
117  118  718
353  723  748
62  601  737
395  652  740
436  632  901
61  601  738
323  602  938
60  600  738
59  600  743
322  573  834
119  120  720
270  468  824
445  641  892
340  674  863
467  834  1060
294  630  893
532  675  923
511  825  962
367  512  890
531  679  918
273  557  957
503  709  1024
348  667  943
455  613  828
335  459  943
510  676  1075
416  661  761
334  624  1085
497  1038  1061
104  105  726
109  628  724
398  637  723
123  124  729
112  627  728
277  637  971
292  639  968
108  109  724
375  509  915
4  37  958
348  667  1032
442  654  921
356  651  777
451  624  930
300  539  805
278  670  890
458  542  867
436  710  794
528  687  897
281  500  759
106  107  768
16  574  694
294  618  904
112  113  728
58  614  743
456  639  968
21  872  912
57  614  745
395  643  980
349  787  826
372  795  833
393  646  1048
133  134  734
133  642  734
351  635  1025
271  617  786
56  616  745
370  650  949
55  616  753
303  432  822
458  542  879
338  674  863
346  549  1034
397  598  844
111  627  877
420  535  884
86  621  887
326  821  1078
363  634  1009
110  628  877
347  565  765
484  609  862
22  23  700
85  629  887
84  629  849
460  823  1038
62  63  737
331  663  873
331  873  875
60  61  738
1  45  935
1  10  935
274  481  795
93  94  791
322  808  1036
278  664  987
349  529  990
420  575  1037
370  916  1073
502  758  872
287  520  999
539  704  705
535  773  1032
479  619  995
78  79  740
58  59  743
349  529  989
297  858  947
113  655  728
466  611  817
70  71  742
337  680  993
286  641  1063
453  607  854
410  689  846
367  717  763
416  661  833
73  74  798
56  57  745
288  722  953
35  36  769
425  611  1026
526  810  822
427  690  990
476  723  748
424  664  987
369  699  819
317  587  775
125  126  741
132  642  891
49  633  854
278  670  907
345  658  789
356  703  777
277  917  971
384  521  966
452  708  809
342  631  805
100  101  794
102  103  796
617  959  989
309  563  1071
562  721  981
323  571  938
301  635  1025
463  647  947
363  548  1030
131  640  891
489  683  888
372  562  721
502  636  803
78  652  740
130  640  894
370  632  901
551  703  932
50  633  754
404  793  1004
26  27  844
15  476  1084
286  644  1063
480  821  1040
337  625  994
333  736  1017
65  66  744
421  757  876
50  51  754
292  534  906
422  621  807
274  755  819
313  542  867
540  677  856
402  616  753
450  648  908
390  619  1069
324  820  946
546  662  982
96  97  809
451  720  818
367  664  890
392  642  734
413  548  945
358  615  963
372  661  833
509  691  785
468  671  699
583  786  1076
398  592  637
473  861  905
357  673  942
463  575  910
272  672  1049
397  750  783
346  685  1034
393  864  923
54  55  753
424  664  692
413  991  1009
320  850  982
114  655  948
438  517  791
288  855  953
507  697  935
330  683  988
319  715  784
301  547  839
115  657  948
344  793  1004
70  660  742
407  739  804
116  657  952
382  624  930
46  47  797
525  695  868
34  602  977
120  121  818
271  617  959
379  820  1016
77  652  905
462  769  977
407  712  929
23  685  700
461  700  919
369  819  974
395  560  740
309  542  879
290  695  950
427  672  990
411  707  823
389  606  722
269  620  1070
279  926  995
324  677  856
458  855  924
358  707  823
316  630  793
326  767  915
291  719  1008
326  821  880
415  623  931
283  800  973
556  998  1031
311  565  765
413  549  945
436  710  901
385  850  1018
93  791  1077
418  553  733
302  646  923
304  735  851
269  914  1070
476  694  723
328  998  1031
320  662  985
353  637  971
69  660  920
475  556  998
577  835  914
523  639  906
514  715  784
439  800  973
314  588  1014
618  719  1008
389  606  902
409  736  869
393  815  1048
495  644  1063
348  848  943
135  136  788
72  73  827
343  557  841
383  727  997
569  752  785
595  718  862
290  673  802
279  610  995
349  690  826
500  654  968
578  934  960
410  846  847
336  780  932
329  650  1073
442  814  1058
121  122  832
296  522  1022
386  599  942
317  703  777
26  598  844
482  645  986
373  829  937
456  715  1046
472  878  992
462  602  938
384  585  1045
392  580  734
277  717  763
559  858  947
390  666  1033
276  885  1015
295  799  1023
314  851  1047
593  812  1030
307  645  897
51  681  754
344  504  1004
299  884  1032
427  690  1044
422  553  686
402  778  940
421  786  1076
34  602  1005
517  791  1077
289  532  864
404  681  1004
401  653  812
14  15  1084
437  599  1053
373  596  597
100  710  794
35  769  977
344  504  1011
382  609  862
375  509  837
479  610  1036
292  534  921
341  635  911
452  708  916
309  704  879
534  1006  1058
359  419  1019
375  915  1078
383  537  997
296  766  781
48  49  854
437  570  1053
349  617  787
438  536  1054
54  678  753
41  42  936
363  548  1009
508  691  837
126  712  741
402  678  1011
276  573  885
67  68  852
459  693  848
305  821  1040
27  750  844
413  685  1034
91  668  925
371  580  1081
404  633  1029
453  749  1029
97  708  809
331  875  1016
12  13  1066
376  567  568
555  885  1015
283  689  846
316  838  922
65  698  744
447  721  981
336  868  932
272  554  1049
472  878  1016
52  681  978
34  35  977
482  852  920
95  96  859
53  678  978
75  76  861
317  587  836
427  732  918
310  653  812
349  690  990
122  123  866
110  111  877
469  680  886
271  786  1064
120  720  818
442  921  1058
300  696  805
429  770  888
490  709  1024
71  72  871
463  559  910
514  680  993
451  720  930
396  525  845
439  766  1035
407  585  741
497  817  1061
670  890  1055
85  86  887
83  84  849
443  579  1010
304  588  851
131  132  891
430  584  768
276  869  889
382  595  862
129  130  894
339  638  1013
94  95  882
74  75  881
291  546  1007
369  719  974
448  603  651
634  991  1009
76  77  905
293  516  970
129  713  894
370  561  901
369  618  719
508  691  731
573  834  885
619  926  1069
395  652  980
463  559  947
349  617  989
433  590  796
399  612  779
546  982  1007
66  67  903
435  926  1069
392  701  1081
64  698  1072
314  908  1047
370  561  916
81  711  1021
430  589  768
117  718  952
383  645  986
279  587  926
370  632  949
433  594  796
503  602  1005
323  757  876
436  594  794
306  910  956
836  939  1028
569  752  756
33  34  1005
418  553  830
373  865  937
592  736  1017
68  69  920
460  669  914
123  729  866
362  670  1055
595  720  930
462  602  977
398  592  1017
318  771  835
413  549  1034
92  93  1077
561  710  901
397  750  844
469  713  894
508  731  792
269  577  914
413  548  1009
350  714  955
364  784  804
310  842  857
464  1041  1042
364  558  886
821  1074  1078
282  676  1075
408  569  756
469  713  886
422  553  830
40  615  963
73  798  827
356  576  780
295  552  810
443  814  976
561  708  916
275  626  1059
438  773  1054
121  818  832
351  506  900
94  791  882
512  890  1055
114  115  948
116  117  952
617  786  787
382  609  984
558  713  886
484  718  862
338  727  997
474  621  807
311  790  1010
358  707  963
358  1038  1061
74  798  881
403  872  912
405  648  870
427  732  1044
365  563  1071
392  642  1067
71  742  871
382  595  930
391  647  800
428  842  899
484  718  952
96  809  859
420  884  1057
351  506  1068
559  910  956
619  926  995
364  558  929
460  835  914
581  850  982
407  739  1045
306  910  1037
445  781  892
306  650  949
296  766  1035
552  838  922
413  685  991
471  627  877
318  732  918
471  628  877
327  1013  1014
52  53  978
414  940  1018
405  688  1066
411  707  936
273  557  1062
477  581  896
437  570  1000
388  704  705
417  841  1062
316  630  893
417  761  1062
270  962  1027
474  621  887
354  429  792
122  832  866
303  541  996
606  722  953
525  845  868
431  683  988
474  629  887
339  829  1013
454  776  1080
24  634  991
506  693  900
416  761  975
66  744  903
465  954  1012
520  751  999
294  527  1065
91  92  1001
444  1022  1056
63  737  1072
371  880  1043
464  780  1042
72  827  871
392  580  1081
445  766  973
288  855  924
364  680  886
311  765  1010
369  618  772
384  739  1045
301  828  839
529  672  1049
468  755  819
81  82  1021
448  651  777
354  429  888
10  697  935
480  944  1040
470  642  891
420  716  1037
407  804  929
558  712  929
304  605  748
316  749  922
75  861  881
494  842  899
448  764  775
453  633  854
483  655  948
335  667  943
291  546  1003
470  640  891
483  657  948
352  645  897
669  914  1070
477  581  1007
424  692  889
76  861  905
469  640  894
484  657  952
412  601  738
454  776  1003
412  600  738
359  419  934
341  635  1052
444  781  892
433  594  898
288  815  1048
95  859  882
268  690  1044
436  594  898
524  939  1028
445  766  781
330  578  960
513  846  847
459  693  900
474  629  883
385  850  972
479  610  995
437  599  1020
67  852  903
371  1043  1081
499  711  1021
525  695  950
68  852  920
485  496  1023
510  597  1075
299  667  1032
360  749  922
467  666  1033
361  583  1076
292  639  906
326  767  880
287  774  1000
285  551  951
457  764  775
63  64  1072
334  624  1006
444  790  1056
328  696  998
322  808  941
298  933  1053
319  739  804
460  771  835
478  954  1012
480  821  880
442  814  976
329  773  1054
486  736  869
483  655  961
414  614  745
412  972  985
274  819  974
311  790  1056
469  640  1051
473  652  905
545  719  974
414  616  745
41  707  936
273  761  1062
351  895  1025
583  786  1064
494  842  857
36  769  958
437  774  1000
466  611  1083
501  808  941
492  620  1070
373  597  865
522  1022  1056
335  547  1041
350  955  964
532  864  923
443  790  928
485  772  904
439  766  973
529  672  990
364  804  929
421  757  1076
396  813  954
519  769  958
374  856  946
373  596  1039
303  960  996
576  780  1042
434  834  885
318  679  918
330  960  996
468  699  819
470  642  1067
432  934  960
618  772  904
444  790  928
482  660  920
319  784  804
418  747  1031
315  814  1058
366  808  1036
356  780  932
465  813  954
551  868  932
407  585  1045
475  696  998
282  597  1075
506  925  1068
603  884  1057
648  908  1047
411  840  936
434  919  1002
440  668  925
459  895  900
443  928  976
551  703  951
393  815  981
612  944  1040
703  951  1028
492  669  1070
316  838  893
516  779  970
305  811  1074
353  510  971
324  856  946
419  508  837
470  640  1051
351  895  900
296  781  1022
418  830  1031
268  817  1082
459  848  943
401  812  1030
440  925  1068
518  737  1072
504  681  978
388  855  953
504  678  978
465  813  1064
659  962  1027
376  567  811
341  801  1052
419  578  934
518  698  1072
317  703  1028
575  910  1037
487  735  851
312  701  944
453  633  1029
13  870  1066
701  1043  1081
285  979  1079
421  786  787
519  955  964
473  652  980
435  967  1069
290  927  950
464  828  839
478  853  1012
701  944  1043
275  945  1059
491  913  992
271  813  1064
358  823  1038
534  921  1058
632  949  956
497  771  1038
605  865  937
482  660  986
375  837  1019
762  1033  1060
361  757  1076
443  790  1010
444  781  1022
485  799  1023
557  841  1062
390  762  1033
579  765  1010
379  875  1016
12  688  1066
320  850  972
276  869  1015
456  969  1046
521  832  866
472  913  992
567  811  1074
322  834  1060
480  944  1043
447  815  981
599  933  1053
91  925  1001
497  817  1082
582  979  1079
509  691  837
454  874  1080
321  940  1018
42  840  936
328  830  1031
504  681  1004
456  968  969
504  678  1011
450  746  908
512  759  1055
346  919  1002
362  759  1055
405  870  1066
417  761  975
289  874  1080
497  732  1082
486  869  1015
322  762  1060
537  827  871
435  836  939
337  993  994
533  861  881
330  988  996
510  917  971
289  656  1080
335  1041  1042
317  836  1028
536  859  882
476  735  1084
351  911  1068
491  992  1035
591  967  1069
425  826  1026
581  982  1007
435  939  967
524  951  1028
326  915  1078
467  1033  1060
440  911  1068
638  1013  1014
543  852  903
286  928  976
432  934  965
320  972  985
521  966  1085
599  942  1020
570  999  1000
368  989  1050
325  853  1012
477  1007  1008
466  817  1061
527  896  1065
306  949  956
547  839  1041
505  927  950
500  968  969
452  916  1073
567  1074  1078
732  1044  1082
355  939  967
529  989  1050
493  801  1052
554  1049  1050
550  969  1046
596  811  1039
305  821  1074
496  838  893
359  934  965
137  752  756
426  638  1014
327  829  937
287  999  1000
327  829  1013
547  895  1025
487  851  1047
288  924  1048
357  942  1020
548  945  1059
464  839  1041
268  1044  1082
506  925  1001
480  880  1043
516  993  994
296  992  1035
376  811  1039
524  951  1079
285  951  1079
489  770  888
477  896  1065
334  966  1085
291  1007  1008
529  1049  1050
541  988  996
0  46  770
137  138  752
