0  2  1.0002  -0.00161  12095.5  0  0  1
1  1  2  2  11727.2  1.9742  -0.495578  1
2  1  2  -2  11725.2  1.83651  -0.387241  1
3  3  -2  -2  11570.4  1.93827  -0.501683  1
4  3  -2  2  12005.7  1.93699  -0.498047  1
10  1  2  1.6  11711.4  2.04181  -0.486368  1
11  1  2  1.2  11711.4  2.07466  -0.472141  1
12  1  2  0.8  11711.4  2.08528  -0.457115  1
13  1  2  0.4  11711.4  2.11077  -0.434249  1
14  1  2  5.50449e-12  11711.4  2.02599  -0.393587  1
15  1  2  -0.4  11711.4  1.82229  -0.334072  1
16  1  2  -0.8  11711.4  1.74474  -0.318361  1
17  1  2  -1.2  11711.4  1.78808  -0.356234  1
18  1  2  -1.6  11711.4  1.82223  -0.382896  1
19  0  1.6  -2  11711.3  1.84728  -0.395427  1
20  0  1.2  -2  11668.2  1.86677  -0.419656  1
21  0  0.8  -2  11633.5  1.89026  -0.465702  1
22  0  0.4  -2  11577.6  1.91605  -0.533814  1
23  0  5.50449e-12  -2  11529.9  1.94134  -0.563821  1
24  0  -0.4  -2  11514  1.96299  -0.526924  1
25  0  -0.8  -2  11520.3  1.958  -0.496809  1
26  0  -1.2  -2  11533  1.94349  -0.515232  1
27  0  -1.6  -2  11549.4  1.94015  -0.518692  1
28  3  -2  -1.6  11591  1.93699  -0.498047  1
29  3  -2  -1.2  11630.5  1.93699  -0.498047  1
30  3  -2  -0.8  11687  1.93699  -0.498047  1
31  3  -2  -0.4  11758.4  1.93699  -0.498047  1
32  3  -2  -5.50449e-12  11836.9  1.93699  -0.498047  1
33  3  -2  0.4  11903.4  1.93699  -0.498047  1
34  3  -2  0.8  11953.8  1.93699  -0.498047  1
35  3  -2  1.2  11985.8  1.93699  -0.498047  1
36  3  -2  1.6  11999.7  1.93699  -0.498047  1
37  0  -1.6  2  12011.5  1.93699  -0.498047  1
38  0  -1.2  2  12020.3  1.93699  -0.498047  1
39  0  -0.8  2  12027.8  1.93699  -0.498047  1
40  0  -0.4  2  12025.2  1.93699  -0.498047  1
41  0  -5.50449e-12  2  12000.8  1.93699  -0.498047  1
42  0  0.4  2  11963.4  1.93699  -0.498047  1
43  0  0.8  2  11916.3  1.93699  -0.498047  1
44  0  1.2  2  11850.6  1.93699  -0.498047  1
45  0  1.6  2  11778.1  1.93699  -0.498047  1
46  2  0.978862  0.00355835  12121.1  0  0  1
47  2  0.957606  0.0090902  12093.1  0  0  1
48  2  0.936373  0.0147157  12065.2  0  0  1
49  2  0.915163  0.0204222  12006.6  0  0  1
50  2  0.893966  0.0261795  11996.4  -3.5554e-16  8.65046e-17  1
51  2  0.872778  0.0319706  11964.6  1.50737e-16  -3.40529e-17  1
52  2  0.851598  0.0377891  11918.9  -2.46519e-32  1.2326e-32  1
53  2  0.830423  0.0436265  11902.2  3.67902e-16  -9.19903e-17  1
54  2  0.809249  0.0494667  11849.3  -3.56584e-16  9.09072e-17  1
55  2  0.788077  0.0553155  11819.4  -3.83594e-16  9.57078e-17  1
56  2  0.766908  0.0611743  11795.5  -2.3056e-16  5.76618e-17  1
57  2  0.745736  0.0670226  11761.2  4.93038e-32  0  1
58  2  0.724567  0.0728789  11714.2  0  0  1
59  2  0.703391  0.0787149  11659.7  -5.46101e-16  1.3281e-16  1
60  2  0.682206  0.0845147  11599.7  0  0  1
61  2  0.661  0.090236  11535.3  -4.39588e-16  1.00453e-16  1
62  2  0.639756  0.0958194  11461  -4.39588e-16  1.00453e-16  1
63  2  0.618454  0.101174  11376.5  0  0  1
64  2  0.597069  0.106186  11288.5  -7.71101e-16  1.5781e-16  1
65  2  0.575591  0.11078  11207.4  0  0  1
66  2  0.554007  0.114851  11191.9  4.92458e-16  -8.0594e-17  1
67  2  0.532325  0.118357  11184  0  0  1
68  2  0.510557  0.121289  11182.6  -8.49755e-16  1.03658e-16  1
69  2  0.488718  0.123634  11185.6  -1.48131e-16  1.3454e-17  1
70  2  0.466827  0.125423  11246.7  4.01526e-16  -3.28652e-17  1
71  2  0.444896  0.126635  11283.8  3.37875e-16  -1.34462e-17  1
72  2  0.422942  0.127299  11320.6  3.94515e-16  -8.705e-18  1
73  2  0.400978  0.127389  11438.8  0  0  1
74  2  0.379019  0.126935  11475.8  0  0  1
75  2  0.357076  0.125955  11538  0  0  1
76  2  0.335162  0.124472  11684.3  -3.00426e-16  -2.96819e-17  1
77  2  0.313286  0.122501  11807.3  -1.02125e-15  -7.35154e-17  1
78  2  0.291459  0.12005  11888.9  0  0  1
79  2  0.26969  0.11713  11946  1.00275e-16  1.93951e-17  1
80  2  0.24799  0.11373  12122.3  3.13605e-16  4.60798e-17  1
81  2  0.226373  0.109839  12313.4  -1.42895e-16  -2.5777e-17  1
82  2  0.204853  0.105444  12396.9  0  6.16298e-33  1
83  2  0.183447  0.100524  12519.2  -3.43484e-16  -7.15882e-17  1
84  2  0.162176  0.0950478  12731.8  6.52824e-17  1.61873e-17  1
85  2  0.141074  0.0889581  12907.6  1.50297e-16  3.50096e-17  1
86  2  0.120171  0.0822151  13076.7  -4.0892e-17  -4.41468e-18  1
87  2  0.0995316  0.0747032  13298.6  -1.60115e-16  -4.51804e-17  1
88  2  0.0792277  0.0663296  13471.7  1.44064e-16  -3.06233e-17  1
89  2  0.0594008  0.0568848  13695  7.00181e-17  5.04299e-19  1
90  2  0.0402944  0.0460633  13812.5  6.16298e-33  0  1
91  2  0.022417  0.0333276  13664.1  -8.74478e-17  2.41421e-17  1
92  2  0.00711936  0.0176474  12866.5  -4.88326e-17  -1.8611e-16  1
93  2  0.000220303  -0.0026282  9671.62  0  0  1
94  2  0.0161515  -0.0161391  8037.48  -6.111e-16  7.81421e-16  1
95  2  0.0375779  -0.0208267  9251.49  1.711e-16  -1.54996e-16  1
96  2  0.0594525  -0.0227488  9567.04  -8.7979e-17  5.14911e-17  1
97  2  0.0814026  -0.0235267  9530.95  6.26629e-17  -7.1041e-17  1
98  2  0.103364  -0.0238953  9522.42  1.93264e-17  -2.29337e-17  1
99  2  0.125329  -0.0240099  9557.56  7.48176e-17  -4.93412e-17  1
100  2  0.147293  -0.0239354  9594.22  0  0  1
101  2  0.169257  -0.0237288  9581.05  0  0  1
102  2  0.19122  -0.0234425  9515.21  -6.16298e-33  -1.54074e-33  1
103  2  0.213182  -0.0230712  9451.29  -1.54032e-17  1.28521e-17  1
104  2  0.235142  -0.0226366  9423.09  7.19782e-17  3.1457e-18  1
105  2  0.257102  -0.022152  9395.69  -4.4564e-17  -1.59135e-17  1
106  2  0.27906  -0.0216174  9319.44  2.11306e-17  -3.72857e-17  1
107  2  0.301017  -0.0210481  9125.05  -1.66813e-16  -7.23197e-17  1
108  2  0.322974  -0.0204493  8794.11  -2.55619e-16  -1.08754e-16  1
109  2  0.34493  -0.0198291  8294.41  -4.8141e-17  9.17275e-18  1
110  2  0.366885  -0.0191753  7740.81  -1.04118e-16  3.03113e-18  1
111  2  0.388839  -0.0184939  7223.13  -1.20308e-16  -4.07721e-17  1
112  2  0.410793  -0.0177956  6728.1  -1.0493e-16  -2.72519e-17  1
113  2  0.432746  -0.0170647  6483.28  -5.23189e-16  -4.85989e-17  1
114  2  0.454697  -0.0163065  6427.37  1.1382e-16  8.11959e-18  1
115  2  0.476648  -0.015518  6616.35  -1.61253e-16  6.0037e-20  1
116  2  0.498598  -0.0147008  6926.61  0  0  1
117  2  0.520546  -0.0138611  7341.35  1.10502e-16  -1.03917e-17  1
118  2  0.542494  -0.0129864  7845.89  -7.75257e-17  3.03498e-17  1
119  2  0.56444  -0.012077  8376.92  4.16165e-16  -4.13477e-17  1
120  2  0.586384  -0.0111383  8909.61  5.40701e-17  -3.52868e-17  1
121  2  0.608328  -0.0101784  9348.7  5.63313e-16  -5.75135e-17  1
122  2  0.630272  -0.00921372  9756.01  2.18035e-16  -3.34598e-17  1
123  2  0.652216  -0.00825254  10081.1  1.09017e-16  -1.67299e-17  1
124  2  0.67416  -0.00730898  10381.5  -9.14732e-17  3.05749e-17  1
125  2  0.696106  -0.00639643  10657.1  1.67378e-16  -4.32698e-17  1
126  2  0.718053  -0.00551524  10929.4  -5.61602e-18  -2.39013e-17  1
127  2  0.740001  -0.00466039  11159.4  0  0  1
128  2  0.76195  -0.00381384  11361.4  0  0  1
129  2  0.783898  -0.00295465  11518.4  4.62232e-17  -1.12895e-17  1
130  2  0.805844  -0.00205439  11645.3  0  0  1
131  2  0.82779  -0.00113718  11750.9  1.75487e-18  1.01034e-17  1
132  2  0.849737  -0.000249685  11834.6  -8.39568e-17  -2.16041e-17  1
133  2  0.871686  0.000569977  11898.2  -1.12969e-18  -5.07607e-18  1
134  2  0.893641  0.00122245  11952.4  0  0  1
135  2  0.915603  0.00158772  11998.2  -1.17483e-16  -1.69602e-17  1
136  2  0.937567  0.00150008  12033.2  0  7.70372e-34  1
137  2  0.959517  0.000739663  12054.5  1.36868e-17  -3.05016e-18  1
138  2  0.981415  -0.00094672  12045.4  0  0  1
268  0  0.907267  -0.815264  11391  2.02376  -0.202666  1
269  0  -0.0368216  -0.992931  11287.3  2.12021  -0.570811  1
270  0  0.387202  -0.586411  10588.8  2.51205  -0.451375  1
271  0  -0.0758229  -0.487863  11072.8  2.24815  -0.810574  1
272  0  -0.82234  0.769977  12058.7  1.88864  -0.525662  1
273  0  0.0592314  0.996419  12100.3  1.91424  -0.434551  1
274  0  1.03393  1.027  11888.5  2.01368  -0.43597  1
275  0  -0.926787  -0.117971  11842.4  1.91763  -0.621969  1
276  0  0.759654  -0.421163  10947.2  2.24739  0.247733  1
277  0  -0.225124  0.536963  12282.2  1.79279  -0.447206  1
278  0  0.223301  0.570279  12179.1  1.88677  -0.341994  1
279  0  0.680036  0.553029  11920.3  2.02052  -0.370742  1
280  0  -0.402926  0.145859  12185.3  1.76253  -0.641563  1
281  0  1.09348  0.405735  11886.4  2.03744  -0.401367  1
282  0  0.498786  -0.30658  8564.54  3.24352  0.0615952  1
283  0  0.205  -0.320912  9948.14  2.73717  -1.04442  1
284  0  0.97588  -0.269568  11693.9  1.76574  0.233475  1
285  0  -0.0250237  -0.271987  10899.6  2.23382  -1.11295  1
286  0  0.00853279  0.359682  12521.5  1.68277  -0.332586  1
287  0  -0.159138  0.20468  12609.9  1.53836  -0.562779  1
288  0  0.442575  0.41147  11968.2  2.00796  -0.270638  1
289  0  0.654174  0.324053  11787  2.08659  -0.362851  1
290  0  0.890172  0.26747  11880.4  2.03037  -0.417265  1
291  0  0.22047  0.323545  12330.8  1.82415  -0.155552  1
292  0  0.809475  -0.189484  11322.5  1.64352  0.695295  1
293  0  0.660218  -0.15661  9696.83  1.00538  0.872124  1
294  0  0.364331  -0.188299  6747.9  1.82209  -0.944104  1
295  0  0.514697  -0.14824  6189.72  0.686832  0.569998  1
296  0  0.233174  -0.153654  9692.13  1.1799  -0.826987  1
297  0  0.0944331  -0.166904  10116.1  2.51826  -1.46902  1
298  0  0.926041  -0.134729  11869.7  1.39154  0.339816  1
299  0  1.03667  0.180078  11955.7  1.99426  -0.398823  1
300  0  -0.453909  -0.281736  11694.2  1.95664  -0.72765  1
301  0  -0.0843269  -0.123155  11334.6  1.93567  -1.28654  1
302  0  0.095569  0.238712  12734.9  1.56103  -0.135953  1
303  0  0.365575  0.274148  11956.6  2.02513  -0.12808  1
304  0  0.483354  0.258964  11732.1  2.1289  -0.230947  1
305  0  -0.930789  -1.02029  11581  1.97761  -0.571402  1
306  0  1.09028  -0.131481  11993.2  1.45154  0.0517865  1
307  0  1.19937  0.0485218  11967.6  1.91289  -0.323129  1
308  0  0.017916  0.16522  13091  1.27206  -0.246264  1
309  0  0.214748  0.218274  12394.5  1.78241  0.0235929  1
310  0  0.733901  -0.106551  10889.1  0.489541  0.680388  1
311  0  -0.0571211  0.100857  13095.2  1.13062  -0.618628  1
312  0  0.422524  -0.118211  5506.25  -0.405278  -0.37409  1
313  0  0.476852  -1.11791  11338.5  2.08051  -0.453908  1
314  0  0.82128  -0.0936284  11616.4  0.729535  0.454801  1
315  0  0.339285  -0.116787  7439.29  -0.270621  -1.03156  1
316  0  0.584829  0.214083  11590.4  2.15829  -0.349928  1
317  0  0.708861  0.206192  11722  2.09072  -0.429999  1
318  0  0.811617  0.170005  11835.1  2.04951  -0.454634  1
319  0  0.91103  0.135427  11930.8  2.03416  -0.448713  1
320  0  1.45804  -0.574324  11676.8  1.78138  -0.210588  1
321  0  -0.533236  -0.768725  11507.3  2.02951  -0.604236  1
322  0  -0.235909  0.00869879  12167.7  1.68341  -0.858806  1
323  0  0.990267  -0.0797611  12026.6  1.14673  0.133776  1
324  0  0.578241  -0.100055  8112.44  -0.454621  0.778012  1
325  0  0.155975  -0.111703  9677.34  0.928683  -0.521999  1
326  0  0.00751353  -0.114194  10560.9  2.17675  -1.59604  1
327  0  0.98889  0.094019  12021.2  2.02872  -0.427224  1
328  0  0.666262  -0.0792688  10077.7  -0.413685  0.430282  1
329  0  0.298417  0.202859  12042.8  1.95261  0.0318777  1
330  0  0.453127  0.88332  12014.1  1.96539  -0.407071  1
331  0  0.267649  -0.08937  9390.9  -0.562443  -0.757806  1
332  0  0.883611  -0.0629108  11881.2  0.758434  0.250482  1
333  0  0.374807  0.194522  11761  2.10022  -0.0349141  1
334  0  0.436046  0.197223  11606.1  2.17163  -0.127647  1
335  0  1.02888  -0.542774  11500.1  1.90801  -0.0349378  1
336  0  1.2732  -0.373523  11727  1.74906  -0.113331  1
337  0  -0.388962  1.04327  12095.3  1.89755  -0.471746  1
338  0  1.01689  -1.38818  11555.6  1.92113  -0.378442  1
339  0  -0.59238  0.460751  12125.3  1.83732  -0.544789  1
340  0  -1.21777  0.388945  11950  1.91259  -0.552415  1
341  0  0.107233  0.158092  12948.2  1.39907  0.0618404  1
342  0  0.490553  -0.0801743  6154.41  -1.56255  0.185762  1
343  0  -0.523703  -1.3445  11485.4  2.00771  -0.524699  1
344  0  -0.0347463  -0.0587055  11156.2  1.75803  -1.71819  1
345  0  -0.0881937  0.012695  12420.8  1.30873  -1.15011  1
346  0  0.093858  -0.0947771  9634.44  1.50139  -0.946126  1
347  0  0.154421  -0.542213  10699.5  2.44158  -0.735035  1
348  0  0.666442  -0.666377  11015.2  2.26314  -0.154575  1
349  0  0.182802  0.161387  12554.9  1.65544  0.165737  1
350  0  -0.248245  -0.282161  11525.5  2.01361  -0.868879  1
351  0  0.3534  -0.338421  9085.18  3.12847  -0.725475  1
352  0  0.447751  1.44776  11981  1.97203  -0.462585  1
353  0  0.643199  0.167151  11593  2.21141  -0.442951  1
354  0  0.729737  0.146367  11721.6  2.15939  -0.48637  1
355  0  0.77658  -0.0565163  11403.9  0.200291  0.35645  1
356  0  0.504563  0.1858  11484.8  2.21954  -0.241662  1
357  0  -0.0143248  0.576671  12286.1  1.81503  -0.391854  1
358  0  0.635242  -0.327835  9962.56  2.66257  0.484691  1
359  0  -1.35363  -0.639417  11703.7  1.94711  -0.562497  1
360  0  0.546252  -0.475044  10325.6  2.64093  -0.0918836  1
361  0  0.266409  -0.8138  11051.8  2.25677  -0.535332  1
362  0  0.378345  -0.0713208  6869.66  -1.67096  -0.600889  1
363  0  -0.753933  1.32978  12044.4  1.91526  -0.499114  1
364  0  -1.35907  1.2603  12007.6  1.92808  -0.508353  1
365  0  -0.18712  1.47074  12042.2  1.9337  -0.476707  1
366  0  -0.801662  -0.522706  11667.4  1.96934  -0.628769  1
367  0  1.57197  0.388051  11797.9  2.07737  -0.411352  1
368  0  0.199263  -0.0756685  9552.67  -0.238712  -0.00493127  1
369  0  1.34417  -1.00774  11606.5  1.86004  -0.286073  1
370  0  0.0746962  0.117641  13262.9  1.18513  0.0965354  1
371  0  0.837807  0.097037  11875.9  2.08093  -0.495497  1
372  0  0.0418355  -0.0666058  9698.85  1.61397  -1.26279  1
373  0  0.0256279  0.0942363  13517.2  0.937059  -0.199437  1
374  0  0.0619732  -1.50184  11453.8  1.99058  -0.540413  1
375  0  0.622685  -0.0519459  9468.95  -1.01965  0.350635  1
376  0  0.708466  -0.0528217  10720  -0.373877  0.288305  1
377  0  -0.33076  -0.527807  11435.7  2.07373  -0.701031  1
378  0  0.251541  0.168247  12189.6  1.87945  0.147405  1
379  0  0.445362  -0.064181  6063.85  -2.14882  -0.133507  1
380  0  0.531061  -0.053869  7298.49  -1.93871  0.275994  1
381  0  0.0644518  -0.382284  10636.8  2.41637  -0.966561  1
382  0  0.929359  -0.0410247  12000.8  0.761123  0.113589  1
383  0  1.63672  -0.192453  11764.6  1.81336  -0.283223  1
384  0  1.07119  -0.0535514  12069.8  1.17704  -0.00792241  1
385  0  1.1102  0.071838  12033  1.97364  -0.349901  1
386  0  0.549804  0.163234  11387.1  2.34201  -0.328222  1
387  0  0.94524  0.0665823  12021.3  1.96252  -0.449085  1
388  0  0.858641  -0.312648  11348.7  1.9621  0.403796  1
389  0  0.595765  0.1526  11418.9  2.31157  -0.419447  1
390  0  -0.301836  0.334047  12336  1.72033  -0.524801  1
391  0  0.572873  -0.231084  8208.67  2.36918  0.716052  1
392  0  1.35835  -0.198294  11831  1.67948  -0.165378  1
393  0  0.451599  -0.200617  6075.88  2.19009  -0.108668  1
394  0  0.462415  0.635869  12028  1.96311  -0.35356  1
395  0  -0.72338  0.16429  12002  1.86248  -0.613755  1
396  0  0.840633  -0.0469336  11765.7  0.447557  0.213781  1
397  0  0.589508  -1.56864  11524.9  1.94454  -0.470862  1
398  0  0.962441  -0.0376153  12041.4  0.834605  0.0832385  1
399  0  0.309412  -0.0630067  8836.84  -1.10045  -0.741031  1
400  0  -1.4599  -0.0762738  11834.1  1.93375  -0.552605  1
401  0  0.680103  0.126254  11602.3  2.20153  -0.5033  1
402  0  0.76886  0.109488  11775.1  2.11133  -0.506424  1
403  0  -0.0439398  -0.730141  11174  2.19468  -0.646617  1
404  0  1.21837  0.294128  11892.8  2.03758  -0.387187  1
405  0  0.874352  0.079156  11936.4  2.00674  -0.48201  1
406  0  0.140301  -0.069204  9597.68  0.0400045  0.0999752  1
407  0  1.37677  0.743645  11827.6  2.05058  -0.427003  1
408  0  -0.0255698  0.0619158  13376.2  0.701232  -0.666164  1
409  0  0.893999  -0.232395  11557.3  1.77552  0.423736  1
410  0  0.131128  0.430246  12354.4  1.79536  -0.287257  1
411  0  0.977625  0.0502685  12094.8  1.88156  -0.419718  1
412  0  1.43795  1.38125  11808  2.04377  -0.470282  1
413  0  -0.157724  0.793119  12174.8  1.86794  -0.438389  1
414  0  -0.0387618  0.0275791  12837.8  0.873818  -1.24421  1
415  0  0.09309  -0.272824  10360.4  2.48098  -1.17929  1
416  0  0.804912  0.43937  11881.2  2.03886  -0.390596  1
417  0  0.71479  -0.241457  10463.6  2.13576  0.842583  1
418  0  -1.43744  -1.43744  11593  1.94003  -0.534511  1
419  0  0.123999  0.780832  12145.9  1.89688  -0.406298  1
420  0  -0.437761  -0.0668244  11944.8  1.84437  -0.728702  1
421  0  0.925262  1.49164  11899.4  2.00819  -0.46953  1
422  0  0.276974  -0.245348  8892.54  2.78937  -1.19855  1
423  0  0.577155  -0.0523525  8491.59  -1.50291  0.362031  1
424  0  -0.162648  0.0919148  12551.3  1.49206  -0.766295  1
425  0  -0.0547238  0.25601  12735.9  1.51199  -0.388318  1
426  0  -0.154588  0.411409  12411.3  1.71678  -0.440187  1
427  0  0.463473  -0.807181  11057.1  2.25913  -0.412204  1
428  0  0.73129  -0.906734  11303.8  2.09446  -0.286955  1
429  0  0.294432  0.444719  12152.6  1.91391  -0.265344  1
430  0  0.975879  0.692444  11892.7  2.02896  -0.410604  1
431  0  0.158168  -0.218665  9964.79  2.60349  -1.32435  1
432  0  0.136321  0.132536  12870.3  1.46131  0.224917  1
433  0  0.287714  -0.154383  8818.5  0.980118  -1.08915  1
434  0  1.00609  -0.166987  11899.9  1.55074  0.193584  1
435  0  1.5296  -1.45984  11656.8  1.85286  -0.360001  1
436  0  0.318753  0.164966  11894.2  2.10094  0.106948  1
437  0  -0.237309  -0.12171  11798.6  1.84543  -0.93493  1
438  0  0.582948  -0.165078  8135.65  1.10727  0.843792  1
439  0  0.569602  0.310607  11772  2.09735  -0.317813  1
440  0  1.25035  -0.761179  11589.9  1.86043  -0.210597  1
441  0  0.857448  -0.149751  11639  1.40125  0.546086  1
442  0  -0.448827  0.683564  12156.8  1.84635  -0.486958  1
443  0  0.804784  -0.595337  11192.8  2.13928  -0.0416875  1
444  0  0.248289  -0.0590695  9444.49  -0.275903  -0.327  1
445  0  0.975281  -0.411868  11505.1  1.9023  0.108033  1
446  0  0.256408  -0.448083  10233.8  2.64802  -0.73888  1
447  0  1.01935  -0.0468126  12073.3  0.985641  0.0456689  1
448  0  0.769699  0.294567  11818.2  2.06469  -0.406253  1
449  0  0.933735  -1.13346  11478.6  1.97275  -0.33332  1
450  0  0.389451  0.164573  11616  2.26557  -0.0108538  1
451  0  0.455181  0.166256  11460.6  2.32335  -0.141887  1
452  0  -0.914656  -1.5393  11540.2  1.96251  -0.523306  1
453  0  0.61452  -0.105043  9050.06  -0.192445  0.707565  1
454  0  -1.52471  0.745534  11964  1.92844  -0.521194  1
455  0  0.664889  -0.0475877  10171.3  -0.712871  0.222087  1
456  0  0.698272  0.846343  11954.1  1.99429  -0.408374  1
457  0  0.634402  1.20585  11961.5  1.98188  -0.442003  1
458  0  0.124998  0.33964  12481.1  1.72938  -0.221988  1
459  0  0.585711  0.461384  11906.7  2.03417  -0.339893  1
460  0  0.016894  -0.186335  10614.6  2.25275  -1.30492  1
461  0  -0.174096  -0.0572648  11987.2  1.7184  -1.01728  1
462  0  0.460323  -0.430246  9848.87  2.87436  -0.263823  1
463  0  0.272462  0.271114  12190.7  1.90735  -0.0726269  1
464  0  0.316733  0.362894  12120.3  1.93486  -0.199773  1
465  0  0.208537  0.142298  12429  1.79449  0.244386  1
466  0  -0.69691  -0.147718  11842.5  1.90837  -0.655244  1
467  0  0.261174  -1.15007  11326.3  2.08624  -0.519328  1
468  0  -0.113832  -0.380761  11159  2.1806  -0.901659  1
469  0  -0.130008  -0.214489  11345.1  2.02858  -1.06117  1
470  0  0.489045  -0.0510689  6476.14  -2.28035  0.0640027  1
471  0  1.09683  -0.252025  11797.7  1.71413  0.0568023  1
472  0  0.883479  -0.0344284  11910.1  0.570201  0.138179  1
473  0  0.397913  -0.28245  7937.38  3.24022  -0.594782  1
474  0  -1.40943  -1.04041  11636  1.94724  -0.543538  1
475  0  0.784365  -0.137209  11303  1.10356  0.70214  1
476  0  0.728203  -0.174591  10627.2  1.49751  0.884409  1
477  0  0.0920372  -0.0611491  9520.86  0.433689  -0.283158  1
478  0  0.0271239  0.248356  12782.9  1.50987  -0.255306  1
479  0  1.21981  -0.073595  11949.7  1.57704  -0.177902  1
480  0  -0.486544  0.280626  12166.2  1.7952  -0.582372  1
481  0  -0.423427  0.505524  12198.2  1.81546  -0.503771  1
482  0  0.796053  -0.036846  11557.3  0.142986  0.212156  1
483  0  0.753624  -0.0398216  11245.2  -0.12326  0.233753  1
484  0  -0.202386  -0.640523  11295.8  2.13543  -0.675799  1
485  0  0.00440925  -0.0597141  10086.1  2.03858  -1.86311  1
486  0  -0.342501  -1.04973  11420.3  2.05795  -0.554895  1
487  0  0.810486  0.0864125  11850.3  1.9836  -0.490388  1
488  0  0.358026  -0.0526129  7720.05  -1.8621  -0.555705  1
489  0  0.399881  -0.053331  6666.47  -2.22749  -0.368407  1
490  0  -0.0893174  -1.30192  11411.9  2.0297  -0.539217  1
491  0  -1.57435  0.377215  11923.1  1.92832  -0.529168  1
492  0  1.05902  0.038954  12089  1.79417  -0.348587  1
493  0  -0.0525978  0.175093  12949  1.34373  -0.446133  1
494  0  0.648698  0.225753  11674.8  2.11977  -0.394791  1
495  0  0.1739  -0.0602047  9549.78  0.0261291  0.152923  1
496  0  -0.91436  0.568157  12030.5  1.88873  -0.548236  1
497  0  -1.16055  0.763808  12002.6  1.91239  -0.531384  1
498  0  0.280086  -0.0584946  9266.57  -0.65348  -0.59861  1
499  0  1.00494  0.303111  11902.8  2.02716  -0.405674  1
500  0  1.48556  0.170685  11824.1  2.07577  -0.382214  1
501  0  0.171934  0.283596  12459.1  1.7467  -0.1358  1
502  0  0.263765  0.717497  12117.5  1.91402  -0.377775  1
503  0  0.417971  0.270153  11831.1  2.08324  -0.168192  1
504  0  0.403008  1.13158  12012.1  1.95813  -0.436346  1
505  0  0.106101  0.119414  13071.6  1.32454  0.189462  1
506  0  -0.286825  0.148592  12328.5  1.67843  -0.655087  1
507  0  0.684978  -0.128188  10158.2  0.64429  0.816157  1
508  0  0.503131  0.15858  11370  2.38814  -0.242843  1
509  0  -1.17243  1.58279  12018.7  1.92893  -0.502179  1
510  0  -0.563861  -1.04856  11498.3  2.01975  -0.559285  1
511  0  -0.0378779  -0.0134487  11453.7  1.21571  -1.85495  1
512  0  0.637567  0.134542  11507.5  2.26577  -0.478048  1
513  0  0.285339  0.155823  12026.2  2.0498  0.167699  1
514  0  -0.0836032  -0.0411097  11888.4  1.52574  -1.31116  1
515  0  0.0405948  1.35688  12040.6  1.94126  -0.463135  1
516  0  0.723231  0.111655  11709.5  2.13523  -0.510961  1
517  0  0.377292  -0.136394  6252.8  0.246412  -0.844094  1
518  0  0.711596  -0.529498  10933.8  2.28059  0.0305771  1
519  0  0.422654  0.167348  11526.2  2.29077  -0.0763794  1
520  0  0.0132258  0.0626435  13676.6  0.462952  -0.330919  1
521  0  -1.05384  1.14949  12027.2  1.91623  -0.511545  1
522  0  0.926322  -0.097514  11931.9  1.1232  0.290186  1
523  0  0.354185  0.168195  11750.9  2.18371  0.0477256  1
524  0  -0.599607  1.11651  12070.2  1.90141  -0.49201  1
525  0  0.786108  -0.26818  11029.6  2.0242  0.629475  1
526  0  1.32963  0.478843  11848.8  2.05564  -0.406103  1
527  0  -0.592718  -0.501408  11619.3  1.99256  -0.653459  1
528  0  0.534059  -0.106803  6833.23  -0.514259  0.664183  1
529  0  0.507815  -0.212259  6707.37  2.1789  0.380427  1
530  0  1.04693  -0.0122283  12128.1  1.12954  -0.131004  1
531  0  -0.131876  1.18713  12074.9  1.91921  -0.458415  1
532  0  0.644517  -0.235826  9516.58  2.35606  0.895635  1
533  0  0.956947  0.215733  11919.9  2.00652  -0.413599  1
534  0  0.469563  -0.129311  5429.24  0.0586249  0.107073  1
535  0  0.0566002  0.0882968  13506.6  0.93693  0.0780421  1
536  0  1.62081  1.04696  11779.4  2.05812  -0.454485  1
537  0  0.913494  0.0492815  11988.8  1.60121  -0.389582  1
538  0  -1.08382  -0.377428  11753.9  1.94284  -0.601708  1
539  0  0.737742  -1.30539  11471.4  1.98026  -0.404736  1
540  0  0.232246  -0.114014  9829.66  -0.0224685  -0.43569  1
541  0  0.0520717  -0.101779  9905.11  2.24906  -1.5631  1
542  0  0.989936  -0.0259569  12057.7  0.786713  0.0320923  1
543  0  0.738089  -0.0674212  11037.1  0.0473446  0.449344  1
544  0  0.57918  -0.38048  9933.94  2.80232  0.183118  1
545  0  -1.01688  -0.713625  11654.3  1.9642  -0.593202  1
546  0  -1.57729  1.55541  12007  1.93308  -0.502195  1
547  0  0.161009  0.224967  12582.3  1.66677  -0.0338518  1
548  0  -0.194952  -1.73186  11496.7  1.97269  -0.542193  1
549  0  0.260169  -0.682432  10837.4  2.38411  -0.568384  1
550  0  0.657656  -0.424974  10567  2.48581  0.191412  1
551  0  1.0451  -0.322238  11683  1.7944  0.100214  1
552  0  -1.05115  0.200296  11936.5  1.90484  -0.576747  1
553  0  -0.0531927  -0.19954  11023.5  2.13558  -1.21106  1
554  0  -0.189391  -0.8531  11326.2  2.1107  -0.596276  1
555  0  0.462724  0.328274  11865.3  2.06103  -0.240077  1
556  0  0.0664788  0.198267  12927.3  1.42179  -0.131557  1
557  0  -0.0524572  0.465569  12403.8  1.74361  -0.389479  1
558  0  -0.58624  0.00245758  11956.8  1.86189  -0.661171  1
559  0  0.888752  -0.109721  11845  1.11447  0.383113  1
560  0  0.409043  0.52201  12044.1  1.96566  -0.309862  1
561  0  0.554496  -0.0373614  7987.64  -1.87424  0.186214  1
562  0  0.598442  -0.0354789  9052.86  -1.39022  0.208968  1
563  0  0.569804  0.139348  11301.1  2.21783  -0.362963  1
564  0  0.176447  -0.16374  9799.69  1.97995  -1.00851  1
565  0  0.995557  0.0258521  12118.8  1.42163  -0.316279  1
566  0  1.65244  -0.861532  11677.2  1.79139  -0.288832  1
567  0  0.164735  0.12026  12699.3  1.54691  0.322405  1
568  0  0.14286  1.65097  12006.2  1.95374  -0.478096  1
569  0  0.217502  0.178788  12385.5  1.75448  0.122996  1
570  0  0.530718  -0.623304  10810.9  2.39891  -0.281634  1
571  0  -0.0109055  0.126132  13236.6  1.14606  -0.362056  1
572  0  0.848155  0.066624  11897.1  1.65688  -0.414287  1
573  0  0.762095  0.191195  11776.8  2.0635  -0.444851  1
574  0  0.20011  -0.0469573  9484.49  0.170882  0.0615145  1
575  0  0.861699  0.156932  11884.6  2.03055  -0.451531  1
576  0  1.48934  -0.359776  11746.5  1.72978  -0.194666  1
577  0  0.264016  0.910001  12071  1.93425  -0.414984  1
578  0  -0.00488742  -0.0314974  9595.68  1.53623  -1.92269  1
579  0  -0.744523  -0.788511  11582.7  1.99396  -0.598847  1
580  0  0.321777  0.241637  12026.6  1.98692  -0.0554701  1
581  0  1.13985  0.158465  11957.6  2.02181  -0.36987  1
582  0  1.2039  -0.564518  11606.2  1.83511  -0.126049  1
583  0  0.863178  -0.408969  11283.7  2.0463  0.217925  1
584  0  0.952204  -0.197269  11780.4  1.633  0.301686  1
585  0  0.348767  -1.37043  11427.6  2.0105  -0.507508  1
586  0  0.538634  0.241929  11655.7  2.15177  -0.293218  1
587  0  0.953601  0.0368561  12070.6  1.4819  -0.347733  1
588  0  0.811864  0.239575  11835.5  2.04467  -0.425665  1
589  0  0.165968  -0.410489  10356.5  2.56527  -0.892985  1
590  0  -0.0637603  0.0571095  12947.1  1.07141  -0.944437  1
591  0  0.0196113  -0.597197  11005.4  2.29151  -0.728289  1
592  0  0.947408  -0.0186745  12034.8  0.627441  0.0371251  1
593  0  -0.427611  1.29916  12059.9  1.91521  -0.480803  1
594  0  -0.527359  1.65172  12037.2  1.92834  -0.49206  1
595  0  0.118515  -0.126211  9772.74  2.04698  -1.17558  1
596  0  0.925947  0.382544  11882  2.03793  -0.403548  1
597  0  0.7677  -0.0965031  11249.2  0.542182  0.569008  1
598  0  0.725152  -0.315711  10657.5  2.32957  0.53735  1
599  0  -0.143106  0.286627  12558.9  1.60504  -0.473008  1
600  0  0.642522  -0.0319602  9889.79  -0.981942  0.150689  1
601  0  0.685717  -0.0308791  10486.1  -0.683694  0.114345  1
602  0  -0.0253657  -0.347783  10922.7  2.27178  -0.995463  1
603  0  0.416817  -0.0792386  6034.06  -1.62143  -0.358565  1
604  0  1.05387  0.107074  12015  2.0193  -0.393015  1
605  0  1.6833  0.675361  11774.7  2.07383  -0.434358  1
606  0  0.964943  0.150427  11958  2.00364  -0.42138  1
607  0  0.256487  0.139776  12089.1  1.92151  0.240354  1
608  0  1.07285  -0.927157  11510  1.93863  -0.250272  1
609  0  1.17203  -0.200999  11870.6  1.62409  -0.0272216  1
610  0  0.218523  0.422306  12272.4  1.84898  -0.257668  1
611  0  -0.608536  -1.64672  11507.5  1.98062  -0.508425  1
612  0  0.466757  -0.0388447  6346.48  -2.47764  -0.072594  1
613  0  0.509899  -0.0366177  6976.85  -2.31695  0.0707236  1
614  0  0.21344  -0.217139  9586.81  2.52884  -1.23325  1
615  0  0.0691316  -0.0465868  9532.73  0.282209  -0.31994  1
616  0  0.356104  -0.444099  9983.97  2.80033  -0.532439  1
617  0  0.331733  -0.154165  7531.05  0.872397  -1.11131  1
618  0  0.309652  -0.198539  8130.57  2.04781  -1.15079  1
619  0  0.340158  -0.255004  8035.06  2.92885  -0.969499  1
620  0  0.684278  0.428167  11865.7  2.05069  -0.365572  1
621  0  0.0649474  -0.20469  10343.1  2.39119  -1.31115  1
622  0  0.114512  -0.0472244  9512.07  -0.0870382  0.103284  1
623  0  -0.345814  -0.19643  11736.1  1.91923  -0.811693  1
624  0  0.731066  -0.0300195  11037.8  -0.369568  0.148053  1
625  0  0.861735  -0.0224251  11858.5  0.378108  0.0972962  1
626  0  0.701114  -0.0897603  10486.9  0.0732018  0.588009  1
627  0  -0.585883  0.880157  12097  1.8817  -0.495976  1
628  0  0.384677  0.337229  11986.2  2.00454  -0.199189  1
629  0  0.907221  0.0868841  11964.8  2.03928  -0.471574  1
630  0  0.905038  -0.0209478  11969.7  0.529095  0.0763819  1
631  0  -0.201195  -0.471664  11289.8  2.14156  -0.780926  1
632  0  0.146557  0.171253  12728.7  1.55341  0.0927917  1
633  0  0.421447  -0.0423168  6420.18  -2.35624  -0.21887  1
634  0  0.700452  0.271643  11770.7  2.08474  -0.399517  1
635  0  0.11328  0.545332  12268.3  1.83674  -0.34991  1
636  0  0.816768  -0.0257112  11681.8  0.186253  0.141512  1
637  0  -1.65315  -0.310641  11783.5  1.93874  -0.533402  1
638  0  0.0388543  0.0708837  13722.5  0.638071  -0.0433296  1
639  0  0.773754  -0.0245937  11434.4  -0.100043  0.144471  1
640  0  -0.00437143  0.039248  13446.2  0.167509  -0.803148  1
641  0  0.524315  0.142137  11286.9  2.26456  -0.272439  1
642  0  0.9527  -0.0681593  12010.2  0.983367  0.169482  1
643  0  0.334727  -0.0419727  8476.75  -1.36801  -0.448474  1
644  0  0.37852  -0.0400289  7355.26  -2.02145  -0.339941  1
645  0  0.479577  0.146595  11298.1  2.28238  -0.174841  1
646  0  1.72562  0.196554  11769.5  2.10459  -0.403548  1
647  0  0.432641  -0.346687  8993.96  3.17751  -0.338097  1
648  0  0.851975  -0.0765962  11781.9  0.708436  0.338215  1
649  0  0.801963  0.118972  11824.3  2.12261  -0.499502  1
650  0  0.0810123  0.0908052  13378.7  1.05675  0.229244  1
651  0  1.03565  -0.089054  12020  1.27572  0.0928063  1
652  0  0.96166  0.531121  11887.2  2.03338  -0.40238  1
653  0  0.612839  0.125341  11403.6  2.08867  -0.424039  1
654  0  -0.133716  0.655299  12240.7  1.82988  -0.425971  1
655  0  0.655409  0.11486  11531.4  1.97973  -0.452402  1
656  0  0.664007  1.68718  11941.8  1.98122  -0.478571  1
657  0  0.783493  0.079923  11805.3  1.72755  -0.43103  1
658  0  -0.812346  0.357111  12023.9  1.87281  -0.574308  1
659  0  0.0462826  -0.0398997  9589.76  0.492817  -0.460943  1
660  0  0.303422  -0.0983936  8597.72  -0.67607  -1.05926  1
661  0  -0.235766  0.239975  12445.7  1.64093  -0.56175  1
662  0  0.461267  -0.253196  7341.28  3.02478  -0.114844  1
663  0  0.121943  -0.70643  10995.9  2.29179  -0.637597  1
664  0  -0.638998  0.671255  12106.8  1.86172  -0.518615  1
665  0  0.0697316  0.2992  12622.6  1.63843  -0.243383  1
666  0  0.698593  0.103189  11642.9  1.87615  -0.452968  1
667  0  1.32146  -1.65332  11648.4  1.86845  -0.386197  1
668  0  0.74102  0.0925717  11751.3  1.81154  -0.450248  1
669  0  -0.0232857  0.72188  12201.7  1.86188  -0.414298  1
670  0  -0.291428  0.682651  12200.7  1.83909  -0.454158  1
671  0  0.813682  -0.0594968  11635  0.421912  0.320704  1
672  0  0.523635  0.380554  11876.9  2.05069  -0.299116  1
673  0  -1.68252  0.980251  11979.5  1.93346  -0.509174  1
674  0  1.0914  0.258065  11918.8  2.01943  -0.394675  1
675  0  1.60361  -1.2029  11659.9  1.83286  -0.33233  1
676  0  0.959486  -0.108233  11960.4  1.25978  0.242138  1
677  0  0.409568  0.218934  11732.7  2.11776  -0.109832  1
678  0  -1.16066  -0.0572655  11851.2  1.92482  -0.584867  1
679  0  -0.0377827  -0.10322  11061.9  1.88668  -1.43002  1
680  0  0.188591  0.12704  12502.8  1.67248  0.29544  1
681  0  0.279353  -0.314893  9335.55  2.97871  -1.0031  1
682  0  0.471708  0.195765  11545.3  2.18728  -0.187628  1
683  0  0.391491  -0.105385  6127.72  -0.831042  -0.655796  1
684  0  0.905251  -1.68869  11596.4  1.89844  -0.422699  1
685  0  0.566213  -0.307123  9087.39  2.99173  0.393761  1
686  0  1.13971  0.609581  11868.4  2.04052  -0.411971  1
687  0  0.226899  -0.0422206  9433.2  0.191759  -0.0460545  1
688  0  0.23113  0.131016  12305.5  1.81112  0.287459  1
689  0  -0.337484  0.0522184  12152.3  1.74191  -0.729257  1
690  0  -1.65992  -0.768763  11697.3  1.94142  -0.526858  1
691  0  0.620364  -0.0281065  9554.45  -1.2235  0.116352  1
692  0  -0.159462  0.020264  12351.5  1.52886  -0.925959  1
693  0  0.531867  -0.0314361  7569.04  -2.1606  0.0792216  1
694  0  0.888176  0.0544613  11985.5  1.60215  -0.398533  1
695  0  0.136668  -0.0426524  9572.04  -0.0691561  0.142185  1
696  0  -0.309306  -0.0652887  11968.3  1.80244  -0.824142  1
697  0  0.340972  -0.0773584  7803.01  -1.2913  -0.845591  1
698  0  0.312227  -0.0388111  8950.13  -0.865497  -0.343794  1
699  0  1.14446  1.28943  11863.6  2.02395  -0.458957  1
700  0  0.546326  0.13615  11260.6  2.17823  -0.31106  1
701  0  0.196248  -0.111677  9734.56  0.249747  -0.23216  1
702  0  0.458973  -0.0923414  5698.66  -1.22639  -0.0124013  1
703  0  1.06809  -0.708844  11499.2  1.93334  -0.147062  1
704  0  0.582189  0.700003  11979.4  1.98727  -0.380703  1
705  0  0.367054  -0.967916  11208.1  2.16281  -0.479952  1
706  0  0.254843  0.203959  12221  1.86054  0.0546709  1
707  0  0.590214  0.126851  11294.6  2.06777  -0.384931  1
708  0  0.923489  -0.28877  11541.8  1.84187  0.305505  1
709  0  0.926856  -0.0160004  12010.2  0.543231  0.0478304  1
710  0  -0.00638293  0.0895871  13421.9  0.906264  -0.415842  1
711  0  0.824155  0.0672287  11888.2  1.60591  -0.409409  1
712  0  1.38792  -0.00529761  11854.7  1.89356  -0.305056  1
713  0  0.422936  -0.163668  5587.98  1.16951  -0.390597  1
714  0  0.7782  -0.739854  11249.6  2.12717  -0.176298  1
715  0  0.613898  0.187809  11557.9  2.19446  -0.397962  1
716  0  0.0398786  0.452146  12388  1.76613  -0.343677  1
717  0  -0.0770484  0.340408  12548.9  1.64515  -0.39786  1
718  0  -0.117193  0.142883  12772.8  1.40288  -0.625814  1
719  0  0.279163  -0.558619  10507.7  2.54281  -0.609168  1
720  0  0.932774  0.0375715  12032.3  1.42025  -0.346772  1
721  0  0.89799  -0.173801  11734.9  1.5314  0.437791  1
722  0  1.71309  -0.496543  11719.2  1.73865  -0.257497  1
723  0  0.675462  0.103811  11568.7  1.78392  -0.428665  1
724  0  -0.320087  -0.37196  11522.6  2.0296  -0.775524  1
725  0  1.25103  1.65772  11836.9  2.01435  -0.482835  1
726  0  0.761203  0.0820359  11764.4  1.62889  -0.415532  1
727  0  0.559219  -0.133673  7392.24  0.408386  0.871843  1
728  0  1.32799  -1.30448  11616.9  1.87519  -0.344636  1
729  0  0.867012  0.0540002  11938.2  1.4859  -0.375464  1
730  0  1.28579  1.049  11839.5  2.03397  -0.445088  1
731  0  0.159393  0.662837  12185.4  1.87837  -0.374532  1
732  0  0.599187  0.263285  11695.2  2.12802  -0.344747  1
733  0  -0.826872  -0.297444  11767.6  1.93779  -0.638723  1
734  0  -1.12189  -1.27946  11579.2  1.95556  -0.548557  1
735  0  -0.777239  -1.31314  11527  1.98566  -0.537242  1
736  0  0.837119  -0.241175  11370.6  1.84427  0.558387  1
737  0  0.968143  -0.0164908  12054.2  0.668176  0.0225052  1
738  0  -0.0180059  -0.148617  10833.3  2.0995  -1.36763  1
739  0  0.0225186  -0.0383488  9465.73  1.20535  -1.09411  1
740  0  0.334975  0.614143  12093.6  1.92994  -0.3443  1
741  0  1.11543  -0.431021  11637.7  1.8147  -0.0194858  1
742  0  0.870512  0.116054  11914.7  2.08248  -0.479166  1
743  0  0.97265  0.025125  12097.7  1.31316  -0.309272  1
744  0  0.0663542  0.154975  13115.4  1.26796  -0.0502954  1
745  0  -1.67108  -1.20585  11625.4  1.93969  -0.518179  1
746  0  1.11937  -0.00935675  12054  1.50804  -0.219901  1
747  0  0.0729203  -0.860169  11168.6  2.19084  -0.588808  1
748  0  0.57622  -0.0305026  8650.49  -1.68963  0.128752  1
749  0  0.534956  0.558503  11971.7  1.99691  -0.345977  1
750  0  -1.35458  0.173832  11891.6  1.92526  -0.554874  1
751  0  -0.625181  -0.321396  11721.9  1.95166  -0.671568  1
752  0  0.264191  -0.193813  9101.12  2.01953  -1.14889  1
753  0  0.769958  0.141765  11778.2  2.13483  -0.485486  1
754  0  0.125608  0.104826  12993.2  1.35375  0.315339  1
755  0  0.684721  -0.199861  9988.63  1.72882  0.948474  1
756  0  1.66905  1.66355  11763.3  2.02631  -0.486949  1
757  0  0.15845  -0.0423829  9572.86  0.0660605  0.141639  1
758  0  0.82249  -0.130216  11524.6  1.15235  0.603686  1
759  0  -1.25696  -1.67509  11558.1  1.94189  -0.530155  1
760  0  0.592299  -0.128724  8386.41  0.26434  0.866248  1
761  0  0.317386  -1.69142  11506  1.95092  -0.529109  1
762  0  0.624073  -0.191057  9033.47  1.57122  0.876373  1
763  0  0.556131  -0.0722006  7759.93  -1.31861  0.516873  1
764  0  -0.03234  0.862744  12146.9  1.89098  -0.428392  1
765  0  -0.00914169  0.209089  12905  1.41434  -0.303994  1
766  0  0.222158  0.268801  12356.1  1.81336  -0.0737237  1
767  0  -1.34223  -0.292205  11784.1  1.93787  -0.567481  1
768  0  0.146161  0.109289  12858  1.43616  0.342459  1
769  0  0.0282876  -0.493306  10853  2.36152  -0.826046  1
770  0  0.322484  0.138891  11787.1  1.9841  0.15492  1
771  0  0.943465  0.106668  11979.5  2.04688  -0.447933  1
772  0  0.301589  0.139737  11900  1.98391  0.178556  1
773  0  -1.66091  -1.65306  11576.9  1.93738  -0.516357  1
774  0  0.0355133  0.128055  13305.5  1.12352  -0.128725  1
775  0  0.597052  -0.0726381  8840.21  -0.964674  0.557454  1
776  0  0.452534  0.226808  11680.7  2.14674  -0.175792  1
777  0  0.23048  -0.0848978  9579.78  -0.373958  -0.238482  1
778  0  0.60348  0.380953  11843.6  2.06343  -0.337133  1
779  0  0.0697868  -0.0741796  9587.88  1.28684  -0.894614  1
780  0  0.870985  -0.965741  11411.9  2.01657  -0.284683  1
781  0  -0.151589  -0.14205  11601.7  1.88395  -1.09181  1
782  0  0.45612  -0.511821  10339  2.63623  -0.31658  1
783  0  0.0254131  -0.301798  10676.9  2.34341  -1.09625  1
784  0  0.79605  -0.345457  11074.9  2.14993  0.411701  1
785  0  -0.890422  1.67974  12029.1  1.92711  -0.499324  1
786  0  0.115431  0.197286  12802  1.51784  -0.0228234  1
787  0  0.883592  1.23204  11914.5  2.00284  -0.447753  1
788  0  0.26635  -0.124674  9300.33  0.0647498  -0.943852  1
789  0  0.137033  -0.337549  10287.4  2.56088  -1.04536  1
790  0  0.476989  -0.169533  5684.78  1.32337  0.184977  1
791  0  1.02062  0.0138025  12146.5  1.33449  -0.258756  1
792  0  0.541661  -0.184218  7171.5  1.46272  0.74123  1
793  0  0.338954  0.200761  11893.8  2.03006  0.00141687  1
794  0  -0.354191  0.255675  12284.6  1.72813  -0.576898  1
795  0  0.61576  -0.797199  11119  2.21533  -0.287278  1
796  0  0.568732  -0.951528  11236.7  2.14177  -0.384663  1
797  0  0.266917  -0.039764  9380.07  -0.105534  -0.239588  1
798  0  0.712051  -1.10054  11380.8  2.04694  -0.369722  1
799  0  0.759025  -0.213116  10929.3  1.85407  0.822911  1
800  0  0.381594  -0.702626  10882.3  2.36345  -0.453018  1
801  0  0.178587  -0.0393433  9545.64  0.19949  0.116044  1
802  0  0.113423  -0.0738873  9577.68  0.392468  -0.156577  1
803  0  0.126408  -0.097082  9623.56  0.795358  -0.493188  1
804  0  0.998524  -0.123139  11974.9  1.37155  0.180704  1
805  0  0.839333  -0.0192914  11787.8  0.246539  0.0966397  1
806  0  0.407614  0.187744  11648.2  2.15404  -0.0712436  1
807  0  0.102385  0.0969312  13196.8  1.21064  0.279222  1
808  0  0.811898  -0.493206  11141.1  2.13232  0.0987854  1
809  0  1.73566  1.36072  11756.6  2.05965  -0.475701  1
810  0  0.904882  -0.515721  11345.5  2.00935  0.0472339  1
811  0  0.49034  0.478723  11958.4  2.01254  -0.315641  1
812  0  0.444202  -0.0357427  6351.93  -2.48708  -0.143245  1
813  0  0.970254  -0.331035  11575.9  1.85601  0.197618  1
814  0  0.509581  -0.0601991  6677.51  -1.95899  0.218627  1
815  0  -0.164942  0.959998  12121.9  1.8959  -0.448021  1
816  0  -0.345584  -0.710531  11418.4  2.07491  -0.628874  1
817  0  -0.282712  0.437957  12303.6  1.76049  -0.48161  1
818  0  0.469835  -0.0642904  6082.3  -2.0018  0.00856962  1
819  0  0.707881  -0.0251264  10791.9  -0.576481  0.101303  1
820  0  0.864229  -0.0476136  11840.9  0.577289  0.212726  1
821  0  0.682497  0.164573  11657.6  2.1783  -0.465495  1
822  0  -0.108063  0.0709538  12722.6  1.33618  -0.843046  1
823  0  0.133315  -0.165355  9890.98  2.40379  -1.30397  1
824  0  0.280913  0.134503  11967.7  1.91379  0.215066  1
825  0  -0.0897011  -0.285029  11113.6  2.15509  -1.03456  1
826  0  0.798581  0.659164  11915.2  2.01896  -0.396719  1
827  0  0.364552  -0.0994733  6809.98  -0.797822  -0.827115  1
828  0  0.290473  -0.0381019  9227.17  -0.506216  -0.348771  1
829  0  0.369052  0.145478  11572.6  2.15198  0.0571438  1
830  0  -0.0147343  0.0136795  12313.1  0.297115  -1.61978  1
831  0  0.687777  1.42102  11941.1  1.9912  -0.460066  1
832  0  0.525032  0.168316  11415.8  2.31513  -0.277056  1
833  0  0.540978  0.197068  11521.9  2.19849  -0.30067  1
834  0  0.859206  -0.197321  11532.4  1.66956  0.551029  1
835  0  0.173138  -0.0856915  9576.5  -0.181444  0.0367719  1
836  0  1.01541  -0.0145611  12127.5  0.840379  -0.0326923  1
837  0  0.342786  0.14466  11697.3  2.09677  0.117004  1
838  0  0.410018  0.145938  11457.2  2.20514  -0.0191874  1
839  0  0.434801  0.145015  11374.1  2.22834  -0.0770166  1
840  0  0.647104  -0.0617657  9854.51  -0.744977  0.361871  1
841  0  0.683797  -0.060188  10396.8  -0.466276  0.299405  1
842  0  0.24687  -0.0371685  9407.68  0.168779  -0.0900072  1
843  0  0.370582  0.413714  12052.3  1.96649  -0.249901  1
844  0  0.795408  -0.0832415  11490.5  0.510899  0.452176  1
845  0  -0.76356  -0.00521094  11915.8  1.88837  -0.632398  1
846  0  0.389654  0.143985  11525.8  2.12396  0.0206283  1
847  0  0.831216  0.336455  11858.1  2.04929  -0.404712  1
848  0  0.456678  0.143104  11352.2  2.19789  -0.117482  1
849  0  0.750594  0.240634  11785.4  2.06724  -0.42162  1
850  0  -0.548593  0.152034  12077  1.82246  -0.62564  1
851  0  0.906433  0.18822  11904.6  2.00743  -0.43065  1
852  0  0.406367  -0.223872  6650.35  2.60018  -0.580563  1
853  0  -1.69961  0.0944649  11863.3  1.93522  -0.526961  1
854  0  0.930005  -0.647679  11369.4  2.02439  -0.0892444  1
855  0  -1.76104  0.62001  11944  1.93328  -0.512156  1
856  0  0.48313  0.171319  11428.2  2.30321  -0.1992  1
857  0  0.0432975  -0.149536  10315.6  2.36286  -1.48902  1
858  0  0.0494493  -1.14214  11341.4  2.07912  -0.545803  1
859  0  0.738093  0.353887  11834.1  2.06354  -0.387335  1
860  0  0.577598  0.178311  11470.2  2.25179  -0.363482  1
861  0  -0.0113714  -0.0823385  10698.6  2.07851  -1.78127  1
862  0  0.65497  -0.111444  9751.36  0.124237  0.653719  1
863  0  0.16002  -0.276792  9965.28  2.67381  -1.20034  1
864  0  1.37572  0.302287  11849.8  2.05831  -0.391019  1
865  0  1.71315  -1.703  11693  1.84077  -0.380636  1
866  0  -0.532769  -0.167862  11824.4  1.9044  -0.705428  1
867  0  0.903039  -0.0451171  11948.5  0.707377  0.157004  1
868  0  0.080435  -0.127841  9907.2  2.39715  -1.48556  1
869  0  0.161394  0.14648  12690.4  1.57859  0.213524  1
870  0  -0.0715584  -0.0812199  11443.4  1.74351  -1.37271  1
871  0  0.316192  0.300633  12086.6  1.95768  -0.132369  1
872  0  0.498509  -0.109975  5950.23  -0.646371  0.350699  1
873  0  1.42946  -0.800747  11637.4  1.82126  -0.252284  1
874  0  -0.210284  1.75666  12025.8  1.93983  -0.488691  1
875  0  0.182171  0.367949  12359.9  1.80102  -0.214123  1
876  0  0.747888  -0.140801  10961.6  0.973042  0.749346  1
877  0  0.663901  -0.0251977  10232.7  -0.860685  0.0703844  1
878  0  1.14052  -0.315961  11750.1  1.75379  -0.0069953  1
879  0  0.605372  1.00727  11976.9  1.97589  -0.423195  1
880  0  0.790448  1.02839  11932.8  1.99484  -0.428496  1
881  0  0.96847  -0.146071  11901.2  1.46301  0.257053  1
882  0  0.242736  -0.377922  9944.69  2.75321  -0.890089  1
883  0  0.512787  0.300256  11778.9  2.10076  -0.274465  1
884  0  -0.632648  0.282962  12078.4  1.83908  -0.588112  1
885  0  -1.32148  0.610632  11970.6  1.91927  -0.534113  1
886  0  0.848389  -0.111982  11721.9  1.01626  0.471025  1
887  0  0.620654  0.153489  11506.7  2.28057  -0.44328  1
888  0  0.231894  0.153067  12304.6  1.85927  0.219628  1
889  0  -0.462601  0.0571491  12063  1.80684  -0.675387  1
890  0  1.76927  -1.43315  11686  1.82822  -0.364871  1
891  0  0.968059  1.76731  11893.1  1.99077  -0.485677  1
892  0  -0.11744  0.539075  12319  1.78678  -0.418641  1
893  0  -0.208448  -0.204735  11575.4  1.95742  -0.950163  1
894  0  -0.00737093  0.298252  12656.8  1.59582  -0.327715  1
895  0  1.13913  -1.1522  11555.7  1.91311  -0.32015  1
896  0  0.212416  0.123299  12405.7  1.70767  0.308014  1
897  0  -0.114908  -0.0768824  11737.7  1.74182  -1.22093  1
898  0  0.371442  0.233359  11865.7  2.062  -0.0827802  1
899  0  1.59847  0.0276269  11788.4  2.03583  -0.371686  1
900  0  0.409413  1.69824  11976.9  1.96752  -0.478858  1
901  0  0.911674  -0.349395  11452.8  1.93759  0.246202  1
902  0  0.524882  -0.261943  7854.78  2.99951  0.355784  1
903  0  -0.460977  -0.428653  11587.6  2.00819  -0.696565  1
904  0  0.0203547  -0.239529  10658.9  2.32415  -1.21583  1
905  0  0.278686  0.2319  12155.9  1.91914  -0.0118429  1
906  0  -1.39656  1.7688  12013.1  1.93308  -0.5  1
907  0  -0.091231  -0.59763  11162.6  2.20604  -0.726647  1
908  0  0.488189  -0.03135  6710.55  -2.47457  -0.0295271  1
909  0  0.1042  -0.461511  10660.1  2.4495  -0.850138  1
910  0  0.0734967  0.378601  12481.6  1.71894  -0.28695  1
911  0  0.110294  -0.206193  10138.2  2.54037  -1.37021  1
912  0  1.30113  0.161465  11874.9  2.05048  -0.36194  1
913  0  0.857995  0.209477  11866.1  2.02268  -0.434817  1
914  0  -1.30119  0.921169  11997.5  1.92212  -0.520378  1
915  0  -1.02091  0.907584  12026.9  1.90788  -0.523157  1
916  0  0.659755  0.141476  11582  2.2528  -0.484573  1
917  0  0.88311  -0.014765  11926.8  0.389698  0.0638798  1
918  0  0.201033  0.491519  12237.4  1.86541  -0.302712  1
919  0  -0.209986  -0.359578  11365.2  2.08864  -0.853792  1
920  0  0.770145  -0.173068  11073  1.50389  0.828677  1
921  0  0.611359  -0.558159  10760.1  2.40526  -0.0812767  1
922  0  0.305701  -0.12968  8372.49  0.148757  -1.12544  1
923  0  -0.339628  0.84046  12141  1.8724  -0.464284  1
924  0  0.185404  0.192697  12538.8  1.68051  0.0773747  1
925  0  0.505508  -0.372743  9498.35  2.9988  -0.0206202  1
926  0  -0.236034  0.0834217  12345.4  1.62251  -0.761657  1
927  0  0.290735  -0.0776639  9075.32  -0.864009  -0.886117  1
928  0  0.0920895  -0.0404764  9493  -0.172245  -0.0426302  1
929  0  0.116882  -1.78502  11510.4  1.94775  -0.556003  1
930  0  -0.890167  0.0773958  11927.3  1.89562  -0.603884  1
931  0  0.70676  0.125402  11669.3  2.2048  -0.509004  1
932  0  0.0889992  0.137702  13109  1.27058  0.0782931  1
933  0  0.123905  0.281312  12579.9  1.67327  -0.153301  1
934  0  -1.0005  0.724548  12023.1  1.90156  -0.534743  1
935  0  0.913964  -0.0707412  11938.2  0.887895  0.224552  1
936  0  -1.0213  0.420382  11988.9  1.89521  -0.56061  1
937  0  -0.480664  -0.599048  11523  2.03089  -0.647743  1
938  0  -0.623271  -0.651675  11582.2  2.00223  -0.624756  1
939  0  -0.166171  -1.11373  11374  2.06852  -0.549443  1
940  0  0.798119  -0.108703  11454.1  0.774852  0.561053  1
941  0  0.802794  0.067345  11838  1.46884  -0.376732  1
942  0  1.11653  0.828918  11871.8  2.02943  -0.424245  1
943  0  0.746561  0.120369  11749  2.17417  -0.510266  1
944  0  -0.102278  0.216329  12732.3  1.48712  -0.49157  1
945  0  0.621505  -0.142993  9011.55  0.62291  0.800483  1
946  0  1.02052  0.239476  11924  2.01224  -0.403913  1
947  0  -0.383281  -0.886981  11438.6  2.05847  -0.581603  1
948  0  0.281778  0.179171  12086.9  1.92813  0.0938115  1
949  0  -1.7509  1.33281  11996.4  1.93519  -0.503042  1
950  0  0.0178329  -0.0830231  10173.2  2.27939  -1.83885  1
951  0  1.01404  0.0544451  12094.7  1.92472  -0.405293  1
952  0  0.173962  -0.981938  11234.8  2.14907  -0.546246  1
953  0  -0.991099  1.39309  12027.1  1.92217  -0.504158  1
954  0  -0.234843  -0.0601445  12001.3  1.75741  -0.919316  1
955  0  -1.16652  -0.938642  11631.4  1.95749  -0.566653  1
956  0  0.496558  0.21981  11597.6  2.17294  -0.237472  1
957  0  0.633012  -0.0806694  9563.93  -0.56409  0.534881  1
958  0  0.519982  -0.0805369  6681.13  -1.36683  0.405649  1
959  0  -0.19998  0.140599  12512.2  1.56052  -0.656674  1
960  0  -0.293158  -1.46096  11467.1  2.00353  -0.528435  1
961  0  -0.53007  0.58434  12146.8  1.84172  -0.512728  1
962  0  0.256853  0.377039  12236.5  1.87206  -0.209059  1
963  0  -0.166569  -0.291347  11344.6  2.07826  -0.944652  1
964  0  0.299106  0.530732  12144  1.91347  -0.312306  1
965  0  -0.411249  0.38495  12232.7  1.77757  -0.530947  1
966  0  -0.0131786  -0.423774  10934.6  2.29924  -0.900543  1
967  0  0.246895  0.239521  12264.9  1.8628  -0.017903  1
968  0  -1.76852  1.76852  12006.7  1.93559  -0.499255  1
969  0  0.304518  -0.392488  9764.69  2.85418  -0.766685  1
970  0  0.536476  -1.29026  11429.7  2.01503  -0.447721  1
971  0  -0.814561  1.0269  12054.4  1.90187  -0.509304  1
972  0  1.49042  0.571475  11816.2  2.06599  -0.418774  1
973  0  -0.219791  0.336518  12418.5  1.68769  -0.49358  1
974  0  0.0718123  0.65751  12217.8  1.85737  -0.389836  1
975  0  0.632805  0.114347  11449.6  1.89216  -0.418212  1
976  0  -1.10739  0.581695  11993.9  1.90551  -0.543898  1
977  0  0.609028  -0.271107  9345.14  2.73588  0.710092  1
978  0  -0.104779  -0.169808  11348.9  1.98535  -1.16156  1
979  0  -0.312774  -1.24353  11443.5  2.03107  -0.534129  1
980  0  0.984581  -0.0509548  12060.6  0.961347  0.0871774  1
981  0  0.795263  -0.018432  11582  -0.0142723  0.0858462  1
982  0  0.752079  -0.0205818  11263.4  -0.29856  0.0906996  1
983  0  0.398899  0.749101  12054  1.94848  -0.380741  1
984  0  1.02273  -0.225311  11803.7  1.69276  0.167736  1
985  0  0.50126  0.138447  11265.6  2.19207  -0.212358  1
986  0  0.812347  -1.48772  11525.6  1.93937  -0.421003  1
987  0  0.71816  0.091802  11695.6  1.6656  -0.418062  1
988  0  -0.756085  0.56545  12069.9  1.87194  -0.54441  1
989  0  0.83672  0.1318  11864.4  2.08591  -0.477634  1
990  0  0.936393  -0.247001  11660.3  1.75531  0.318024  1
991  0  0.156895  1.16471  12054  1.93703  -0.445045  1
992  0  0.399896  -0.0343932  6871.76  -2.23969  -0.237503  1
993  0  0.356464  -0.033776  7959.11  -1.626  -0.301381  1
994  0  0.673757  -0.275358  10078  2.47911  0.736935  1
995  0  0.218182  -0.0624406  9485.55  -0.132867  -0.0984994  1
996  0  1.13454  -0.0937967  11982.7  1.38896  -0.039232  1
997  0  0.126409  -1.29328  11391.1  2.0334  -0.535894  1
998  0  0.716223  -0.134364  10602.7  0.809943  0.799802  1
999  0  0.694376  -0.162767  10230.6  1.1744  0.902206  1
1000  0  -0.124115  -0.0250413  12140.9  1.55066  -1.11679  1
1001  0  0.887122  0.851836  11910.1  2.0128  -0.417103  1
1002  0  0.230038  -0.27305  9549.62  2.85471  -1.19292  1
1003  0  1.0378  -0.138815  11972  1.46541  0.125889  1
1004  0  1.07096  -0.185936  11899.4  1.60966  0.0906392  1
1005  0  -0.965965  -1.78547  11537.6  1.95366  -0.507043  1
1006  0  0.252051  1.32306  12019  1.95437  -0.457069  1
1007  0  1.01196  0.132188  11983.3  2.00296  -0.407892  1
1008  0  -0.0493081  -0.859085  11241.2  2.15441  -0.600746  1
1009  0  0.267478  0.317338  12218  1.88574  -0.141845  1
1010  0  -0.33402  0.575336  12226.7  1.81226  -0.47199  1
