271  544  1021
274  536  976
330  484  1035
425  514  905
377  466  950
291  505  937
419  561  887
377  466  885
326  603  642
455  530  926
428  645  764
423  570  792
270  432  598
29  30  453
484  556  1035
291  475  937
310  568  741
352  642  768
330  409  638
334  456  688
330  409  681
38  469  738
473  640  882
332  570  925
447  714  808
19  486  864
374  379  601
103  104  529
290  482  811
94  95  518
281  388  592
29  453  553
361  447  883
358  497  554
383  655  853
302  475  566
324  532  533
440  560  703
309  483  1020
277  504  611
570  925  967
393  608  618
299  605  768
406  516  769
357  539  654
274  426  551
40  714  808
270  659  753
332  498  735
431  605  768
359  538  667
295  608  618
361  521  721
300  433  911
396  544  619
544  580  1021
645  764  1003
613  787  856
361  521  883
354  571  644
52  53  543
293  398  855
346  429  510
397  549  930
350  501  945
272  480  651
303  685  804
35  36  479
373  589  744
271  544  619
352  594  720
353  567  878
378  528  777
311  485  597
320  571  811
341  532  596
382  536  554
302  475  595
50  51  542
355  530  926
435  589  744
322  427  857
325  579  603
364  572  672
366  500  1001
374  379  765
311  505  585
279  443  458
268  528  957
42  565  846
333  561  887
30  453  830
332  735  925
536  554  976
549  930  957
433  631  911
547  654  982
311  505  586
349  445  508
281  514  633
348  514  905
332  570  792
350  502  945
287  839  906
355  530  619
350  501  580
351  525  692
332  498  792
19  20  864
405  519  862
119  120  539
117  118  538
352  434  594
342  435  516
636  839  906
384  552  759
373  552  759
291  546  610
353  567  812
361  570  721
277  504  717
357  539  837
367  628  685
38  39  738
309  932  1020
296  572  781
283  577  806
298  526  581
301  653  970
398  743  855
269  625  751
44  583  846
350  942  975
358  554  565
383  508  853
374  432  601
368  496  741
557  667  938
405  668  833
465  567  812
342  516  769
311  485  953
373  589  680
344  503  728
369  551  677
524  659  753
500  616  1001
272  525  692
363  484  634
330  484  975
121  122  547
378  676  752
71  72  552
297  491  702
685  804  886
273  464  1016
300  433  613
318  494  873
484  556  634
383  500  757
381  539  837
363  484  512
396  530  619
359  538  866
318  587  873
291  505  586
387  699  822
409  590  681
339  437  519
334  456  912
281  514  679
289  472  607
278  450  572
382  536  718
91  92  569
353  599  878
512  942  975
433  631  1028
302  555  882
391  558  761
273  521  764
35  479  735
383  655  757
380  558  761
342  476  744
283  787  856
329  520  736
496  568  741
1  10  709
1  45  709
381  538  866
282  421  682
455  530  762
115  116  557
300  615  911
357  654  982
78  79  559
334  688  826
408  736  1029
335  739  945
113  114  558
304  449  773
281  388  633
272  480  666
334  651  826
384  664  825
322  647  842
293  560  703
291  475  807
366  495  575
361  447  714
473  640  716
93  94  563
299  642  768
100  101  564
125  126  575
341  532  684
440  560  886
383  500  616
24  556  1035
329  520  618
42  43  846
331  597  990
387  509  822
339  437  818
287  470  723
278  572  672
360  507  590
359  667  938
304  591  860
350  580  638
312  640  882
289  607  639
276  530  762
301  631  1028
34  498  735
485  597  990
290  477  811
335  739  943
339  519  862
291  546  807
295  608  947
439  625  948
301  493  653
369  551  621
366  500  575
373  552  680
43  44  846
393  607  639
308  584  620
405  519  833
600  675  974
442  515  910
378  528  752
270  432  848
327  560  746
304  449  636
450  572  781
303  628  685
317  503  728
438  682  1032
62  63  574
452  528  957
94  518  563
526  581  588
486  676  752
475  566  807
415  673  892
372  446  839
477  571  811
389  515  890
543  691  747
408  663  755
371  562  775
360  548  725
356  604  662
344  454  545
329  736  1029
268  528  777
297  459  702
384  510  825
360  548  681
540  603  642
308  584  771
302  850  882
40  41  808
273  521  721
425  514  679
278  450  734
403  518  731
311  586  953
484  512  975
351  525  748
402  691  747
367  478  675
322  462  857
272  525  737
369  443  577
284  440  931
406  671  835
340  451  522
400  867  944
352  487  720
288  690  795
492  887  1000
443  458  977
359  573  767
270  598  753
419  561  637
315  585  937
333  492  887
344  503  891
336  641  928
479  735  925
293  398  750
273  527  1016
563  599  780
274  426  758
305  571  644
323  541  796
324  533  868
404  444  708
357  722  736
47  48  594
104  529  649
36  479  863
284  715  895
24  548  1035
378  777  873
103  529  648
38  469  730
375  518  731
418  509  798
371  717  810
342  435  744
495  755  1029
453  706  830
282  421  606
28  29  553
406  516  835
24  25  556
290  482  770
422  887  1000
415  651  692
307  512  942
292  592  1023
308  567  878
34  498  831
439  625  751
368  496  800
495  575  789
389  492  1004
480  651  826
497  554  976
317  591  894
604  845  912
408  755  1029
396  530  888
389  531  1004
73  74  589
367  675  974
445  508  803
423  570  721
312  403  731
390  504  611
327  560  886
501  739  945
474  599  878
409  544  580
95  518  669
385  574  794
23  24  548
410  550  823
401  574  794
283  577  787
423  531  821
307  502  942
461  613  787
404  444  838
448  690  795
334  424  912
388  592  713
379  601  672
269  625  857
280  621  704
377  576  950
365  598  611
377  576  843
312  474  640
14  517  707
360  590  681
325  579  658
337  465  567
324  532  684
410  719  823
440  703  931
426  551  621
287  723  906
312  474  877
443  577  806
312  403  877
366  817  1001
318  587  588
374  432  848
424  604  662
395  536  1003
335  480  996
356  604  716
339  653  818
21  496  1010
0  138  630
294  578  897
318  526  588
576  727  843
86  87  600
23  548  725
515  890  910
429  510  799
353  489  599
438  715  1032
301  493  622
371  751  775
354  784  929
298  581  707
390  504  819
285  473  686
375  609  669
450  578  734
292  579  603
500  575  802
289  708  849
394  625  948
14  581  707
349  712  991
412  689  739
380  626  695
329  535  817
435  516  813
414  606  748
396  544  932
483  623  884
395  536  980
506  591  860
389  515  774
463  679  919
292  592  713
401  697  879
321  710  770
487  768  1019
448  592  1023
386  564  828
350  502  942
414  606  711
327  411  740
365  468  578
284  440  804
296  485  990
437  519  793
296  532  596
382  554  565
346  510  876
376  762  827
370  550  875
342  476  791
278  601  672
397  659  756
274  536  980
348  758  946
392  564  828
413  577  787
324  573  868
372  446  665
511  608  947
13  517  742
370  630  776
457  573  868
98  99  614
340  653  778
418  696  798
335  480  943
120  539  654
282  682  1032
96  97  609
370  776  779
387  649  699
25  556  634
271  689  739
118  538  652
119  539  652
442  515  907
53  543  691
280  621  643
117  538  667
333  890  910
416  541  796
328  631  911
302  595  871
289  472  954
283  537  806
413  461  726
285  604  845
504  717  810
52  543  693
457  573  767
401  545  879
420  659  756
346  429  683
363  553  674
34  35  735
301  622  1028
450  533  781
272  651  692
273  464  959
386  648  698
298  526  842
298  460  796
89  90  612
379  546  610
535  817  1001
480  666  996
310  568  913
39  40  714
51  542  693
453  553  1009
122  547  663
363  553  1009
0  776  1019
314  821  1004
348  758  905
382  718  808
555  809  871
121  547  654
372  534  839
376  546  807
279  443  958
296  572  870
395  551  677
338  595  678
437  522  840
428  764  959
295  520  602
292  540  603
315  585  814
397  549  928
319  602  766
327  411  746
50  542  700
391  573  761
402  747  908
292  540  713
411  569  916
407  499  895
413  577  643
623  884  1031
407  537  806
349  445  929
71  552  664
293  682  703
404  562  708
334  424  918
756  913  1034
307  512  788
279  645  677
72  552  680
291  610  1002
111  112  626
109  110  627
358  583  885
385  632  705
388  633  702
39  714  738
16  587  923
315  814  828
354  571  763
309  590  1008
370  875  904
276  765  888
397  524  928
393  608  639
128  129  655
531  821  1004
330  681  1035
273  764  959
66  67  629
415  892  922
303  628  778
33  34  831
426  758  905
451  522  841
411  569  635
412  739  943
505  585  937
387  597  824
291  586  1002
356  584  771
340  451  628
448  592  919
64  65  632
287  726  839
282  711  785
305  571  992
341  596  782
13  14  517
421  467  1030
413  461  787
452  930  957
375  731  809
380  684  761
369  621  643
360  507  913
356  640  771
316  503  690
409  580  638
284  499  895
474  599  877
379  610  672
446  636  839
439  819  948
377  583  936
358  583  846
325  603  867
463  665  903
268  549  641
374  582  765
277  611  966
316  579  658
25  26  634
116  557  667
372  665  903
477  571  992
549  641  928
115  557  670
403  563  599
279  645  754
380  684  832
391  573  938
458  715  895
452  528  999
307  502  969
423  721  881
322  462  647
410  657  719
26  27  674
386  814  828
498  792  994
389  492  890
295  520  618
354  644  929
32  515  774
114  558  670
447  718  808
393  962  1006
469  925  967
298  460  707
113  558  695
452  741  930
331  596  782
377  583  885
126  575  802
125  575  789
78  559  671
520  722  736
79  559  668
285  604  716
397  524  659
312  555  731
423  531  792
383  616  712
454  545  854
288  665  795
532  533  781
448  795  919
347  591  790
19  486  901
506  591  894
286  584  620
463  679  903
13  742  934
302  566  850
370  550  630
489  599  780
101  564  698
275  950  965
360  568  913
366  495  817
526  647  842
463  665  795
335  637  945
306  593  712
297  491  859
326  867  944
355  619  689
337  746  855
100  564  694
436  617  776
281  679  919
364  610  672
302  555  871
413  534  726
299  605  701
287  470  955
387  597  902
104  105  649
294  533  868
363  512  1009
309  483  884
341  684  832
343  764  883
102  103  648
405  559  921
57  58  660
91  569  635
407  499  622
315  595  678
465  569  916
21  22  1010
360  568  725
16  17  923
426  621  704
376  686  827
352  434  940
306  535  1001
55  56  661
457  868  1026
464  711  785
132  133  656
134  135  657
470  834  1017
365  468  966
427  488  844
290  477  917
0  630  776
330  638  975
378  587  873
380  558  695
32  515  907
429  783  799
525  745  748
296  596  990
411  612  635
15  16  588
406  559  921
474  640  771
394  646  952
390  819  927
118  119  652
403  518  563
425  679  903
414  745  748
22  23  725
548  681  1035
511  608  1007
456  845  912
342  615  769
456  688  926
320  571  763
368  741  999
120  121  654
122  123  663
369  443  958
399  715  1032
396  932  1020
405  862  921
550  630  880
317  503  894
315  595  937
617  776  1019
468  578  897
343  536  718
326  603  867
285  473  716
404  562  775
310  741  930
365  598  964
310  756  913
70  71  664
458  715  899
376  566  807
562  708  849
274  551  980
363  634  674
441  727  934
380  626  832
63  574  705
387  649  847
402  691  724
278  601  920
359  573  938
4  37  863
318  494  646
62  574  697
316  503  891
280  687  704
90  91  635
535  962  1006
369  577  643
441  576  727
4  36  863
299  540  642
593  712  991
311  597  902
21  496  800
116  117  667
16  587  588
421  606  1011
298  416  796
375  609  869
450  533  951
410  763  875
308  771  878
390  598  611
347  591  896
386  648  851
114  115  670
77  78  671
79  80  668
358  497  1036
418  782  956
294  578  951
435  813  815
319  602  722
349  508  949
53  54  691
407  537  622
343  536  1003
402  661  724
368  528  752
375  518  669
93  563  780
92  569  772
333  492  890
73  589  680
284  499  804
276  530  888
275  491  989
419  737  887
400  747  867
294  868  1026
444  708  954
14  15  581
377  709  936
300  834  1017
296  485  870
51  52  693
441  576  965
521  764  883
387  509  824
72  73  680
418  509  956
338  595  871
437  820  840
15  581  588
309  590  933
74  589  815
272  666  737
364  610  1002
520  602  722
286  584  662
355  688  926
497  758  946
49  50  700
383  508  949
381  837  866
365  611  966
95  96  669
410  550  875
279  458  899
374  848  993
512  788  1009
26  634  674
61  62  697
87  88  675
355  688  689
338  471  865
328  615  769
364  572  870
321  482  770
99  100  694
349  712  949
293  682  750
537  622  1028
108  109  696
493  622  995
424  673  918
112  113  695
275  491  965
297  459  1013
339  862  970
384  624  759
385  574  705
20  21  800
311  902  998
410  657  801
344  545  1015
331  597  824
582  765  888
319  766  767
394  641  952
22  725  1010
388  701  979
282  606  711
422  525  745
311  585  998
105  106  699
295  602  947
462  646  647
437  793  820
344  454  760
308  620  893
343  764  1003
542  700  944
430  602  766
101  102  698
367  478  1018
340  653  818
419  666  737
338  471  869
507  590  1008
576  950  965
352  642  940
342  615  791
506  894  1024
442  830  907
405  559  668
10  11  843
422  525  737
3  27  914
3  28  914
384  510  876
445  803  874
501  580  1021
476  829  898
434  700  944
63  64  705
430  602  947
328  631  862
474  771  878
288  506  1024
514  633  989
341  481  797
462  625  857
384  624  876
87  600  675
341  481  832
392  678  828
336  819  948
415  673  918
2  18  901
2  19  901
270  623  1031
451  841  858
416  541  710
135  136  719
432  601  920
86  600  858
473  850  882
17  18  676
313  829  898
299  701  979
385  632  889
286  662  673
437  522  818
99  614  694
348  514  733
317  591  790
318  526  647
329  535  1006
386  564  698
388  713  979
96  609  669
123  124  755
356  584  662
385  790  794
322  427  844
328  862  921
306  616  1001
268  777  952
305  644  991
376  546  973
32  33  774
392  678  865
127  128  757
400  543  747
306  616  712
395  645  677
337  567  743
285  686  827
417  608  1007
48  594  729
617  768  1019
37  38  730
331  782  956
454  852  854
424  662  673
467  892  922
109  627  696
469  730  925
112  626  695
138  630  880
90  612  635
329  618  1006
381  538  652
28  553  914
381  539  652
98  614  909
406  769  921
97  609  909
368  528  999
325  747  908
434  940  944
389  531  994
450  578  951
438  682  703
128  655  757
67  68  783
290  838  941
412  688  826
418  627  696
312  555  882
271  619  689
323  431  605
270  659  1031
331  596  990
376  566  686
493  653  778
46  47  720
413  534  981
338  678  865
324  684  761
54  55  724
414  984  1016
440  804  886
374  582  993
307  706  788
455  762  827
392  614  694
408  547  663
361  570  967
432  598  964
404  650  749
411  612  740
320  875  904
479  730  925
404  650  838
300  613  834
47  594  720
358  565  846
129  655  853
404  749  775
10  709  843
326  642  940
372  534  872
67  629  783
409  590  933
400  543  693
349  929  991
27  674  914
502  637  945
42  565  960
425  687  704
324  573  761
296  532  781
444  732  954
11  12  727
89  612  968
415  692  922
337  465  916
488  710  770
393  618  1006
124  125  789
111  626  961
394  646  1005
110  627  961
347  490  786
365  578  734
372  687  872
273  527  881
400  542  693
64  632  705
354  513  784
31  32  907
284  715  931
105  649  699
30  31  830
269  751  775
351  606  1011
31  830  907
345  658  908
478  740  1018
81  82  793
425  687  903
268  549  957
560  746  855
354  513  801
323  431  900
462  646  1005
74  75  815
396  888  1020
347  490  889
382  565  960
491  633  702
102  648  698
68  69  799
336  641  948
107  108  798
320  763  875
368  752  864
82  83  820
126  127  802
123  663  755
66  629  963
390  598  753
412  688  689
135  657  719
334  651  918
394  641  948
351  606  748
527  821  881
421  467  1011
388  701  702
531  792  994
378  587  923
352  487  768
361  714  738
48  49  729
335  637  996
130  131  803
449  636  906
470  829  1017
421  750  1030
333  561  910
297  742  997
75  76  813
417  608  639
65  632  963
370  779  904
306  535  962
457  766  767
384  552  664
400  542  944
561  924  969
415  651  918
340  522  818
319  837  866
12  13  934
369  677  958
409  544  933
444  917  992
316  579  972
288  506  861
268  641  952
106  107  822
428  645  754
20  800  864
373  744  898
422  737  887
555  731  809
69  70  825
283  537  856
434  700  729
313  723  829
321  482  779
534  726  839
413  643  981
136  137  823
390  753  927
80  81  833
298  416  842
445  656  784
58  59  852
12  727  934
466  733  950
306  593  987
307  924  969
427  488  941
379  546  915
132  656  874
76  77  835
439  810  819
85  86  858
41  42  960
83  84  840
371  562  1012
430  897  1026
451  628  974
84  85  841
385  790  889
133  656  1033
134  657  1033
328  615  911
347  790  889
70  664  825
411  746  916
568  725  1010
391  557  670
304  636  860
321  710  1022
393  607  962
418  627  797
623  848  993
129  130  853
644  929  991
59  60  854
351  692  922
391  558  670
303  778  995
340  628  778
131  132  874
305  985  991
414  745  984
323  796  816
399  715  899
477  917  992
377  709  843
321  436  779
383  712  949
346  683  773
372  687  903
44  45  936
402  661  935
459  605  701
55  661  724
325  747  867
58  660  852
472  607  987
77  671  835
410  763  801
475  595  937
308  567  893
270  623  848
80  668  833
275  733  950
60  61  879
137  138  880
353  489  812
338  809  869
446  665  861
429  629  783
436  617  900
631  862  970
328  769  921
395  551  980
491  633  989
108  696  798
493  778  995
44  583  936
486  676  901
346  624  876
429  683  786
57  660  1014
406  559  671
288  665  861
345  658  988
367  685  1018
392  564  694
433  613  856
124  755  789
445  656  874
56  661  1014
106  699  822
279  677  958
306  962  987
364  586  1002
387  847  902
313  624  759
356  640  716
280  687  872
464  711  1016
97  98  909
364  870  953
427  650  941
491  859  965
127  757  802
494  777  952
401  545  1015
294  533  951
317  790  794
553  674  914
417  717  1007
427  749  857
286  620  805
362  529  847
54  691  724
320  811  904
289  708  954
470  834  955
362  529  851
357  722  837
514  733  989
459  701  702
513  656  784
68  783  799
11  727  843
401  728  794
417  639  849
392  614  865
561  637  969
414  711  1016
375  809  869
354  763  801
339  653  970
273  721  881
304  591  896
343  718  883
61  697  879
88  675  968
452  741  999
444  732  992
325  658  908
429  629  786
486  752  864
399  754  939
305  732  985
416  842  844
371  751  810
398  620  893
289  639  849
75  813  815
442  706  830
286  673  892
82  793  820
350  638  975
421  682  750
494  646  952
453  706  788
107  798  822
307  706  924
69  799  825
425  704  905
397  756  930
136  719  823
110  111  961
92  772  978
496  568  1010
81  793  833
399  785  939
419  637  996
423  821  881
460  707  997
511  1007  1027
65  66  963
478  612  740
359  767  866
427  650  749
130  803  853
378  676  923
297  742  859
76  813  835
88  89  968
473  686  850
313  723  1025
499  622  995
299  540  979
398  743  893
566  686  850
435  589  815
131  803  874
83  820  840
92  93  978
18  676  901
0  46  986
408  547  982
318  646  647
386  814  851
49  700  729
327  685  886
287  726  955
436  776  779
303  804  995
524  753  927
422  745  1000
300  615  791
362  814  998
346  624  971
418  782  797
347  683  786
280  643  981
269  749  857
85  841  858
438  715  931
84  840  841
401  574  697
315  678  828
137  823  880
322  842  844
483  582  993
345  523  836
466  733  946
408  736  982
45  709  936
424  604  912
540  713  979
446  636  860
472  593  985
345  523  935
401  728  1015
403  599  877
347  683  896
449  773  971
479  730  863
348  733  946
269  749  775
133  134  1033
504  810  819
389  774  831
56  57  1014
529  649  847
513  657  801
33  774  831
683  773  896
293  560  855
59  852  854
472  593  987
481  627  797
391  557  938
529  648  851
364  586  953
454  660  852
285  827  845
562  849  1012
417  717  1012
430  766  1026
341  782  797
37  730  863
455  827  845
361  738  967
379  765  915
367  628  974
420  884  1008
93  780  978
277  717  1007
336  819  927
483  623  993
326  940  944
60  854  879
527  984  1016
503  690  1024
481  626  832
305  732  992
288  690  1024
481  626  961
481  627  961
399  754  899
461  613  834
507  913  1034
483  582  1020
490  629  786
319  722  837
323  541  900
471  609  909
471  614  909
316  690  972
488  710  844
513  656  1033
368  800  864
513  657  1033
294  897  1026
337  746  916
476  744  898
279  754  899
449  723  906
478  675  968
460  796  816
465  569  772
567  743  893
373  759  898
402  908  935
278  734  920
459  605  816
451  600  858
472  732  985
471  609  869
319  767  866
449  723  1025
607  962  987
494  777  873
461  726  955
462  625  1005
337  743  855
433  856  1028
362  814  851
454  660  836
490  629  963
502  637  969
357  736  982
442  706  924
376  762  973
399  785  1032
455  845  926
490  632  963
301  631  970
470  723  829
314  745  984
395  645  1003
439  751  810
471  614  865
344  760  891
345  908  935
398  750  1030
46  720  986
434  594  729
534  872  981
454  760  836
445  784  929
314  745  1000
472  732  954
469  738  967
323  605  816
327  685  1018
338  809  871
490  632  889
282  785  1032
582  888  1020
398  620  805
517  742  997
41  808  960
277  1007  1027
461  834  955
650  838  941
426  704  905
451  600  974
478  612  968
419  666  996
382  808  960
527  821  984
276  765  915
489  772  812
447  718  883
309  932  933
446  860  861
420  1008  1034
286  805  892
500  757  802
495  755  789
290  838  917
329  817  1029
482  779  904
441  742  859
17  676  923
428  754  939
346  773  971
561  910  924
467  922  1011
313  759  898
523  660  836
290  770  941
466  885  1036
441  742  934
389  831  994
276  762  973
417  849  1012
271  739  1021
420  756  1034
358  885  1036
321  436  1022
489  772  978
460  997  1013
467  805  892
274  758  976
465  772  812
344  728  1015
275  733  989
508  803  853
314  821  984
523  660  1014
313  624  1025
506  860  861
585  814  998
310  756  930
292  579  1023
523  661  1014
281  592  919
0  986  1019
444  838  917
420  884  1031
485  870  953
345  760  988
544  932  933
467  805  1030
420  659  1031
316  658  988
509  798  822
362  847  902
593  985  991
371  717  1012
431  617  900
482  811  904
509  824  956
297  997  1013
546  915  973
457  766  1026
443  806  977
317  728  794
438  703  931
510  799  825
523  661  935
541  710  1022
495  817  1029
407  806  977
276  915  973
441  859  965
498  831  994
416  710  844
345  760  836
516  813  835
394  625  1005
499  804  995
519  793  833
365  734  964
336  927  928
489  780  978
550  823  880
760  891  988
468  897  983
412  826  943
280  872  981
442  910  924
537  856  1028
456  845  926
304  773  896
468  966  1027
480  826  943
464  785  939
522  840  841
476  829  1017
517  707  997
407  895  977
460  816  1013
487  720  986
327  740  1018
428  939  959
309  884  1008
430  897  983
277  966  1027
448  690  972
362  902  998
463  795  919
453  788  1009
524  927  928
545  854  879
734  920  964
300  791  1017
431  617  768
430  947  983
476  791  1017
468  983  1027
497  758  976
501  739  1021
459  816  1013
503  894  1024
458  895  977
487  986  1019
464  939  959
398  805  1030
314  1000  1004
497  946  1036
432  920  964
436  900  1022
351  922  1011
331  824  956
579  972  1023
624  971  1025
511  947  983
511  983  1027
492  1000  1004
448  972  1023
449  971  1025
466  946  1036
316  891  988
507  1008  1034
488  770  941
541  900  1022
