0  2  1  0  15500.6  0  0  1
1  1  2  2  15357.7  2.05481  -0.308784  1
2  1  2  -2  15348.7  1.94553  -0.241005  1
3  3  -2  -2  15343.9  1.97326  -0.3325  1
4  3  -2  2  15582  1.97224  -0.332078  1
10  1  2  1.6  15353.2  2.11089  -0.269452  1
11  1  2  1.2  15353.2  2.05087  -0.263807  1
12  1  2  0.8  15353.2  2.01521  -0.281938  1
13  1  2  0.4  15353.2  2.03987  -0.273097  1
14  1  2  5.50449e-12  15353.2  2.01782  -0.238462  1
15  1  2  -0.4  15353.2  1.91577  -0.204689  1
16  1  2  -0.8  15353.2  1.88455  -0.206068  1
17  1  2  -1.2  15353.2  1.91738  -0.226576  1
18  1  2  -1.6  15353.2  1.93529  -0.233886  1
19  0  1.6  -2  15333.4  1.95412  -0.24842  1
20  0  1.2  -2  15309.5  1.96464  -0.258023  1
21  0  0.8  -2  15287.5  1.97458  -0.275572  1
22  0  0.4  -2  15284.3  1.98553  -0.291134  1
23  0  5.50449e-12  -2  15290.8  1.99424  -0.312096  1
24  0  -0.4  -2  15301.4  1.99413  -0.349273  1
25  0  -0.8  -2  15321.6  1.98708  -0.360983  1
26  0  -1.2  -2  15330.1  1.98034  -0.345435  1
27  0  -1.6  -2  15335  1.97611  -0.335369  1
28  3  -2  -1.6  15351  1.97224  -0.332078  1
29  3  -2  -1.2  15365.6  1.97224  -0.332078  1
30  3  -2  -0.8  15389.6  1.97224  -0.332078  1
31  3  -2  -0.4  15425.1  1.97224  -0.332078  1
32  3  -2  -5.50449e-12  15463.8  1.97224  -0.332078  1
33  3  -2  0.4  15500.8  1.97224  -0.332078  1
34  3  -2  0.8  15534.9  1.97224  -0.332078  1
35  3  -2  1.2  15559.2  1.97224  -0.332078  1
36  3  -2  1.6  15573.7  1.97224  -0.332078  1
37  0  -1.6  2  15593  1.97224  -0.332078  1
38  0  -1.2  2  15613.3  1.97224  -0.332078  1
39  0  -0.8  2  15617.9  1.97224  -0.332078  1
40  0  -0.4  2  15584.5  1.97224  -0.332078  1
41  0  -5.50449e-12  2  15557.5  1.97224  -0.332078  1
42  0  0.4  2  15522.2  1.97224  -0.332078  1
43  0  0.8  2  15452  1.97224  -0.332078  1
44  0  1.2  2  15415.8  1.97224  -0.332078  1
45  0  1.6  2  15389.2  1.97224  -0.332078  1
46  2  0.978958  0.00591657  15515.5  -2.35054e-17  4.58693e-18  1
47  2  0.957746  0.0112544  15502  -7.08954e-17  1.31558e-17  1
48  2  0.93642  0.0161228  15475  -3.36999e-16  6.92245e-17  1
49  2  0.915072  0.0208976  15430.8  -2.46519e-32  0  1
50  2  0.893727  0.0256842  15425.1  0  0  1
51  2  0.872384  0.0304775  15386.6  7.87337e-17  -2.29606e-17  1
52  2  0.851041  0.0352704  15339.1  -7.10705e-17  1.29372e-17  1
53  2  0.829697  0.0400634  15339  0  0  1
54  2  0.808348  0.0448314  15298.5  3.78434e-16  -7.58473e-17  1
55  2  0.786994  0.049576  15260.2  -2.46519e-32  6.16298e-33  1
56  2  0.765625  0.0542571  15216.4  0  0  1
57  2  0.744244  0.0588771  15172.8  0  0  1
58  2  0.722841  0.0633991  15153.1  3.84803e-17  -6.23808e-18  1
59  2  0.701418  0.0678245  15101.9  -7.30048e-16  1.37959e-16  1
60  2  0.679969  0.0721197  15047.7  3.87152e-16  -7.07273e-17  1
61  2  0.658492  0.0762737  14994.1  0  0  1
62  2  0.636985  0.0802665  14965.1  -1.44168e-16  2.31349e-17  1
63  2  0.615442  0.0840636  14924.9  4.48534e-16  -6.9049e-17  1
64  2  0.593865  0.0876638  14894.5  0  0  1
65  2  0.572249  0.0910173  14858.9  2.92131e-16  -4.21885e-17  1
66  2  0.550597  0.0941296  14813.7  0  3.08149e-33  1
67  2  0.528902  0.0969301  14803.3  0  0  1
68  2  0.507169  0.0994227  14766.6  -2.86607e-16  2.88878e-17  1
69  2  0.485396  0.101521  14723  2.30745e-16  -2.0181e-17  1
70  2  0.463585  0.103189  14689.2  1.47703e-16  -1.13064e-17  1
71  2  0.441745  0.104423  14678.7  9.91429e-17  -1.5351e-18  1
72  2  0.419884  0.105195  14712.1  0  0  1
73  2  0.398012  0.105528  14751  -1.43756e-16  -9.40495e-19  1
74  2  0.376137  0.105437  14841.6  0  0  1
75  2  0.354268  0.104927  14883.9  7.78437e-17  5.78784e-18  1
76  2  0.332412  0.104033  14913.7  -4.77733e-16  -1.8307e-17  1
77  2  0.310575  0.102743  14952  -4.63676e-16  -3.51452e-17  1
78  2  0.288764  0.101073  14948.3  -4.93038e-32  -3.08149e-33  1
79  2  0.266988  0.0990001  15086.4  0  0  1
80  2  0.245256  0.0965059  15180.6  -7.79688e-16  -9.50885e-17  1
81  2  0.22358  0.093567  15229.1  0  0  1
82  2  0.201971  0.0901633  15366.2  -4.40662e-16  -6.56508e-17  1
83  2  0.180449  0.0862549  15456.1  8.89729e-17  2.12217e-17  1
84  2  0.159036  0.0817876  15559.2  0  0  1
85  2  0.137758  0.0767118  15728.2  0  0  1
86  2  0.116659  0.070942  15868.6  -9.7794e-17  -1.34307e-17  1
87  2  0.095796  0.0643711  16034.4  0  0  1
88  2  0.0752579  0.056848  16339.4  0  0  1
89  2  0.0551925  0.0481457  16628.1  -5.43402e-17  4.73369e-17  1
90  2  0.0358715  0.0379048  16997.4  -2.54951e-16  -4.56904e-17  1
91  2  0.0179018  0.0254657  17074.9  -5.95124e-18  -1.07271e-16  1
92  2  0.00318864  0.00939622  15897.8  9.0171e-17  5.8827e-17  1
93  2  0.00700274  -0.00902051  12612  -9.8311e-17  8.08771e-17  1
94  2  0.0262368  -0.0193295  11579.6  2.70974e-16  -1.18309e-16  1
95  2  0.0468244  -0.0266996  12857.1  5.41947e-16  -2.36619e-16  1
96  2  0.0678815  -0.032616  13077.3  0  0  1
97  2  0.0891816  -0.0375929  13302.5  -1.89031e-16  5.49804e-17  1
98  2  0.110626  -0.0419079  13457.2  0  6.16298e-33  1
99  2  0.132166  -0.045723  13600.8  -2.90268e-16  6.04303e-17  1
100  2  0.153771  -0.0491458  13690.4  -4.93038e-32  -6.16298e-33  1
101  2  0.175427  -0.0522355  13750.8  4.89021e-16  -8.58322e-17  1
102  2  0.197121  -0.0550358  13777  2.20252e-16  -3.0972e-17  1
103  2  0.21885  -0.0575654  13891.3  -1.98173e-16  3.00887e-17  1
104  2  0.240606  -0.0598417  13940.6  0  0  1
105  2  0.262385  -0.0618808  13937.9  0  0  1
106  2  0.284185  -0.0636997  13984.3  5.48799e-16  -5.89783e-17  1
107  2  0.306001  -0.0652944  14007.5  -3.7049e-16  3.09435e-17  1
108  2  0.327833  -0.0666689  14009.4  -1.7717e-16  1.58656e-17  1
109  2  0.349678  -0.0678212  14080.9  -3.93458e-16  2.24816e-17  1
110  2  0.371533  -0.0687454  14111.1  -1.83525e-16  7.18859e-18  1
111  2  0.393397  -0.0694423  14152  1.98555e-16  -6.18122e-18  1
112  2  0.415267  -0.0698936  14196.6  4.07449e-16  -1.34408e-17  1
113  2  0.437141  -0.0701034  14229.4  2.03403e-16  -2.57168e-18  1
114  2  0.459016  -0.0700377  14253  2.22004e-16  -5.2423e-18  1
115  2  0.480888  -0.0697078  14275.2  1.82836e-16  -3.93437e-19  1
116  2  0.502752  -0.0690151  14364.3  3.08828e-18  3.15724e-18  1
117  2  0.524602  -0.0679634  14413  0  0  1
118  2  0.546422  -0.0664339  14436.6  3.99416e-16  1.0953e-17  1
119  2  0.568197  -0.0643407  14526.4  1.74698e-16  7.8579e-18  1
120  2  0.589913  -0.0617129  14618.6  0  0  1
121  2  0.611553  -0.0585206  14670.5  2.64858e-16  3.32658e-17  1
122  2  0.633114  -0.05483  14721  -6.58334e-17  -5.35611e-19  1
123  2  0.654607  -0.0507595  14801.1  1.97313e-16  1.645e-17  1
124  2  0.676028  -0.0463274  14861.2  -3.03924e-16  -2.5274e-17  1
125  2  0.697432  -0.0418149  14913.8  3.07617e-16  3.34822e-17  1
126  2  0.718814  -0.0371928  14969  1.2759e-16  1.66376e-18  1
127  2  0.74021  -0.0326408  14978.8  1.06819e-16  5.11675e-18  1
128  2  0.761625  -0.0281775  15001.2  5.47812e-17  -2.24325e-18  1
129  2  0.783069  -0.0238615  15014.2  0  0  1
130  2  0.804551  -0.0197337  15034.1  0  0  1
131  2  0.826075  -0.0158285  15052.2  1.89829e-17  7.95157e-19  1
132  2  0.847648  -0.0122081  15076.4  0  0  1
133  2  0.869271  -0.00889696  15112.2  4.69627e-17  5.77137e-18  1
134  2  0.890949  -0.00596848  15166.7  2.57138e-17  5.69714e-18  1
135  2  0.912676  -0.00343676  15233.5  0  0  1
136  2  0.934456  -0.00140869  15306.4  7.82392e-17  1.05202e-17  1
137  2  0.956311  -0.000552583  15382.4  -4.43377e-17  -1.44171e-17  1
138  2  0.978161  0.000427702  15440  0  0  1
268  0  0.99632  -0.910824  15248.1  2.00911  -0.179276  1
269  0  0.966158  -0.415957  15241.8  2.01514  -0.0489339  1
270  0  0.406851  -0.662608  15037.1  2.14442  -0.24695  1
271  0  -0.333218  -0.682044  15231.4  2.07225  -0.420115  1
272  0  -0.617842  -0.132166  15444  1.9622  -0.51526  1
273  0  -0.504314  0.773887  15582.7  1.87793  -0.379292  1
274  0  0.383001  0.996283  15494.5  1.95355  -0.234565  1
275  0  1.16665  0.796578  15416.1  2.00676  -0.260919  1
276  0  0.0469168  -0.464318  14966  2.16573  -0.355009  1
277  0  0.649005  -0.396955  14988  2.16336  -0.0846271  1
278  0  0.347983  -0.366776  14749.4  2.28239  -0.239759  1
279  0  0.0319447  0.604011  15593.8  1.91845  -0.143785  1
280  0  0.479391  0.569114  15412.6  2.01267  -0.189977  1
281  0  0.907445  0.47099  15395  2.01328  -0.261152  1
282  0  -0.320753  0.310972  15693.2  1.90237  -0.343205  1
283  0  0.247648  0.390605  15495.8  1.9682  -0.0751396  1
284  0  -0.00782886  0.304768  15813.6  1.82205  -0.111277  1
285  0  -0.109021  -0.24859  15049.2  2.11018  -0.523272  1
286  0  -0.220772  -0.0465892  15533.4  1.86389  -0.535997  1
287  0  0.453908  0.320047  15244.9  2.08508  -0.136167  1
288  0  0.688785  0.299368  15255.5  2.07528  -0.266324  1
289  0  0.814186  -0.234796  15099.5  2.11551  0.0594221  1
290  0  0.982908  -0.164904  15359.6  2.01831  0.0978345  1
291  0  0.161169  -0.261591  14566.9  2.36141  -0.398076  1
292  0  0.894421  0.239743  15383  2.00849  -0.303839  1
293  0  -0.151614  0.149004  15940.4  1.72373  -0.336879  1
294  0  0.497717  -0.255501  14685.6  2.30673  -0.0984478  1
295  0  0.648825  -0.211443  14853.2  2.26968  0.0303816  1
296  0  0.349474  -0.215296  14469.3  2.41993  -0.20912  1
297  0  1.36629  0.359707  15436.7  1.99643  -0.249141  1
298  0  1.44915  -0.120409  15457.4  1.8683  -0.122423  1
299  0  1.03457  0.163312  15495.6  1.96916  -0.303674  1
300  0  0.324539  0.252499  15290.2  2.07547  -0.011918  1
301  0  0.180326  0.228721  15593  1.92655  0.0685135  1
302  0  0.0478401  -0.178299  14524.4  2.33376  -0.590145  1
303  0  0.071158  0.189738  15951  1.73275  0.0520308  1
304  0  0.549144  0.232641  15115.3  2.14253  -0.214014  1
305  0  0.874212  -0.129633  15167.2  2.1242  0.157557  1
306  0  0.7695  -0.127071  15011.1  2.1852  0.130887  1
307  0  -1.14189  -0.783931  15363.6  1.98371  -0.383396  1
308  0  -0.117782  -0.0229001  15621.4  1.77477  -0.685881  1
309  0  0.0380979  -0.887512  15155.4  2.09223  -0.294374  1
310  0  0.496781  -1.27892  15224.2  2.03617  -0.264572  1
311  0  0.240433  -0.17902  14314.7  2.48666  -0.330631  1
312  0  -0.030529  -0.101551  14756.4  2.16173  -0.834785  1
313  0  0.434528  0.209999  15067.1  2.17092  -0.101361  1
314  0  -0.884477  0.362649  15535.6  1.96511  -0.45399  1
315  0  0.152013  -0.144804  14183.3  2.54856  -0.480594  1
316  0  0.762991  0.193735  15257.6  2.07464  -0.324531  1
317  0  0.645886  0.182466  15114  2.14873  -0.299349  1
318  0  1.42274  -0.660451  15338.6  1.93229  -0.143989  1
319  0  0.56753  -0.161868  14663  2.42917  0.0312416  1
320  0  0.94747  -0.0859152  15325  1.78208  0.18577  1
321  0  1.06179  -0.0953517  15552.1  1.75823  0.078861  1
322  0  1.18523  -0.352153  15360.8  1.93519  -0.0620266  1
323  0  1.17799  0.0476408  15611.8  1.80091  -0.213947  1
324  0  0.443241  -0.176835  14476.3  2.50202  -0.0976236  1
325  0  0.840673  0.146518  15334.3  2.06332  -0.353784  1
326  0  0.923413  0.114057  15431.9  2.04752  -0.362115  1
327  0  -0.00229696  0.123161  16333.7  1.47866  -0.0826985  1
328  0  0.269814  0.192176  15306.3  2.06026  0.0863078  1
329  0  0.681859  -0.134412  14871.5  2.27726  0.112406  1
330  0  -0.482105  -1.29695  15284.7  2.03066  -0.392929  1
331  0  0.311974  -0.144502  14236.4  2.63941  -0.245271  1
332  0  -1.24753  1.0706  15560.5  1.9578  -0.363945  1
333  0  -1.19859  -0.121582  15448.7  1.9739  -0.38739  1
334  0  -0.350358  -0.268463  15312.2  1.99924  -0.491269  1
335  0  -0.666197  -0.488133  15345.3  2.01323  -0.506071  1
336  0  0.772579  -0.673723  15160.5  2.07342  -0.143851  1
337  0  -0.0737766  0.0664668  16257.5  1.47845  -0.456832  1
338  0  0.0855234  -0.111217  14039.4  2.62608  -0.673637  1
339  0  0.191656  0.158088  15523.9  1.95191  0.189647  1
340  0  0.132077  0.147663  15795.7  1.80713  0.204203  1
341  0  0.380303  -0.136931  14284.5  2.57121  -0.147666  1
342  0  0.344439  0.179181  15105.9  2.15566  0.0282746  1
343  0  -0.0866774  1.12767  15558.9  1.88367  -0.254286  1
344  0  0.704811  0.140472  15161.5  2.18566  -0.356499  1
345  0  0.76888  0.121109  15241.8  2.15761  -0.380392  1
346  0  0.503443  0.174788  14969  2.25369  -0.182078  1
347  0  0.571152  0.160259  15001.1  2.24793  -0.262374  1
348  0  0.782774  0.865041  15430.1  1.99945  -0.24546  1
349  0  0.827173  -0.0831453  15047.5  1.59893  0.13592  1
350  0  -0.683065  -0.877026  15311.3  2.02242  -0.449265  1
351  0  -0.473319  0.0931778  15570.2  1.91734  -0.466459  1
352  0  0.980204  0.0713381  15529.7  1.97334  -0.366639  1
353  0  -0.0509012  -0.0114091  15684.9  1.614  -1.04053  1
354  0  0.885315  -0.0694085  15174.5  1.49588  0.168226  1
355  0  -0.218295  -0.506297  15170.1  2.08166  -0.408393  1
356  0  -0.143767  -0.12844  15270.2  1.97636  -0.612902  1
357  0  0.607248  -0.115527  14685.9  2.16543  0.102497  1
358  0  0.774222  1.42958  15459.5  1.9907  -0.27571  1
359  0  0.516875  -0.126716  14462.2  2.35342  0.0161995  1
360  0  0.0612723  -1.40489  15241.1  2.03343  -0.29201  1
361  0  -0.583471  1.34228  15575.9  1.94646  -0.322477  1
362  0  0.223377  -0.119406  14072.5  2.67724  -0.375216  1
363  0  -1.21751  -1.38686  15337.2  1.98221  -0.356859  1
364  0  0.266237  -0.285836  14593.6  2.36391  -0.29903  1
365  0  0.510079  -0.411876  14891.2  2.21008  -0.156302  1
366  0  0.717425  -0.0891209  14935.4  1.65929  0.117106  1
367  0  0.0643977  0.11652  16206  1.55684  0.192898  1
368  0  1.01709  -1.46841  15283.1  1.98776  -0.238721  1
369  0  0.253908  0.620554  15505  1.96325  -0.149139  1
370  0  0.988083  -0.0506984  15463.5  1.16896  0.173958  1
371  0  0.810071  -0.393325  15127.7  2.08254  -0.0350553  1
372  0  0.579015  0.436104  15323.7  2.0497  -0.211029  1
373  0  0.409405  0.154034  14906.1  2.31153  -0.0313244  1
374  0  0.239766  -0.547176  14942.6  2.18233  -0.291526  1
375  0  0.0441994  -0.0781892  13694.6  2.66486  -0.918257  1
376  0  0.0301856  -0.321565  14841.6  2.22017  -0.4356  1
377  0  1.31669  1.36332  15409.4  2.03322  -0.301758  1
378  0  1.45163  -1.14486  15315.4  1.95073  -0.20228  1
379  0  0.193106  -0.421476  14830.3  2.23006  -0.320717  1
380  0  0.425744  -0.117995  14263.1  2.339  -0.0694512  1
381  0  0.561772  -0.111812  14534.7  2.12186  0.0721305  1
382  0  0.217436  1.48201  15524.8  1.94977  -0.272692  1
383  0  0.780451  -0.0664593  15019.1  1.14823  0.0823263  1
384  0  0.459836  0.148338  14862.4  2.34121  -0.131445  1
385  0  0.612581  0.13337  14977.4  2.28037  -0.314652  1
386  0  0.182228  -0.0972578  13895.5  2.58429  -0.412061  1
387  0  0.271515  -0.10756  14042  2.48641  -0.270701  1
388  0  1.03328  0.346591  15424.5  1.99573  -0.275469  1
389  0  -1.39778  0.311078  15497.9  1.97237  -0.364707  1
390  0  0.624787  -0.557627  15051.7  2.12418  -0.151739  1
391  0  0.470612  -0.113603  14344  2.25924  -0.00851907  1
392  0  0.136122  -0.0906515  13823.5  2.65148  -0.537965  1
393  0  0.727714  -0.196821  14976.1  2.22341  0.0707924  1
394  0  1.03059  -0.657831  15251.4  2.00554  -0.119931  1
395  0  0.126126  0.878201  15538.7  1.90837  -0.204972  1
396  0  -0.0767138  -0.679203  15129.1  2.11105  -0.336221  1
397  0  0.605307  -0.901506  15169.9  2.07623  -0.218726  1
398  0  -0.174049  0.0638381  15856.2  1.73075  -0.462425  1
399  0  -0.178584  0.495361  15665.1  1.90632  -0.21676  1
400  0  0.872404  0.0810009  15374.7  2.04067  -0.387198  1
401  0  0.659892  0.119834  15042  2.21921  -0.35739  1
402  0  0.80725  0.0915443  15291.2  2.0755  -0.38801  1
403  0  -0.0098559  -0.0642235  14369.4  2.28027  -1.11608  1
404  0  0.926979  -0.286121  15234  2.02301  0.02019  1
405  0  0.247824  0.136848  15269  2.12556  0.206474  1
406  0  0.300573  0.141528  15102.3  2.24096  0.131151  1
407  0  0.120575  0.349127  15651.2  1.89208  -0.0582325  1
408  0  0.649368  -0.0942182  14766.2  1.72922  0.117705  1
409  0  -0.287925  -1.06791  15243.1  2.05763  -0.367409  1
410  0  0.929592  -0.0399371  15283.7  0.79994  0.131011  1
411  0  -0.00229942  0.0765113  16648.7  1.25797  -0.11942  1
412  0  -0.420076  -0.48098  15277.2  2.03959  -0.479305  1
413  0  0.38385  0.44862  15396  2.02069  -0.136774  1
414  0  -0.598736  0.326938  15581  1.95267  -0.452293  1
415  0  -0.386334  -0.0809934  15474.1  1.92132  -0.498512  1
416  0  1.25065  -0.130119  15509  1.79939  -0.0535583  1
417  0  0.733976  -0.307022  15030.6  2.13492  -0.00220149  1
418  0  0.334345  -0.104983  14118.9  2.3187  -0.171671  1
419  0  -0.880795  -0.287639  15415.5  1.98584  -0.468819  1
420  0  0.314845  -0.937054  15145.2  2.08985  -0.273408  1
421  0  -0.297667  0.158441  15713.8  1.85836  -0.394728  1
422  0  -0.83149  0.0660649  15493.6  1.96518  -0.472925  1
423  0  -0.910432  0.81243  15553.4  1.94336  -0.404861  1
424  0  -0.274012  -0.171561  15344.7  1.97256  -0.512245  1
425  0  0.691862  0.622297  15397.7  2.01447  -0.233291  1
426  0  0.47314  0.818626  15461.5  1.98267  -0.218187  1
427  0  1.07802  -0.282726  15357.5  1.94534  -0.0163499  1
428  0  -0.218357  0.74869  15586.4  1.85974  -0.250505  1
429  0  0.519567  0.139308  14881.7  2.32813  -0.217422  1
430  0  0.57296  -0.239451  14771.6  2.27734  -0.0298641  1
431  0  1.09819  0.0552798  15655.8  1.83681  -0.271578  1
432  0  0.37729  -0.519506  14935.8  2.18511  -0.246101  1
433  0  0.261382  0.267726  15408.4  2.01666  0.00566849  1
434  0  0.935716  0.0630849  15488  1.93803  -0.373221  1
435  0  0.359892  0.144042  14993.2  2.30455  0.0511192  1
436  0  1.05627  -0.039317  15638.9  1.16318  0.0385284  1
437  0  0.184149  0.125683  15523.6  1.98763  0.28007  1
438  0  -0.157095  0.310144  15791.4  1.84664  -0.230763  1
439  0  0.871022  -0.543711  15176.6  2.04852  -0.0897421  1
440  0  -0.0376016  0.229429  15963.7  1.74277  -0.146966  1
441  0  1.58367  0.712802  15393  2.01306  -0.25493  1
442  0  -1.53887  -0.44071  15417.5  1.9755  -0.355431  1
443  0  0.14277  0.519016  15568.5  1.9457  -0.115124  1
444  0  0.906269  -0.207524  15224.3  2.06073  0.0754907  1
445  0  0.839091  -0.0513207  15069.2  0.854767  0.0664279  1
446  0  0.577209  0.338447  15252.6  2.07969  -0.216317  1
447  0  -0.226322  1.49691  15577.7  1.95696  -0.260022  1
448  0  0.802966  0.307885  15327.7  2.03874  -0.281244  1
449  0  0.499762  0.240883  15120.3  2.14311  -0.169322  1
450  0  0.410163  -0.294066  14675  2.31791  -0.180433  1
451  0  0.119398  0.114067  15882.6  1.76759  0.307599  1
452  0  0.833653  -1.17502  15246.6  2.01529  -0.226341  1
453  0  -1.62015  -0.999663  15372.7  1.97391  -0.344129  1
454  0  0.717243  0.105274  15137.9  2.14536  -0.378589  1
455  0  -0.0991734  -0.388215  15060.8  2.10985  -0.420741  1
456  0  -0.253508  -0.331499  15219.1  2.03966  -0.46346  1
457  0  0.511435  -0.189768  14589.2  2.43085  -0.0400635  1
458  0  0.0285897  0.473962  15649.7  1.91455  -0.123359  1
459  0  1.2158  0.241278  15485.5  1.97544  -0.251297  1
460  0  1.41508  0.0807176  15475.9  1.95622  -0.210449  1
461  0  0.367293  0.352811  15351.1  2.03374  -0.0990543  1
462  0  1.14286  -0.495295  15307.2  1.96959  -0.0883619  1
463  0  0.735641  0.437562  15341.9  2.03719  -0.250138  1
464  0  -0.395245  0.556873  15609.1  1.90322  -0.351796  1
465  0  -0.0438413  0.0359781  16457  1.19262  -0.599318  1
466  0  1.00237  1.1231  15426.6  1.98094  -0.263499  1
467  0  -0.299642  0.0426202  15643.2  1.85498  -0.45923  1
468  0  0.551666  -0.338757  14855.1  2.23239  -0.104102  1
469  0  -1.11768  1.62219  15587.6  1.95844  -0.357539  1
470  0  0.40678  0.279398  15220.8  2.1013  -0.0926183  1
471  0  0.092176  -0.0775247  13699.9  2.65738  -0.680031  1
472  0  0.82419  -0.175427  15103.5  2.17289  0.108032  1
473  0  -0.051283  -0.195369  14929.2  2.14631  -0.595727  1
474  0  -0.0695809  -0.0640977  15145.4  1.95853  -0.879684  1
475  0  0.101245  -0.220416  14523.2  2.36128  -0.485848  1
476  0  0.378652  0.204571  15111.8  2.1497  -0.0289687  1
477  0  0.935648  -0.144406  15292.7  2.07316  0.13582  1
478  0  0.0499384  0.0873351  16456.3  1.4102  0.229062  1
479  0  -1.64312  1.43716  15571.7  1.97086  -0.33635  1
480  0  -0.595411  -0.321519  15372.4  1.9947  -0.519427  1
481  0  0.381282  -0.105683  14193.2  2.26119  -0.105178  1
482  0  1.00962  -0.115226  15461.2  1.92162  0.13211  1
483  0  0.140413  -0.726549  15077.8  2.12959  -0.294648  1
484  0  -0.803846  -1.39815  15314.5  2.00058  -0.384686  1
485  0  0.294601  -0.201059  14386.8  2.44862  -0.263721  1
486  0  1.50359  -1.6354  15324  1.95492  -0.239949  1
487  0  1.00048  0.042033  15602  1.76489  -0.36078  1
488  0  1.09648  -0.199874  15434.5  1.93684  0.00676635  1
489  0  -0.0259187  -0.00774703  15606.4  1.41742  -1.29612  1
490  0  0.566586  0.129088  14928.3  2.306  -0.276031  1
491  0  1.22889  0.570303  15418.8  2.00426  -0.258886  1
492  0  -1.16733  0.117325  15484.5  1.96785  -0.394125  1
493  0  0.133214  0.218274  15722.1  1.85919  0.0659925  1
494  0  1.24114  -0.81089  15301.2  1.96353  -0.151626  1
495  0  0.693435  -0.0817188  14889.1  1.48974  0.1137  1
496  0  0.710764  -1.64449  15273.9  1.99357  -0.267513  1
497  0  0.65534  1.18323  15461.3  1.96238  -0.255458  1
498  0  -1.53175  0.819832  15538.6  1.96754  -0.353291  1
499  0  0.0696975  0.291132  15772  1.83978  -0.0473856  1
500  0  0.742497  -0.0758647  14972.9  1.33075  0.0997914  1
501  0  -0.584772  -0.743807  15292  2.0414  -0.47239  1
502  0  -0.899907  -0.714252  15350.5  1.9956  -0.434596  1
503  0  0.701291  0.1968  15195  2.10838  -0.312041  1
504  0  0.690081  -0.475912  15054.9  2.11905  -0.101417  1
505  0  0.194532  -0.204649  14390.5  2.4207  -0.381233  1
506  0  0.631723  0.254912  15191.8  2.10611  -0.262042  1
507  0  0.152786  -1.18771  15208.1  2.05115  -0.280958  1
508  0  0.810304  -0.055594  15044.3  0.947338  0.0641362  1
509  0  0.30378  -0.103954  14075.6  2.39329  -0.212721  1
510  0  0.488129  0.138288  14881.1  2.34463  -0.177374  1
511  0  0.63715  -0.292057  14903.3  2.19569  -0.0301656  1
512  0  -1.06672  -1.10981  15340.1  1.98748  -0.379024  1
513  0  0.884085  -0.0414687  15138.3  0.705973  0.100335  1
514  0  0.87361  0.670726  15408.9  2.00837  -0.248885  1
515  0  -1.58899  -0.0597187  15457.8  1.97237  -0.353277  1
516  0  0.32904  0.147712  15064.7  2.25672  0.0861436  1
517  0  1.75026  0.223107  15396  2.03588  -0.249087  1
518  0  0.0262212  -0.051813  13433.4  2.44071  -1.06564  1
519  0  0.216453  0.135982  15386.7  2.05341  0.234857  1
520  0  0.64336  -0.166893  14811.6  2.34198  0.0696575  1
521  0  -0.450285  1.09281  15578.7  1.89017  -0.316629  1
522  0  0.151107  0.121284  15698.5  1.88619  0.295717  1
523  0  0.762452  0.0917775  15225.7  2.07316  -0.385957  1
524  0  0.590897  -0.761767  15124.1  2.10331  -0.20279  1
525  0  -0.650987  0.0610542  15512.9  1.94823  -0.492796  1
526  0  1.47477  -0.380545  15397.6  1.90093  -0.115359  1
527  0  -0.667441  0.615172  15568.9  1.91624  -0.443436  1
528  0  1.08613  -1.17832  15276.8  1.99053  -0.209035  1
529  0  0.22685  -0.0861915  13954.2  2.1131  -0.273352  1
530  0  -0.0917628  -0.503048  15080.4  2.11629  -0.374613  1
531  0  -1.17261  0.563124  15530.4  1.96769  -0.390663  1
532  0  0.398391  -0.186802  14436.8  2.48621  -0.15141  1
533  0  0.441915  -0.230029  14580.9  2.36702  -0.1263  1
534  0  0.48483  0.432408  15341.8  2.0439  -0.174743  1
535  0  0.727378  -0.136034  14951.1  2.25019  0.124769  1
536  0  0.184572  1.13053  15521.2  1.91645  -0.251204  1
537  0  0.191471  0.339987  15559.4  1.93369  -0.0400217  1
538  0  0.538347  -0.0976755  14456  1.79881  0.0493281  1
539  0  0.582123  -0.091866  14594.6  1.63626  0.080911  1
540  0  0.955942  0.191178  15435.6  1.98208  -0.311896  1
541  0  1.16078  -0.0445364  15616.9  1.53847  -0.0628078  1
542  0  0.889691  0.0576243  15405.6  1.64325  -0.325784  1
543  0  0.847003  0.0672099  15322.6  1.71343  -0.336309  1
544  0  -0.247572  -0.812107  15215.3  2.07798  -0.370267  1
545  0  0.686515  0.107336  15112.2  2.17395  -0.372199  1
546  0  0.121902  -0.347958  14765.6  2.26153  -0.378779  1
547  0  0.629325  -0.0779091  14727.6  1.18938  0.0797322  1
548  0  -0.147793  -1.67136  15275.5  2.01356  -0.324861  1
549  0  0.792738  -0.878818  15204.5  2.04747  -0.190723  1
550  0  0.961754  -0.0346538  15389.1  0.729126  0.128661  1
551  0  0.310637  0.807047  15499.3  1.95434  -0.196279  1
552  0  0.431768  0.131832  14785.8  2.21779  -0.0642507  1
553  0  -1.61568  -1.39351  15351.5  1.97464  -0.341537  1
554  0  0.42281  1.3068  15496.7  1.94378  -0.270752  1
555  0  0.0207678  -0.130163  14446.3  2.31595  -0.720887  1
556  0  -0.699419  -1.72816  15313.6  1.99564  -0.373232  1
557  0  0.489927  -0.0928793  14333  1.67466  0.0248942  1
558  0  0.448157  -0.0962541  14264.4  1.83209  -0.0231636  1
559  0  0.275363  0.126441  15085  2.13066  0.193674  1
560  0  -0.06862  0.144865  16120.3  1.6156  -0.226233  1
561  0  -1.09624  -0.349989  15416.6  1.98287  -0.405667  1
562  0  0.846812  -0.320659  15149.9  2.07008  0.00269729  1
563  0  0.00515731  -0.0355611  13329.5  2.21733  -1.51675  1
564  0  0.160891  -0.0766787  13789.5  2.20236  -0.386554  1
565  0  0.476921  1.61782  15495.5  1.98711  -0.297195  1
566  0  0.0506904  -0.250428  14695.4  2.28133  -0.499599  1
567  0  -0.0823779  0.0145128  15979.2  1.55826  -0.701982  1
568  0  0.366284  -1.5164  15248.7  2.01771  -0.27766  1
569  0  -0.009067  0.0388001  16799.1  0.758584  -0.436341  1
570  0  -0.967779  1.10983  15565.3  1.94965  -0.374826  1
571  0  0.910953  -0.10523  15240.7  1.96496  0.173501  1
572  0  0.339397  -0.286005  14614.1  2.34946  -0.235081  1
573  0  0.484259  -0.151252  14464.2  2.48838  -0.0355866  1
574  0  0.630731  0.107795  14973.6  2.02002  -0.310969  1
575  0  0.713479  -0.0640881  14945.1  0.84487  0.0552588  1
576  0  1.47212  1.02486  15398.7  2.01423  -0.270009  1
577  0  0.272544  0.486441  15486.2  1.98118  -0.115417  1
578  0  0.477955  -0.329304  14772.9  2.27285  -0.139252  1
579  0  0.827505  0.202365  15327  2.03628  -0.321955  1
580  0  -0.462715  -0.893738  15270.4  2.05306  -0.430582  1
581  0  1.73093  -0.228708  15399.2  1.92067  -0.160254  1
582  0  0.106671  -0.59176  15016.3  2.15209  -0.309918  1
583  0  1.10756  1.61759  15426.7  2.05873  -0.309242  1
584  0  -0.161622  -0.0634103  15479.7  1.87131  -0.609468  1
585  0  0.191329  -0.164776  14239.8  2.50267  -0.401403  1
586  0  0.223588  -0.242416  14485.7  2.40175  -0.342181  1
587  0  1.61686  -0.877662  15338.7  1.92158  -0.186071  1
588  0  1.71088  -0.564202  15362.3  1.89203  -0.163314  1
589  0  0.386376  0.130887  14864  2.21061  0.0208429  1
590  0  -0.0396811  -1.12418  15214.1  2.05875  -0.30092  1
591  0  0.599583  0.204801  15103.4  2.14904  -0.259346  1
592  0  0.894517  0.329111  15381.1  2.0154  -0.279023  1
593  0  0.815702  -0.129382  15065.5  2.18597  0.139228  1
594  0  0.953057  0.0398584  15496.6  1.51771  -0.311759  1
595  0  0.102733  -0.158579  14294  2.44547  -0.547003  1
596  0  0.350211  -0.168653  14336  2.56059  -0.202852  1
597  0  0.274872  -0.15117  14222.5  2.60765  -0.292168  1
598  0  0.501013  -0.528055  14980.5  2.16207  -0.192555  1
599  0  -0.0306658  -0.0367154  15032.6  1.91928  -1.18671  1
600  0  0.102625  0.0898072  15974.6  1.64034  0.391453  1
601  0  0.291489  -0.450486  14849  2.22469  -0.274323  1
602  0  0.602623  -0.194705  14767.4  2.33771  0.0208799  1
603  0  0.899776  0.164815  15393.7  2.01446  -0.334913  1
604  0  -0.178956  -0.200866  15223.3  2.02336  -0.53178  1
605  0  1.13049  0.137944  15537.9  1.97753  -0.26484  1
606  0  -0.423102  0.226192  15630  1.92115  -0.419258  1
607  0  0.776669  -0.18611  15042.7  2.19056  0.0853654  1
608  0  0.685911  -0.251695  14943.2  2.18771  0.016734  1
609  0  0.0729613  -0.0591138  13457.1  2.36145  -0.688033  1
610  0  0.202587  -0.333656  14692.6  2.30865  -0.337626  1
611  0  0.588999  -0.460931  14982.7  2.15724  -0.133433  1
612  0  0.0334291  0.0655246  16716.1  1.1482  0.205771  1
613  0  0.314754  0.317242  15371.5  2.02493  -0.0495221  1
614  0  0.117336  -0.0667355  13656.1  2.22888  -0.486434  1
615  0  0.310905  0.211458  15234  2.09723  0.0360116  1
616  0  0.764865  -0.0966062  15005.2  1.83806  0.129499  1
617  0  1.05411  0.0124872  15667.7  1.2628  -0.199722  1
618  0  0.682338  -0.180859  14899.5  2.2812  0.0683618  1
619  0  -0.21307  -0.623124  15178.2  2.09042  -0.382031  1
620  0  -0.171401  -0.00692335  15675.5  1.79273  -0.57062  1
621  0  0.400544  0.676188  15457.7  1.98768  -0.186356  1
622  0  0.13806  0.277936  15666.6  1.89121  0.00136725  1
623  0  0.277251  -0.693486  15055.6  2.13933  -0.278625  1
624  0  0.467369  0.184816  14995.6  2.22529  -0.138634  1
625  0  0.998953  -0.530863  15244.8  2.00929  -0.0850896  1
626  0  0.403589  -0.093189  14211.2  1.78843  -0.0556755  1
627  0  0.359571  -0.090382  14114.9  1.77198  -0.101248  1
628  0  0.0917763  0.143548  16000.8  1.69354  0.166482  1
629  0  0.542605  0.117655  14843.7  2.10036  -0.230039  1
630  0  0.986639  -0.021774  15445.7  0.417524  0.0783863  1
631  0  0.229982  0.218212  15444.5  1.99953  0.0730724  1
632  0  0.586429  0.112721  14922.9  2.05253  -0.275284  1
633  0  1.04992  0.515564  15414.2  2.00422  -0.261034  1
634  0  -1.01624  -1.69661  15326.3  1.98664  -0.359567  1
635  0  0.0143266  0.0498295  16963.2  0.851422  -0.0447297  1
636  0  0.534569  0.289432  15191.6  2.11054  -0.193522  1
637  0  -0.875065  -0.491705  15376.3  1.99627  -0.460977  1
638  0  -0.521778  -1.0733  15283.5  2.03785  -0.421707  1
639  0  0.755955  -0.246341  15033.5  2.14424  0.0404751  1
640  0  -0.0822909  -0.122543  15066.9  2.05059  -0.700678  1
641  0  0.89555  -0.763194  15211.9  2.0382  -0.151668  1
642  0  0.969052  0.124486  15479.2  2.00647  -0.338605  1
643  0  0.372676  0.54893  15442.8  2.00006  -0.156841  1
644  0  0.871803  -0.0972227  15150.8  1.90194  0.173397  1
645  0  -0.0521426  0.782929  15570.6  1.87419  -0.197072  1
646  0  1.19936  -0.635164  15302.6  1.96891  -0.120836  1
647  0  1.30763  -0.48091  15352.3  1.93373  -0.102235  1
648  0  0.20555  -0.0772224  13885  1.98386  -0.278971  1
649  0  0.249534  -0.0818184  13971.3  1.89917  -0.219646  1
650  0  1.00064  -0.264403  15307.2  1.97714  0.0147136  1
651  0  -0.468669  -0.194221  15401.7  1.96721  -0.510949  1
652  0  0.559372  -0.0864256  14487.7  1.44046  0.0656573  1
653  0  0.156714  0.181492  15668.8  1.87998  0.141625  1
654  0  0.608446  -0.0853469  14654.5  1.41616  0.089635  1
655  0  0.775339  -0.0409372  15011.2  0.246713  -0.0101027  1
656  0  0.861566  -0.0308402  15079  0.211501  0.0259919  1
657  0  0.904104  -0.0257539  15195.9  0.231609  0.0513153  1
658  0  0.7981  0.159242  15278.8  2.08051  -0.34866  1
659  0  0.461387  -0.824556  15119.6  2.10636  -0.243878  1
660  0  0.738034  0.0823963  15165.4  1.77898  -0.328865  1
661  0  0.780924  0.0735615  15260.4  1.71525  -0.336161  1
662  0  -0.210285  -0.117492  15382.6  1.93773  -0.549151  1
663  0  0.647098  -0.0688846  14765.2  0.88862  0.0740842  1
664  0  0.453825  0.12434  14720.7  2.11052  -0.0977973  1
665  0  0.645771  0.371985  15298.1  2.05759  -0.2413  1
666  0  -0.721222  -0.248507  15413.5  1.98226  -0.50935  1
667  0  0.511061  -0.0956397  14402  1.74721  0.0354749  1
668  0  0.253645  0.116086  15207.7  2.04402  0.23418  1
669  0  0.0516176  -0.0496863  13153.5  2.32786  -0.800852  1
670  0  0.46972  -0.0884964  14274.6  1.52817  0.00653706  1
671  0  0.298854  0.119548  15005.6  2.08821  0.15828  1
672  0  0.272548  -0.362229  14735.8  2.29015  -0.288078  1
673  0  -0.28979  -0.101427  15445.9  1.9201  -0.513021  1
674  0  -1.3946  -1.6992  15336.7  1.97799  -0.342179  1
675  0  0.0777128  0.0826771  16222.4  1.50064  0.374349  1
676  0  1.67024  -1.40114  15333.3  1.9411  -0.226203  1
677  0  0.133282  0.720115  15549.6  1.92192  -0.162689  1
678  0  0.123718  -0.118427  14056.7  2.66125  -0.573438  1
679  0  0.787294  0.529367  15379.9  2.02037  -0.24766  1
680  0  0.409251  0.125287  14793.4  2.14515  -0.0156542  1
681  0  -0.226146  -1.35521  15255.9  2.04051  -0.34087  1
682  0  -0.216784  0.228115  15794.6  1.8351  -0.310452  1
683  0  0.537654  0.169187  14980.6  2.24364  -0.224162  1
684  0  0.416569  -0.145383  14344.2  2.56453  -0.111085  1
685  0  0.0368364  0.156369  16138.6  1.62093  0.0285481  1
686  0  -0.0229741  -0.259318  14872.2  2.19873  -0.511491  1
687  0  0.590069  0.552759  15382.1  2.02436  -0.215753  1
688  0  -0.315595  -0.42549  15234.9  2.04535  -0.456685  1
689  0  -0.321271  -0.556611  15226.1  2.06689  -0.434746  1
690  0  0.741519  0.256388  15268.8  2.06705  -0.292306  1
691  0  0.822547  0.068418  15312.2  1.70432  -0.341586  1
692  0  -0.497915  -0.0403217  15495  1.93008  -0.499118  1
693  0  0.866328  0.0534277  15368.6  1.5271  -0.305404  1
694  0  0.139883  -0.0669086  13676.9  2.00823  -0.37798  1
695  0  0.426018  -0.0894029  14210.9  1.59617  -0.0205892  1
696  0  0.337448  -0.0826819  14058.3  1.51287  -0.0924617  1
697  0  0.651405  0.098017  14972.6  1.81601  -0.297241  1
698  0  0.183802  -0.07279  13783.8  1.89452  -0.294376  1
699  0  0.271683  -0.0819854  13982.1  1.71018  -0.169344  1
700  0  0.912403  0.0474898  15428.6  1.562  -0.30656  1
701  0  1.09878  0.247747  15477.8  1.96753  -0.277654  1
702  0  1.16549  0.380198  15439  1.9905  -0.262302  1
703  0  -0.117129  0.231915  15907.2  1.77054  -0.235876  1
704  0  0.546854  0.668403  15424.9  2.00459  -0.213125  1
705  0  0.607851  0.105023  14927  1.91031  -0.282478  1
706  0  -1.47269  -0.732252  15386.5  1.97703  -0.355251  1
707  0  1.61443  0.0271427  15424.5  1.98332  -0.202172  1
708  0  0.860868  -0.258575  15163.1  2.06494  0.0422055  1
709  0  1.64043  1.64043  15377.8  2.09392  -0.314248  1
710  0  1.12753  -0.129115  15512.8  1.84213  0.0125912  1
711  0  -0.443787  0.385313  15628.7  1.93307  -0.387601  1
712  0  0.797365  -0.100177  15045  1.90518  0.138035  1
713  0  0.968853  0.279467  15416  1.9947  -0.291017  1
714  0  -0.483786  1.69338  15597  1.95476  -0.300672  1
715  0  -0.0841812  0.393099  15730.9  1.87339  -0.16735  1
716  0  -0.110147  -0.179497  15109.6  2.06256  -0.590897  1
717  0  0.725108  -0.384885  15052.4  2.12688  -0.0496655  1
718  0  -0.0242498  1.33128  15552  1.93032  -0.256181  1
719  0  0.925378  -0.0177487  15269.2  0.0875363  0.0703444  1
720  0  0.97743  0.0316553  15513.6  1.43913  -0.297523  1
721  0  -0.680413  0.985562  15566.9  1.91659  -0.37672  1
722  0  0.604136  -0.153731  14717.6  2.38416  0.0653128  1
723  0  0.448133  0.255686  15155.2  2.13105  -0.122541  1
724  0  0.801808  0.0658258  15282.9  1.55311  -0.32384  1
725  0  0.187709  -1.72442  15268.8  2.00616  -0.291908  1
726  0  0.436579  0.3755  15318.5  2.04991  -0.141579  1
727  0  1.75971  0.958268  15371.5  2.02459  -0.269213  1
728  0  0.671363  0.153842  15122  2.19773  -0.334985  1
729  0  0.930534  0.0374907  15478.7  1.37204  -0.282932  1
730  0  -1.42618  1.68423  15587.6  1.96769  -0.336541  1
731  0  0.0168447  -0.0900056  14206.8  2.44288  -0.932958  1
732  0  0.866428  -0.170118  15167.6  2.14287  0.115243  1
733  0  0.978012  0.874035  15422.4  2.00001  -0.25593  1
734  0  0.425456  -0.382908  14797  2.25722  -0.195943  1
735  0  -1.64726  1.10775  15557.4  1.9666  -0.343812  1
736  0  0.641205  -0.126225  14763.6  2.24798  0.106478  1
737  0  -0.783095  -0.10577  15457.7  1.96784  -0.491003  1
738  0  -0.808722  1.66198  15596.3  1.95339  -0.359613  1
739  0  -0.497067  -0.611764  15287  2.04381  -0.478613  1
740  0  0.0223866  0.0947681  16516.6  1.35237  0.0547308  1
741  0  0.724224  -1.38394  15251.4  2.01395  -0.252413  1
742  0  1.61775  0.453416  15398.5  2.00725  -0.257001  1
743  0  -0.123576  0.0557246  16009.9  1.60971  -0.512694  1
744  0  0.381153  0.168594  15001.2  2.23341  0.000198518  1
745  0  -0.747451  0.233479  15536.3  1.96353  -0.473725  1
746  0  -0.0442521  0.0998167  16340.6  1.45229  -0.26353  1
747  0  0.838837  0.10097  15322.1  2.10923  -0.386085  1
748  0  -0.568087  0.183509  15568.8  1.94496  -0.465904  1
749  0  0.989094  -0.335666  15273.5  1.99714  -0.017835  1
750  0  -0.215898  0.134398  15817.7  1.78954  -0.386082  1
751  0  0.881954  -0.451618  15186  2.04477  -0.0589486  1
752  0  1.32018  -1.41909  15307.2  1.9663  -0.226476  1
753  0  0.535241  -0.652567  15068.3  2.12769  -0.203211  1
754  0  -0.1233  0.625368  15614.9  1.89397  -0.19517  1
755  0  0.669317  -0.07207  14835.1  1.05782  0.0760592  1
756  0  0.45294  -1.06536  15183.4  2.06606  -0.259308  1
757  0  0.755539  -0.0493229  14989.3  0.481072  0.0230438  1
758  0  0.609965  0.971136  15456.2  1.98138  -0.242759  1
759  0  0.436158  0.171292  14946.3  2.26816  -0.0876407  1
760  0  0.73743  0.13225  15185.4  2.16927  -0.370324  1
761  0  0.449183  -0.135552  14364.3  2.48461  -0.0605722  1
762  0  -0.0175835  -0.397875  14972.2  2.15492  -0.400536  1
763  0  0.91922  -0.0719975  15242.7  1.52214  0.183401  1
764  0  -0.288848  0.95968  15578.2  1.85389  -0.275506  1
765  0  0.139234  -0.498763  14941.8  2.18075  -0.32425  1
766  0  0.551719  -0.198919  14682.5  2.37573  -0.0117406  1
767  0  0.529438  -0.160751  14562.8  2.46302  -0.000643017  1
768  0  1.03484  0.0742004  15582.6  1.92532  -0.327181  1
769  0  0.305108  0.174263  15182  2.11795  0.076597  1
770  0  1.04165  -0.155878  15461.4  1.96378  0.0642391  1
771  0  -0.110998  -0.0695906  15360.5  1.90042  -0.70847  1
772  0  -0.0174272  0.0155317  16319.3  0.790989  -1.04384  1
773  0  0.525091  0.204188  15050  2.1755  -0.196464  1
774  0  -1.7332  0.235513  15486.5  1.97197  -0.344981  1
775  0  0.903511  -0.367224  15201.6  2.04131  -0.0228355  1
776  0  1.01835  -0.0221223  15628.5  0.750426  0.0142825  1
777  0  1.19047  -0.982975  15288  1.97485  -0.177703  1
778  0  0.110766  0.183933  15837.4  1.79269  0.1085  1
779  0  1.02051  -0.0689472  15562.1  1.48053  0.141288  1
780  0  -0.0099941  -0.0191143  14305  1.76665  -1.76075  1
781  0  0.387868  -0.24244  14558.7  2.37045  -0.176407  1
782  0  0.343883  -0.133785  14226.9  2.60683  -0.197637  1
783  0  0.519819  0.115752  14817.8  2.00138  -0.199884  1
784  0  0.866116  -0.0542717  15111.9  1.04939  0.120885  1
785  0  -0.306278  0.452581  15656.9  1.91573  -0.301056  1
786  0  0.547513  0.143099  14925.3  2.31758  -0.249593  1
787  0  0.31404  0.397144  15426.1  2.00048  -0.0896239  1
788  0  -1.31288  -0.95776  15364.5  1.97785  -0.358808  1
789  0  0.690377  -0.0613688  14877.1  0.670929  0.0593438  1
790  0  0.609614  0.160781  15042  2.22729  -0.293184  1
791  0  0.347588  0.212271  15186.2  2.12217  -0.00362432  1
792  0  -1.17634  0.824436  15544.2  1.96241  -0.376145  1
793  0  0.207705  0.110602  15364.8  1.98456  0.295665  1
794  0  0.639678  0.146843  15045.5  2.2459  -0.326318  1
795  0  0.741425  0.349346  15308.9  2.04955  -0.26526  1
796  0  1.29615  -0.00388915  15539.3  1.78958  -0.15199  1
797  0  0.359877  -0.114353  14183.1  2.44564  -0.147415  1
798  0  0.316523  -0.0838889  14054.2  1.66854  -0.139357  1
799  0  0.499315  0.118991  14800.3  2.07837  -0.181774  1
800  0  0.94722  -1.74623  15291.8  1.97605  -0.256075  1
801  0  0.904463  -0.0497131  15193.2  1.03731  0.147875  1
802  0  0.733374  -0.0518486  14975.3  0.465726  0.022733  1
803  0  0.819408  -0.0350412  15047.8  0.170982  0.00716213  1
804  0  0.0301253  0.225347  15933.6  1.75272  -0.0483778  1
805  0  -0.225044  0.0138945  15663.9  1.81916  -0.495607  1
806  0  0.174323  0.419916  15564.6  1.94132  -0.0826669  1
807  0  0.0966044  -0.284774  14688.3  2.29883  -0.434286  1
808  0  -0.0368113  1.69909  15564.6  1.96046  -0.256393  1
809  0  0.0510757  -0.106034  14160.1  2.52586  -0.774272  1
810  0  0.78885  -0.470513  15119.1  2.08224  -0.0736886  1
811  0  0.966064  -0.119786  15357.5  1.99005  0.157669  1
812  0  -0.0402668  0.00964384  16137.6  1.27399  -0.937453  1
813  0  0.34348  0.124044  14938.5  2.15152  0.0824473  1
814  0  0.190371  -0.127241  14077.4  2.67455  -0.429511  1
815  0  0.364512  0.122568  14937.9  2.10968  0.0546283  1
816  0  1.26245  0.120541  15509.1  1.97712  -0.228012  1
817  0  0.705292  -0.108987  14911.4  2.04024  0.129974  1
818  0  0.163141  0.146842  15644.6  1.88814  0.220151  1
819  0  0.754864  -0.573625  15126.2  2.08291  -0.118338  1
820  0  0.188063  0.10366  15466.4  1.89749  0.321254  1
821  0  -0.869314  0.577469  15550.9  1.94722  -0.439756  1
822  0  0.292281  -0.084397  13984.8  1.77461  -0.17453  1
823  0  0.946058  -0.0182073  15344.4  0.199679  0.0649287  1
824  0  0.294439  -0.125497  14123.3  2.63108  -0.257018  1
825  0  0.475813  0.119657  14788.1  2.09415  -0.137877  1
826  0  -0.448327  -0.356338  15316.9  2.01168  -0.500826  1
827  0  -0.0658353  -0.320285  14987.3  2.14381  -0.459158  1
828  0  0.15664  -0.110757  13977.1  2.70411  -0.499184  1
829  0  0.407629  0.231968  15132.9  2.14157  -0.0740846  1
830  0  -1.73717  -0.61586  15403  1.97332  -0.343998  1
831  0  -1.67922  0.526207  15513.4  1.97383  -0.347358  1
832  0  0.401474  -0.118769  14256.1  2.44254  -0.101435  1
833  0  0.23241  0.114932  15250.3  2.03885  0.256595  1
834  0  0.36114  0.297027  15290.2  2.06724  -0.0665441  1
835  0  0.319156  0.123268  15016.1  2.13399  0.122148  1
836  0  0.744808  0.106561  15193.9  2.16818  -0.388481  1
837  0  0.581712  -0.131672  14631.1  2.32925  0.0699665  1
838  0  0.963307  -0.222461  15299.1  2.00361  0.0545692  1
839  0  0.507199  0.353724  15269.3  2.07294  -0.178201  1
840  0  0.166169  0.101151  15557.1  1.87722  0.343159  1
841  0  0.142673  0.0976314  15714.5  1.79268  0.373537  1
842  0  1.32972  -0.260821  15407.6  1.90907  -0.0759636  1
843  0  1.71075  1.32256  15379.8  2.06034  -0.281437  1
844  0  1.17794  -0.225801  15424.4  1.91961  -0.0405344  1
845  0  -0.162194  -0.308296  15131.7  2.07403  -0.470483  1
846  0  0.802041  1.71084  15454.2  2.03497  -0.31758  1
847  0  0.243813  -0.105739  14031.7  2.55765  -0.319458  1
848  0  0.316444  -0.608544  14995.9  2.16107  -0.271971  1
849  0  0.797758  -0.285371  15091.3  2.0991  0.0215287  1
850  0  0.000390102  -0.206899  14747.4  2.23921  -0.571637  1
851  0  0.205675  -0.101464  13978.5  2.59693  -0.381769  1
852  0  0.715353  0.0823057  15125.2  1.64392  -0.310655  1
853  0  0.796886  -0.0378018  15019.3  0.244696  -0.0173011  1
854  0  0.695489  0.0876022  15109.9  1.74358  -0.318527  1
855  0  -0.108328  0.105072  16079.8  1.61607  -0.378737  1
856  0  0.257454  0.331639  15460.6  1.9798  -0.0405376  1
857  0  1.06005  -0.40211  15299.3  1.97955  -0.0537603  1
858  0  0.123823  0.0898318  15845.9  1.68994  0.39726  1
859  0  1.43377  0.567276  15412.2  2.00648  -0.253287  1
860  0  0.58317  0.271567  15183.6  2.11329  -0.230846  1
861  0  0.624715  0.308158  15234.5  2.08702  -0.2438  1
862  0  0.233059  0.173186  15386.6  2.02213  0.146436  1
863  0  -1.71035  1.71102  15582  1.97038  -0.33446  1
864  0  1.19238  -1.6864  15307.8  1.96725  -0.244822  1
865  0  0.110975  -0.0929111  13864.1  2.71466  -0.628003  1
866  0  0.546439  -0.13444  14564.3  2.38356  0.0385387  1
867  0  0.880621  0.117939  15385.5  2.07617  -0.372188  1
868  0  0.477413  -0.203723  14576.8  2.40689  -0.078762  1
869  0  0.0691872  -0.0864156  13827.9  2.70378  -0.789402  1
870  0  0.313538  -0.244942  14513.4  2.38593  -0.252927  1
871  0  0.0659106  -0.140119  14273.7  2.41426  -0.644137  1
872  0  0.521118  0.497107  15369.2  2.03214  -0.195317  1
873  0  1.38422  -0.914882  15314.5  1.94845  -0.174169  1
874  0  0.838757  -0.0290477  15062  0.0429955  -0.0341265  1
875  0  0.954656  -0.0610812  15359.9  1.37481  0.172577  1
876  0  0.479304  0.162101  14932.6  2.29632  -0.158405  1
877  0  -0.0360441  -0.066824  14834.3  2.05506  -0.984326  1
878  0  -0.0770509  -0.0317  15499.3  1.76634  -0.862097  1
879  0  0.672433  0.0907538  15046.9  1.78226  -0.302816  1
880  0  0.965785  -0.014952  15401.2  0.177734  0.0607269  1
881  0  -0.719439  0.761212  15562.5  1.90949  -0.424639  1
882  0  -0.0177  -0.154455  14730  2.21534  -0.681047  1
883  0  -0.269961  1.23601  15576  1.90794  -0.266735  1
884  0  0.201619  -0.85139  15119.2  2.10727  -0.28353  1
885  0  1.04528  1.37692  15430  2.00291  -0.277094  1
886  0  -0.00847596  0.174764  16115.6  1.63676  -0.0979124  1
887  0  -0.991976  -0.0754739  15457.8  1.97286  -0.434638  1
888  0  0.0199882  -0.561298  15035.2  2.14218  -0.332261  1
889  0  0.588814  0.137459  14976.2  2.30227  -0.290242  1
890  0  -1.34371  0.00236117  15465.5  1.9693  -0.36878  1
891  0  0.730593  0.167333  15202.7  2.11713  -0.338342  1
892  0  -0.301987  -0.0268794  15548.8  1.87601  -0.494539  1
893  0  -0.129135  0.0136269  15821.9  1.6932  -0.597684  1
894  0  0.659847  0.22138  15166  2.11372  -0.284499  1
895  0  0.0435106  0.374968  15710.5  1.87074  -0.0984011  1
896  0  0.558131  0.194091  15043.5  2.17965  -0.231148  1
897  0  0.543494  -0.28171  14778.8  2.26309  -0.0783636  1
898  0  0.408871  0.190174  15041  2.19189  -0.0574796  1
899  0  -0.0651062  0.51836  15652  1.91113  -0.159505  1
900  0  1.10358  -0.00527167  15679.3  1.33708  -0.11665  1
901  0  1.74545  -1.72584  15339.6  1.94645  -0.239033  1
902  0  0.247789  -0.133718  14147.6  2.65195  -0.344229  1
903  0  0.665633  0.492881  15356.8  2.03331  -0.234432  1
904  0  0.981068  -0.0836089  15429.8  1.71554  0.172958  1
905  0  0.663034  0.769371  15429.7  2.00102  -0.233615  1
906  0  0.486544  0.28812  15198.4  2.10935  -0.15935  1
907  0  -1.76167  -0.274988  15434.5  1.97379  -0.344628  1
908  0  0.8063  0.119401  15287.5  2.13782  -0.377443  1
909  0  0.0964563  -0.056575  13470.9  2.07493  -0.512595  1
910  0  -1.34893  -0.254498  15433.9  1.97696  -0.369358  1
911  0  0.279324  0.228414  15342.4  2.05316  0.0394139  1
912  0  -0.254273  -0.252702  15254  2.01885  -0.491065  1
913  0  0.308797  -1.2723  15217.7  2.04228  -0.27511  1
914  0  -1.7196  -1.72561  15343.2  1.97424  -0.336413  1
915  0  0.112866  -0.426765  14871.5  2.20671  -0.349108  1
916  0  -0.0352108  0.0667719  16525.7  1.31006  -0.339698  1
917  0  0.941392  -0.183633  15278.1  2.05147  0.0971245  1
918  0  -0.366235  -0.171468  15397.1  1.95692  -0.50429  1
919  0  0.819906  0.403799  15359.4  2.02861  -0.262855  1
920  0  0.371032  -0.438232  14846.1  2.22602  -0.23527  1
921  0  0.272302  0.158852  15220.1  2.11324  0.136202  1
922  0  -0.386847  0.0149907  15557.7  1.89327  -0.475668  1
923  0  1.72909  -1.12622  15339  1.92332  -0.212183  1
924  0  -1.27294  -0.52602  15399.9  1.97967  -0.370823  1
925  0  -1.2942  1.34674  15572.8  1.95984  -0.355848  1
926  0  -0.190088  -0.410474  15145.6  2.07635  -0.426089  1
927  0  0.664336  -0.665462  15112.2  2.10224  -0.165382  1
928  0  0.720234  -0.774078  15161.2  2.07905  -0.175374  1
929  0  0.852469  -0.0752068  15104.7  1.58323  0.147591  1
930  0  0.669922  -1.10231  15217.6  2.04106  -0.233872  1
931  0  -0.0845914  0.312537  15825.7  1.82515  -0.176154  1
932  0  -0.0690105  -0.815643  15160.2  2.09635  -0.315379  1
933  0  -0.118433  -0.961768  15198.6  2.07456  -0.318744  1
934  0  1.82297  0.607744  15372.6  2.01136  -0.272096  1
935  0  0.784623  0.0982774  15261.5  2.13619  -0.390811  1
936  0  1.37584  1.76586  15410.1  2.07482  -0.332303  1
937  0  0.144716  -0.18426  14368.1  2.42286  -0.449326  1
938  0  0.494211  -0.117767  14381.5  2.29713  0.00866706  1
939  0  -0.263687  0.59684  15621.3  1.89141  -0.268654  1
940  0  0.949067  0.0915847  15471.4  2.05483  -0.372013  1
941  0  1.0319  -0.210981  15375  1.96137  0.0375049  1
942  0  -0.912505  -0.907333  15335.8  1.99774  -0.414109  1
943  0  -0.531134  -0.445139  15320.7  2.02166  -0.507298  1
944  0  0.910307  0.0805578  15426.1  2.04455  -0.384073  1
945  0  -0.714657  -0.651923  15330.1  2.01684  -0.48137  1
946  0  0.82046  1.0345  15439.9  1.983  -0.250007  1
947  0  0.621477  -0.247404  14842  2.23209  -0.00787392  1
948  0  0.883987  -0.646834  15197.2  2.04331  -0.117472  1
949  0  0.804393  -0.0761044  15051.9  1.50461  0.133433  1
950  0  1.21801  0.987006  15415.3  1.99691  -0.2678  1
951  0  0.454559  -0.276188  14679.1  2.30682  -0.133703  1
952  0  1.09224  -0.79348  15268.4  1.9919  -0.148434  1
953  0  0.267679  -0.230655  14452.7  2.40618  -0.293057  1
954  0  0.854388  -0.209288  15150.4  2.09987  0.0799354  1
955  0  0.411825  0.328738  15288.2  2.06396  -0.109731  1
956  0  0.316004  -0.121108  14170.7  2.58611  -0.223517  1
957  0  0.876101  -1.02472  15236.3  2.02104  -0.20658  1
958  0  0.140476  0.615924  15556.9  1.93766  -0.135473  1
959  0  -0.360358  0.70217  15591.6  1.8646  -0.314572  1
960  0  0.211509  1.75978  15533.3  1.97951  -0.286113  1
961  0  0.381874  -0.0854884  14143.6  1.50774  -0.0567353  1
962  0  0.750283  -0.1593  14994.4  2.25253  0.107478  1
963  0  0.563693  0.108922  14874.8  1.92515  -0.240455  1
964  0  0.437913  -0.455326  14891.3  2.20315  -0.205549  1
965  0  1.35052  0.776471  15409.1  2.0094  -0.258116  1
966  0  0.583099  -0.394016  14927.8  2.19618  -0.111627  1
967  0  -0.954371  1.4166  15577.4  1.95441  -0.368601  1
968  0  0.0583062  0.0681061  16526.9  1.2726  0.366921  1
969  0  -1.05721  -0.573179  15382.3  1.98495  -0.404755  1
970  0  0.198347  0.19194  15524.7  1.95522  0.126766  1
971  0  0.492908  0.205987  15043.7  2.17634  -0.164384  1
972  0  0.79202  0.239646  15302.6  2.04831  -0.303339  1
973  0  0.0588573  -0.391696  14885.1  2.19896  -0.381743  1
974  0  0.0911821  0.109324  16070.8  1.63998  0.291364  1
975  0  -0.73498  -1.12496  15310.7  2.01197  -0.414625  1
976  0  0.49925  1.13384  15490.3  1.94954  -0.255367  1
977  0  0.0992167  0.422891  15628.5  1.91667  -0.0938646  1
978  0  -0.00862973  -0.00219077  15116.4  0.971935  -1.63252  1
979  0  1.01828  0.245659  15450.4  1.97623  -0.293103  1
980  0  0.25662  0.941781  15512.9  1.93397  -0.221982  1
981  0  0.447123  0.496017  15391.5  2.02369  -0.170571  1
982  0  0.629632  -0.104802  14721.8  1.94781  0.121957  1
983  0  0.588694  -0.288598  14840.6  2.22938  -0.0546859  1
984  0  -0.721604  0.435997  15562.1  1.95204  -0.463406  1
985  0  0.846393  -0.144682  15129  2.18021  0.138994  1
986  0  0.994576  0.0194249  15564.1  1.1702  -0.257574  1
987  0  0.792167  -0.154799  15043.6  2.22655  0.119535  1
988  0  0.759599  0.154734  15227.5  2.11099  -0.350504  1
989  0  1.0595  0.676335  15415.2  2.00693  -0.257756  1
990  0  0.316226  -0.176136  14335.3  2.52687  -0.242349  1
991  0  0.838325  -0.108896  15087.2  2.02442  0.160499  1
992  0  0.902533  -0.15521  15226.5  2.10792  0.130244  1
993  0  0.193641  -0.639806  15016.5  2.15282  -0.293072  1
994  0  -1.41116  0.594829  15522.8  1.97295  -0.361987  1
995  0  0.0875034  0.233902  15820.9  1.814  0.0164794  1
996  0  -0.766569  -0.382767  15381.9  1.99852  -0.501686  1
997  0  1.51717  0.227274  15426.7  2.01016  -0.23548  1
998  0  0.21866  -0.144832  14175.2  2.61455  -0.377916  1
999  0  0.932166  -1.29762  15264.8  2.00277  -0.230526  1
1000  0  -0.974368  0.203544  15503.1  1.96983  -0.440168  1
1001  0  0.737826  -0.105614  14967.9  2.00083  0.129685  1
1002  0  0.211252  -0.281639  14593.6  2.36175  -0.345759  1
1003  0  -0.0224911  0.96688  15548.6  1.87435  -0.232957  1
1004  0  -1.07949  0.359107  15517.4  1.9697  -0.412105  1
1005  0  1.09666  -0.575471  15277.1  1.98674  -0.101886  1
1006  0  0.705964  -0.157169  14933.6  2.28665  0.101919  1
1007  0  0.678186  -0.327797  14976.6  2.1668  -0.0358852  1
1008  0  0.160911  -1.01186  15173.4  2.07519  -0.282723  1
1009  0  -1.36659  -1.16952  15353.2  1.97717  -0.352692  1
1010  0  0.492951  -1.77706  15272.4  1.99433  -0.284483  1
1011  0  -0.376115  0.107084  15626.4  1.88758  -0.440661  1
1012  0  0.776833  -0.343118  15085  2.10886  -0.0126876  1
1013  0  1.35536  0.205904  15460.5  1.99558  -0.232331  1
1014  0  0.758256  0.0721739  15205.3  1.54823  -0.302837  1
1015  0  0.680124  0.130437  15108  2.23369  -0.36448  1
1016  0  -0.547946  0.511668  15589.6  1.92508  -0.426689  1
1017  0  0.371259  0.243297  15204.5  2.11366  -0.0454437  1
1018  0  0.0331619  0.121308  16327.6  1.48202  0.0654237  1
1019  0  1.01983  0.0165946  15637  1.21268  -0.278129  1
1020  0  0.0265743  -0.710327  15094.7  2.12316  -0.309259  1
1021  0  -0.434935  -0.750059  15258.2  2.06097  -0.441374  1
1022  0  1.10199  -0.0627183  15575.1  1.4495  0.0458261  1
1023  0  0.842286  0.26375  15345.5  2.0286  -0.29549  1
1024  0  0.693885  0.246382  15218.8  2.09105  -0.284945  1
1025  0  0.46854  0.219474  15078.6  2.16043  -0.136992  1
1026  0  0.52579  -0.228179  14686.6  2.32385  -0.0546658  1
1027  0  0.614633  -0.339697  14914.2  2.20141  -0.0717979  1
1028  0  0.209779  0.27737  15523.7  1.95959  0.0112027  1
1029  0  0.673412  -0.102939  14842.4  1.93941  0.122954  1
1030  0  -0.24246  0.0826382  15740.3  1.80773  -0.439469  1
1031  0  0.32978  -0.8054  15094.3  2.11959  -0.270212  1
1032  0  -0.237521  0.377093  15721.2  1.88825  -0.259855  1
1033  0  0.881944  -0.0218675  15138.7  -0.00982534  0.0152395  1
1034  0  0.278056  -1.09486  15186.2  2.06385  -0.275835  1
1035  0  -0.460646  -1.56599  15293.9  2.01399  -0.370578  1
1036  0  0.844038  1.22189  15444.2  1.9682  -0.255708  1
