361  530  963
340  486  968
331  614  1036
416  575  898
39  491  1051
27  28  881
423  612  809
292  523  1017
313  792  947
13  479  1065
38  39  1051
361  530  768
3  27  28
457  518  776
385  555  556
84  85  535
397  540  838
325  493  682
324  545  976
366  501  1054
322  598  806
46  636  764
414  533  799
443  779  1052
286  511  707
276  483  761
39  491  851
268  506  750
292  576  579
404  527  985
97  98  644
361  589  620
368  520  1073
92  93  546
456  591  1022
268  506  990
445  887  897
137  138  1038
312  503  594
295  510  566
343  447  549
382  475  931
415  576  875
382  475  960
435  608  924
424  498  853
306  506  660
296  453  956
13  502  769
390  725  836
66  67  553
29  448  699
26  565  989
29  448  881
415  642  875
377  477  537
380  795  846
361  543  589
296  488  585
292  522  1017
377  622  699
316  523  579
312  697  893
383  567  920
270  543  589
344  557  598
270  543  663
295  461  832
391  673  789
388  412  753
362  388  421
468  572  966
418  576  579
306  506  877
361  543  963
650  1008  1009
285  481  845
22  23  464
365  469  521
286  511  809
88  89  584
283  435  924
322  563  564
326  362  790
332  655  940
400  528  916
322  414  799
518  690  1083
295  478  832
376  527  807
308  614  615
511  612  809
545  976  1074
348  580  665
276  483  999
268  560  990
310  509  655
285  488  845
290  440  606
404  527  678
554  575  898
322  564  806
407  559  755
56  57  578
396  484  677
637  654  1068
321  436  880
307  586  606
98  644  1056
477  537  1026
383  567  949
316  523  659
411  562  1066
2  19  702
2  18  702
427  560  1032
285  488  771
287  561  772
339  496  619
362  421  1033
381  602  651
13  479  502
380  535  795
511  612  1055
46  47  636
294  524  883
336  596  706
377  477  622
287  462  639
276  628  999
296  497  956
315  593  779
360  460  582
277  672  930
368  570  603
278  451  590
286  529  633
82  83  568
390  533  836
281  457  518
16  17  482
379  459  609
366  501  731
275  709  913
32  528  983
340  571  968
346  637  654
286  455  529
422  521  910
25  26  989
419  537  798
270  540  838
275  624  709
474  811  1031
23  464  844
548  560  853
290  440  697
278  451  870
497  634  866
372  454  642
328  521  910
450  636  764
313  717  928
377  699  711
41  673  789
405  549  954
321  436  658
536  595  1081
404  550  588
0  46  764
424  498  917
337  475  960
338  567  949
511  1055  1077
332  475  931
291  443  991
319  472  641
399  473  948
30  622  699
400  528  788
363  525  546
391  496  748
459  609  942
134  135  700
614  615  1036
324  545  986
283  582  666
298  555  975
407  635  723
291  443  1052
407  559  663
128  129  599
273  527  807
311  569  850
296  488  670
628  901  1071
409  600  793
386  582  666
593  779  958
36  797  1006
373  759  900
308  615  973
492  717  928
555  556  951
638  734  883
436  474  811
325  493  871
331  567  920
425  706  895
280  456  1022
294  524  714
753  849  1087
366  597  1054
316  495  651
22  464  756
398  600  793
32  33  528
583  792  947
440  697  893
323  478  830
317  675  1062
349  753  849
503  594  1003
407  635  755
322  563  799
476  660  916
729  862  1040
363  631  632
476  916  1044
287  561  914
35  36  797
343  549  954
399  493  1015
371  616  909
314  596  706
268  560  853
396  483  876
336  515  998
359  594  726
356  498  696
302  569  971
486  518  776
368  570  1073
339  496  1076
408  591  707
283  435  743
509  655  940
304  522  705
316  602  651
427  590  780
313  717  792
346  887  897
12  13  1065
395  597  708
400  506  750
407  663  838
371  517  781
441  500  770
135  572  700
284  642  875
414  739  814
366  731  1018
379  459  957
292  523  579
325  682  778
604  731  1018
351  543  663
299  580  982
305  585  845
311  551  850
414  533  814
322  414  794
344  557  715
355  517  643
418  495  953
443  529  633
520  672  930
284  458  1096
497  634  956
367  489  947
135  136  572
471  976  1074
335  634  956
379  541  609
396  483  592
330  557  843
270  540  906
371  746  909
701  835  952
426  483  761
295  478  969
51  52  718
39  619  851
336  513  1024
392  568  855
380  568  855
329  795  846
1  10  749
1  45  749
418  495  1069
375  623  724
456  772  857
446  654  887
396  484  692
340  518  690
358  492  927
295  461  935
427  590  668
133  134  800
373  734  900
69  70  601
417  536  595
108  109  600
302  509  909
376  527  861
13  14  769
285  556  951
17  482  782
459  657  761
375  613  724
110  111  604
419  537  684
481  555  975
274  609  1103
552  675  1062
402  589  620
547  797  1006
301  529  958
302  475  971
363  546  631
426  483  876
448  699  711
420  511  707
488  670  771
385  556  666
371  517  643
459  657  957
330  557  715
311  1008  1009
433  557  1080
460  759  932
298  555  896
373  759  874
399  607  1015
295  510  885
301  529  860
575  716  796
432  592  981
335  468  966
352  790  812
455  564  806
429  715  970
458  681  1096
458  524  883
11  530  1065
408  561  772
548  560  1032
289  487  973
524  580  982
297  691  997
422  521  672
382  532  645
381  526  648
326  790  812
375  613  888
397  540  783
428  532  808
16  482  1070
558  562  1066
400  506  660
329  439  899
298  693  896
408  591  772
336  515  762
559  690  1083
365  469  689
382  534  645
336  514  1024
433  557  843
119  120  611
434  531  817
426  657  761
319  472  714
305  637  845
311  551  978
121  122  613
375  623  897
461  693  896
513  706  754
460  751  932
508  823  994
368  520  1057
443  633  991
437  534  813
391  496  673
328  521  926
24  802  989
426  657  1062
346  587  897
284  458  734
532  645  864
391  545  748
321  658  752
372  609  942
368  603  804
456  591  772
51  630  718
416  575  796
342  726  834
526  648  872
494  550  1034
312  503  892
84  535  687
367  583  947
309  769  944
333  592  981
386  499  962
304  522  716
367  574  744
302  475  940
85  535  694
305  637  1068
123  124  623
342  721  893
399  473  802
348  580  760
39  40  619
270  589  906
44  620  1049
294  862  1040
394  611  830
359  594  899
465  508  823
534  645  869
24  802  844
401  499  771
552  675  919
307  606  1075
276  628  901
485  692  816
125  126  626
48  49  627
306  660  945
273  985  1000
388  412  790
61  62  645
541  609  1103
282  754  784
271  603  854
363  632  928
384  512  785
66  553  704
67  553  703
19  20  907
317  692  816
286  455  886
287  462  746
100  101  648
390  646  725
289  573  680
395  688  747
358  525  927
520  672  1023
469  621  689
431  605  1039
311  569  1008
93  546  1029
413  575  716
537  798  1026
301  563  564
290  697  765
278  621  939
134  700  800
50  51  630
442  611  830
370  500  644
370  659  923
296  670  890
344  598  794
425  706  754
442  613  888
366  641  824
333  592  999
355  643  698
292  576  1090
20  21  588
33  528  656
376  610  1103
281  457  1064
300  557  1080
359  726  834
302  569  1046
389  614  822
335  468  634
476  660  945
329  439  795
350  595  1081
378  560  980
302  509  940
431  605  656
271  798  1026
373  638  734
391  539  986
307  586  763
440  606  1075
355  635  723
554  575  981
462  509  909
360  610  773
297  497  866
372  609  791
393  675  919
419  675  840
394  661  741
28  29  881
305  679  1068
280  456  698
376  541  1103
283  582  874
353  494  1034
318  729  824
360  460  751
478  830  941
367  574  1002
395  662  747
336  513  706
372  454  791
18  702  782
360  624  773
550  588  1034
355  618  698
370  516  602
305  679  1061
345  708  969
383  531  718
436  474  774
383  630  718
427  560  980
447  549  859
285  481  951
299  580  665
355  517  993
432  937  946
354  710  965
314  596  847
389  627  822
383  630  920
316  602  659
420  581  1077
342  465  834
92  546  818
373  743  874
343  447  679
302  616  1046
338  567  921
391  545  986
445  623  897
398  685  740
494  550  1000
337  475  971
300  557  598
89  584  664
329  594  899
360  610  751
389  627  821
432  592  946
56  578  713
410  586  606
499  867  913
57  578  712
325  527  678
389  614  829
356  605  1039
432  652  937
88  584  695
350  590  668
303  551  921
78  79  646
417  536  765
399  802  844
452  783  976
34  35  605
316  579  953
510  566  1012
323  693  832
415  576  1090
546  631  818
386  582  709
402  539  787
367  586  744
270  663  838
438  635  1064
467  569  850
80  81  647
292  522  815
397  730  783
510  729  862
332  475  940
386  556  962
280  581  730
346  654  887
334  384  676
318  708  1012
386  556  666
286  633  809
24  25  989
37  547  1051
296  585  992
355  618  723
513  754  784
380  568  687
472  729  824
462  746  909
397  723  838
498  853  904
310  509  961
0  764  766
83  568  687
399  493  1085
26  565  667
323  478  832
481  637  845
14  15  515
305  585  1061
399  607  948
303  551  952
357  916  1044
316  495  953
464  678  871
319  580  760
11  12  1065
82  568  732
410  617  912
17  18  782
367  586  763
443  529  958
43  44  1049
487  615  973
415  544  1090
318  597  708
420  581  1022
403  701  835
414  671  739
428  737  808
346  637  884
19  702  907
330  715  970
463  822  920
417  504  987
30  31  622
328  617  912
360  624  709
23  24  844
117  118  661
394  830  941
334  384  785
115  116  662
418  576  875
345  708  918
390  799  1005
488  585  845
563  799  1005
356  696  1059
27  667  881
280  618  730
434  649  1042
21  588  1027
496  619  673
397  618  723
476  603  854
40  41  673
322  598  794
504  697  765
395  708  918
340  486  518
402  539  758
455  757  806
93  94  683
437  650  1047
294  638  862
336  596  762
280  618  698
353  494  1063
469  621  939
483  592  999
404  550  985
461  693  832
370  602  659
444  803  1101
528  916  983
351  543  963
550  985  1000
326  362  828
314  706  895
360  582  709
331  567  1036
33  34  656
339  696  851
455  564  860
272  552  657
384  512  542
463  627  822
455  529  860
358  492  868
71  72  669
394  611  741
404  588  1027
336  514  998
325  527  861
466  551  850
128  599  719
41  42  789
526  803  1101
73  74  671
365  521  1023
470  752  842
268  853  904
376  773  807
614  829  849
129  599  720
434  742  817
356  498  1039
347  651  1001
35  605  797
363  525  927
441  500  922
467  616  1046
274  609  791
312  726  893
552  657  1062
287  639  914
89  90  664
397  618  730
285  556  962
477  622  1045
312  594  726
566  708  1012
438  517  1100
437  738  813
396  692  876
441  683  833
15  515  762
538  625  1094
516  644  1056
106  107  685
329  629  846
357  916  983
104  105  686
324  540  783
417  595  972
113  114  688
395  688  1054
296  453  992
136  572  839
463  630  920
436  658  774
295  566  969
405  549  800
393  607  919
376  610  773
470  658  752
506  877  990
10  11  768
378  560  990
302  616  909
311  978  1009
398  760  793
407  723  838
275  867  913
289  487  852
386  499  913
424  752  842
419  675  816
392  647  732
380  846  855
34  605  656
411  562  1030
420  591  707
333  575  981
608  935  1048
428  532  1058
430  970  1020
558  562  895
370  516  644
443  779  958
522  705  1017
289  573  973
417  504  765
631  632  1060
464  678  756
277  677  930
434  531  1042
468  512  785
297  691  903
458  734  883
522  716  815
411  624  1030
85  86  694
280  581  1022
345  490  911
345  490  918
87  88  695
271  603  804
278  621  780
435  510  885
83  84  687
275  867  1025
269  658  774
454  759  900
411  773  807
422  574  1102
348  665  826
390  533  799
40  619  673
372  642  1088
309  769  998
379  541  778
437  534  1047
442  830  888
447  820  859
384  676  1084
91  823  994
282  505  691
109  600  728
393  675  840
465  508  736
367  489  763
354  480  925
108  600  740
321  752  1032
362  388  790
269  748  1074
449  828  903
327  705  1017
69  601  733
659  923  1016
111  604  731
110  604  728
70  601  735
330  970  1020
670  890  988
11  530  768
273  527  985
555  896  1048
390  646  925
274  751  1103
294  638  883
65  66  704
67  68  703
409  641  793
26  27  667
401  499  867
451  590  1081
625  676  1084
315  593  710
452  730  783
361  620  858
275  624  1030
281  635  1064
303  567  1036
394  661  911
331  614  822
300  757  806
380  535  687
37  547  1006
313  632  928
320  684  711
349  450  873
298  587  693
395  662  918
353  702  782
341  1055  1077
296  497  890
566  708  969
391  539  789
398  600  740
315  629  846
721  893  1075
435  638  743
29  30  699
119  611  741
495  651  1001
444  803  810
385  608  1048
122  613  724
385  555  1048
97  644  882
456  643  698
409  641  1018
324  540  787
120  611  801
55  56  713
57  58  712
392  647  943
422  652  1102
472  641  824
48  627  821
290  765  996
341  581  1077
121  613  801
314  558  895
469  521  926
516  602  977
398  685  865
389  636  821
293  583  792
315  629  779
435  638  862
346  587  884
435  510  862
123  623  724
505  691  997
369  653  1020
369  655  1010
324  783  976
498  696  917
492  717  938
10  749  768
47  636  821
481  555  951
381  651  967
485  798  816
349  450  1007
313  632  947
425  562  1025
20  588  907
351  559  663
348  825  826
364  508  631
37  38  1051
356  605  797
300  757  1080
358  705  868
362  449  1033
466  551  952
649  978  1009
22  756  1027
492  868  938
329  629  1003
342  465  736
127  128  719
410  617  870
124  623  827
376  541  861
303  567  921
49  627  856
320  684  840
129  130  720
370  500  923
299  1001  1069
125  626  827
502  769  944
525  546  1029
339  619  851
278  617  870
421  538  625
408  561  757
378  621  689
441  770  833
269  658  1067
367  583  1002
455  757  886
126  626  831
491  696  851
100  648  722
458  524  982
430  703  733
460  582  874
428  704  737
424  548  752
593  710  965
379  682  778
413  815  1071
284  642  900
528  656  788
62  645  864
303  1036  1091
61  645  869
31  32  727
290  606  786
101  648  872
379  682  957
479  502  878
282  505  988
422  672  937
466  835  952
122  123  724
95  96  770
315  846  855
386  709  913
99  100  722
109  110  728
111  112  731
310  653  1021
42  43  758
94  683  833
388  421  538
479  690  964
396  592  677
312  697  892
50  630  856
333  628  1072
309  571  944
460  759  874
382  532  931
358  525  1053
398  760  865
468  634  785
77  78  725
383  531  949
610  751  1103
308  614  849
570  603  945
508  631  818
479  690  878
319  580  1093
338  649  1042
137  512  1038
381  526  967
414  671  891
417  640  987
548  752  1032
281  635  755
354  480  943
653  843  1021
434  649  933
373  638  743
434  713  742
437  712  738
329  594  1003
437  650  934
431  656  788
21  22  1027
44  45  858
408  707  886
648  722  977
70  71  735
118  119  741
382  534  960
319  760  793
337  650  1047
366  641  1018
107  108  740
81  82  732
74  75  739
68  69  733
491  696  1059
64  65  737
277  677  946
323  693  974
408  757  886
544  815  1071
304  716  796
114  115  747
452  581  730
423  612  1099
339  842  1076
58  59  738
78  646  725
54  55  742
412  753  1087
615  1036  1091
412  573  1087
448  667  819
565  667  819
298  587  884
347  665  826
418  579  953
331  822  920
277  937  946
295  885  935
574  744  910
374  650  1009
332  655  1010
348  760  865
278  590  780
330  653  1020
364  631  1060
86  87  745
425  577  1025
334  676  889
577  867  1025
289  775  776
15  16  1070
351  559  690
521  672  1023
524  580  1093
285  771  962
392  710  943
15  762  1070
392  568  732
344  507  848
395  597  1054
320  840  841
393  607  948
462  509  961
344  507  891
120  121  801
584  664  834
441  683  1053
438  635  993
31  622  727
364  721  805
389  636  873
81  647  732
317  675  816
432  554  1097
118  661  741
320  711  819
348  519  865
402  620  1049
495  1001  1069
286  707  886
326  812  915
289  680  776
480  647  943
420  511  1077
279  595  972
348  519  825
381  602  977
328  617  926
545  748  1074
303  701  1091
115  662  747
137  512  839
435  608  885
299  665  1001
79  646  936
439  695  745
450  636  873
429  669  735
430  703  908
330  653  843
428  704  905
369  653  1079
438  517  993
90  91  823
531  718  863
364  721  736
103  104  810
392  710  855
369  655  1079
424  548  853
467  616  1086
14  515  769
80  647  936
415  674  901
279  595  811
361  749  768
90  664  823
130  131  820
446  654  950
411  624  773
71  669  735
320  819  1092
347  651  967
323  888  974
102  103  803
680  968  1078
94  95  833
482  596  847
375  897  974
484  692  959
334  634  785
74  671  739
358  705  902
465  664  823
423  640  991
107  685  740
377  537  1035
415  544  901
371  643  1082
366  597  824
63  64  808
75  76  814
573  680  1078
447  720  820
419  684  840
59  60  813
277  672  937
272  682  1015
362  449  828
433  639  1021
114  688  747
342  721  736
124  125  827
592  677  946
117  661  979
309  571  812
53  54  817
468  572  839
466  835  995
446  719  831
116  662  979
297  497  997
126  127  831
439  695  1014
340  571  944
468  512  839
414  794  891
423  640  1099
321  668  880
482  782  1063
451  786  870
350  668  880
282  929  988
104  686  810
310  961  1021
293  583  1002
282  754  929
447  679  984
377  711  1035
485  798  804
374  650  934
272  552  919
403  775  852
476  603  945
334  634  866
374  649  933
353  702  907
344  794  891
448  667  881
52  718  863
291  987  991
356  797  1059
87  695  745
419  798  816
325  678  871
76  77  836
72  669  1013
136  137  839
387  679  1068
65  704  737
68  703  733
381  648  977
439  694  745
73  671  1013
309  915  998
323  830  888
418  681  1069
434  713  933
493  871  1085
437  712  934
49  50  856
378  877  990
415  674  1088
429  715  848
536  765  996
351  690  964
341  581  837
301  564  860
352  412  790
303  701  952
272  682  957
489  763  805
444  686  810
432  652  1097
276  674  901
332  1010  1058
676  889  1033
106  685  1043
425  562  895
465  664  834
55  713  742
58  712  738
406  828  903
4  36  1006
4  37  1006
105  686  1043
350  590  1081
385  666  924
113  688  1041
748  1067  1076
287  772  857
86  694  745
32  727  983
423  633  991
95  770  833
47  48  821
301  593  965
403  701  852
317  692  876
131  132  859
62  63  864
441  902  1053
389  829  873
487  701  1091
292  815  1090
60  61  869
565  819  1092
405  700  966
425  577  754
622  727  1045
306  570  879
101  102  872
364  508  736
544  901  1071
45  749  858
413  1071  1072
324  787  986
385  608  924
339  696  917
352  812  968
401  867  929
561  757  1080
357  727  1045
333  628  999
404  678  756
314  558  1050
587  693  974
281  518  1083
512  542  1038
308  973  1087
482  596  1070
274  751  932
354  710  943
471  837  976
402  589  906
333  575  1072
301  563  965
309  812  915
371  616  781
300  598  806
127  719  831
279  612  1099
429  669  848
282  691  784
439  694  795
410  786  870
400  750  788
344  715  848
347  665  1001
272  919  1015
130  720  820
410  606  786
271  798  804
44  620  858
403  767  777
413  575  1072
448  711  819
52  53  863
403  775  777
427  668  1032
353  782  1063
409  600  728
289  775  852
474  774  1011
327  705  902
487  701  852
361  749  858
409  604  728
319  641  793
433  639  914
299  982  1069
422  574  910
96  97  882
268  750  904
444  686  825
489  632  947
359  584  834
77  725  836
539  758  789
387  654  950
547  797  1059
368  804  959
64  737  808
430  601  733
446  719  950
75  739  814
541  778  861
387  679  984
416  796  938
54  742  817
470  658  1067
91  92  994
279  811  1031
59  738  813
349  753  1007
96  770  882
484  677  930
365  879  1073
276  761  1004
352  968  1078
447  720  984
429  601  735
287  746  857
79  80  936
684  711  1035
403  767  835
357  727  983
587  897  974
442  611  801
43  758  1049
342  726  893
417  640  972
103  803  810
288  767  835
442  613  801
369  905  1010
355  635  993
365  689  879
93  683  1029
402  787  906
500  644  882
350  595  1095
369  908  1020
577  754  929
467  569  1046
354  965  1005
452  837  976
406  691  903
450  764  766
628  1071  1072
474  894  1011
340  690  878
420  591  1022
405  955  966
428  1010  1058
436  811  1095
288  835  995
112  731  1041
0  766  1094
301  593  958
92  818  994
608  885  935
76  814  836
99  722  1056
374  578  934
410  586  912
374  578  933
369  553  905
454  642  900
445  623  827
369  553  908
304  796  938
463  627  856
116  117  979
102  803  872
445  626  827
63  808  864
438  767  777
269  748  1067
464  871  1085
432  554  981
452  581  837
401  929  988
570  879  1073
451  786  996
318  597  824
60  813  869
345  911  941
640  972  1099
131  820  859
422  652  937
446  626  831
334  866  889
578  712  934
415  642  1088
496  748  1076
307  763  805
306  570  945
544  815  1090
578  713  933
504  697  892
53  817  863
505  890  988
284  734  900
423  633  809
463  630  856
549  800  1019
481  637  975
451  996  1081
493  682  1015
499  771  962
503  629  1003
401  670  771
278  617  939
405  700  800
572  700  966
345  941  969
599  719  950
328  744  910
42  758  789
72  73  1013
374  649  1009
456  643  1082
349  829  849
0  1028  1037
283  743  874
358  902  1053
458  681  982
352  412  1078
281  755  1083
304  705  868
378  689  877
400  660  916
354  925  1005
341  837  894
279  612  1031
471  837  894
438  767  1100
393  840  841
112  113  1041
462  639  961
536  996  1081
639  961  1021
105  106  1043
319  714  1093
457  777  1064
387  599  950
321  668  1032
431  750  904
0  138  1037
599  720  984
416  717  792
640  987  991
431  750  788
523  659  1016
402  758  1049
535  694  795
372  674  942
421  625  676
586  744  912
485  692  959
132  133  1019
98  99  1056
411  807  1066
540  787  906
537  684  1035
436  880  1095
273  1000  1066
363  927  928
501  731  1041
326  915  1098
387  599  984
371  746  1082
473  802  989
133  800  1019
416  717  938
338  649  978
503  629  1052
519  686  825
558  1000  1066
490  661  979
473  989  1092
294  714  1040
490  662  979
283  666  924
565  989  1092
457  775  777
480  646  936
445  626  887
457  775  776
318  729  1012
538  753  1007
480  647  936
525  683  1053
746  857  1082
621  780  980
446  626  887
132  859  1019
519  685  865
444  825  826
310  653  1079
439  899  1014
413  716  815
310  655  1079
516  722  1056
516  722  977
431  904  1039
424  842  917
553  704  905
607  919  1015
553  703  908
507  669  848
340  878  944
387  654  1068
349  829  873
378  621  980
485  804  959
276  674  1004
412  573  1078
501  688  1041
409  604  1018
372  674  1088
288  781  1100
138  1037  1038
519  685  1043
315  710  855
500  770  882
507  669  1013
519  686  1043
490  661  911
337  650  1008
307  721  805
507  671  1013
539  787  986
490  662  918
573  973  1087
515  769  998
444  826  1101
430  601  970
429  601  970
459  761  1004
487  615  1091
507  671  891
343  954  992
364  805  1060
272  657  957
563  965  1005
480  646  925
486  680  776
681  982  1069
328  744  912
454  791  932
472  714  1040
293  792  898
454  759  932
298  884  975
325  778  861
341  894  1055
393  841  948
484  959  1057
498  904  1039
433  914  1080
427  780  980
326  828  1098
486  680  968
314  847  1050
288  767  1100
596  762  1070
503  1052  1089
418  681  1096
577  867  929
438  777  1064
472  729  1040
517  781  1100
441  902  922
629  779  1052
549  859  1019
478  941  969
375  888  974
405  954  955
689  877  879
388  538  753
404  756  1027
500  922  923
343  679  1061
616  781  1086
271  854  1026
489  632  1060
368  959  1057
353  907  1034
406  691  784
290  786  996
338  921  978
359  584  1014
501  688  1054
470  1067  1076
504  987  1089
474  894  1055
394  911  941
428  905  1010
531  817  863
514  915  998
416  792  898
477  854  1026
339  842  917
430  908  1020
327  902  922
588  907  1034
293  1097  1102
508  818  994
351  963  964
464  844  1085
470  842  1076
399  844  1085
584  695  1014
288  781  1086
467  995  1086
504  892  1089
526  803  872
559  755  1083
401  670  988
532  808  864
335  955  956
571  812  968
477  854  1044
533  814  836
293  898  1097
534  813  869
288  995  1086
538  766  1094
453  954  992
617  926  939
335  955  966
497  890  997
406  828  1098
524  714  1093
450  766  1007
476  854  1044
491  1051  1059
273  807  1066
482  847  1063
494  847  1050
595  811  1095
612  1031  1055
523  1016  1017
297  866  889
558  1000  1050
471  1011  1074
337  971  1008
426  876  1062
489  805  1060
510  729  1012
473  841  948
525  683  1029
494  847  1063
307  721  1075
350  880  1095
269  1011  1074
343  992  1061
269  774  1011
406  784  1024
514  915  1098
421  676  1033
347  826  1101
542  1037  1038
477  1044  1045
513  784  1024
390  925  1005
547  1051  1059
492  927  928
418  875  1096
526  967  1101
274  791  932
467  850  995
327  1016  1017
561  914  1080
466  850  995
502  878  944
503  892  1089
304  868  938
532  931  1058
542  1028  1037
674  942  1004
531  949  1042
440  893  1075
637  884  975
359  899  1014
459  942  1004
461  896  1048
534  960  1047
306  877  879
456  857  1082
297  889  903
317  876  1062
291  1052  1089
530  963  964
449  889  1033
461  935  1048
453  955  956
327  922  923
291  987  1089
275  1025  1030
652  1097  1102
453  954  955
0  1028  1094
471  894  1011
320  841  1092
384  542  1084
473  841  1092
308  849  1087
433  843  1021
520  930  1057
327  923  1016
551  921  978
554  898  1097
469  926  939
284  875  1096
293  1002  1102
357  1044  1045
479  964  1065
484  930  1057
494  1000  1050
505  890  997
474  1031  1055
530  964  1065
332  931  1058
406  1024  1098
569  971  1008
520  1023  1073
585  992  1061
347  967  1101
338  949  1042
279  972  1099
365  1023  1073
337  960  1047
542  1028  1084
449  889  903
562  1025  1030
574  1002  1102
514  1024  1098
538  766  1007
625  1028  1084
625  1028  1094
