0  2  1  0.001  16291.1  0  0  1
1  1  2  2  16285.6  1.97255  0.0307064  1
2  1  2  -2  16288.2  2.01344  0.0536286  1
3  3  -2  -2  16328.8  1.99915  0.0583807  1
4  3  -2  2  16218.8  2.00005  0.0582206  1
10  1  2  1.6  16287.5  1.96643  0.0240564  1
11  1  2  1.2  16287.5  1.96005  0.00911786  1
12  1  2  0.8  16287.5  1.95346  -0.0101984  1
13  1  2  0.4  16287.5  1.95601  -0.036878  1
14  1  2  5.50449e-12  16287.5  1.98816  -0.0296424  1
15  1  2  -0.4  16287.5  2.0284  0.00170543  1
16  1  2  -0.8  16287.5  2.03983  0.0199358  1
17  1  2  -1.2  16287.5  2.03457  0.0364771  1
18  1  2  -1.6  16287.5  2.03011  0.0452506  1
19  0  1.6  -2  16294.5  1.99915  0.0583807  1
20  0  1.2  -2  16304.6  1.99915  0.0583807  1
21  0  0.8  -2  16314.7  1.99915  0.0583807  1
22  0  0.4  -2  16322.4  1.99915  0.0583807  1
23  0  5.50449e-12  -2  16326.4  1.99915  0.0583807  1
24  0  -0.4  -2  16330.2  1.99915  0.0583807  1
25  0  -0.8  -2  16331.5  1.99915  0.0583807  1
26  0  -1.2  -2  16330.3  1.99915  0.0583807  1
27  0  -1.6  -2  16329.3  1.99915  0.0583807  1
28  3  -2  -1.6  16327.9  1.99915  0.0583807  1
29  3  -2  -1.2  16325.2  1.99915  0.0583807  1
30  3  -2  -0.8  16319.3  1.99915  0.0583807  1
31  3  -2  -0.4  16308.4  1.99915  0.0583807  1
32  3  -2  -5.50449e-12  16293.9  1.99915  0.0583807  1
33  3  -2  0.4  16275.7  1.99915  0.0583807  1
34  3  -2  0.8  16255.3  1.99915  0.0583807  1
35  3  -2  1.2  16238.2  1.99915  0.0583807  1
36  3  -2  1.6  16225.7  1.99915  0.0583807  1
37  0  -1.6  2  16211.1  2.003  0.0621166  1
38  0  -1.2  2  16207.1  2.00404  0.0652849  1
39  0  -0.8  2  16196.2  2.00891  0.0674298  1
40  0  -0.4  2  16180.5  2.01617  0.0725674  1
41  0  -5.50449e-12  2  16181.3  2.0164  0.0730268  1
42  0  0.4  2  16192.5  2.01206  0.0668909  1
43  0  0.8  2  16211.7  2.00253  0.0584551  1
44  0  1.2  2  16241.9  1.98936  0.0482964  1
45  0  1.6  2  16272.1  1.97873  0.0372065  1
46  2  0.978805  0.00643806  16315  0  0  1
47  2  0.957568  0.0117059  16291.3  0  0  1
48  2  0.936311  0.0168961  16271  0  0  1
49  2  0.915013  0.0219128  16221.1  2.39739e-16  -3.36971e-17  1
50  2  0.893635  0.0265777  16177.1  0  0  1
51  2  0.872234  0.0311412  16176.2  0  0  1
52  2  0.85082  0.0356352  16088  -4.22513e-16  5.94588e-17  1
53  2  0.829385  0.0400341  16025.1  1.37959e-16  -1.91616e-17  1
54  2  0.807923  0.0442968  16002.5  0  0  1
55  2  0.786425  0.0483766  15953.7  0  0  1
56  2  0.764903  0.0523228  15934.5  0  0  1
57  2  0.743354  0.0561236  15878.1  -2.03123e-16  3.18844e-17  1
58  2  0.721777  0.0597578  15775  1.76561e-16  -2.13869e-17  1
59  2  0.700169  0.0632039  15736.7  -3.12698e-16  4.29089e-17  1
60  2  0.678532  0.0664663  15680.4  0  0  1
61  2  0.65687  0.0695563  15637.5  1.66716e-16  -1.6947e-17  1
62  2  0.635182  0.0724611  15608.9  4.05438e-16  -4.24545e-17  1
63  2  0.613469  0.0751677  15557.3  -5.5081e-16  5.11235e-17  1
64  2  0.591731  0.0776656  15521.4  0  6.16298e-33  1
65  2  0.569971  0.0799669  15450.8  0  0  1
66  2  0.548191  0.0820678  15409.4  -1.77353e-16  9.75495e-18  1
67  2  0.526392  0.0839584  15426.1  4.12146e-16  -2.43952e-17  1
68  2  0.504574  0.0856288  15377.7  0  0  1
69  2  0.482741  0.0870753  15330.2  0  0  1
70  2  0.460894  0.0883051  15307.9  2.99329e-16  -1.27924e-17  1
71  2  0.439036  0.089315  15286.9  -2.93632e-16  7.42017e-18  1
72  2  0.417169  0.0901015  15247.9  5.33594e-16  -1.2058e-17  1
73  2  0.395295  0.0906639  15202.1  2.49327e-16  5.879e-19  1
74  2  0.373418  0.0910621  15196.6  8.15088e-16  2.80356e-18  1
75  2  0.351537  0.0912607  15127.1  0  0  1
76  2  0.329656  0.0911777  15092.1  -4.94849e-16  -9.19059e-18  1
77  2  0.30778  0.0907316  15045.6  0  0  1
78  2  0.285917  0.0898372  15017.8  1.81633e-16  1.40143e-17  1
79  2  0.264076  0.0885254  15017.7  7.85516e-16  5.53218e-17  1
80  2  0.242254  0.0869155  14992.8  2.66321e-16  2.74842e-17  1
81  2  0.220451  0.0850578  14932.4  2.66321e-16  2.74842e-17  1
82  2  0.198673  0.0829414  14806.6  1.51177e-16  2.08893e-17  1
83  2  0.17697  0.0801751  14830.8  -3.95839e-16  -6.28058e-17  1
84  2  0.155478  0.0760789  14928.8  6.8708e-16  1.42652e-16  1
85  2  0.134113  0.0713568  15031  -7.23175e-16  -1.59508e-16  1
86  2  0.112908  0.065964  15105  1.02347e-16  2.86943e-17  1
87  2  0.091806  0.060177  15099.8  2.49786e-16  8.05775e-17  1
88  2  0.0711056  0.0530996  15176.1  -4.73359e-16  -1.74971e-16  1
89  2  0.0508513  0.0448351  15404.5  0  0  1
90  2  0.0313894  0.0348442  15604.4  -8.33035e-17  -4.22215e-17  1
91  2  0.0132254  0.0228694  16753.4  0  0  1
92  2  0.00109972  0.00474325  17735.1  -5.11388e-16  -6.39505e-17  1
93  2  0.00940654  -0.0135676  16650.4  -3.37876e-17  2.36149e-17  1
94  2  0.0293098  -0.0215937  15669.5  4.98955e-16  -1.7059e-16  1
95  2  0.050762  -0.0258763  15679  5.71531e-16  -6.47182e-17  1
96  2  0.0725242  -0.0281023  15753.9  4.43933e-16  -5.35813e-17  1
97  2  0.0943744  -0.0292057  15798.6  0  0  1
98  2  0.116254  -0.0295035  15843.8  0  0  1
99  2  0.138135  -0.029567  15933.3  -5.81438e-16  7.76453e-18  1
100  2  0.160015  -0.0293316  15960.8  0  0  1
101  2  0.181888  -0.028758  15965.3  7.4777e-17  8.22127e-19  1
102  2  0.203744  -0.0277222  16039  -4.19648e-16  -1.21654e-17  1
103  2  0.225589  -0.0264522  16098  1.4945e-16  5.20783e-18  1
104  2  0.247427  -0.0250861  16151  3.06518e-16  1.04355e-17  1
105  2  0.269264  -0.0236866  16188.3  -6.38843e-16  -2.4767e-17  1
106  2  0.291101  -0.0222899  16221.1  0  0  1
107  2  0.312937  -0.0208942  16254.9  0  0  1
108  2  0.334768  -0.0194046  16284.2  -1.50831e-16  -4.81295e-18  1
109  2  0.356599  -0.0179181  16313.3  -3.82598e-16  -1.61354e-17  1
110  2  0.378437  -0.0165527  16345.6  1.75742e-16  6.26386e-18  1
111  2  0.40029  -0.0154272  16373.8  0  0  1
112  2  0.422154  -0.0145777  16348.7  0  0  1
113  2  0.444026  -0.0139306  16363.9  -4.91302e-16  -9.75137e-18  1
114  2  0.465902  -0.0134359  16376.1  0  0  1
115  2  0.487779  -0.0130434  16369.3  -3.52139e-16  -4.32472e-18  1
116  2  0.509658  -0.0127191  16355.7  0  0  1
117  2  0.531539  -0.0125334  16348.4  -1.49839e-16  -1.17264e-18  1
118  2  0.55342  -0.0124532  16346.7  -1.49839e-16  -1.17264e-18  1
119  2  0.575301  -0.0124188  16332.1  -1.48333e-16  -2.32904e-18  1
120  2  0.597183  -0.0123703  16311.2  -1.48333e-16  -2.32904e-18  1
121  2  0.619064  -0.0123261  16299.4  1.83951e-16  8.64168e-19  1
122  2  0.640945  -0.0123408  16283  -3.67902e-16  -1.72834e-18  1
123  2  0.662826  -0.0123379  16261.9  4.25162e-17  -5.11202e-19  1
124  2  0.684707  -0.0122386  16239.4  3.2796e-16  3.13977e-18  1
125  2  0.706587  -0.0119683  16234.1  -5.06145e-16  -5.96867e-18  1
126  2  0.728464  -0.0115409  16232.4  3.63668e-16  4.98796e-18  1
127  2  0.750339  -0.0109971  16234.6  1.5114e-16  1.96927e-18  1
128  2  0.772211  -0.0103653  16250.3  1.46978e-16  2.71444e-18  1
129  2  0.794081  -0.00967376  16237.2  0  0  1
130  2  0.81595  -0.00892741  16230.5  -2.0047e-16  -5.29809e-19  1
131  2  0.837816  -0.00810096  16239.7  2.86417e-16  8.62482e-18  1
132  2  0.859679  -0.00721886  16249.7  0  0  1
133  2  0.881541  -0.0062955  16254.9  -6.9309e-17  -1.33759e-18  1
134  2  0.903401  -0.00533805  16259.9  0  0  1
135  2  0.925256  -0.00425723  16258.5  -5.6156e-17  7.77675e-19  1
136  2  0.947102  -0.00301073  16269.1  0  0  1
137  2  0.968951  -0.00182363  16275.9  0  0  1
138  2  0.990798  -0.000600357  16277.9  0  0  1
268  0  -0.911534  0.549975  16262.4  2.00201  0.093602  1
269  0  -0.0720254  0.974725  16144.2  2.04861  0.0964414  1
270  0  0.934109  1.07523  16175.5  2.03041  0.012711  1
271  0  -0.955896  -0.420027  16335.1  1.98643  0.0719052  1
272  0  -0.148018  -0.965715  16342.1  1.99097  0.0488872  1
273  0  0.838685  -0.995828  16322.1  2.00653  0.0403214  1
274  0  0.348839  -0.618732  16326.3  1.9989  0.0350477  1
275  0  0.805626  -0.499727  16322.9  2.00314  0.0380832  1
276  0  -0.0646854  -0.454665  16369.3  1.97336  0.029719  1
277  0  -0.399067  -0.187834  16408.9  1.94562  0.078505  1
278  0  -0.363731  0.27342  16300.7  1.98519  0.154494  1
279  0  0.0137032  0.512969  16055.4  2.09816  0.159385  1
280  0  0.546056  0.624837  16006.4  2.12095  0.0135778  1
281  0  1.02489  0.504883  16170.7  2.04013  -0.0663237  1
282  0  1.03996  -0.284571  16348.2  1.98871  0.0417631  1
283  0  0.540743  -0.331204  16310.2  2.00667  0.035539  1
284  0  0.262554  -0.316996  16301.4  2.00935  0.0237929  1
285  0  0.768161  -0.249078  16306.6  2.00855  0.0429076  1
286  0  0.284688  0.387527  15808.8  2.21942  0.112442  1
287  0  0.533677  0.326989  15786.8  2.22787  -0.0399705  1
288  0  0.801151  0.319766  16021.3  2.1166  -0.124362  1
289  0  1.02547  0.232279  16237.8  2.00191  -0.144154  1
290  0  -0.114014  0.226939  16251.9  1.99775  0.260879  1
291  0  0.105073  0.28441  15850.9  2.18563  0.257053  1
292  0  0.0768757  -0.217658  16319.2  1.99676  -0.0293471  1
293  0  -0.190439  -0.0905553  16545.7  1.86969  0.0699263  1
294  0  0.394431  -0.202716  16295.4  2.01213  0.0385336  1
295  0  0.546242  -0.151024  16314.3  2.00159  0.0329787  1
296  0  0.895241  -0.149748  16312.3  2.01812  0.0601727  1
297  0  1.01665  -0.121983  16367  2.00633  0.0654752  1
298  0  0.674366  -0.144277  16292.8  2.01916  0.033695  1
299  0  0.265491  -0.157415  16240.7  2.03352  0.0360314  1
300  0  0.40904  0.244935  15582  2.31609  0.0164778  1
301  0  0.266363  0.232925  15543.8  2.33083  0.157798  1
302  0  0.667905  0.226218  15822.6  2.20634  -0.152506  1
303  0  0.886416  0.17463  16118.2  2.09489  -0.204203  1
304  0  -0.0283985  -0.151778  16474.9  1.91382  -0.0590682  1
305  0  0.78674  -0.123683  16286.9  2.0521  0.0470102  1
306  0  -0.854811  0.0840112  16314.2  1.98654  0.092059  1
307  0  -0.124599  0.09566  16512.9  1.85512  0.268634  1
308  0  0.991828  0.124731  16275.3  2.08339  -0.204252  1
309  0  1.44012  0.0748491  16334.2  1.89913  -0.0518601  1
310  0  0.547781  0.203964  15644.2  2.29864  -0.108799  1
311  0  0.774934  0.170419  15950.1  2.1788  -0.212725  1
312  0  0.0098523  0.177799  16043.7  2.07929  0.400437  1
313  0  -0.0973616  -0.0512004  16738.1  1.76116  0.0369085  1
314  0  1.22777  -0.75693  16323.7  2.00849  0.0309381  1
315  0  0.173201  0.18497  15485.2  2.34299  0.301651  1
316  0  0.149671  -0.147072  16204.3  2.05353  -0.0181415  1
317  0  -0.476929  -0.654246  16356.5  1.97986  0.0581547  1
318  0  0.457188  -0.112033  16326.9  2.02344  0.0387577  1
319  0  0.352224  -0.114708  16283.6  2.02845  0.0534431  1
320  0  -0.987516  -1.18864  16333.4  1.995  0.0603663  1
321  0  -0.326273  0.685468  16187  2.03432  0.122583  1
322  0  0.342995  0.185729  15420.3  2.40905  0.0743743  1
323  0  0.609781  -0.0992114  16303.5  2.06696  0.0234273  1
324  0  0.433548  1.12862  16134.2  2.0519  0.0522746  1
325  0  0.317495  -1.15159  16329.2  2.00051  0.0457397  1
326  0  1.21495  -0.0246272  16439.9  1.73465  -0.0093174  1
327  0  0.0488761  -0.11246  16271.7  2.02235  -0.132174  1
328  0  -0.325528  0.0735061  16409.5  1.93439  0.14232  1
329  0  0.097801  0.146866  15604.5  2.26115  0.461839  1
330  0  0.477313  0.169624  15500.7  2.42167  -0.0687562  1
331  0  0.92096  0.100486  16202.1  2.15816  -0.259165  1
332  0  0.612304  0.156777  15666.4  2.37636  -0.177587  1
333  0  -0.160225  -0.299796  16420.4  1.94137  0.0295677  1
334  0  1.00431  -0.061528  16370.8  2.01024  0.0964898  1
335  0  0.941587  -0.0679379  16309.4  2.05479  0.0870095  1
336  0  1.44668  -0.339831  16346.6  2.00624  0.00645357  1
337  0  0.698774  0.148243  15806.8  2.32756  -0.225424  1
338  0  0.838245  0.123281  16057.7  2.23618  -0.26123  1
339  0  -0.604306  1.3311  16196.7  2.01732  0.082362  1
340  0  1.31032  0.359775  16283.6  1.98131  -0.0692881  1
341  0  0.260089  0.701782  16033  2.11002  0.0814741  1
342  0  -0.0200081  0.0949683  16382.6  1.87743  0.518197  1
343  0  0.848265  -0.0795713  16264.1  2.0757  0.062201  1
344  0  0.408215  0.159336  15405.6  2.47091  -0.00812706  1
345  0  0.52163  -0.0788476  16335.5  2.06315  0.0282577  1
346  0  0.716473  -0.0882708  16272.5  2.09079  0.0339668  1
347  0  0.219695  -0.103073  16171.7  2.0842  0.0345073  1
348  0  0.283564  -0.089569  16230  2.09646  0.0611045  1
349  0  1.00428  0.0596798  16364.7  1.74971  -0.228111  1
350  0  -0.229436  0.472856  16188.2  2.03568  0.157804  1
351  0  1.29467  0.85468  16222.9  2.00537  -0.0181783  1
352  0  1.15759  0.115529  16375.1  1.99439  -0.122185  1
353  0  1.37438  -1.35365  16305.7  2.02026  0.0420521  1
354  0  0.248113  0.15934  15307.8  2.48553  0.204923  1
355  0  0.754024  0.557285  16053.3  2.09872  -0.0395713  1
356  0  -1.31837  1.17378  16230.6  2.00327  0.0733023  1
357  0  -1.45324  -0.099942  16305.1  1.99592  0.0697447  1
358  0  -0.0136079  -0.0790417  16556.7  1.86384  -0.194905  1
359  0  0.0393401  0.107758  15858.5  2.10214  0.599421  1
360  0  0.595846  -0.562876  16320.4  2.00324  0.0369726  1
361  0  1.38067  1.35508  16238.6  1.99187  0.0170147  1
362  0  1.10594  -0.0238455  16482.6  1.58169  0.026921  1
363  0  -0.0436531  -0.0269879  17086.4  1.52998  -0.0483898  1
364  0  -0.0590457  0.0443289  16830.8  1.66938  0.343479  1
365  0  -0.563174  0.0350923  16353.5  1.96694  0.107129  1
366  0  0.421282  -0.0679207  16342.9  2.03289  0.0524098  1
367  0  -0.182507  0.00629946  16572.6  1.84726  0.142453  1
368  0  -0.692618  -0.228916  16354  1.97329  0.0812489  1
369  0  0.542694  0.145402  15520.2  2.46765  -0.137433  1
370  0  0.104375  -0.084084  16065.2  2.13212  -0.0891867  1
371  0  0.671046  0.367817  15928.1  2.16386  -0.0795774  1
372  0  0.173012  -0.517724  16332.7  1.99412  0.028372  1
373  0  0.398931  -0.349567  16307.7  2.00649  0.0324511  1
374  0  0.765137  0.112156  15918.8  2.26253  -0.269098  1
375  0  0.651244  -0.0572772  16273.2  1.9933  0.0147731  1
376  0  0.529781  -0.861022  16325.4  2.0019  0.0400244  1
377  0  -1.40926  -0.810849  16325.3  1.9962  0.0633279  1
378  0  -0.661841  0.29192  16291.7  1.99206  0.111564  1
379  0  0.131911  -0.828916  16336.7  1.99402  0.0411694  1
380  0  0.153746  0.125675  15254.4  2.49917  0.446175  1
381  0  0.17228  -0.079714  16084.8  2.15499  0.00455387  1
382  0  0.653064  0.123701  15683.3  2.36971  -0.226732  1
383  0  0.871953  0.0830707  16120.5  1.96161  -0.266223  1
384  0  1.00124  -0.0344334  16372.7  1.79392  0.120696  1
385  0  0.623475  -0.257563  16307.4  2.00899  0.0361448  1
386  0  0.700017  -0.377637  16315  2.00545  0.0384346  1
387  0  0.783971  -0.0675387  16260.5  2.07303  0.0480213  1
388  0  1.06941  0.0312735  16488  1.35289  -0.113304  1
389  0  0.957737  0.0585228  16271.4  1.61549  -0.220628  1
390  0  0.298124  0.130699  15186.2  2.59113  0.133367  1
391  0  0.0772214  1.40725  16165.5  2.03191  0.073245  1
392  0  0.204967  0.131287  15174.8  2.55886  0.311134  1
393  0  -0.546097  -1.09659  16339.9  1.99175  0.0570176  1
394  0  0.563399  -0.056394  16320.9  1.95522  0.0143073  1
395  0  0.475371  -0.0570818  16343.9  1.954  0.0345548  1
396  0  -0.363208  -0.423227  16383.2  1.96345  0.0573063  1
397  0  0.688479  0.843114  16105  2.07057  0.0114192  1
398  0  0.327031  -0.0667371  16260.8  2.05102  0.0736908  1
399  0  -0.267682  -1.43314  16333.7  1.99708  0.0542749  1
400  0  -1.25111  0.309492  16283.7  1.99772  0.0796353  1
401  0  0.901374  -0.308198  16325.7  2.00144  0.0435424  1
402  0  0.740926  1.49305  16188.2  2.01899  0.0433426  1
403  0  0.920302  0.29581  16131.7  2.06062  -0.13445  1
404  0  0.725771  -1.4326  16319.9  2.00829  0.0474361  1
405  0  0.895053  -0.0525393  16270.7  1.98768  0.0749695  1
406  0  1.15784  -0.166223  16388.9  1.9823  0.0303701  1
407  0  0.938893  0.748122  16148.1  2.04878  -0.0254355  1
408  0  0.41379  0.379213  15793.2  2.22843  0.0358568  1
409  0  0.37016  -0.0594947  16308.6  1.99463  0.0708863  1
410  0  -0.226473  0.165587  16377.9  1.94326  0.198848  1
411  0  0.785496  -0.712298  16323.6  2.0039  0.0378382  1
412  0  1.07935  0.0993653  16365.7  1.96374  -0.16111  1
413  0  -0.0439566  -0.264688  16414.6  1.9486  -0.00235944  1
414  0  0.359063  0.138499  15269.4  2.54046  0.0466239  1
415  0  0.112707  -0.364241  16334  1.99113  0.0126855  1
416  0  -0.110826  -0.140479  16546  1.87602  0.00471287  1
417  0  -0.0273424  0.359062  16069  2.09011  0.223577  1
418  0  0.196777  -0.225625  16270.9  2.02412  0.00891465  1
419  0  -0.823537  -0.797793  16340.2  1.98916  0.0630201  1
420  0  0.366219  0.543349  15939.5  2.15316  0.0618563  1
421  0  1.05335  -0.0108869  16489.5  1.24119  0.0435151  1
422  0  -0.330214  -0.0669959  16444.4  1.92097  0.100401  1
423  0  0.131859  0.418062  15923.4  2.16048  0.172889  1
424  0  -0.672983  0.935408  16216.7  2.01459  0.0941606  1
425  0  1.05419  -0.539376  16331.6  2.0012  0.0338497  1
426  0  -0.223513  -0.612679  16363  1.97723  0.0466619  1
427  0  -0.499674  0.479887  16248.3  2.00856  0.126926  1
428  0  0.586707  0.116715  15548.2  2.32563  -0.184234  1
429  0  0.449587  0.128349  15363  2.48651  -0.0595942  1
430  0  0.497996  0.124946  15409  2.44179  -0.11048  1
431  0  -1.36843  0.722727  16255.8  2.0008  0.0757695  1
432  0  -0.267073  -0.209984  16446  1.92822  0.0602859  1
433  0  0.483773  0.240546  15629.6  2.29311  -0.0425385  1
434  0  0.804866  0.0868647  15980.9  1.93673  -0.253203  1
435  0  0.494484  -0.249831  16307.2  2.00781  0.0356233  1
436  0  -0.151493  0.675283  16143  2.05565  0.127928  1
437  0  0.717485  0.102312  15783.9  2.13245  -0.258373  1
438  0  0.871969  0.432717  16089.3  2.0832  -0.084244  1
439  0  0.0897763  0.104752  15488.8  2.35028  0.605585  1
440  0  -0.0848594  0.174635  16292.4  1.97125  0.312376  1
441  0  0.0339846  -0.0625367  16202.4  2.03881  -0.283233  1
442  0  0.608205  -0.0526478  16302  1.94393  0.0132512  1
443  0  0.166172  0.287512  15748.1  2.23252  0.223384  1
444  0  0.239389  -0.0650528  16141.9  2.10871  0.0623684  1
445  0  0.696899  -0.0470575  16252.4  1.92605  0.0220052  1
446  0  0.742673  -0.0489561  16243.8  1.94392  0.0371862  1
447  0  0.830651  -0.048332  16248.9  1.93101  0.0593952  1
448  0  -1.49971  -1.3165  16328.1  1.99812  0.0598005  1
449  0  1.08427  -0.0717409  16442.8  1.97998  0.0617691  1
450  0  0.996739  0.0355174  16353.3  1.14596  -0.181647  1
451  0  -0.256702  0.29715  16266.6  1.99843  0.182785  1
452  0  0.432259  0.843408  16073  2.08665  0.0493274  1
453  0  0.897879  -0.104829  16299.2  2.06118  0.0687806  1
454  0  0.282421  -0.472223  16321  2.00032  0.0294709  1
455  0  0.332635  0.303457  15669.4  2.28404  0.0909183  1
456  0  0.569274  0.482326  15934.9  2.15945  -0.0108644  1
457  0  1.02559  0.39717  16183.6  2.03743  -0.0931866  1
458  0  0.310047  -0.243781  16284.4  2.01777  0.0293843  1
459  0  0.0216175  -0.685793  16345.8  1.98802  0.0386089  1
460  0  0.484706  -0.482598  16317.2  2.00348  0.0349801  1
461  0  0.60351  -0.161649  16304.4  2.00519  0.0321982  1
462  0  0.592083  0.276717  15777.4  2.22666  -0.0837391  1
463  0  0.91247  0.0606131  16211  1.59498  -0.227416  1
464  0  0.210517  -1.63273  16326.6  2.0023  0.0524385  1
465  0  -0.00255794  0.0637381  16483.4  1.76045  0.693566  1
466  0  0.828942  0.235572  16036  2.09921  -0.170597  1
467  0  0.747399  0.247273  15934.5  2.14904  -0.154906  1
468  0  0.959477  -0.0427317  16304.5  1.90979  0.100449  1
469  0  -0.487824  0.129937  16346.5  1.96772  0.12308  1
470  0  -0.373515  1.01634  16183.7  2.02883  0.0972598  1
471  0  0.191595  0.893857  16099.1  2.07103  0.0808592  1
472  0  0.398943  -0.129022  16301.3  2.00915  0.0482403  1
473  0  -0.610284  -1.46662  16334  1.99632  0.0575266  1
474  0  0.015178  0.710172  16092  2.07968  0.116241  1
475  0  0.657748  0.16008  15747.8  2.32747  -0.196831  1
476  0  -1.10166  -0.109715  16315.6  1.99046  0.0778531  1
477  0  -1.31441  -0.493267  16322  1.99402  0.0674379  1
478  0  0.564903  -0.108061  16320.2  2.04525  0.0258784  1
479  0  1.62604  0.573621  16275.9  1.97203  -0.0360632  1
480  0  0.250521  0.123549  15160.9  2.59476  0.222911  1
481  0  0.737239  -0.184182  16296.8  2.00957  0.0417803  1
482  0  1.65138  -0.963192  16304.4  2.02449  0.0300119  1
483  0  -0.220413  -0.47746  16379.1  1.96732  0.0437608  1
484  0  -0.49738  -0.348139  16377.5  1.96489  0.0691434  1
485  0  -0.681946  -0.51129  16352.1  1.97981  0.0677418  1
486  0  1.17895  0.306714  16277  1.98554  -0.0955428  1
487  0  0.965595  0.19888  16200.1  2.02575  -0.170482  1
488  0  0.834756  -0.204701  16308.6  2.0057  0.0494152  1
489  0  -0.121329  0.017099  16699.1  1.77276  0.174406  1
490  0  0.520995  -0.0487588  16348.8  1.89622  0.0229417  1
491  0  -1.01565  1.60068  16208.6  2.00682  0.0710009  1
492  0  -0.0524562  -0.0816062  16672.1  1.8139  -0.0857104  1
493  0  0.0316563  -1.2717  16333  1.99793  0.0495962  1
494  0  1.20008  -1.14659  16313.7  2.01427  0.0388258  1
495  0  0.207457  -0.160657  16223.4  2.04294  0.0103497  1
496  0  -0.284256  1.41169  16179.1  2.02488  0.0810121  1
497  0  0.96547  -0.125256  16336.3  2.02169  0.0697801  1
498  0  -0.979342  0.999154  16229  2.00734  0.0836854  1
499  0  0.799863  -0.357287  16319.1  2.00441  0.0406867  1
500  0  0.0721535  -0.0682298  16043.4  2.13571  -0.1707  1
501  0  0.434032  -0.0460762  16359.9  1.84176  0.0482462  1
502  0  1.63316  0.335964  16300.4  1.97103  -0.0462636  1
503  0  0.0683306  0.206475  15851.4  2.17761  0.363481  1
504  0  -0.00193811  0.271119  16045.4  2.09392  0.281748  1
505  0  1.00081  -0.213896  16347.8  1.98607  0.0503114  1
506  0  -0.955315  0.318887  16286.6  1.99556  0.0911852  1
507  0  0.407252  0.127126  15316.9  2.50819  -0.0170488  1
508  0  -0.0223284  0.0363725  17008  1.51413  0.529095  1
509  0  0.606177  0.219598  15738.6  2.24498  -0.122695  1
510  0  0.4795  -0.178097  16309.8  2.00125  0.0369872  1
511  0  0.240049  0.510124  15930.9  2.15881  0.103716  1
512  0  0.979813  -0.0246447  16324.1  1.54795  0.0931412  1
513  0  1.23603  -0.356364  16351.1  1.99071  0.0244083  1
514  0  1.36926  -0.17343  16385.7  1.99959  -0.00233548  1
515  0  1.72805  -0.207919  16304.4  1.99986  -0.0142135  1
516  0  0.127834  -0.0672815  16012.1  2.16844  -0.0523235  1
517  0  0.765264  0.432999  16020.2  2.1179  -0.0744279  1
518  0  1.15384  0.434688  16230.2  2.01155  -0.0731933  1
519  0  0.282299  -0.0588729  16220.6  2.04932  0.0754177  1
520  0  -0.559805  -0.158326  16372.9  1.96207  0.0868277  1
521  0  -0.421138  0.0156231  16393.2  1.94633  0.115904  1
522  0  0.0162382  -0.182582  16383.5  1.96077  -0.0531682  1
523  0  0.102465  -0.162619  16253  2.03017  -0.0470679  1
524  0  0.331385  -0.177805  16280.2  2.0174  0.0396593  1
525  0  -0.0139108  -0.0427967  16865.9  1.6389  -0.288957  1
526  0  0.195063  -0.0652214  16079  2.15288  0.0338218  1
527  0  0.606602  -1.12486  16323.7  2.00473  0.0433816  1
528  0  -1.61144  0.277916  16282.9  1.99909  0.0687788  1
529  0  0.253231  0.306008  15695.7  2.26759  0.15261  1
530  0  1.62699  1.08986  16259.6  1.97982  0.000635141  1
531  0  0.839071  0.0753879  16068.1  1.8263  -0.250854  1
532  0  0.621439  0.111715  15607.9  2.28524  -0.205755  1
533  0  0.327352  0.12896  15236.6  2.58833  0.0819936  1
534  0  0.681021  0.103341  15716.1  2.19381  -0.243914  1
535  0  0.139296  0.0984481  15099  2.40203  0.519792  1
536  0  -0.115089  0.356985  16156.6  2.04949  0.208477  1
537  0  -1.10254  -0.725022  16331.6  1.99242  0.0652682  1
538  0  1.03075  0.0185321  16468.1  0.839902  -0.0816288  1
539  0  0.41838  1.4778  16171.4  2.02792  0.0587996  1
540  0  0.685855  1.07636  16142.8  2.04775  0.0280984  1
541  0  0.321011  -0.844991  16330.8  1.99802  0.0400673  1
542  0  0.996905  -0.0174945  16338.5  1.38384  0.114038  1
543  0  1.18551  1.08332  16210.7  2.01052  0.00356364  1
544  0  0.0431855  -0.324469  16357.2  1.9779  0.00362554  1
545  0  0.159773  1.18539  16143  2.0476  0.0723221  1
546  0  -0.0189059  -0.015372  17342.9  1.17347  -0.187603  1
547  0  -1.49271  1.57546  16218  2.002  0.0656618  1
548  0  -0.624591  0.717764  16228.3  2.0129  0.103969  1
549  0  0.863135  -0.0432856  16262.3  1.91554  0.064802  1
550  0  0.951612  -1.28919  16316.2  2.0115  0.043536  1
551  0  0.831425  0.187608  16036.1  2.11321  -0.200167  1
552  0  -0.308118  -0.849575  16347.9  1.98656  0.0517795  1
553  0  0.539678  0.110559  15433.8  2.11483  -0.131867  1
554  0  -0.194183  -0.186839  16474.4  1.91355  0.0424625  1
555  0  0.678538  -0.205568  16300.8  2.00883  0.0372364  1
556  0  0.696162  -0.278768  16308.5  2.00936  0.0386905  1
557  0  0.438678  0.202554  15528.7  2.35581  -0.0229456  1
558  0  1.01611  -0.82067  16323.1  2.00682  0.03572  1
559  0  1.13266  0.716409  16194.3  2.02346  -0.0324755  1
560  0  -0.716463  0.502982  16258  2.00435  0.107642  1
561  0  0.46187  0.327494  15739.5  2.24938  0.000338056  1
562  0  0.923642  -0.653228  16325.5  2.00391  0.036298  1
563  0  0.297411  0.194355  15426  2.38359  0.127725  1
564  0  0.318928  0.235841  15534.5  2.33397  0.102608  1
565  0  -1.09392  -1.64696  16331  1.9977  0.0589007  1
566  0  0.503639  -0.13393  16313  2.00546  0.0350309  1
567  0  0.879222  0.117954  16120.8  2.18369  -0.253424  1
568  0  0.184273  0.109398  15015.2  2.46354  0.376929  1
569  0  0.725017  0.198623  15890.7  2.17856  -0.181603  1
570  0  -0.751731  -0.0858331  16337.2  1.97892  0.0884249  1
571  0  1.33797  0.19909  16331.1  1.98736  -0.0704824  1
572  0  0.937796  -0.0263782  16276  1.52353  0.0758757  1
573  0  1.05009  0.171592  16295.5  2.01523  -0.148765  1
574  0  -0.25443  -0.0242865  16495.9  1.8908  0.117162  1
575  0  -0.119656  -0.215708  16464.9  1.91994  0.0127507  1
576  0  0.13325  -0.278005  16307.3  2.00517  -0.00163077  1
577  0  0.981712  -0.446228  16332.4  1.99945  0.0368052  1
578  0  0.758919  0.0808395  15909.1  1.663  -0.226822  1
579  0  0.139141  -0.20479  16269.2  2.02295  -0.0149618  1
580  0  0.305844  -0.134154  16256.8  2.02806  0.0476942  1
581  0  0.399504  0.677408  16013.8  2.11734  0.0523258  1
582  0  0.587688  -0.42285  16315  2.00478  0.0364281  1
583  0  -0.166674  -0.048789  16599.5  1.83799  0.0894354  1
584  0  0.0493292  0.0752026  15586.3  2.13182  0.788001  1
585  0  0.833583  -0.145388  16294.9  2.02479  0.0523445  1
586  0  -0.194561  0.0918773  16479.5  1.89133  0.197075  1
587  0  0.677417  -0.105625  16282.3  2.06797  0.0293314  1
588  0  0.982911  -1.64907  16312.7  2.01284  0.049614  1
589  0  0.994604  1.31489  16200.2  2.01447  0.0243858  1
590  0  -0.337115  0.399777  16242.8  2.01089  0.153704  1
591  0  0.450724  0.474072  15888  2.18272  0.0289554  1
592  0  -0.265365  -0.323351  16410.3  1.94721  0.049824  1
593  0  0.221839  0.206074  15499.5  2.34766  0.224226  1
594  0  0.0538182  0.153606  15852.7  2.16306  0.470588  1
595  0  -0.0985527  0.452902  16122.1  2.06653  0.177857  1
596  0  1.49006  -0.671483  16321.3  2.01178  0.0223233  1
597  0  0.453556  -0.0817372  16341.4  2.06291  0.0407306  1
598  0  0.387603  0.201729  15474.6  2.37718  0.0252807  1
599  0  0.783821  -0.0365907  16240.3  1.68057  0.0401127  1
600  0  0.347403  -0.0439175  16290  1.72307  0.0726674  1
601  0  0.473253  0.113196  15345.7  2.15215  -0.0810362  1
602  0  0.140452  -0.09662  16114.7  2.11401  -0.0297278  1
603  0  -0.902867  -0.236509  16334  1.98371  0.078374  1
604  0  0.388058  -0.0387326  16342.4  1.58295  0.0564199  1
605  0  -1.60446  0.964079  16244.8  2.00031  0.0678254  1
606  0  -0.145012  0.157609  16379.7  1.93519  0.253697  1
607  0  -0.341451  -1.19987  16337.6  1.99393  0.0543595  1
608  0  0.559108  -0.229242  16307.9  2.00761  0.0350987  1
609  0  0.211303  -0.678408  16333.7  1.9949  0.0358475  1
610  0  0.520312  -0.699221  16323.5  2.00192  0.0378768  1
611  0  0.586296  -0.0369963  16309.1  1.64496  0.00748525  1
612  0  0.124254  0.522295  15987.6  2.13082  0.139709  1
613  0  0.629988  -0.0368911  16293.4  1.65688  0.00778373  1
614  0  0.956262  0.101172  16251.7  2.09438  -0.238073  1
615  0  0.960374  0.151157  16221  2.07723  -0.199757  1
616  0  0.70369  0.2859  15907  2.16755  -0.125734  1
617  0  -0.320881  0.165277  16361  1.95636  0.161335  1
618  0  0.667207  0.680534  16057.4  2.09529  -0.00346422  1
619  0  -0.50833  1.6653  16187.5  2.01608  0.0753506  1
620  0  1.08408  1.60335  16222  2.00005  0.0363149  1
621  0  -0.508006  0.254467  16307.8  1.98457  0.12871  1
622  0  -1.67009  -0.555757  16316.9  1.99768  0.0628262  1
623  0  0.674536  -0.037655  16245.8  1.66848  0.011838  1
624  0  0.732836  -0.60124  16322.3  2.00354  0.0376864  1
625  0  1.02381  -0.00971309  16422.6  1.10211  0.102995  1
626  0  0.718  -0.0360238  16245.3  1.63782  0.0224638  1
627  0  0.931131  0.0431179  16256.7  1.07969  -0.151758  1
628  0  -0.0833285  -0.360857  16391.8  1.9595  0.0220584  1
629  0  0.118666  0.192467  15649.8  2.27708  0.361481  1
630  0  0.888157  0.0533222  16171.1  1.2773  -0.175135  1
631  0  -0.0455883  0.00768147  17111.2  1.50711  0.206381  1
632  0  -0.0836201  -0.0147437  16867.8  1.66923  0.104517  1
633  0  0.18418  0.355821  15820.8  2.20875  0.171533  1
634  0  0.97183  -0.0747273  16331.6  2.04512  0.0911097  1
635  0  0.895583  0.560198  16117.4  2.06648  -0.053407  1
636  0  0.974248  0.0299264  16302.4  0.813921  -0.101471  1
637  0  0.746965  -0.12669  16280.9  2.04803  0.0406538  1
638  0  0.417578  -0.273264  16302.6  2.01006  0.0346364  1
639  0  0.532755  0.266186  15709.2  2.25686  -0.0622787  1
640  0  0.0626397  0.37904  15977.6  2.13554  0.20397  1
641  0  0.386405  -0.0903284  16307.2  2.06337  0.055635  1
642  0  0.210324  -0.403428  16320.2  1.99949  0.0226554  1
643  0  0.673975  0.470647  15980  2.13771  -0.0448993  1
644  0  0.103535  -0.0524993  15915.5  2.03568  -0.0961725  1
645  0  0.649258  0.0951396  15638.2  1.82593  -0.191198  1
646  0  0.273605  0.112348  15103.3  2.35843  0.166098  1
647  0  0.229694  0.110733  15066.2  2.39881  0.247556  1
648  0  0.171585  -0.0531991  15994.2  1.97852  0.00845291  1
649  0  0.800516  0.116348  15980.2  2.26153  -0.263892  1
650  0  0.732822  0.128322  15850.6  2.32896  -0.256313  1
651  0  0.187626  -0.115659  16160.4  2.08023  0.00960057  1
652  0  -0.27783  -0.127382  16464.5  1.91568  0.0790648  1
653  0  0.517006  0.175921  15557.9  2.37555  -0.0949135  1
654  0  0.750409  -0.0773308  16266.9  2.08948  0.0415617  1
655  0  0.574885  0.172238  15632.1  2.34828  -0.142027  1
656  0  -1.66396  0.608364  16264.1  1.99969  0.0674647  1
657  0  -0.157778  -0.753378  16350.9  1.98489  0.0458671  1
658  0  -0.24067  0.868096  16164.7  2.04036  0.107741  1
659  0  0.111277  -0.122645  16174.3  2.07007  -0.0607632  1
660  0  -1.06104  0.106191  16303.1  1.9921  0.083832  1
661  0  0.542561  -0.034685  16352.4  1.58322  0.0151437  1
662  0  0.498926  -0.0356977  16345.5  1.58589  0.0194768  1
663  0  1.05661  0.892862  16182.2  2.02823  -0.00984237  1
664  0  0.0296585  0.0594738  15953.8  1.90801  0.895358  1
665  0  0.256839  -0.120312  16212.3  2.05286  0.0432452  1
666  0  0.6207  -0.325065  16311  2.00713  0.0367918  1
667  0  -1.38459  -1.65636  16329.7  1.99834  0.0590951  1
668  0  -0.352212  0.540514  16212.1  2.02451  0.13643  1
669  0  0.428355  0.112086  15307.2  2.16138  -0.0417741  1
670  0  0.89365  -0.231405  16321.7  2.00016  0.050409  1
671  0  0.384479  0.114294  15219.5  2.24574  0.00529534  1
672  0  -0.434373  -0.100973  16402.1  1.94604  0.0927097  1
673  0  -0.154473  1.6889  16179.8  2.01993  0.0748398  1
674  0  0.0640017  -0.475976  16347.5  1.98585  0.0247715  1
675  0  -0.530889  -0.848676  16346.3  1.98675  0.0576945  1
676  0  1.02771  -0.0376166  16404.7  1.77248  0.107706  1
677  0  -0.397879  -0.308081  16397.4  1.95326  0.0662653  1
678  0  0.479662  -1.36661  16324.7  2.00425  0.04799  1
679  0  0.809741  -0.0823364  16267  2.08792  0.051328  1
680  0  1.11116  0.229376  16282.5  1.98001  -0.122866  1
681  0  0.257068  -0.221466  16269.9  2.0245  0.0229787  1
682  0  0.0653049  -1.04743  16335.8  1.99547  0.0461146  1
683  0  0.0142702  -0.0385581  16266.1  1.81158  -0.482574  1
684  0  -1.00828  -0.958762  16333.8  1.99335  0.0623412  1
685  0  0.303221  -0.0446356  16249.6  1.74574  0.0756696  1
686  0  0.259728  -0.0459514  16180.2  1.78366  0.0675196  1
687  0  0.162059  0.0986618  15035.9  2.39605  0.455732  1
688  0  0.454719  -0.0354002  16375.5  1.55178  0.036319  1
689  0  -0.614487  0.158571  16322.9  1.97985  0.111926  1
690  0  1.3422  0.602758  16242.5  1.99804  -0.0430223  1
691  0  1.05908  -0.189967  16370.7  1.97914  0.0487247  1
692  0  -0.514866  -0.498313  16364.3  1.97396  0.0631747  1
693  0  0.637701  -0.127178  16295  2.02891  0.0285566  1
694  0  0.118147  0.0897527  15244.1  2.33141  0.580217  1
695  0  0.0743414  0.0774469  15378.7  2.24987  0.725777  1
696  0  -0.962037  1.30442  16214.7  2.0086  0.0774879  1
697  0  -0.0396023  0.216551  16150.9  2.03718  0.321059  1
698  0  0.640048  0.566109  16007.4  2.12101  -0.0170775  1
699  0  -1.66785  -0.992536  16324.3  1.99824  0.0605693  1
700  0  0.912282  -0.0280889  16256.7  1.57394  0.0673589  1
701  0  0.919097  0.232644  16137.7  2.0497  -0.166732  1
702  0  1.65596  -1.64007  16294.5  2.02409  0.0466962  1
703  0  0.514389  0.106627  15438.3  2.00461  -0.109694  1
704  0  0.564494  0.102194  15462  1.91089  -0.142736  1
705  0  0.00865855  -0.122085  16416.7  1.9455  -0.119821  1
706  0  1.23451  -0.538107  16334.2  2.0019  0.026754  1
707  0  0.355869  0.449524  15859.1  2.19723  0.0681381  1
708  0  0.487942  -0.0944937  16326.2  2.04958  0.0344178  1
709  0  0.697188  -0.482315  16319.3  2.00396  0.0377259  1
710  0  0.214427  0.167706  15362.8  2.40978  0.251826  1
711  0  -1.28333  -1.09016  16329.3  1.99637  0.0613103  1
712  0  0.735979  0.078206  15826.3  1.55045  -0.213039  1
713  0  0.779367  0.0705451  15956.3  1.43399  -0.198529  1
714  0  0.370982  -0.155893  16288.5  2.00769  0.0453021  1
715  0  0.444058  0.159642  15440.7  2.48168  -0.0456047  1
716  0  -0.0397793  -0.20629  16435.1  1.93717  -0.0231522  1
717  0  -0.0896114  -0.0897719  16651.4  1.82052  -0.0129587  1
718  0  0.862741  0.0587496  16116.7  1.2567  -0.199727  1
719  0  0.759678  -0.0315686  16256.2  1.55927  0.0337749  1
720  0  0.806696  -0.0298161  16244.5  1.54254  0.0419585  1
721  0  -0.0670846  0.0865204  16564  1.81498  0.370609  1
722  0  0.147337  -0.0493245  16001  1.93666  -0.0206619  1
723  0  0.809341  0.69487  16103.6  2.07225  -0.0191189  1
724  0  0.651908  -0.0313004  16270.4  1.5138  0.00937591  1
725  0  0.296406  0.108213  15046.5  2.18831  0.112464  1
726  0  0.0084669  0.128298  16101.4  2.02545  0.5117  1
727  0  -1.71388  -0.224149  16305.3  1.99761  0.0640954  1
728  0  0.368131  -0.0353231  16314.2  1.4983  0.0653169  1
729  0  0.440931  -0.149106  16310.6  1.99865  0.0419041  1
730  0  0.550862  0.77061  16060.9  2.09307  0.0264426  1
731  0  0.412393  -0.0362212  16353.8  1.58301  0.0426414  1
732  0  0.207612  0.103883  14989  2.34912  0.294317  1
733  0  0.494757  0.10451  15354.7  1.90398  -0.0944452  1
734  0  0.341632  -0.301624  16299.7  2.01056  0.0305484  1
735  0  0.450407  0.106803  15312.1  1.98165  -0.062479  1
736  0  -0.0340953  0.0643213  16686.3  1.71419  0.485869  1
737  0  0.583334  0.0952877  15519.9  1.67074  -0.142996  1
738  0  0.713496  0.0772746  15753.1  1.40827  -0.193245  1
739  0  0.362432  0.110114  15189  2.12377  0.0129516  1
740  0  0.32516  -0.0393074  16260.3  1.59552  0.0784681  1
741  0  0.564391  -0.03158  16329.1  1.47458  0.0141929  1
742  0  0.800743  0.0651433  15987.1  1.2395  -0.187717  1
743  0  0.473108  -0.316242  16307.9  2.0072  0.0344672  1
744  0  -0.253255  0.0432583  16472.7  1.90131  0.1487  1
745  0  0.0973956  0.0796186  15288.7  2.23645  0.639478  1
746  0  0.605999  0.345667  15853.1  2.19801  -0.0643516  1
747  0  0.476539  -0.0309318  16353.3  1.43484  0.0320688  1
748  0  -0.0982481  1.19457  16158.9  2.03859  0.0853709  1
749  0  1.64986  1.64986  16267.6  1.9771  0.0271375  1
750  0  -1.15905  0.533458  16266.8  2.00036  0.0833232  1
751  0  0.458594  -0.598328  16322.1  2.0015  0.0360261  1
752  0  -0.490047  0.849886  16200.2  2.02356  0.104408  1
753  0  1.03859  0.0574861  16443.3  1.72488  -0.205927  1
754  0  1.09589  -0.39718  16342.7  1.99543  0.0336859  1
755  0  1.01111  0.626326  16164.9  2.04113  -0.0457585  1
756  0  0.47607  -1.65078  16323.2  2.00546  0.0512049  1
757  0  0.392263  0.302471  15678.1  2.277  0.0390958  1
758  0  0.566453  1.7315  16192  2.01395  0.0575603  1
759  0  0.38702  -0.435735  16314.6  2.00367  0.0322782  1
760  0  0.320621  -0.0927638  16260.3  2.08565  0.0619727  1
761  0  -0.104901  -0.585717  16359.8  1.97907  0.0391711  1
762  0  1.68664  -0.466226  16324.3  2.02735  0.00387867  1
763  0  -0.149155  0.0545262  16578.9  1.83879  0.205806  1
764  0  0.992208  0.0177706  16317.4  0.423978  -0.0756449  1
765  0  -0.0756235  0.290563  16151.5  2.04628  0.251212  1
766  0  1.00805  0.0186791  16357.9  0.549953  -0.102769  1
767  0  0.8689  0.356444  16083.3  2.08749  -0.114353  1
768  0  1.7185  1.36659  16267.6  1.97359  0.016392  1
769  0  1.67684  0.088849  16313.8  1.94943  -0.0439469  1
770  0  0.0580732  -0.0453488  15913.3  1.9993  -0.241309  1
771  0  0.825764  -0.276972  16315.6  2.00573  0.0442608  1
772  0  0.489579  0.401331  15836.8  2.20775  -0.00193674  1
773  0  0.646436  -0.72111  16323.3  2.00304  0.0382961  1
774  0  -0.0782023  0.82051  16129.9  2.05793  0.109735  1
775  0  0.992194  0.306516  16183.1  2.03543  -0.123466  1
776  0  1.07517  0.305935  16233.9  2.01027  -0.10871  1
777  0  0.94339  0.367584  16135.4  2.06169  -0.10567  1
778  0  0.251663  -0.972075  16332.1  1.99776  0.0431229  1
779  0  0.166428  0.228001  15627.5  2.29227  0.271287  1
780  0  -0.456887  0.357854  16275.1  1.99748  0.136137  1
781  0  0.739206  0.350871  15976.6  2.13892  -0.104649  1
782  0  1.68239  -1.29725  16297.6  2.02631  0.0395712  1
783  0  0.546057  0.946817  16105.8  2.068  0.0377144  1
784  0  1.14509  -0.262666  16360.9  1.98164  0.0327182  1
785  0  0.983333  -0.047613  16338.2  1.95811  0.106718  1
786  0  -0.197148  0.227543  16302.1  1.97704  0.215836  1
787  0  0.563315  1.28608  16159.6  2.03709  0.0465161  1
788  0  -1.4108  0.490391  16270.3  1.99987  0.0749978  1
789  0  0.21793  1.71758  16180.1  2.01966  0.0682892  1
790  0  1.14976  0.0464554  16431.8  1.66156  -0.0929572  1
791  0  0.270503  -0.562357  16327.1  1.99773  0.0323631  1
792  0  -0.135381  -0.0830625  16616.5  1.83526  0.044107  1
793  0  0.35137  -0.0810115  16285  2.07887  0.0661145  1
794  0  0.375844  0.169779  15373.9  2.45776  0.0308986  1
795  0  0.118765  0.11868  15368.6  2.41113  0.518303  1
796  0  -0.0755484  -0.171457  16493.9  1.90458  -0.021025  1
797  0  -1.62845  1.35458  16228.3  2.00062  0.0652403  1
798  0  -0.871325  -0.581714  16340.6  1.98647  0.067572  1
799  0  0.320695  0.157109  15320.4  2.51114  0.101454  1
800  0  0.886607  -0.0299453  16261.5  1.55173  0.0623055  1
801  0  0.608161  -0.0310129  16305.1  1.47783  0.00529396  1
802  0  -0.421713  -1.66729  16332.2  1.99772  0.0568786  1
803  0  0.216477  -0.0504681  16097.7  1.88993  0.0547883  1
804  0  -0.78944  -0.394479  16345.9  1.98084  0.0731048  1
805  0  -0.100688  0.0534133  16669.4  1.78252  0.261612  1
806  0  0.363911  0.245694  15560.7  2.32525  0.05714  1
807  0  0.712527  -0.878621  16323.6  2.0042  0.039626  1
808  0  0.603859  0.094597  15551.1  1.72666  -0.155864  1
809  0  0.210926  0.429474  15896.4  2.17711  0.138933  1
810  0  0.237706  -0.0430776  16118.7  1.70035  0.0644056  1
811  0  -0.0637256  0.577688  16104.1  2.07336  0.145158  1
812  0  1.26891  0.0804491  16382.2  1.85459  -0.0750348  1
813  0  0.693474  0.0829504  15740.7  1.5491  -0.197778  1
814  0  0.341399  0.111482  15165.8  2.2286  0.0413907  1
815  0  0.0148398  -0.258062  16373.2  1.97052  -0.0149283  1
816  0  -0.639471  -0.677167  16349.6  1.98312  0.0630503  1
817  0  0.820904  0.060967  16004.9  1.24263  -0.172593  1
818  0  -0.020002  0.0093707  17486.3  1.27037  0.293063  1
819  0  -1.18761  -1.38614  16330.8  1.99714  0.0598131  1
820  0  0.827963  -0.024951  16244.2  1.38699  0.0470281  1
821  0  0.950885  0.0304595  16273.1  0.731764  -0.103599  1
822  0  0.932844  0.075779  16239.2  1.91742  -0.247871  1
823  0  0.00727181  0.0399577  16461.8  1.59924  0.964851  1
824  0  0.426384  -0.105025  16319.1  2.03839  0.0456779  1
825  0  0.262261  -0.0705784  16197  2.11774  0.0659661  1
826  0  0.246503  -0.0920162  16187  2.11116  0.0519452  1
827  0  0.696146  -0.0289886  16240.4  1.46558  0.0117242  1
828  0  1.14675  -0.089378  16438.3  1.96055  0.0330666  1
829  0  0.982011  0.0727469  16291.8  1.95031  -0.245696  1
830  0  0.587057  -0.0728836  16308.6  2.06089  0.0194381  1
831  0  0.739836  -0.028251  16224.8  1.44911  0.0286879  1
832  0  0.593105  -0.12813  16306  2.01646  0.0283475  1
833  0  0.0370328  -0.0396654  15948.9  1.92884  -0.381678  1
834  0  0.0177355  0.0853303  16075.1  1.97713  0.6855  1
835  0  0.857596  0.274777  16070.8  2.08743  -0.147559  1
836  0  0.316786  0.110211  15135.3  2.23677  0.0835997  1
837  0  0.29738  0.812382  16068.9  2.08882  0.0701673  1
838  0  0.852215  0.888426  16141.7  2.05056  0.000634868  1
839  0  0.958628  -0.0197178  16275.4  1.36697  0.0741925  1
840  0  -0.774845  -1.02092  16338.3  1.99171  0.0602205  1
841  0  -0.720703  -1.24615  16335.8  1.99433  0.0586713  1
842  0  -0.549231  1.07724  16198.3  2.0208  0.0915962  1
843  0  0.489947  0.202863  15572  2.33093  -0.0587013  1
844  0  -0.108187  -1.70819  16329.9  1.99957  0.0550632  1
845  0  0.784574  -0.172287  16297.3  2.01266  0.0460092  1
846  0  0.139392  0.155774  15456.3  2.32324  0.388841  1
847  0  1.36107  -0.92085  16314.9  2.01483  0.0320561  1
848  0  0.427493  0.137308  15364.6  2.52726  -0.0322172  1
849  0  1.0063  0.0933941  16325.1  2.03861  -0.22395  1
850  0  0.783152  0.216999  15973.1  2.13031  -0.179139  1
851  0  -0.775126  1.57624  16199.1  2.01161  0.0745209  1
852  0  0.96654  0.251275  16177.9  2.02903  -0.147622  1
853  0  -0.830725  0.743706  16239.7  2.00734  0.0944377  1
854  0  -1.11013  -0.333369  16325  1.98994  0.0726796  1
855  0  0.179299  0.148918  15301.2  2.43202  0.342274  1
856  0  0.908067  0.0414021  16197.4  0.8756  -0.130381  1
857  0  0.565553  0.395487  15868.7  2.19324  -0.0323722  1
858  0  1.36207  1.71414  16250.2  1.98588  0.03413  1
859  0  0.848408  -0.0254609  16244.2  1.44763  0.0497743  1
860  0  0.293407  0.271396  15611.7  2.30476  0.122438  1
861  0  0.410249  -0.98992  16327.8  2.00081  0.0425594  1
862  0  0.440802  -0.207042  16304.6  2.00702  0.0382231  1
863  0  0.841399  0.054132  16071  1.0424  -0.168276  1
864  0  0.624642  0.0898161  15600.1  1.5908  -0.158949  1
865  0  0.303229  -0.0695847  16246  2.09832  0.0703398  1
866  0  0.999274  -0.093478  16358  2.03527  0.0804058  1
867  0  0.877279  -0.417675  16325.9  2.00162  0.0394204  1
868  0  -0.0306428  -0.112024  16549  1.8778  -0.0962391  1
869  0  0.671831  0.0834907  15659.2  1.49277  -0.178826  1
870  0  -0.272987  0.225795  16321.8  1.97226  0.181589  1
871  0  0.219877  -1.3671  16329  2.00115  0.0493057  1
872  0  0.193717  -0.0451733  16037.6  1.79706  0.0370181  1
873  0  0.98548  0.050966  16322.9  1.55211  -0.218677  1
874  0  0.478699  -0.389699  16312  2.00512  0.0344542  1
875  0  0.191567  -0.3088  16304.9  2.00699  0.01403  1
876  0  -0.355742  -0.559766  16367.4  1.97365  0.0532604  1
877  0  -0.764287  0.213702  16304  1.98854  0.101561  1
878  0  1.47359  0.430868  16273.3  1.97767  -0.052285  1
879  0  -0.703746  0.0565877  16331.3  1.97843  0.0994049  1
880  0  -0.243755  0.579478  16176.1  2.04093  0.139679  1
881  0  -1.69104  -1.56203  16328.2  1.99882  0.0589026  1
882  0  0.080132  -0.0446772  15883.1  1.97307  -0.157177  1
883  0  0.362044  -0.241699  16292.2  2.0145  0.0345534  1
884  0  0.705912  -0.120127  16281  2.04642  0.035467  1
885  0  0.524411  -0.200015  16309.4  2.00477  0.0348224  1
886  0  0.351414  0.36581  15764.9  2.24141  0.0705469  1
887  0  0.717128  -0.0616961  16261.5  2.05183  0.0299408  1
888  0  0.626059  -0.0734909  16294.7  2.06352  0.0167899  1
889  0  1.03719  -0.0802408  16404.9  2.01384  0.0813962  1
890  0  0.950591  -0.180415  16334.4  1.99553  0.056788  1
891  0  0.386971  0.141807  15309  2.53582  0.0108956  1
892  0  0.0233245  0.226228  16002.2  2.10833  0.331747  1
893  0  -0.0384134  0.138697  16280.8  1.95767  0.399215  1
894  0  0.162276  0.779333  16071.3  2.08723  0.0925951  1
895  0  1.09124  -0.661662  16327.3  2.00447  0.0329549  1
896  0  0.643932  -0.171318  16299.4  2.00788  0.0341217  1
897  0  0.683005  -0.0699658  16264  2.06905  0.0259132  1
898  0  -0.167261  -0.135189  16525.4  1.88602  0.0399905  1
899  0  0.067424  0.122488  15704.4  2.18258  0.542025  1
900  0  0.313814  -0.379929  16310.2  2.00474  0.0283869  1
901  0  0.00738358  -0.384624  16363.3  1.97561  0.0166651  1
902  0  0.0227984  -0.0888585  16360.8  1.96996  -0.201452  1
903  0  1.08363  -0.119922  16406.8  1.996  0.0523598  1
904  0  -1.07944  0.756954  16248.6  2.00329  0.0844575  1
905  0  0.562079  0.124038  15495.7  2.42909  -0.166889  1
906  0  0.779539  1.27116  16173.2  2.02986  0.0314506  1
907  0  1.33393  -1.65886  16303.9  2.0187  0.0481435  1
908  0  0.520771  0.127744  15464.1  2.46203  -0.126763  1
909  0  0.64115  0.286986  15838.6  2.19929  -0.104345  1
910  0  -0.31626  0.00584111  16442.3  1.91922  0.124753  1
911  0  0.539868  -0.0604138  16338  2.00152  0.0196252  1
912  0  -0.26414  0.107901  16418  1.92674  0.169833  1
913  0  0.771742  -0.427679  16320  2.00352  0.0388758  1
914  0  0.492128  0.285405  15700.6  2.26394  -0.0310588  1
915  0  1.35726  -0.0477237  16378.8  1.87514  -0.0154913  1
916  0  -1.32701  0.0760227  16298.7  1.99574  0.0746067  1
917  0  -0.777699  1.1319  16211.6  2.01366  0.0855057  1
918  0  0.500973  -0.0629759  16337.1  2.00822  0.0310492  1
919  0  -0.3349  -1.01949  16342.2  1.99073  0.0534501  1
920  0  0.898886  0.0849426  16172.9  2.00322  -0.25986  1
921  0  0.850829  0.150166  16070.8  2.16435  -0.227475  1
922  0  0.0502056  -0.0851747  16191.7  2.05024  -0.178027  1
923  0  0.0776784  -0.0987623  16159.9  2.07326  -0.115547  1
924  0  0.567702  -0.278581  16308.7  2.00807  0.0357233  1
925  0  0.269815  0.137769  15220.7  2.58812  0.186156  1
926  0  -0.393126  0.115586  16371  1.95524  0.136771  1
927  0  -0.0379614  -0.0555635  16822.3  1.7056  -0.165481  1
928  0  -0.067444  -0.0533123  16821.2  1.71161  -0.0255011  1
929  0  0.973982  -0.352486  16335.3  1.99767  0.0400656  1
930  0  -0.483285  -0.22687  16388.5  1.95613  0.0789992  1
931  0  0.629474  0.135135  15668.8  2.41776  -0.207439  1
932  0  0.372014  -0.528329  16321.2  2.00107  0.0333564  1
933  0  0.781761  0.0933507  15947.9  2.06904  -0.265159  1
934  0  0.742068  0.100367  15860.3  2.15488  -0.268518  1
935  0  0.573997  -0.189654  16308.2  2.00505  0.0336538  1
936  0  0.252012  0.104288  15058.4  2.22411  0.194794  1
937  0  -0.344445  -0.143556  16432.4  1.93287  0.0808076  1
938  0  -0.0674097  -0.125608  16561.6  1.86808  -0.0415159  1
939  0  -0.414714  0.187737  16335.5  1.97032  0.140522  1
940  0  0.626693  0.187035  15723.1  2.27772  -0.157956  1
941  0  0.551264  -0.0815034  16325.5  2.07407  0.0217762  1
942  0  0.0813014  -0.579588  16343  1.9886  0.0323185  1
943  0  0.230028  0.140865  15226.6  2.54823  0.255325  1
944  0  1.47867  0.248233  16316.4  1.98062  -0.0632949  1
945  0  -0.934422  -0.0483711  16321.3  1.98621  0.0845561  1
946  0  -0.338859  -0.242716  16419.6  1.94139  0.0668387  1
947  0  -0.128377  -0.0272968  16687.7  1.78096  0.0991748  1
948  0  -0.497243  -1.28848  16336.3  1.99478  0.0565327  1
949  0  0.850011  0.0975764  16100.2  2.15989  -0.275673  1
950  0  0.764062  -0.0530744  16252.4  1.99195  0.0423433  1
951  0  0.721453  -0.228726  16303.1  2.00928  0.0400301  1
952  0  0.867235  0.220948  16082.3  2.07643  -0.177539  1
953  0  0.173261  -0.184536  16242  2.03546  -0.00248158  1
954  0  0.880442  -0.0786393  16284.2  2.07029  0.0704815  1
955  0  0.912279  -0.075899  16293.2  2.07021  0.0790175  1
956  0  0.932252  -0.100776  16315.9  2.05433  0.0756844  1
957  0  -0.0137252  -0.885709  16341.5  1.99105  0.0442303  1
958  0  0.217872  0.251585  15623.2  2.29664  0.205497  1
959  0  -0.627467  -0.372817  16360.8  1.97338  0.0721571  1
960  0  0.678307  0.128849  15746.6  2.37337  -0.235975  1
961  0  0.568729  0.237862  15707.4  2.25686  -0.0939724  1
962  0  0.757993  -0.307948  16313  2.00771  0.0406748  1
963  0  1.40271  1.03934  16237  1.99498  -0.00323929  1
964  0  1.51267  0.825836  16251.8  1.98654  -0.0197976  1
965  0  0.254342  0.19088  15411.6  2.37834  0.181883  1
966  0  0.926412  -0.0489292  16288.1  1.97169  0.0864657  1
967  0  0.198985  -0.0885615  16131.3  2.13082  0.0276445  1
968  0  1.21188  0.197565  16329.8  1.98412  -0.0948842  1
969  0  0.530728  -0.11242  16319.9  2.03576  0.0294421  1
970  0  0.475029  0.139812  15420.5  2.51404  -0.081553  1
971  0  0.694282  0.175645  15829.2  2.24043  -0.193367  1
972  0  0.0133497  0.428634  16045  2.10423  0.188022  1
973  0  1.00456  0.167998  16253.1  2.0364  -0.175724  1
974  0  0.647338  -0.0921795  16284.9  2.08301  0.0220024  1
975  0  0.708604  -0.156169  16291.5  2.0163  0.038732  1
976  0  0.307328  0.97914  16108.7  2.06607  0.0639486  1
977  0  0.149061  -0.0721426  16045.3  2.17013  -0.0231302  1
978  0  0.811677  0.147896  16011.6  2.20701  -0.235328  1
979  0  0.520736  -0.0288788  16353.5  1.39365  0.0144652  1
980  0  -0.575907  0.381718  16275.8  1.99747  0.120528  1
981  0  -0.20493  -0.245722  16440.9  1.93019  0.0395162  1
982  0  0.286703  -0.189601  16265.1  2.02486  0.0330151  1
983  0  -1.62111  0.00596962  16296.6  1.99781  0.067162  1
984  0  0.802976  -0.0529228  16253.6  1.98936  0.0532798  1
985  0  0.802608  -1.17822  16320.1  2.00829  0.0426888  1
986  0  0.3198  1.27669  16153.2  2.04099  0.0619271  1
987  0  0.0489469  0.313584  15961.1  2.1387  0.248489  1
988  0  0.954  -0.261454  16335.4  1.99432  0.0472371  1
989  0  -0.767289  -1.7241  16332.1  1.99746  0.0582886  1
990  0  -0.798771  0.374238  16279.8  1.99709  0.100959  1
991  0  0.116478  0.339738  15878.6  2.18  0.214842  1
992  0  0.866738  -0.115013  16288.4  2.05768  0.0612771  1
993  0  0.82171  0.4958  16070.4  2.09042  -0.063658  1
994  0  -0.00533721  0.0225042  17341.8  1.20922  0.720918  1
995  0  0.793949  0.265605  16000.6  2.11977  -0.151012  1
996  0  -0.164437  0.292658  16226.4  2.01412  0.21562  1
997  0  0.99852  -0.166303  16352.4  1.9899  0.0585255  1
998  0  1.51771  -0.120947  16349.2  1.94921  -0.0145068  1
999  0  -0.158803  -0.383226  16396  1.95783  0.034914  1
1000  0  1.00495  -1.00828  16319.6  2.00914  0.0390586  1
1001  0  0.228012  -0.137473  16208.9  2.04871  0.0273071  1
1002  0  -0.207257  -0.0477072  16545.4  1.86476  0.101053  1
1003  0  0.0841834  0.175451  15742.6  2.23348  0.413817  1
1004  0  -0.000533081  -0.556348  16353.6  1.98262  0.0327452  1
1005  0  0.281417  0.161692  15326  2.48391  0.153788  1
1006  0  -1.73904  1.73904  16219.4  2.0006  0.0610566  1
1007  0  1.01568  0.0379789  16385.9  1.27932  -0.208541  1
1008  0  0.733324  0.160135  15868.5  2.25239  -0.219578  1
1009  0  0.769735  0.139213  15929.8  2.27549  -0.247094  1
1010  0  0.578904  0.143039  15574.3  2.45869  -0.164701  1
1011  0  0.0515844  0.87035  16110.5  2.06575  0.0966046  1
1012  0  0.47265  -0.1424  16315.2  2.00375  0.036619  1
1013  0  0.40651  0.106854  15253.5  2.00676  -0.0208313  1
1014  0  0.0621922  0.0978308  15641.7  2.22824  0.651281  1
1015  0  -0.156985  -1.1563  16336.9  1.99456  0.0509133  1
1016  0  0.0806542  -0.128  16231.7  2.04347  -0.0858748  1
1017  0  0.0556279  -0.154234  16309.8  1.99984  -0.0775449  1
1018  0  0.394111  -0.0611479  16325  1.99719  0.0606412  1
1019  0  0.867874  -0.0224412  16267.2  1.35755  0.0526232  1
1020  0  0.507075  0.149173  15487.3  2.49164  -0.108334  1
1021  0  0.519697  0.225404  15636.4  2.293  -0.0755691  1
1022  0  0.462307  0.562099  15959.6  2.14477  0.0290917  1
1023  0  -0.525421  -0.0659367  16374.5  1.95891  0.0990682  1
1024  0  1.25298  -0.226466  16371.7  1.98365  0.0191106  1
1025  0  0.911821  -0.526297  16327.1  2.00215  0.0370252  1
1026  0  -1.08158  -0.515264  16330.5  1.99021  0.0688558  1
1027  0  0.705053  -1.75208  16319.4  2.00784  0.052272  1
1028  0  1.00735  -0.00815153  16381.5  1.06331  0.115381  1
1029  0  -0.00397736  -0.0265877  16925.1  1.43533  -0.536578  1
1030  0  0.830951  -0.590195  16324.2  2.00339  0.0373609  1
1031  0  0.0466278  0.594738  16055.1  2.09706  0.134227  1
1032  0  -0.501543  0.629417  16224.4  2.01803  0.11698  1
1033  0  1.06169  -0.0448661  16465.9  1.83556  0.0877285  1
1034  0  1.16228  -1.42234  16310.8  2.01596  0.0444069  1
1035  0  -1.21307  -0.896458  16329.6  1.99479  0.0630519  1
1036  0  0.922096  0.137981  16184.4  2.12333  -0.225215  1
1037  0  0.996284  -0.00718992  16294.5  1.03269  0.0999162  1
1038  0  0.986365  -0.0107032  16299.3  1.11158  0.0769371  1
1039  0  -1.26704  0.931076  16242.2  2.00247  0.0768725  1
1040  0  0.409218  -0.168756  16300.6  2.00281  0.0423394  1
1041  0  0.433505  -0.0282861  16365.3  1.32997  0.0352687  1
1042  0  0.826617  0.0984613  16019.8  2.17552  -0.274973  1
1043  0  0.281123  -0.0390873  16211.7  1.58761  0.0719346  1
1044  0  -1.28828  -0.211094  16313.3  1.99363  0.0719147  1
1045  0  -1.48653  -0.303564  16312.6  1.99572  0.0674122  1
1046  0  0.711003  0.239503  15888.2  2.16938  -0.153915  1
1047  0  0.701063  0.120849  15794.8  2.35606  -0.250567  1
1048  0  0.61376  -0.202499  16304.9  2.0082  0.034564  1
1049  0  0.878291  1.76558  16211.4  2.00401  0.0493921  1
1050  0  1.162  -0.930662  16318.9  2.01066  0.0353985  1
1051  0  -1.26717  1.73314  16211.2  2.00392  0.0669466  1
1052  0  0.113553  0.239474  15770  2.21767  0.296587  1
1053  0  0.00867489  -0.0613182  16405  1.91288  -0.310136  1
1054  0  0.453018  -0.0567572  16353.7  1.99227  0.0423814  1
1055  0  0.162151  0.629719  16024.1  2.11359  0.108752  1
1056  0  0.126619  -0.0456352  15932  1.88682  -0.0423074  1
1057  0  -0.572111  -0.267014  16369.8  1.96613  0.0775786  1
1058  0  0.606041  0.131892  15609.3  2.44755  -0.192422  1
1059  0  -1.28015  1.44344  16220.5  2.00329  0.0706799  1
1060  0  -0.0843944  0.0224996  16827.1  1.6969  0.21541  1
1061  0  0.833178  -0.10868  16282.1  2.06852  0.0548016  1
1062  0  -0.338909  -0.703071  16356  1.98124  0.0522474  1
1063  0  1.45386  -1.1363  16307.8  2.01958  0.0362928  1
1064  0  0.954945  0.449743  16140.2  2.05828  -0.0810397  1
1065  0  1.75214  0.823756  16275.2  1.96601  -0.0147871  1
1066  0  0.868162  -0.856606  16323  2.00556  0.0381646  1
1067  0  -0.232258  1.05051  16166.7  2.03612  0.0950228  1
1068  0  0.776948  -0.0954187  16273  2.08826  0.0452991  1
1069  0  0.237135  -0.187086  16248.3  2.03305  0.0226476  1
1070  0  1.76698  -0.685512  16307.2  2.02656  0.0152635  1
1071  0  -0.0275778  -0.323488  16382.9  1.96379  0.00677275  1
1072  0  -0.0992503  -0.282764  16416.5  1.94498  0.0141941  1
1073  0  -0.632749  -0.0745552  16354.5  1.96994  0.0933729  1
1074  0  0.0901964  1.0241  16129.5  2.05574  0.0834753  1
1075  0  -0.086874  0.126636  16413  1.90288  0.324717  1
1076  0  -0.362645  1.18554  16181.4  2.02756  0.0886846  1
1077  0  0.286083  0.601265  15983.8  2.13159  0.0827113  1
1078  0  1.12201  0.162686  16318.4  2.00858  -0.132327  1
1079  0  0.545592  0.174381  15580.3  2.37061  -0.11852  1
1080  0  0.448562  0.26581  15642.2  2.29047  -0.00739433  1
1081  0  -0.200222  0.378721  16204.1  2.02934  0.18233  1
1082  0  0.62308  0.416666  15917.4  2.17072  -0.0461494  1
1083  0  1.13294  0.577013  16202  2.02206  -0.0520836  1
1084  0  1.0114  -0.0214818  16392.6  1.50491  0.132043  1
1085  0  -0.0287278  -1.49064  16330.9  1.99976  0.0521735  1
1086  0  0.757079  0.293883  15964.1  2.1411  -0.131441  1
1087  0  1.0341  0.119076  16355.7  2.04594  -0.18834  1
1088  0  0.140011  -0.440342  16333.8  1.99314  0.0219752  1
1089  0  0.0583721  0.257767  15912.5  2.15226  0.29696  1
1090  0  0.078185  -0.284582  16337.3  1.98956  -0.00563181  1
1091  0  0.930716  0.179058  16174.9  2.06166  -0.192116  1
1092  0  -0.889415  -1.436  16333  1.9964  0.0590107  1
1093  0  0.340109  -0.14564  16278.5  2.01147  0.0475773  1
1094  0  1.01198  0.00371101  16403  0.543005  0.0527406  1
1095  0  -0.157393  0.551641  16147.3  2.05337  0.15024  1
1096  0  0.243602  -0.263334  16285.4  2.01696  0.0198025  1
1097  0  -0.223573  -0.140636  16492.1  1.90264  0.063086  1
1098  0  1.24984  -0.121308  16408.1  1.98082  0.0124285  1
1099  0  0.0741073  0.46282  15995.7  2.12627  0.169972  1
1100  0  0.809994  0.378483  16037.7  2.10927  -0.0993163  1
1101  0  0.220261  -0.0791392  16136  2.14568  0.0433985  1
1102  0  -0.244076  -0.0818322  16498.5  1.89319  0.0882497  1
1103  0  0.3979  -0.731877  16326.8  1.99967  0.0376626  1
