514  601  1012
513  600  1013
525  841  986
526  842  987
328  516  1015
441  841  986
440  842  987
274  656  922
272  657  923
388  520  591
389  519  590
278  601  1012
277  600  1013
388  520  808
389  519  809
294  582  778
419  626  1006
420  627  1007
423  695  750
424  696  751
421  549  612
422  548  611
340  523  1019
291  448  565
292  449  566
308  534  563
309  535  564
412  507  800
413  508  801
374  706  820
375  707  821
283  501  584
282  502  583
10  465  858
18  466  859
333  643  645
293  752  765
349  458  467
299  525  841
297  526  842
44  545  630
20  546  631
327  444  759
395  519  811
396  520  812
537  793  910
536  792  911
346  491  618
304  460  552
305  459  553
458  467  779
132  133  532
50  51  533
341  481  516
291  448  539
292  449  540
341  580  945
353  501  615
354  502  614
13  574  901
327  444  897
308  534  641
309  535  642
410  623  624
411  620  621
286  448  527
287  449  528
285  440  929
284  441  928
280  606  651
281  607  652
283  501  615
282  502  614
359  537  581
353  595  615
354  594  614
499  571  924
361  536  653
352  500  572
509  656  922
510  657  923
329  357  942
336  630  1038
337  631  1039
342  438  511
343  439  512
302  472  612
303  473  611
478  575  632
477  576  633
325  412  800
326  413  801
341  515  516
302  472  992
303  473  993
374  507  820
375  508  821
290  497  828
290  498  828
290  523  733
392  452  578
271  554  889
43  44  545
20  21  546
341  481  945
358  695  750
360  696  751
349  409  562
395  519  743
396  520  742
269  521  676
266  522  677
328  599  1015
293  491  618
269  521  689
266  522  690
314  538  610
346  408  573
352  555  572
364  543  575
365  544  576
267  519  743
270  520  742
291  461  616
292  462  617
390  670  700
391  671  701
492  670  700
493  671  701
304  560  836
305  561  837
397  559  754
398  558  755
10  11  858
17  18  859
532  634  708
533  635  709
290  497  523
368  597  674
369  598  675
428  606  651
427  607  652
378  559  754
379  558  755
359  531  581
285  552  750
284  553  751
444  523  733
302  549  612
303  548  611
15  487  585
314  538  764
276  555  572
418  536  680
417  537  681
295  534  799
296  535  798
338  649  658
339  650  659
387  537  793
386  536  792
380  469  791
380  488  791
487  556  947
414  496  738
530  626  1006
529  627  1007
358  513  600
360  514  601
11  858  901
394  648  668
393  647  669
545  630  1038
546  631  1039
457  491  918
405  556  947
563  783  1028
564  784  1029
280  482  547
348  399  414
401  595  615
400  594  614
295  534  563
296  535  564
370  583  745
371  584  744
400  432  710
401  433  711
269  530  626
266  529  627
346  457  491
361  536  680
359  537  681
452  578  720
302  499  654
303  500  655
441  734  928
440  735  929
423  552  750
424  553  751
330  496  596
482  547  1019
340  579  1019
390  700  804
391  701  805
302  499  1040
303  500  1041
311  527  774
313  528  775
305  459  767
304  460  766
29  551  725
35  550  726
329  538  610
432  629  797
433  628  796
629  797  1000
628  796  1001
45  630  882
19  631  883
408  634  708
409  635  709
329  524  554
112  113  558
70  71  559
281  599  607
579  946  1019
486  740  770
485  741  771
124  125  567
58  59  568
369  522  648
368  521  647
392  452  838
323  519  811
324  520  812
15  585  764
126  127  569
56  57  570
410  623  979
411  620  978
351  499  924
328  739  866
498  646  934
497  644  933
92  93  623
90  91  620
400  432  797
401  433  796
364  575  632
365  576  633
266  472  948
269  473  949
310  560  875
312  561  876
381  468  826
362  567  698
363  568  699
529  677  762
530  676  763
364  505  847
365  506  848
412  507  794
413  508  795
398  693  844
397  694  845
285  710  750
284  711  751
370  542  745
371  541  744
44  45  630
19  20  631
474  554  787
12  13  901
435  725  899
434  726  898
271  474  554
359  531  817
281  450  799
280  451  798
649  856  981
650  857  982
341  498  934
340  497  933
275  680  747
273  681  746
393  521  689
394  522  690
11  12  901
364  632  847
365  633  848
303  655  993
302  654  992
381  488  826
551  725  899
550  726  898
361  680  747
359  681  746
523  557  1019
329  538  574
319  822  958
320  823  959
329  524  574
412  718  794
413  719  795
325  412  861
326  413  863
398  511  844
397  512  845
319  822  952
320  823  953
301  643  645
364  543  943
365  544  944
340  497  523
267  519  590
270  520  591
288  541  956
289  542  957
387  741  843
39  597  674
25  598  675
386  740  851
336  740  770
337  741  771
417  681  721
418  680  722
422  548  827
393  521  647
394  522  648
293  461  980
362  567  915
363  568  916
294  462  983
10  465  882
18  466  883
331  660  895
332  661  896
406  567  915
407  568  916
376  597  663
377  598  662
494  560  836
495  561  837
444  523  897
128  129  586
54  55  587
315  647  898
316  648  899
266  472  690
269  473  689
278  601  682
0  779  918
463  464  596
288  541  744
289  542  745
311  822  919
313  823  920
409  749  902
28  29  725
35  36  726
358  513  695
360  514  696
130  131  592
52  53  593
267  590  793
270  591  792
419  509  656
420  510  657
378  604  704
379  605  705
15  16  487
408  748  904
425  584  744
426  583  745
341  515  921
308  543  575
309  544  576
405  556  903
284  441  855
285  440  854
377  489  662
376  490  663
374  602  706
375  603  707
362  700  774
363  701  775
524  554  889
352  555  636
426  583  926
425  584  925
321  658  912
322  659  913
421  549  846
294  582  965
308  563  1028
309  564  1029
327  759  966
276  555  838
461  616  980
445  739  881
448  565  756
449  566  757
448  527  919
449  528  920
462  617  983
465  630  882
466  631  883
286  448  756
287  449  757
269  530  676
266  529  677
377  489  762
376  490  763
647  780  898
648  781  899
358  518  750
360  517  751
92  623  624
91  620  621
496  596  1033
316  648  668
315  647  669
362  492  698
363  493  699
389  489  809
388  490  808
329  554  942
438  511  829
439  512  830
341  498  921
406  569  908
407  570  909
554  787  942
405  485  903
382  586  714
383  587  715
535  642  957
534  641  956
300  649  856
298  650  857
281  481  799
280  482  798
308  543  641
309  544  642
382  569  908
383  570  909
315  669  810
543  641  912
544  642  913
328  739  967
415  788  872
416  789  874
310  700  804
312  701  805
293  618  980
399  414  613
294  619  983
454  620  978
453  623  979
311  774  915
313  775  916
346  408  802
349  409  803
311  527  919
313  528  920
547  557  1019
272  588  657
274  589  656
364  505  788
365  506  789
404  486  889
72  73  604
110  111  605
342  438  673
343  439  672
316  668  849
74  75  602
108  109  603
132  532  729
51  533  730
277  600  817
319  616  772
320  617  773
372  478  575
373  477  576
21  546  832
43  545  831
333  431  814
333  431  813
348  414  738
133  532  708
50  533  709
282  583  926
283  584  925
415  678  788
416  679  789
303  687  1041
302  688  1040
387  537  581
286  695  756
287  696  757
355  804  885
356  805  886
578  720  927
350  596  877
450  541  652
451  542  651
319  772  971
320  773  972
386  536  653
354  588  692
353  589  691
268  531  581
273  681  721
275  680  722
382  569  714
383  570  715
422  599  607
418  536  911
417  537  910
388  490  727
389  489  728
362  492  700
363  493  701
392  555  838
349  458  562
445  739  866
384  592  729
385  593  730
400  594  892
401  595  893
404  524  889
371  584  988
370  583  989
281  450  652
280  451  651
378  604  869
379  605  870
394  654  890
393  655  891
409  562  902
421  547  1018
329  357  878
279  739  881
400  518  710
401  517  711
289  642  957
288  641  956
395  588  713
396  589  712
301  646  828
301  644  828
378  559  704
379  558  705
369  648  781
368  647  780
288  479  641
289  480  642
374  602  879
375  603  880
460  552  929
459  553  928
408  573  904
390  664  716
391  665  717
501  584  988
502  583  989
361  601  747
359  600  746
395  588  657
396  589  656
346  618  802
349  619  803
380  571  782
470  800  1036
471  801  1037
346  457  573
376  676  763
377  677  762
381  488  850
380  571  1040
392  555  636
494  560  875
495  561  876
489  662  728
490  663  727
470  800  1016
471  801  1017
382  586  958
383  587  959
394  668  890
393  669  891
381  572  1041
272  807  989
274  806  988
450  541  956
451  542  957
529  762  1007
530  763  1006
479  641  912
480  642  913
92  624  790
91  621  790
17  859  947
354  588  713
353  589  712
353  501  691
354  502  692
272  588  692
274  589  691
539  822  919
540  823  920
505  678  788
506  679  789
349  467  1014
79  80  639
103  104  640
323  762  1007
324  763  1006
378  660  754
379  661  755
348  399  753
463  467  779
291  461  731
390  670  716
391  671  717
464  779  918
299  525  895
297  526  896
81  82  637
101  102  638
455  869  879
456  870  880
422  611  935
421  612  936
485  741  843
300  649  658
298  650  659
381  468  687
380  469  688
384  592  971
385  593  972
292  462  732
486  740  851
450  534  799
451  535  798
369  675  781
368  674  780
13  14  538
387  741  793
386  740  792
306  660  986
307  661  987
478  685  994
477  686  995
317  616  980
361  653  884
366  683  933
367  684  934
316  849  940
318  617  983
35  550  834
29  551  835
404  524  901
577  582  778
525  660  895
526  661  896
325  800  1036
326  801  1037
31  32  578
436  592  971
437  593  972
291  565  731
421  547  846
521  676  852
522  677  853
315  810  939
113  558  693
70  559  694
524  574  901
292  566  732
89  90  622
93  94  625
327  547  557
71  559  704
112  558  705
436  586  958
437  587  959
361  682  884
344  509  864
345  510  865
348  753  914
16  17  947
333  643  769
333  645  768
515  516  866
314  585  738
269  626  949
266  627  948
117  118  666
65  66  667
518  710  750
517  711  751
399  402  613
293  752  1025
380  488  782
121  122  670
61  62  671
0  779  907
119  120  664
63  64  665
272  692  989
274  691  988
273  594  721
275  595  722
304  552  836
305  553  837
539  822  952
540  823  953
465  770  858
466  771  859
410  760  769
411  761  768
13  538  574
24  25  598
39  40  597
299  841  937
297  842  938
330  610  878
301  643  644
301  645  646
83  84  678
99  100  679
342  511  887
343  512  888
294  462  778
296  579  683
295  580  684
300  776  856
298  777  857
90  620  622
93  623  625
293  461  765
525  660  986
526  661  987
381  572  850
16  487  947
330  610  960
314  585  764
290  498  921
415  678  723
416  679  724
124  567  698
59  568  699
399  402  697
40  597  663
24  598  662
310  560  804
312  561  805
125  567  702
58  568  703
658  912  1023
659  913  1024
126  569  702
57  570  703
348  738  914
468  687  967
469  688  966
127  569  714
56  570  715
443  590  793
442  591  792
412  639  718
413  640  719
402  461  731
408  708  748
409  709  749
419  509  976
420  510  977
377  598  853
376  597  852
366  760  769
367  761  768
328  599  827
278  682  833
374  507  800
375  508  801
270  792  911
267  793  910
403  577  778
286  494  875
287  495  876
613  752  765
384  532  729
385  533  730
276  571  782
408  634  802
409  635  803
310  700  774
312  701  775
14  538  764
344  611  935
345  612  936
302  549  688
303  548  687
347  596  1033
414  496  1033
417  743  910
418  742  911
358  600  746
360  601  747
368  521  852
369  522  853
38  39  674
25  26  675
268  753  903
382  822  958
383  823  959
435  675  781
434  674  780
403  462  732
415  637  723
416  638  724
321  788  872
322  789  874
441  841  855
440  842  854
315  898  939
316  899  940
444  759  881
435  675  932
434  674  931
397  608  754
398  609  755
310  774  875
312  775  876
404  770  858
405  771  859
395  713  743
396  712  742
277  697  817
362  774  915
363  775  916
330  596  877
523  557  897
378  660  869
379  661  870
293  491  1025
366  643  769
367  645  768
398  609  887
397  608  888
334  684  761
335  683  760
548  687  967
549  688  966
273  594  892
275  595  893
546  736  832
545  737  831
455  604  869
456  605  870
113  114  693
69  70  694
438  829  839
439  830  840
369  598  853
368  597  852
455  602  879
456  603  880
372  478  994
373  477  995
299  895  1031
297  896  1032
499  571  1040
350  463  596
344  611  949
345  612  948
307  661  755
306  660  754
133  134  708
49  50  709
317  618  802
318  619  803
88  89  685
94  95  686
496  738  960
331  895  1016
332  896  1017
500  572  1041
281  599  1015
279  759  881
384  532  634
385  533  635
123  124  698
59  60  699
1  45  882
1  10  882
2  18  883
2  19  883
477  963  1022
478  964  1021
125  126  702
57  58  703
453  979  1035
454  978  1034
458  562  894
560  804  885
561  805  886
390  664  816
391  665  815
128  586  714
55  587  715
446  636  758
400  518  892
401  517  893
417  721  985
418  722  984
282  614  797
283  615  796
34  35  834
29  30  835
478  632  1021
477  633  1022
129  586  785
54  587  786
279  739  826
71  72  704
111  112  705
281  481  1015
474  682  833
75  76  706
107  108  707
338  649  861
339  650  863
335  979  1035
334  978  1034
323  519  809
324  520  808
294  965  1014
429  475  856
430  476  857
130  592  785
53  593  786
463  464  779
405  485  771
404  486  770
317  616  772
318  617  773
402  461  765
131  592  729
52  593  730
72  604  704
111  605  705
404  858  901
395  657  811
396  656  812
75  602  706
108  603  707
21  22  832
42  43  831
127  128  714
55  56  715
464  491  918
323  762  809
324  763  808
321  912  943
322  913  944
14  15  764
550  898  939
551  899  940
347  464  596
276  572  850
398  511  887
397  512  888
392  578  970
78  79  718
104  105  719
280  606  1018
392  636  758
457  573  900
443  741  793
442  740  792
286  527  875
287  528  876
403  462  778
351  499  890
352  500  891
429  475  937
430  476  938
336  630  1010
337  631  1011
338  658  872
339  659  874
556  753  914
40  41  663
23  24  662
120  121  716
62  63  717
73  604  867
110  605  868
74  602  867
109  603  868
267  743  910
270  742  911
445  515  961
82  83  723
100  101  724
31  578  927
350  582  965
131  132  729
51  52  730
366  643  644
367  645  646
351  720  924
129  130  785
53  54  786
344  509  976
345  510  977
448  539  919
449  540  920
331  869  879
332  870  880
498  646  828
497  644  828
327  557  897
357  582  877
417  713  985
418  712  984
358  518  973
360  517  974
285  552  929
284  553  928
400  614  797
401  615  796
328  516  866
325  649  861
326  650  863
467  965  1014
288  479  905
289  480  906
513  695  756
514  696  757
338  483  860
339  484  862
350  463  467
41  42  727
22  23  728
26  675  932
38  674  931
431  624  790
431  621  790
488  782  850
317  634  802
318  635  803
23  662  728
41  663  727
279  791  826
280  547  1018
271  474  884
432  842  854
433  841  855
32  33  970
388  727  831
389  728  832
338  483  871
339  484  873
91  92  790
319  616  952
320  617  953
331  660  869
332  661  870
89  622  685
94  625  686
79  639  718
104  640  719
403  577  787
352  636  810
384  772  971
385  773  972
82  637  723
101  638  724
367  684  761
366  683  760
364  788  943
365  789  944
402  613  765
134  135  748
48  49  749
77  78  794
105  106  795
628  841  937
629  842  938
304  560  885
305  561  886
352  669  810
294  619  1014
402  697  930
543  912  943
544  913  944
443  741  1039
442  740  1038
342  609  887
343  608  888
341  580  934
340  579  933
349  619  1014
307  609  755
306  608  754
329  610  878
585  738  914
412  639  860
413  640  862
120  664  716
63  665  717
371  541  818
370  542  819
470  895  1031
471  896  1032
121  670  716
62  671  717
80  639  950
103  640  951
282  797  1000
283  796  1001
495  837  969
494  836  968
443  590  736
442  591  737
321  658  872
322  659  874
481  516  1015
81  637  950
102  638  951
445  515  866
117  666  839
66  667  840
309  576  1029
308  575  1028
76  77  820
106  107  821
342  673  766
343  672  767
411  761  978
410  760  979
452  720  924
579  683  933
580  684  934
83  678  723
100  679  724
419  656  812
420  657  811
434  726  931
435  725  932
726  931  1004
725  932  1005
277  697  930
355  503  824
356  504  825
556  753  903
327  547  846
370  807  989
371  806  988
335  784  990
334  783  991
415  637  871
416  638  873
776  856  1008
777  857  1009
419  626  976
420  627  977
116  117  839
66  67  840
334  783  1034
335  784  1035
351  668  890
352  669  891
291  539  952
292  540  953
118  666  998
65  667  999
115  116  829
67  68  830
387  581  843
527  774  875
528  775  876
119  664  998
64  665  999
286  494  968
287  495  969
355  503  816
356  504  815
469  759  966
345  948  977
344  949  976
268  581  843
423  552  836
424  553  837
438  673  824
439  672  825
290  733  961
384  634  772
385  635  773
468  739  967
386  653  851
122  670  996
61  671  997
458  894  907
398  558  693
397  559  694
114  115  844
68  69  845
438  666  824
439  667  825
428  606  865
427  607  864
473  611  949
472  612  948
465  630  1010
466  631  1011
389  590  736
388  591  737
33  758  970
327  846  966
84  678  1026
99  679  1027
374  800  1016
375  801  1017
295  580  945
296  579  946
421  606  1018
431  624  813
431  621  814
418  712  742
417  713  743
427  652  818
428  651  819
271  653  851
330  496  960
109  110  868
73  74  867
361  601  682
335  683  990
334  684  991
114  693  844
69  694  845
33  34  962
85  86  847
97  98  848
351  668  849
474  682  884
482  946  1019
406  908  915
407  909  916
672  767  886
673  766  885
475  856  981
476  857  982
30  31  1020
317  634  772
318  635  773
295  563  991
296  564  990
457  900  917
76  706  820
107  707  821
502  692  989
501  691  988
271  653  884
338  860  861
339  862  863
337  741  1039
336  740  1038
46  47  894
78  718  794
105  719  795
432  629  842
433  628  841
438  666  839
439  667  840
425  744  905
426  745  906
136  137  900
350  582  877
286  695  968
287  696  969
429  628  937
430  629  938
37  38  931
26  27  932
285  710  854
284  711  855
0  46  907
276  571  1030
331  879  1016
332  880  1017
465  770  1010
466  771  1011
423  695  968
424  696  969
333  768  814
333  769  813
88  685  964
95  686  963
470  895  1016
471  896  1017
47  48  902
0  137  917
135  136  904
447  849  940
499  654  890
500  655  891
314  738  960
359  600  817
134  708  748
49  709  749
541  652  818
542  651  819
325  649  981
326  650  982
314  610  960
458  779  907
347  464  491
268  531  975
338  871  872
339  873  874
344  864  935
345  865  936
42  727  831
22  728  832
123  698  996
60  699  997
443  736  1039
442  737  1038
503  666  824
504  667  825
0  917  918
279  759  791
32  578  970
295  684  991
296  683  990
468  739  826
77  794  820
106  795  821
489  762  809
490  763  808
390  804  816
391  805  815
531  697  975
357  577  582
317  618  980
424  837  969
423  836  968
353  712  984
354  713  985
351  720  849
406  567  702
407  568  703
318  619  983
406  569  702
407  570  703
549  846  966
307  735  1003
306  734  1002
4  36  1004
4  37  1004
3  27  1005
3  28  1005
288  744  905
289  745  906
422  599  827
355  673  885
356  672  886
405  859  947
342  609  954
343  608  955
453  623  625
454  620  622
300  776  1023
298  777  1024
488  791  826
116  829  839
67  830  840
80  81  950
102  103  951
436  958  971
437  959  972
328  827  967
487  556  914
115  829  844
68  830  845
450  534  956
451  535  957
531  697  817
446  834  962
27  932  1005
37  931  1004
455  604  867
456  605  868
455  602  867
456  603  868
399  697  975
355  804  816
356  805  815
446  758  962
432  710  854
433  711  855
95  96  963
87  88  964
627  948  977
626  949  976
388  737  831
389  736  832
350  467  965
505  847  1026
506  848  1027
422  607  935
421  606  936
347  752  1025
355  673  824
356  672  825
446  636  810
472  690  992
473  689  993
445  733  961
372  783  1028
373  784  1029
412  860  861
413  862  863
394  654  992
393  655  993
118  119  998
64  65  999
372  783  1034
373  784  1035
122  123  996
60  61  997
31  927  1020
446  810  939
503  664  816
504  665  815
334  761  978
335  760  979
429  628  1001
430  629  1000
84  85  1026
98  99  1027
86  87  1021
96  97  1022
478  685  964
477  686  963
382  822  908
383  823  909
371  806  818
370  807  819
372  575  1028
373  576  1029
460  735  1003
459  734  1002
376  676  852
377  677  853
436  586  785
437  587  786
48  749  902
565  756  1013
566  757  1012
295  799  945
296  798  946
135  748  904
357  877  878
436  592  785
437  593  786
403  787  833
427  864  922
428  865  923
550  834  939
551  835  940
306  734  986
307  735  987
447  720  849
479  776  1023
480  777  1024
354  594  985
353  595  984
86  847  1021
97  848  1022
85  847  1026
98  848  1027
503  666  998
504  667  999
358  746  973
360  747  974
46  894  907
291  616  952
292  617  953
564  784  990
563  783  991
503  664  998
504  665  999
483  639  950
484  640  951
594  721  985
595  722  984
415  871  872
416  873  874
475  937  1031
476  938  1032
410  624  813
411  621  814
483  637  950
484  638  951
487  585  914
545  737  1038
546  736  1039
399  753  975
137  900  917
460  735  929
459  734  928
299  937  1031
297  938  1032
440  735  987
441  734  986
428  807  819
427  806  818
453  625  995
454  622  994
492  698  996
493  699  997
393  689  993
394  690  992
483  639  860
484  640  862
366  644  933
367  646  934
392  758  970
47  894  902
273  746  973
275  747  974
479  776  905
480  777  906
447  835  1020
445  733  881
483  637  871
484  638  873
87  964  1021
96  963  1022
136  900  904
411  768  814
410  769  813
276  782  850
492  670  996
493  671  997
548  827  967
271  851  889
505  678  1026
506  679  1027
305  767  886
304  766  885
444  733  881
606  865  936
607  864  935
311  908  915
313  909  916
275  893  974
273  892  973
419  812  1006
420  811  1007
425  776  905
426  777  906
34  834  962
277  565  1013
278  566  1012
268  843  903
446  834  939
447  835  940
347  752  1033
306  608  1002
307  609  1003
447  720  927
517  893  974
518  892  973
277  565  930
457  917  918
342  766  954
343  767  955
278  566  941
414  752  1033
434  780  898
435  781  899
460  766  954
459  767  955
469  759  791
509  864  922
510  865  923
28  725  1005
36  726  1004
347  491  1025
300  658  1023
298  659  1024
507  794  820
508  795  821
414  613  752
427  806  922
428  807  923
311  822  908
313  823  909
319  958  971
320  959  972
511  829  844
512  830  845
380  688  1040
381  687  1041
276  838  1030
622  685  994
625  686  995
336  770  1010
337  771  1011
268  753  975
403  833  941
452  924  1030
274  806  922
272  807  923
278  833  941
452  838  1030
565  731  930
30  835  1020
479  912  1023
480  913  1024
566  732  941
374  879  1016
375  880  1017
429  925  1008
430  926  1009
577  787  942
571  924  1030
357  577  942
425  776  1008
426  777  1009
429  925  1001
430  926  1000
33  758  962
290  921  961
425  925  1008
426  926  1009
632  847  1021
633  848  1022
474  787  833
453  995  1035
454  994  1034
321  788  943
322  789  944
486  851  889
481  799  945
482  798  946
485  843  903
402  731  930
330  877  878
447  927  1020
403  732  941
470  1031  1036
471  1032  1037
513  756  1013
514  757  1012
562  894  902
324  812  1006
323  811  1007
429  856  1008
430  857  1009
573  900  904
325  981  1036
326  982  1037
475  1031  1036
476  1032  1037
608  955  1002
609  954  1003
283  925  1001
282  926  1000
475  981  1036
476  982  1037
515  921  961
459  955  1002
460  954  1003
372  994  1034
373  995  1035
