0  2  1  -1e-05  14702.7  0  0  1
1  1  2  2  14622  2.00922  -0.187018  1
2  1  2  -2  14617.3  1.99131  -0.149591  1
3  3  -2  -2  14714.2  1.99098  -0.188071  1
4  3  -2  2  14736.3  1.99114  -0.187995  1
10  1  2  1.6  14611.4  1.99881  -0.184215  1
11  1  2  1.2  14611.4  1.97509  -0.183253  1
12  1  2  0.8  14611.4  1.98056  -0.182272  1
13  1  2  0.4  14611.4  1.98617  -0.182823  1
14  1  2  5.50449e-12  14611.4  1.97485  -0.172867  1
15  1  2  -0.4  14611.4  1.96566  -0.154957  1
16  1  2  -0.8  14611.4  1.97626  -0.149  1
17  1  2  -1.2  14611.4  1.98349  -0.14945  1
18  1  2  -1.6  14611.4  1.9897  -0.150247  1
19  0  1.6  -2  14628  1.9921  -0.153037  1
20  0  1.2  -2  14638.8  1.99558  -0.159135  1
21  0  0.8  -2  14650.8  2.00127  -0.159999  1
22  0  0.4  -2  14673.5  2.00277  -0.167623  1
23  0  5.50449e-12  -2  14693.3  2.002  -0.191578  1
24  0  -0.4  -2  14696.1  2.00168  -0.200847  1
25  0  -0.8  -2  14701.2  1.99997  -0.192968  1
26  0  -1.2  -2  14707.9  1.99683  -0.192228  1
27  0  -1.6  -2  14712.2  1.99215  -0.190819  1
28  3  -2  -1.6  14714  1.99114  -0.187995  1
29  3  -2  -1.2  14715.7  1.99114  -0.187995  1
30  3  -2  -0.8  14721.9  1.99114  -0.187995  1
31  3  -2  -0.4  14730  1.99114  -0.187995  1
32  3  -2  -5.50449e-12  14737.5  1.99114  -0.187995  1
33  3  -2  0.4  14743.8  1.99114  -0.187995  1
34  3  -2  0.8  14745.5  1.99114  -0.187995  1
35  3  -2  1.2  14744.2  1.99114  -0.187995  1
36  3  -2  1.6  14740.3  1.99114  -0.187995  1
37  0  -1.6  2  14732.7  1.99114  -0.187995  1
38  0  -1.2  2  14720.1  1.99114  -0.187995  1
39  0  -0.8  2  14724.6  1.99114  -0.187995  1
40  0  -0.4  2  14815.8  1.99114  -0.187995  1
41  0  -5.50449e-12  2  14842.9  1.99114  -0.187995  1
42  0  0.4  2  14813.9  1.99114  -0.187995  1
43  0  0.8  2  14786.2  1.99114  -0.187995  1
44  0  1.2  2  14713.3  1.99114  -0.187995  1
45  0  1.6  2  14660.7  1.99114  -0.187995  1
46  2  0.978958  0.00563301  14601.6  -9.04609e-17  1.37798e-17  1
47  2  0.957678  0.0104041  14570.9  0  0  1
48  2  0.93636  0.0150027  14531.8  0  0  1
49  2  0.914986  0.0193303  14461.2  1.60303e-16  -2.42738e-17  1
50  2  0.893569  0.0234412  14436.4  0  -6.16298e-33  1
51  2  0.872118  0.0273717  14407.8  5.35823e-16  -8.32724e-17  1
52  2  0.850637  0.0311361  14377.1  4.93038e-32  0  1
53  2  0.82913  0.0347451  14363.2  0  0  1
54  2  0.807598  0.0382054  14328  0  0  1
55  2  0.786043  0.0415187  14323.9  4.21226e-16  -5.68285e-17  1
56  2  0.764466  0.044684  14279.9  -7.75851e-16  1.06662e-16  1
57  2  0.742867  0.047694  14268.8  -1.58852e-16  2.13784e-17  1
58  2  0.721247  0.0505549  14262.9  4.04127e-16  -4.6899e-17  1
59  2  0.699608  0.053268  14248.3  0  0  1
60  2  0.677952  0.055833  14235.4  -6.77887e-16  7.30359e-17  1
61  2  0.656278  0.0582513  14224.3  0  0  1
62  2  0.634588  0.0605153  14208.7  0  0  1
63  2  0.612882  0.0626265  14186.5  1.61912e-16  -1.24695e-17  1
64  2  0.591162  0.0645834  14205.3  -4.45077e-16  3.46349e-17  1
65  2  0.569429  0.0663854  14171.4  0  0  1
66  2  0.547682  0.0680291  14150.7  -1.609e-16  6.87324e-18  1
67  2  0.525925  0.0695098  14169.4  0  0  1
68  2  0.504156  0.0708253  14180.1  2.21636e-16  -1.08213e-17  1
69  2  0.482378  0.071966  14155.9  2.05071e-16  -9.24884e-18  1
70  2  0.460591  0.0729293  14159  -7.14202e-16  2.54002e-17  1
71  2  0.438797  0.0737019  14145.2  0  0  1
72  2  0.416996  0.0742768  14118.6  2.37207e-16  -1.84221e-18  1
73  2  0.395191  0.0746424  14166.4  2.37207e-16  -1.84221e-18  1
74  2  0.373384  0.0747826  14170.6  -1.0503e-15  5.55856e-19  1
75  2  0.351576  0.0746828  14180.2  -1.65061e-16  -2.42739e-18  1
76  2  0.329771  0.0743286  14182.6  -1.65061e-16  -2.42739e-18  1
77  2  0.307972  0.0737069  14188.4  7.63844e-17  3.67089e-18  1
78  2  0.286183  0.0727968  14224  -6.21415e-16  -2.69683e-17  1
79  2  0.264408  0.0715918  14246.3  1.49167e-16  7.86998e-18  1
80  2  0.242653  0.0700768  14293.5  6.96666e-16  4.79463e-17  1
81  2  0.220922  0.0682427  14319.8  0  0  1
82  2  0.199224  0.0660635  14338.8  1.33187e-16  1.20557e-17  1
83  2  0.177566  0.0635061  14416.6  2.2969e-16  2.57088e-17  1
84  2  0.155965  0.0605138  14497.3  -4.41136e-16  -5.91976e-17  1
85  2  0.134441  0.05701  14546.2  0  0  1
86  2  0.113026  0.0528918  14686.5  -5.78881e-17  -5.9516e-18  1
87  2  0.0917715  0.0480142  14851  0  0  1
88  2  0.070761  0.0421786  15079.3  1.94197e-16  4.16055e-17  1
89  2  0.0501283  0.035128  15358.3  4.27067e-16  6.58326e-17  1
90  2  0.0301426  0.0264229  15794.7  0  0  1
91  2  0.0115352  0.0151098  15998.1  -2.21308e-16  5.61359e-17  1
92  2  0.000309974  -0.00222505  13753.2  1.10654e-16  -2.80679e-17  1
93  2  0.0201851  -0.00899496  12257.6  0  0  1
94  2  0.0419677  -0.00998632  13064.2  -4.77188e-16  1.1364e-16  1
95  2  0.0637746  -0.0101534  13417.9  0  0  1
96  2  0.0855808  -0.00988088  13673.3  -1.90749e-16  3.00993e-17  1
97  2  0.107382  -0.00932427  13787.7  0  0  1
98  2  0.129177  -0.00857627  13781.4  1.53842e-16  -1.89617e-17  1
99  2  0.150967  -0.00768546  13793.1  -1.52104e-16  -9.39154e-18  1
100  2  0.172751  -0.00667169  13815.3  2.12227e-16  -2.50424e-17  1
101  2  0.194532  -0.00556888  13794.2  6.06952e-17  -2.96685e-18  1
102  2  0.216309  -0.00440658  13818.5  -7.99693e-17  1.52825e-17  1
103  2  0.238084  -0.00320304  13948.6  0  0  1
104  2  0.259857  -0.00197325  13996.4  4.5448e-18  -4.71078e-17  1
105  2  0.28163  -0.00073895  13939.7  0  0  1
106  2  0.303404  0.000490277  13998.8  1.11189e-16  4.9661e-17  1
107  2  0.325179  0.00169592  14037.7  0  0  1
108  2  0.346955  0.00287213  14065.2  -1.10988e-16  1.1013e-18  1
109  2  0.368733  0.00401393  14182.7  2.80025e-17  -1.56802e-18  1
110  2  0.390514  0.00511122  14227.6  0  0  1
111  2  0.412297  0.00616084  14207  4.49962e-17  -2.30746e-18  1
112  2  0.434083  0.00714259  14238.9  -1.17885e-16  1.70005e-18  1
113  2  0.455871  0.00806232  14295.5  0  0  1
114  2  0.477662  0.00892541  14343.8  -1.0877e-16  -3.08366e-17  1
115  2  0.499456  0.00972009  14356.6  0  0  1
116  2  0.521252  0.0104424  14424.2  0  0  1
117  2  0.543051  0.0110879  14471.8  -4.59311e-17  -3.49962e-17  1
118  2  0.564852  0.0116543  14488.8  1.66733e-16  2.65297e-17  1
119  2  0.586655  0.012128  14531.5  6.45934e-17  2.44178e-18  1
120  2  0.608459  0.0125105  14556.1  7.52206e-17  -5.96314e-19  1
121  2  0.630265  0.0127997  14590.3  4.93717e-17  3.16083e-18  1
122  2  0.652073  0.0129958  14628.1  -1.46952e-16  -1.10061e-17  1
123  2  0.673881  0.0130977  14675.9  0  0  1
124  2  0.695689  0.0130955  14704.8  5.49928e-17  1.93059e-18  1
125  2  0.717497  0.012984  14722.4  0  7.70372e-34  1
126  2  0.739303  0.0127524  14747.9  2.07806e-16  6.73555e-18  1
127  2  0.761109  0.0123989  14786.3  0  0  1
128  2  0.782911  0.0119171  14819.2  2.12675e-16  5.63821e-18  1
129  2  0.804711  0.0113043  14833.5  0  0  1
130  2  0.826506  0.0105531  14840.6  0  0  1
131  2  0.848296  0.0096546  14853.7  0  0  1
132  2  0.870079  0.00860852  14857.6  -1.37919e-16  2.28016e-18  1
133  2  0.891854  0.00740706  14845.1  1.22343e-16  -2.78151e-18  1
134  2  0.91362  0.0060524  14845.1  0  0  1
135  2  0.935377  0.00456847  14835.7  1.13657e-16  8.93305e-19  1
136  2  0.957128  0.00298884  14829.5  0  0  1
137  2  0.978878  0.00139612  14811.8  1.34807e-16  -5.11586e-18  1
266  0  -0.907053  0.624498  14768.4  1.98921  -0.222989  1
267  0  -0.0590153  0.991951  14765.8  1.99538  -0.108467  1
268  0  0.902004  1.00149  14669.4  1.98377  -0.146636  1
269  0  -0.300918  -0.99487  14657.9  2.0304  -0.221854  1
270  0  0.679893  -1.03994  14627  2.01732  -0.139557  1
271  0  0.171301  -0.630923  14561.1  2.07728  -0.167042  1
272  0  0.645644  -0.484777  14589.8  2.04464  -0.0804798  1
273  0  0.430117  0.660534  14645.9  2.02305  -0.091475  1
274  0  0.890195  0.507848  14595.3  2.02778  -0.16852  1
275  0  -0.00601353  0.523231  14776  1.99359  -0.0782533  1
276  0  -0.354579  0.254914  14857.4  1.95521  -0.223691  1
277  0  0.967056  -0.321285  14694.9  1.97081  -0.0753116  1
278  0  -0.114334  -0.370062  14578.5  2.06956  -0.272081  1
279  0  -1.02833  -0.429133  14724.8  1.9958  -0.221331  1
280  0  0.165044  -0.306147  14387.1  2.14807  -0.18221  1
281  0  0.45995  -0.278078  14452  2.11538  -0.0485569  1
282  0  0.699542  -0.240421  14620.8  2.02513  -0.0138009  1
283  0  0.606265  0.378694  14511.9  2.08559  -0.131073  1
284  0  0.311363  0.370544  14589.2  2.071  -0.0348639  1
285  0  1.06638  0.272678  14631.5  2.00436  -0.220068  1
286  0  0.804642  0.275238  14498.8  2.08421  -0.202546  1
287  0  -0.111689  0.233981  14969.2  1.89724  -0.110891  1
288  0  0.111002  0.277489  14771.3  1.99357  0.03144  1
289  0  -0.321289  -0.100933  14778.5  1.97034  -0.304426  1
290  0  0.875281  -0.15996  14743.2  1.98406  -0.027245  1
291  0  0.0217166  -0.193009  14364.8  2.15288  -0.320927  1
292  0  0.300848  -0.170946  14246.1  2.21278  -0.0783383  1
293  0  0.454839  0.257605  14428.6  2.14276  -0.0733593  1
294  0  0.933816  0.175272  14550.1  2.04524  -0.258583  1
295  0  0.655288  0.202044  14379  2.14384  -0.17797  1
296  0  0.321379  0.210718  14446  2.13839  0.0144297  1
297  0  0.172846  -0.137071  14122.7  2.25227  -0.18768  1
298  0  0.58231  -0.142404  14526.5  2.1225  0.0356193  1
299  0  0.457782  -0.124354  14361  2.22272  0.0234282  1
300  0  -0.125406  0.0895212  15120.2  1.79097  -0.215057  1
301  0  0.201965  0.191244  14592.1  2.07422  0.0926764  1
302  0  0.0229379  0.173185  15015.6  1.86908  0.0566936  1
303  0  0.684773  -0.100738  14649.6  2.03655  0.0622487  1
304  0  0.789388  -0.0919736  14749.7  1.95289  0.0279604  1
305  0  0.974843  -0.121389  14785.2  1.96547  -0.0511656  1
306  0  0.544327  0.187698  14336.7  2.17026  -0.125819  1
307  0  1.54649  -0.136535  14665.8  1.9302  -0.14616  1
308  0  0.745728  0.152435  14383.2  2.1593  -0.230639  1
309  0  0.0749893  -0.112892  14098.2  2.26621  -0.330467  1
310  0  -0.0193251  -0.103829  14419.1  2.11166  -0.461575  1
311  0  0.835735  0.13109  14440.2  2.15772  -0.271716  1
312  0  0.36635  -0.0878399  14204.8  2.28088  0.000518962  1
313  0  0.277747  -0.0899068  14067.7  2.35804  -0.0793657  1
314  0  -0.564761  -0.51636  14694.9  2.01416  -0.253977  1
315  0  -0.420407  0.729921  14783.9  1.99  -0.217505  1
316  0  1.01832  0.109744  14642.1  2.05379  -0.279588  1
317  0  -0.799495  0.0520607  14765  1.9844  -0.235446  1
318  0  0.877275  -0.0839804  14798.3  1.91456  -0.016119  1
319  0  -0.955616  -1.03598  14699.9  2.00039  -0.210655  1
320  0  0.106012  0.147103  14842.2  1.94153  0.167328  1
321  0  0.210347  -1.13712  14635.9  2.03146  -0.169737  1
322  0  0.407727  0.171865  14330.4  2.18582  -0.0374213  1
323  0  1.41277  0.714751  14642.7  1.98284  -0.176497  1
324  0  0.43251  1.19312  14722.1  1.94938  -0.0904647  1
325  0  1.35171  -0.899826  14635  1.98555  -0.138581  1
326  0  0.512592  -0.0745413  14421.8  2.07316  0.0701813  1
327  0  1.30729  0.0283012  14710  1.90149  -0.175881  1
328  0  -0.0253799  0.0947178  15344.4  1.67178  -0.0240517  1
329  0  -0.115598  -0.0227297  14944.1  1.83778  -0.403058  1
330  0  -0.141432  -0.204216  14626.7  2.03346  -0.33049  1
331  0  0.608142  0.141378  14297.7  2.23837  -0.168659  1
332  0  0.621251  -0.0619529  14560.7  1.86289  0.100932  1
333  0  -0.78973  1.29638  14753.6  1.98491  -0.240471  1
334  0  0.341121  0.140231  14316.1  2.23707  0.0294706  1
335  0  0.27431  0.140311  14395.1  2.18464  0.0839706  1
336  0  0.477706  0.144009  14271.9  2.25323  -0.0870017  1
337  0  0.209016  -0.0723631  13936.3  2.33061  -0.134364  1
338  0  0.149349  -0.0726742  13919.8  2.46086  -0.236477  1
339  0  0.894183  -0.703495  14633.5  2.00673  -0.113933  1
340  0  0.674521  0.123423  14308  2.26898  -0.213452  1
341  0  1.20722  -0.239142  14710.4  1.95714  -0.108298  1
342  0  0.896152  0.0901507  14471.6  2.16285  -0.313763  1
343  0  -0.247474  0.478378  14823.9  1.97839  -0.169813  1
344  0  0.32929  -0.464149  14497.3  2.10067  -0.120332  1
345  0  0.941456  -0.0622722  14816  1.77264  -0.0337551  1
346  0  -0.158239  -0.687928  14622  2.05469  -0.229053  1
347  0  -1.50692  0.203314  14745.1  1.9902  -0.201918  1
348  0  0.42687  -0.0569109  14234.4  1.74206  0.0573506  1
349  0  0.727716  -0.051526  14727.6  1.67571  0.0764462  1
350  0  0.468023  -0.753677  14592  2.04682  -0.127038  1
351  0  1.43057  0.349949  14662.1  1.98861  -0.182005  1
352  0  0.04085  0.102341  15186.8  1.76209  0.183258  1
353  0  1.14467  -0.0967185  14781  1.79211  -0.0872832  1
354  0  0.673683  0.609098  14607.3  2.03056  -0.129874  1
355  0  -0.365979  -0.372976  14682.7  2.02351  -0.282547  1
356  0  -1.37887  1.04731  14749.4  1.98966  -0.206453  1
357  0  0.224503  0.57712  14685.6  2.02188  -0.0573466  1
358  0  -0.0498969  0.0301115  15492.7  1.49895  -0.307065  1
359  0  1.38111  1.31219  14663.2  1.9715  -0.169634  1
360  0  0.181111  0.126472  14557.9  2.10272  0.183635  1
361  0  0.961566  0.0735132  14593  2.11356  -0.328481  1
362  0  0.318666  -0.0514746  14039.8  1.71291  0.00816814  1
363  0  0.453246  0.401302  14543.6  2.08161  -0.0832858  1
364  0  0.0330351  -0.332745  14470.7  2.11349  -0.24231  1
365  0  0.0306952  -0.0614447  13815.5  2.45875  -0.546819  1
366  0  0.777884  0.095261  14346  2.22429  -0.26918  1
367  0  0.555776  -0.0385378  14483.6  1.26393  0.071829  1
368  0  0.536423  0.129489  14248.2  2.30013  -0.128453  1
369  0  1.11583  0.0359193  14803.2  1.81306  -0.203665  1
370  0  0.570841  -0.267775  14530.4  2.07722  -0.0243183  1
371  0  1.07729  -1.40172  14635.1  1.99962  -0.148987  1
372  0  0.625365  0.90188  14668.1  1.99283  -0.118394  1
373  0  -0.626163  -0.216077  14740.1  1.99258  -0.260402  1
374  0  0.251085  0.89116  14711.8  1.9945  -0.0777644  1
375  0  -0.166617  -1.5018  14671.9  2.01679  -0.20304  1
376  0  -0.0189546  -0.524637  14565.5  2.08084  -0.222465  1
377  0  -0.701074  0.346265  14786.8  1.98489  -0.235356  1
378  0  0.663205  -0.0358556  14638.8  1.43711  0.0880424  1
379  0  -0.295628  0.087524  14891.4  1.91794  -0.257104  1
380  0  1.16109  -0.568814  14659.8  1.98168  -0.115606  1
381  0  0.380219  0.119645  14242.7  2.30673  0.00613394  1
382  0  0.836796  -0.0421107  14819.1  1.53723  0.00851351  1
383  0  0.596181  -1.49094  14644.9  2.00864  -0.154885  1
384  0  0.0976784  -0.0564889  13818.1  2.34219  -0.296474  1
385  0  1.18865  0.547326  14637.7  1.9939  -0.182712  1
386  0  0.718227  0.0954766  14284.1  2.22871  -0.245316  1
387  0  0.380174  -0.036343  14215.3  1.09523  0.0406501  1
388  0  0.466958  -0.0332254  14317.7  1.04318  0.0517642  1
389  0  -0.538155  0.111059  14804  1.97013  -0.256365  1
390  0  0.137631  0.105276  14666.2  2.06233  0.261523  1
391  0  0.092264  0.0946145  14905.2  1.91946  0.302782  1
392  0  0.226544  0.114189  14428.2  2.20828  0.160957  1
393  0  0.320272  -0.318646  14406.4  2.13848  -0.106055  1
394  0  0.759412  0.421178  14551.1  2.05684  -0.162966  1
395  0  0.769372  -0.0318531  14781.7  1.34796  0.0559255  1
396  0  0.000999686  1.41566  14776.8  1.95175  -0.0536243  1
397  0  0.231508  0.292446  14619.5  2.06368  0.0183142  1
398  0  0.152599  0.437567  14713.3  2.01761  -0.0305022  1
399  0  0.43302  0.113538  14213.3  2.31842  -0.0516233  1
400  0  1.00181  0.0464994  14683.7  1.87809  -0.324196  1
401  0  0.83703  1.45527  14713.4  1.95583  -0.162834  1
402  0  0.825694  0.0792899  14370.1  2.13918  -0.293379  1
403  0  0.988699  -0.046379  14805.5  1.6429  -0.0440918  1
404  0  -1.41248  -0.783563  14717.6  1.99237  -0.203287  1
405  0  0.778955  -0.391221  14632.9  2.01494  -0.0652942  1
406  0  0.383113  -0.170894  14312.6  2.18274  -0.0323528  1
407  0  -1.38725  -1.36639  14709.7  1.99394  -0.198147  1
408  0  0.251524  -0.047792  13981.9  1.636  -0.0452046  1
409  0  -0.000570266  0.296688  14877.3  1.94472  -0.0319751  1
410  0  -0.403962  1.09443  14771.7  2.00743  -0.212814  1
411  0  0.934872  0.306851  14569.1  2.04198  -0.20778  1
412  0  -0.475943  0.469167  14807.1  1.98221  -0.227251  1
413  0  -1.0605  0.303109  14759.8  1.98775  -0.218155  1
414  0  0.582175  0.278689  14432.1  2.1315  -0.133211  1
415  0  -0.604806  -1.31265  14684.5  2.01346  -0.207611  1
416  0  0.874834  0.750379  14635.4  2.00278  -0.148642  1
417  0  0.512298  -0.398301  14529.2  2.07707  -0.0713497  1
418  0  -1.5057  -0.2649  14732.8  1.99175  -0.202727  1
419  0  0.0558962  -0.87998  14612.8  2.05245  -0.186655  1
420  0  -0.171818  0.681671  14778.5  1.98947  -0.145575  1
421  0  0.106303  -0.189098  14248.7  2.2085  -0.252415  1
422  0  0.899939  -0.0382275  14823.9  1.48333  -0.0234142  1
423  0  0.0252541  0.72518  14749.2  1.99389  -0.0847033  1
424  0  0.153077  -0.435076  14487.1  2.11062  -0.175048  1
425  0  0.703677  0.318344  14483.6  2.0963  -0.166699  1
426  0  0.502476  -0.194406  14449.7  2.12096  -0.00272795  1
427  0  0.741889  -0.162267  14680.7  2.02525  0.0130387  1
428  0  0.228255  -0.138871  14132.4  2.24263  -0.13294  1
429  0  -0.240819  -0.508406  14631.9  2.05052  -0.261738  1
430  0  1.12335  0.180673  14672.7  1.98575  -0.222362  1
431  0  0.580995  0.103954  14235.7  2.28537  -0.164556  1
432  0  0.629767  0.0997157  14237.5  2.27004  -0.194161  1
433  0  0.220307  -0.224656  14283.1  2.19985  -0.14947  1
434  0  0.598251  -0.027236  14527.4  1.03199  0.066109  1
435  0  -0.70554  0.890702  14770.5  1.99167  -0.232226  1
436  0  -0.00121723  -0.0431952  14011.5  2.31618  -0.785764  1
437  0  -0.0555496  -0.0186904  15019.9  1.80235  -0.555758  1
438  0  -0.427682  1.57141  14773.6  1.94741  -0.223601  1
439  0  0.511664  -0.0294506  14388  0.991802  0.0718783  1
440  0  -1.14535  -0.054226  14744.5  1.98973  -0.217913  1
441  0  1.05501  0.440868  14618.6  2.00898  -0.189983  1
442  0  -0.231661  0.164999  14942.8  1.90303  -0.210442  1
443  0  -0.0796726  -0.169364  14568.4  2.05573  -0.362706  1
444  0  -0.651725  -0.859112  14688.4  2.01048  -0.22588  1
445  0  -0.415487  -0.674036  14666.1  2.02923  -0.249552  1
446  0  0.808464  -0.252233  14677  1.98922  -0.0369754  1
447  0  0.322206  0.112822  14270.7  2.29545  0.0598962  1
448  0  -1.35881  0.621499  14751.7  1.99064  -0.206695  1
449  0  0.491955  0.10977  14218.1  2.30106  -0.0988683  1
450  0  0.710278  -0.704288  14614.8  2.02459  -0.110921  1
451  0  1.07564  -1.06396  14635.3  1.99768  -0.139209  1
452  0  -0.00210975  0.058183  15605.3  1.50009  0.0637048  1
453  0  -0.105892  0.386399  14851.9  1.9624  -0.106563  1
454  0  1.66741  -0.521102  14638.1  1.96606  -0.141306  1
455  0  0.677589  -0.372361  14597.4  2.03703  -0.0569356  1
456  0  0.805489  0.195179  14450.6  2.09755  -0.231071  1
457  0  0.737308  0.228866  14434.6  2.11534  -0.199373  1
458  0  0.348071  0.527186  14633.9  2.04116  -0.0687697  1
459  0  0.656326  -0.180559  14596.9  2.04752  0.012702  1
460  0  0.189802  -0.0437859  13837.1  1.66043  -0.11347  1
461  0  -0.0719974  0.175711  15065.7  1.84266  -0.0851287  1
462  0  0.368785  0.299135  14507.2  2.10902  -0.0375647  1
463  0  1.06849  -0.0380292  14809.6  1.57011  -0.0736445  1
464  0  0.557337  0.519085  14577.4  2.05539  -0.115757  1
465  0  1.231  0.888069  14651.4  1.98367  -0.16886  1
466  0  0.465084  -0.60768  14567.9  2.06145  -0.11431  1
467  0  0.960675  -0.228953  14726.9  1.95668  -0.0616753  1
468  0  1.09813  -0.196936  14744.5  1.95521  -0.0969923  1
469  0  -1.23202  1.52451  14738.3  1.9799  -0.202557  1
470  0  -0.0364977  -0.273486  14499.3  2.09564  -0.288395  1
471  0  0.914441  0.060934  14481.5  2.02438  -0.320803  1
472  0  0.869306  0.0679851  14421  2.06939  -0.308917  1
473  0  -0.225004  0.0381382  14925.4  1.89079  -0.282555  1
474  0  -0.219858  -0.082853  14799.3  1.95254  -0.331507  1
475  0  -0.245183  0.30106  14879.6  1.94672  -0.181218  1
476  0  0.709409  -0.0248886  14699.3  1.16502  0.0515545  1
477  0  1.59881  -1.27807  14624.7  1.98867  -0.14715  1
478  0  0.567152  -0.100199  14498  2.14429  0.0573533  1
479  0  0.172485  -1.52707  14661.7  2.01288  -0.181711  1
480  0  -1.08191  -1.56953  14704.4  1.99721  -0.198661  1
481  0  0.831833  -0.574949  14632  2.0138  -0.0977311  1
482  0  0.611331  0.199652  14361.1  2.15379  -0.158615  1
483  0  0.919434  -0.118879  14780.1  1.97204  -0.0340175  1
484  0  0.510543  -0.13718  14437.6  2.16378  0.0262849  1
485  0  -0.843869  -0.628874  14707.1  2.00283  -0.227359  1
486  0  0.259183  -0.807768  14597.5  2.0553  -0.157632  1
487  0  0.426907  -1.04595  14625.4  2.02913  -0.149446  1
488  0  0.63017  -0.118336  14576.8  2.11391  0.0536959  1
489  0  0.424914  -0.0285795  14224  0.914096  0.0390244  1
490  0  0.2604  0.197342  14500.6  2.11341  0.0573861  1
491  0  0.426415  -0.379526  14486.2  2.09882  -0.0834488  1
492  0  -0.0934924  -0.101538  14656.3  2.00305  -0.413309  1
493  0  0.896085  0.253282  14540.3  2.0577  -0.22316  1
494  0  0.67109  0.0929867  14269.3  2.23172  -0.217489  1
495  0  -1.1038  0.951073  14756  1.99012  -0.215259  1
496  0  0.055282  -0.0463862  13554.5  2.39913  -0.404984  1
497  0  0.0713695  -0.26899  14397.1  2.14173  -0.243297  1
498  0  0.41263  1.652  14775.5  1.93557  -0.100625  1
499  0  0.736928  -0.109993  14690.7  2.02595  0.0391923  1
500  0  0.142757  -0.0439263  13822.2  1.87543  -0.180008  1
501  0  -0.267959  -0.320817  14663.5  2.02946  -0.293291  1
502  0  0.0742523  0.352317  14788.8  1.98665  -0.0192405  1
503  0  0.273808  0.108904  14326.4  2.27415  0.117019  1
504  0  0.48225  0.215114  14373.7  2.16227  -0.0864982  1
505  0  0.347649  -0.255836  14368.1  2.15659  -0.0781347  1
506  0  0.675017  1.20643  14706.6  1.95539  -0.129288  1
507  0  0.346926  -0.0370275  14095.2  1.17675  0.032258  1
508  0  0.757532  0.076017  14335.9  2.09826  -0.26265  1
509  0  0.288971  -0.0371421  13963.3  1.17392  -0.00939977  1
510  0  0.0110972  -0.672133  14590  2.06752  -0.202481  1
511  0  -0.136192  -1.09958  14650  2.03312  -0.206395  1
512  0  0.0750136  0.212885  14864.3  1.95213  0.0623828  1
513  0  0.49802  0.349992  14497.8  2.10252  -0.096657  1
514  0  0.313963  -0.126691  14173.9  2.29452  -0.0584821  1
515  0  0.219158  -0.0425824  13870  1.61893  -0.0694277  1
516  0  0.022606  -0.121031  14234.5  2.19466  -0.401  1
517  0  -0.675879  0.541079  14784.4  1.98666  -0.232644  1
518  0  0.155719  1.15237  14741.4  1.97388  -0.0680459  1
519  0  0.258687  -0.399945  14457  2.11981  -0.13713  1
520  0  0.633167  -0.0227083  14585.2  0.988615  0.0622105  1
521  0  0.351699  0.113432  14263.8  2.31088  0.0290532  1
522  0  0.85289  0.369134  14553.3  2.05031  -0.18658  1
523  0  1.08736  1.26552  14682.4  1.96929  -0.161395  1
524  0  0.689341  0.171038  14361.3  2.15796  -0.201697  1
525  0  0.308163  -0.62138  14553.5  2.07433  -0.138336  1
526  0  0.461153  0.115902  14231.3  2.31588  -0.0766068  1
527  0  0.943706  -0.0318078  14831.4  1.45463  -0.0430723  1
528  0  1.25265  0.31817  14658.9  1.98818  -0.196633  1
529  0  1.0152  0.669511  14633  2.00016  -0.16568  1
530  0  -0.267221  0.869944  14776.4  1.99462  -0.174282  1
531  0  1.0347  0.199755  14625.2  2.0032  -0.239794  1
532  0  0.987235  -0.550652  14650.5  1.99679  -0.104037  1
533  0  0.816501  -0.0151898  14834.9  1.03189  0.0121894  1
534  0  0.857761  -0.0205634  14840.8  1.11578  -0.010497  1
535  0  1.48193  0.0891722  14673.1  1.95238  -0.17628  1
536  0  0.142258  0.202936  14724.3  2.01809  0.0962104  1
537  0  0.121981  -0.123491  14066.7  2.25928  -0.25193  1
538  0  -0.571638  0.261641  14805  1.97776  -0.242974  1
539  0  0.379494  0.231278  14437  2.14346  -0.0253572  1
540  0  0.0480041  0.0735782  15275.3  1.71759  0.305506  1
541  0  1.05655  0.0223668  14774.7  1.51937  -0.228903  1
542  0  -0.777381  -0.381967  14721.9  1.99999  -0.241808  1
543  0  0.185096  0.0926722  14434.4  2.06887  0.231564  1
544  0  0.656481  0.158961  14332  2.18399  -0.187767  1
545  0  0.953205  0.0404991  14559.2  1.65182  -0.28878  1
546  0  1.70375  1.06663  14634.2  1.97611  -0.178697  1
547  0  0.406164  -0.106732  14267.3  2.29082  0.0097699  1
548  0  0.472327  -0.0828971  14354.1  2.14739  0.056394  1
549  0  0.883284  0.139682  14492.7  2.11016  -0.27516  1
550  0  0.739155  -0.0246586  14755.5  1.22892  0.0591063  1
551  0  -0.232549  1.25789  14773.4  1.99888  -0.149067  1
552  0  0.749014  0.114872  14350.7  2.24376  -0.251851  1
553  0  0.807068  -0.15738  14714  2.0037  -0.00627953  1
554  0  0.815259  -1.27254  14636.1  2.00756  -0.146835  1
555  0  -1.63483  1.41954  14740.9  1.98933  -0.191896  1
556  0  0.443224  -0.178783  14383.1  2.15259  -0.0127769  1
557  0  -0.407886  0.00952219  14815.7  1.9569  -0.277844  1
558  0  -0.0171623  -0.15363  14417.3  2.11988  -0.374884  1
559  0  0.790483  0.143177  14404.5  2.15975  -0.251237  1
560  0  0.118591  0.0816883  14696.2  1.93178  0.322841  1
561  0  0.538662  0.0960704  14177.4  2.09554  -0.118304  1
562  0  0.664785  0.480068  14564.8  2.05621  -0.138025  1
563  0  -0.33133  0.396927  14836.4  1.97071  -0.201807  1
564  0  0.40677  0.101392  14164.3  2.13657  -0.0165932  1
565  0  -0.479417  -0.193798  14742.2  1.99183  -0.282213  1
566  0  1.25353  1.66148  14688  1.99381  -0.170972  1
567  0  0.801176  0.0683958  14315  1.89703  -0.255933  1
568  0  -0.289317  -0.211046  14712.3  2.00224  -0.306793  1
569  0  0.532545  0.235096  14386.5  2.15403  -0.114913  1
570  0  0.180862  0.25063  14673.1  2.04167  0.0511025  1
571  0  0.178721  -0.092957  14013.8  2.43315  -0.197805  1
572  0  0.434591  0.853775  14679.7  1.99796  -0.0956135  1
573  0  0.934268  0.126267  14544.3  2.09249  -0.289204  1
574  0  0.29071  -0.235654  14317.1  2.18278  -0.103833  1
575  0  0.29988  0.173992  14413.5  2.14488  0.0484481  1
576  0  0.23941  0.154873  14474.4  2.12906  0.103318  1
577  0  0.798928  -0.0486061  14784.8  1.61431  0.0365175  1
578  0  0.315708  -0.0244986  14030.3  0.54624  -0.0460628  1
579  0  0.604256  0.0883989  14204.4  2.00445  -0.155982  1
580  0  1.67589  0.546379  14637.2  1.98209  -0.177727  1
581  0  -1.10876  -0.671061  14714.5  1.99663  -0.214704  1
582  0  0.692582  -0.0548221  14669.3  1.75132  0.0789299  1
583  0  0.884823  -0.253124  14701.6  1.97208  -0.0509115  1
584  0  -0.309186  -1.25128  14668.5  2.02316  -0.210853  1
585  0  -0.112906  -0.931722  14636.8  2.04249  -0.209781  1
586  0  0.158724  -0.202558  14243.1  2.2151  -0.197309  1
587  0  -0.408769  0.137818  14845.4  1.9502  -0.25292  1
588  0  0.489442  -0.0148887  14350.1  0.535386  -0.00222939  1
589  0  0.532463  -0.0159486  14456.4  0.622643  0.0285115  1
590  0  1.02145  -0.0855529  14781.5  1.86201  -0.054489  1
591  0  0.576427  -0.0129533  14505.5  0.581806  0.0219936  1
592  0  0.298252  0.29465  14562.1  2.08751  -0.00828094  1
593  0  0.0730557  0.123942  14979.7  1.87053  0.19324  1
594  0  0.322805  0.747197  14685.2  2.00667  -0.0808241  1
595  0  0.585342  0.747461  14645.1  2.01111  -0.113828  1
596  0  0.164235  0.329681  14704.8  2.02386  0.00551022  1
597  0  -0.0318665  -0.418317  14543  2.08803  -0.243839  1
598  0  -0.563957  -1.5996  14689.4  2.00745  -0.199977  1
599  0  0.255691  0.462512  14655.9  2.03882  -0.0428532  1
600  0  1.28039  0.1884  14684.6  1.99106  -0.192223  1
601  0  0.572565  -1.23717  14635.6  2.01644  -0.150424  1
602  0  0.834483  -0.111124  14756.9  1.9828  0.00081536  1
603  0  -0.924385  -0.158969  14742.9  1.99064  -0.229278  1
604  0  0.780376  0.533416  14587.3  2.03653  -0.152537  1
605  0  0.59425  -0.198043  14541  2.07252  0.00673249  1
606  0  0.058249  -0.157502  14252.5  2.19833  -0.316316  1
607  0  0.714034  0.134404  14342.9  2.22477  -0.226171  1
608  0  0.575059  0.134035  14270  2.28324  -0.154687  1
609  0  1.38529  -1.74115  14630.9  1.99367  -0.154552  1
610  0  0.649507  0.282073  14447.6  2.11957  -0.156673  1
611  0  0.515134  0.157768  14291.8  2.21053  -0.110862  1
612  0  0.438696  0.320311  14489.8  2.11264  -0.0718189  1
613  0  0.366622  0.189431  14380.1  2.16235  -0.0123997  1
614  0  -1.65126  0.455553  14746.5  1.99112  -0.194931  1
615  0  -1.55645  0.810858  14748.3  1.99037  -0.197025  1
616  0  0.0699217  -0.0731991  13883.9  2.47195  -0.391645  1
617  0  0.144224  0.144115  14708.2  2.01124  0.17224  1
618  0  1.59187  1.63676  14654.4  2.00097  -0.179845  1
619  0  -0.119765  -0.467734  14590.6  2.0693  -0.252738  1
620  0  0.655293  -0.0755394  14612.4  1.96446  0.0830636  1
621  0  0.888204  0.0506037  14435  1.71993  -0.272629  1
622  0  0.843791  0.0562266  14393.5  1.75527  -0.255382  1
623  0  -0.127965  0.49096  14814.5  1.98127  -0.12202  1
624  0  -0.0364347  0.227857  14971.3  1.89658  -0.0484584  1
625  0  1.42112  -0.421616  14660.8  1.96076  -0.128458  1
626  0  0.0310545  0.0516241  15515.7  1.43284  0.299341  1
627  0  -0.0133118  0.0271056  15794.5  0.996682  -0.252814  1
628  0  -0.109891  -0.287166  14576.5  2.0644  -0.297799  1
629  0  0.0291793  -0.0309558  13238.2  2.14907  -0.511789  1
630  0  -0.389753  -0.502519  14669.8  2.03052  -0.266833  1
631  0  -0.0415848  -0.0634536  14566.9  2.03382  -0.562657  1
632  0  -0.509583  -0.349052  14709.5  2.00873  -0.270832  1
633  0  0.687464  -0.00797842  14691.6  0.633528  0.0458325  1
634  0  1.01824  -0.0391678  14788.8  1.5292  -0.0313509  1
635  0  -0.688824  0.177983  14785.7  1.9808  -0.241369  1
636  0  -1.32951  -1.07661  14710.8  1.99391  -0.203238  1
637  0  -1.5891  -1.09348  14714.5  1.99185  -0.195127  1
638  0  0.272229  -0.134496  14148.2  2.26856  -0.0990375  1
639  0  0.750618  -0.3043  14638.1  2.01293  -0.0402308  1
640  0  -0.911724  1.68917  14733.1  1.96545  -0.216009  1
641  0  0.0753086  0.0665466  15020.5  1.74917  0.374749  1
642  0  0.754832  -0.0653378  14743.9  1.82657  0.0539618  1
643  0  1.6918  -0.990378  14625  1.98271  -0.144462  1
644  0  0.648293  0.081226  14239.7  1.92019  -0.17619  1
645  0  0.691515  0.0771842  14263.3  1.90297  -0.202433  1
646  0  0.445889  -0.0139976  14268  0.41934  0.0460358  1
647  0  0.402445  -0.0159533  14188  0.405289  -0.0207837  1
648  0  1.25399  1.08766  14661.1  1.97678  -0.165714  1
649  0  0.252057  0.0939154  14307.6  2.09167  0.143954  1
650  0  0.11952  -0.0320113  13795.9  1.38569  -0.170792  1
651  0  0.296654  0.0953592  14253.4  2.09507  0.0919912  1
652  0  0.451759  0.179013  14329.8  2.18321  -0.0679621  1
653  0  0.162864  -0.028761  13805.1  0.955785  -0.112781  1
654  0  0.0716986  -0.0289608  13583.8  1.55412  -0.192293  1
655  0  0.25307  -0.179426  14222  2.21933  -0.118125  1
656  0  -0.0994  0.0331138  15188.4  1.73828  -0.329794  1
657  0  1.09872  -0.306048  14704.9  1.95629  -0.0928172  1
658  0  0.118265  0.544885  14728.9  2.00799  -0.0552817  1
659  0  0.585641  -0.0581507  14503.8  1.77245  0.0821733  1
660  0  0.735633  0.0703139  14273.3  1.82003  -0.211215  1
661  0  0.119743  -0.369378  14452.5  2.12316  -0.19721  1
662  0  -0.14334  0.158579  15028.3  1.85722  -0.164455  1
663  0  0.163835  0.0831616  14554.1  1.9867  0.266602  1
664  0  0.241252  -0.0807094  14006.5  2.37349  -0.109111  1
665  0  0.966365  -0.0207745  14816.1  1.21423  -0.0460796  1
666  0  0.207944  0.0883493  14381.3  2.04323  0.196693  1
667  0  0.852193  0.0957482  14431.4  2.20006  -0.301642  1
668  0  -1.09724  1.22997  14748.9  1.98542  -0.215703  1
669  0  0.60365  -0.612211  14589.7  2.04423  -0.101826  1
670  0  0.837419  -1.59757  14643.3  2.00372  -0.154021  1
671  0  0.923192  -0.0170361  14836.7  1.12723  -0.0439951  1
672  0  -0.519972  -1.07041  14676.9  2.01715  -0.219743  1
673  0  0.00556938  0.12784  15189.4  1.76347  0.057033  1
674  0  0.92925  0.038574  14517.5  1.55448  -0.268883  1
675  0  0.520633  -0.318872  14508.7  2.08663  -0.0482049  1
676  0  0.514829  0.0908952  14206.9  1.99632  -0.09747  1
677  0  0.562272  0.0881314  14173.8  1.96348  -0.131761  1
678  0  0.732132  0.743395  14637.6  2.00712  -0.132059  1
679  0  0.973005  0.0289245  14612.8  1.44885  -0.266396  1
680  0  0.790669  -0.013185  14806.2  0.957805  0.0253922  1
681  0  0.250173  -0.0238791  13985.2  0.452399  -0.0404403  1
682  0  0.458147  0.512894  14594.2  2.05416  -0.0922558  1
683  0  0.837172  -0.0115312  14843.1  0.952285  0.000275564  1
684  0  0.882043  -0.0171379  14841.8  1.10196  -0.0250536  1
685  0  1.04435  0.0668242  14715  2.00492  -0.30347  1
686  0  0.241777  -0.519276  14518.1  2.096  -0.148276  1
687  0  -0.350679  0.559513  14804.6  1.9847  -0.203371  1
688  0  0.0979036  0.07004  14836.2  1.81876  0.370673  1
689  0  0.384417  0.0947817  14203.7  2.01187  -0.0023203  1
690  0  0.230583  -0.298974  14375.5  2.15385  -0.144045  1
691  0  0.428808  0.092293  14141.8  1.96241  -0.0357382  1
692  0  -0.309707  0.17472  14886.7  1.93232  -0.231421  1
693  0  0.888225  0.605633  14614.5  2.01531  -0.158458  1
694  0  0.796425  -0.866069  14625.1  2.01375  -0.126236  1
695  0  0.778833  0.339193  14517.7  2.07355  -0.180732  1
696  0  0.994637  0.0220467  14650.7  1.27359  -0.258951  1
697  0  -1.66841  0.00350017  14739  1.99086  -0.195145  1
698  0  0.394088  -0.311187  14434.8  2.12442  -0.0758566  1
699  0  0.776567  0.063433  14339.1  1.74706  -0.240181  1
700  0  0.344585  -1.33648  14645.7  2.0178  -0.163986  1
701  0  -0.0682886  0.0726034  15322.2  1.67181  -0.176814  1
702  0  0.421477  0.214814  14386.5  2.16017  -0.0509121  1
703  0  0.0250806  -1.27009  14652.9  2.0254  -0.189808  1
704  0  0.1119  -0.0850898  13961  2.43417  -0.292708  1
705  0  0.554455  -0.00801184  14476  0.425104  0.028107  1
706  0  0.0929468  -0.0317892  13727.9  1.48176  -0.175287  1
707  0  0.142093  0.0775299  14584  1.91918  0.298367  1
708  0  -0.461179  0.331503  14822.3  1.97444  -0.232854  1
709  0  0.660697  -0.010937  14644.7  0.661814  0.0495672  1
710  0  0.230124  0.0880584  14365  1.98808  0.167014  1
711  0  0.713246  0.0693595  14242.5  1.72116  -0.19716  1
712  0  0.38058  -0.0144271  14206.3  0.252224  -0.0141235  1
713  0  0.942743  -0.168637  14753  1.96752  -0.0501182  1
714  0  0.467519  -0.0104972  14320.9  0.294132  0.0384169  1
715  0  0.434892  -0.470501  14522.9  2.0851  -0.0991192  1
716  0  -0.50646  0.904208  14775.5  1.99704  -0.229099  1
717  0  -1.37201  -1.69972  14709.6  1.99332  -0.195604  1
718  0  -1.69995  -0.547051  14726  1.99129  -0.194275  1
719  0  0.235185  0.367639  14645.1  2.04868  -0.0145054  1
720  0  0.28865  1.4249  14755.4  1.92256  -0.060507  1
721  0  0.821458  0.0557253  14337.7  1.64497  -0.232768  1
722  0  1.15851  -0.777545  14643  1.98834  -0.129529  1
723  0  0.82195  -0.0719582  14782.2  1.86058  0.0195272  1
724  0  0.996089  -0.0187524  14777.2  1.15947  -0.0462662  1
725  0  0.20664  -0.176516  14199.5  2.23384  -0.158121  1
726  0  0.164893  -0.0523029  13828.1  2.06965  -0.176552  1
727  0  -0.546539  -0.0651328  14773.3  1.9781  -0.268793  1
728  0  -1.12475  0.504281  14760  1.98967  -0.215896  1
729  0  0.324878  -0.0879628  14109.2  2.30843  -0.0218282  1
730  0  0.964171  0.240822  14583  2.03024  -0.232622  1
731  0  1.67314  0.291081  14640.9  1.99151  -0.178991  1
732  0  -0.196399  0.0980865  14990.2  1.86342  -0.235991  1
733  0  0.533319  -0.10273  14462.6  2.1925  0.0526515  1
734  0  -0.0218045  -0.0227364  14346.9  1.96936  -0.986404  1
735  0  0.345602  -0.06581  14140.2  2.04154  0.0164824  1
736  0  0.681528  0.393221  14522.4  2.07576  -0.149905  1
737  0  0.555966  1.42922  14733.1  1.92894  -0.125863  1
738  0  0.771594  -0.00668232  14790.5  0.742828  0.0425596  1
739  0  0.40354  -0.226085  14383.1  2.15031  -0.047641  1
740  0  0.804129  0.885128  14657.9  1.99231  -0.138048  1
741  0  -1.32497  -0.492622  14725  1.99327  -0.209787  1
742  0  1.26869  -0.117608  14709  1.83644  -0.114149  1
743  0  0.397357  -0.0704602  14236.9  2.03845  0.0312139  1
744  0  0.985166  0.159252  14599.9  2.0269  -0.263234  1
745  0  0.939985  0.421829  14590  2.02854  -0.186517  1
746  0  -0.274564  -0.0133018  14851.6  1.93195  -0.296748  1
747  0  0.545152  -0.501662  14562.2  2.06216  -0.0896148  1
748  0  0.891659  -0.437146  14656.4  1.99893  -0.0826193  1
749  0  0.698619  -0.146002  14637.6  2.05785  0.0274993  1
750  0  0.901567  -0.0120564  14840.5  0.985952  -0.0362257  1
751  0  1.3533  -1.17542  14631  1.99161  -0.144797  1
752  0  -0.254481  -0.794143  14644.8  2.04124  -0.232555  1
753  0  -1.07522  -1.22684  14702.6  1.99848  -0.205183  1
754  0  0.363247  -0.125625  14241.2  2.27273  -0.0196218  1
755  0  0.930856  0.0874176  14541.3  2.15103  -0.322896  1
756  0  0.846929  -0.326551  14667.8  1.99168  -0.0584517  1
757  0  -0.200839  -0.402551  14623.5  2.05198  -0.276265  1
758  0  0.601076  -0.332894  14557.3  2.06017  -0.0455989  1
759  0  0.385199  0.379938  14553  2.08293  -0.0590145  1
760  0  0.839527  0.171201  14467.3  2.08939  -0.249513  1
761  0  1.73771  0.0374834  14633.5  1.9593  -0.173352  1
762  0  1.74443  -0.242621  14642  1.95114  -0.151647  1
763  0  0.634541  -0.252883  14574.8  2.05187  -0.0157334  1
764  0  -0.882465  0.43059  14771.4  1.98837  -0.225132  1
765  0  0.533275  0.416609  14538.1  2.07853  -0.108694  1
766  0  -0.145447  1.70237  14825.8  1.93088  -0.0855129  1
767  0  -0.0165466  0.375578  14836  1.96772  -0.0614446  1
768  0  0.635413  0.129624  14294.2  2.27403  -0.192019  1
769  0  1.13945  0.375198  14638.3  1.99956  -0.198632  1
770  0  -1.67713  -1.66529  14712  1.99191  -0.190764  1
771  0  0.60368  -0.848143  14612.6  2.03028  -0.128897  1
772  0  0.973167  -0.07886  14802.5  1.86753  -0.0448893  1
773  0  -0.0676369  0.614598  14777.5  1.99038  -0.106331  1
774  0  0.0566709  -0.432369  14511.1  2.10194  -0.211644  1
775  0  0.0108894  0.0369487  15851.3  1.07074  0.110254  1
776  0  0.0163314  0.084714  15367.7  1.65953  0.149592  1
777  0  0.717365  -0.0779084  14692.2  1.93595  0.067998  1
778  0  0.293559  0.1207  14319.5  2.27582  0.0876087  1
779  0  -0.0794769  0.802039  14766  1.98954  -0.114144  1
780  0  0.271785  -0.019722  13933.1  0.419024  -0.0531638  1
781  0  0.625846  0.0790466  14201.3  1.80421  -0.154077  1
782  0  0.358806  -0.0149014  14120.9  0.307243  0.0927612  1
783  0  0.581691  0.0828817  14229.8  1.82755  -0.134249  1
784  0  0.864253  0.296576  14530.5  2.06482  -0.205211  1
785  0  0.440932  0.146217  14284.8  2.25147  -0.0596113  1
786  0  1.37925  -0.630875  14650.3  1.97347  -0.130501  1
787  0  0.274711  0.246912  14534.5  2.10302  0.0228466  1
788  0  1.73534  1.36311  14638.2  1.97148  -0.179652  1
789  0  0.513701  -0.253075  14481.2  2.10243  -0.0276942  1
790  0  -0.0754498  0.307904  14899.7  1.93496  -0.0830167  1
791  0  1.02367  0.0204951  14749.3  1.41784  -0.269057  1
792  0  0.545635  -0.0708725  14469.1  1.98502  0.0739708  1
793  0  0.751498  0.281434  14476  2.09849  -0.189271  1
794  0  0.510959  -0.00818252  14367.6  0.324159  0.0712234  1
795  0  0.597877  -0.00547218  14546.4  0.372906  0.0446699  1
796  0  -0.448024  -0.849266  14669.5  2.02477  -0.234153  1
797  0  0.371512  0.153177  14313.9  2.21138  -0.00109075  1
798  0  0.0224287  0.225557  14939.8  1.9119  0.00959471  1
799  0  0.910896  -0.0694883  14811.8  1.82424  -0.0229371  1
800  0  0.16275  1.74871  14807  1.93699  -0.0364175  1
801  0  0.87106  -0.0479958  14831.2  1.635  -0.00895989  1
802  0  -0.0452614  -0.341197  14530.4  2.08851  -0.267699  1
803  0  0.407581  0.136312  14258.1  2.27816  -0.027198  1
804  0  0.65193  0.105355  14272.4  2.30091  -0.209223  1
805  0  0.339336  0.0931564  14224.1  2.02814  0.0416239  1
806  0  0.688864  0.25255  14434.6  2.12257  -0.176989  1
807  0  1.08783  0.111033  14718.7  2.01872  -0.259036  1
808  0  0.491367  -0.0492259  14365.9  1.55229  0.0648663  1
809  0  -0.113374  -0.583959  14606.1  2.06226  -0.236415  1
810  0  0.291878  -0.0634199  14000.4  2.05665  -0.0156121  1
811  0  0.124241  -0.0580381  13876.6  2.32786  -0.259236  1
812  0  0.121518  -0.24873  14334.3  2.17035  -0.217946  1
813  0  0.618223  -0.00562032  14564.1  0.444701  0.0284703  1
814  0  -1.49286  1.72776  14733.3  1.98876  -0.192509  1
815  0  1.24199  -0.406538  14675.8  1.96533  -0.113495  1
816  0  -0.607604  -0.676167  14688.3  2.01472  -0.240637  1
817  0  -0.873497  1.04414  14759.8  1.99204  -0.2257  1
818  0  0.7627  0.192984  14424.5  2.11303  -0.221353  1
819  0  0.141512  -0.74505  14587.6  2.06375  -0.173505  1
820  0  1.37425  -0.242336  14690.4  1.95123  -0.121387  1
821  0  0.233316  -0.963464  14618.3  2.04217  -0.163713  1
822  0  0.077515  0.877879  14741.2  1.99279  -0.0825631  1
823  0  -0.0376957  0.136838  15172.2  1.77466  -0.0386661  1
824  0  0.415273  -0.142891  14320.9  2.20843  -0.00517759  1
825  0  0.436168  -0.0836574  14277.9  2.20074  0.0416121  1
826  0  0.0703269  0.164325  14927.4  1.90753  0.11819  1
827  0  0.337878  -0.0147361  14037.6  0.189084  0.0126065  1
828  0  1.3845  0.530469  14647  1.9837  -0.182134  1
829  0  -0.597897  0.734497  14779.5  1.9888  -0.233649  1
830  0  -0.995018  0.082088  14755.2  1.9874  -0.22209  1
831  0  0.773579  -0.13001  14722.4  2.0267  0.016827  1
832  0  -1.23943  0.149294  14749.3  1.98866  -0.213757  1
833  0  0.227414  0.233376  14584.7  2.0817  0.0512468  1
834  0  0.544245  -0.170208  14494.1  2.10501  0.0160949  1
835  0  0.2923  -0.0163223  13958.7  0.207067  0.0228812  1
836  0  0.205399  -0.0232421  13796.7  0.546694  -0.026723  1
837  0  0.552695  0.621688  14615.4  2.03298  -0.109655  1
838  0  0.662774  1.74358  14767.4  1.96817  -0.169989  1
839  0  -0.215136  0.57828  14801.6  1.98652  -0.156465  1
840  0  0.319188  0.0898747  14195.4  1.95293  0.0605703  1
841  0  1.18385  0.0888111  14772.5  1.97746  -0.210176  1
842  0  0.0928414  -0.540982  14542.9  2.08963  -0.188118  1
843  0  0.00477622  -0.022083  13004.7  2.111  -0.937086  1
844  0  0.307205  0.638357  14672.9  2.01998  -0.073109  1
845  0  -0.0280121  -0.206787  14463.9  2.10537  -0.326195  1
846  0  0.638885  -0.00269402  14605.9  0.378288  0.024459  1
847  0  0.493113  0.0866264  14198.1  1.84711  -0.0833062  1
848  0  0.974151  0.108949  14596.1  2.09366  -0.301386  1
849  0  -0.152639  0.308069  14898.1  1.93693  -0.13371  1
850  0  0.478506  -0.158681  14402.2  2.1469  0.00961045  1
851  0  0.965496  1.72889  14722.4  1.98839  -0.181568  1
852  0  0.0195264  -0.249476  14427.3  2.12545  -0.279418  1
853  0  0.693877  0.104695  14293  2.28629  -0.230473  1
854  0  0.473247  0.0912294  14175.8  1.97306  -0.0743583  1
855  0  -1.37674  -0.0371737  14741.2  1.99051  -0.209152  1
856  0  0.444228  -0.0386608  14275.2  1.2434  0.054772  1
857  0  0.406352  -0.0416494  14214.4  1.34499  0.049396  1
858  0  0.36104  1.02812  14707.4  1.98125  -0.0841357  1
859  0  -0.0540097  -0.123117  14540.7  2.05435  -0.419093  1
860  0  0.097206  -0.146506  14155.9  2.23929  -0.280551  1
861  0  -1.10641  0.715698  14758.6  1.98991  -0.215784  1
862  0  -0.48671  1.32927  14763.2  1.99324  -0.236427  1
863  0  0.89065  1.17435  14687.5  1.96986  -0.149159  1
864  0  0.363142  0.0941607  14204  2.04904  0.015608  1
865  0  0.169393  0.700336  14714.1  2.00378  -0.0698526  1
866  0  0.0185828  -1.69876  14680.3  2.0069  -0.195391  1
867  0  0.498688  -0.101991  14399.9  2.22503  0.0468052  1
868  0  0.00194043  -0.0769548  14204.6  2.21868  -0.536079  1
869  0  0.72697  -0.00504502  14732.6  0.623917  0.0202228  1
870  0  -0.270207  -0.629786  14641.5  2.04408  -0.249337  1
871  0  0.624046  0.241702  14405  2.1404  -0.156778  1
872  0  0.342815  -1.70089  14665.3  2.0057  -0.16973  1
873  0  0.230108  -0.0241842  13888.1  0.572571  0.050528  1
874  0  0.253226  0.122439  14384.1  2.22403  0.126279  1
875  0  0.879816  -0.118791  14771.7  1.9861  -0.017992  1
876  0  0.209546  -0.105839  14057.6  2.36997  -0.151991  1
877  0  0.449269  0.0932656  14192.3  2.00144  -0.0547198  1
878  0  0.205755  0.142356  14529.5  2.10699  0.142689  1
879  0  -0.187758  0.237079  14937.4  1.91326  -0.166538  1
880  0  1.01673  -0.163687  14768  1.96166  -0.0685327  1
881  0  1.68635  -1.60098  14621.7  1.99049  -0.149867  1
882  0  -0.854563  0.232016  14771.3  1.98558  -0.228317  1
883  0  0.977065  0.0541929  14617.7  1.97881  -0.332164  1
884  0  0.530081  -0.0489877  14442.8  1.52178  0.0857516  1
885  0  0.185069  -0.0216059  13808.1  0.458086  -0.0506284  1
886  0  0.718684  -0.434986  14611.5  2.03056  -0.0734532  1
887  0  0.20129  0.112808  14465.2  2.1868  0.189442  1
888  0  0.310763  0.144211  14353.5  2.20702  0.0553358  1
889  0  0.162379  0.110339  14598.1  2.10678  0.233851  1
890  0  0.0513004  0.450601  14772.2  1.99498  -0.0516624  1
891  0  0.0657847  0.0914551  15078.7  1.82283  0.280292  1
892  0  -0.634417  1.09313  14764.4  2.00065  -0.241872  1
893  0  -0.693545  -0.0724519  14757.9  1.98456  -0.249093  1
894  0  -1.6625  1.09831  14746.6  1.98965  -0.193117  1
895  0  0.606969  -0.0927638  14542.8  2.09985  0.0717051  1
896  0  0.750876  -0.00620538  14777.2  0.71856  0.0423884  1
897  0  0.864811  0.0466646  14403.7  1.5355  -0.241618  1
898  0  0.584518  0.17081  14321.7  2.17752  -0.149474  1
899  0  0.175952  0.160638  14622.8  2.05203  0.135119  1
900  0  0.90809  0.0385766  14444  1.4617  -0.24605  1
901  0  0.836761  0.447509  14572.1  2.04192  -0.171119  1
902  0  1.01257  0.843354  14650.1  1.99096  -0.157366  1
903  0  1.06293  1.04341  14666.5  1.98084  -0.158804  1
904  0  0.517969  0.113237  14219.7  2.32659  -0.112289  1
905  0  -0.646473  1.7548  14749.7  1.94422  -0.244807  1
906  0  1.05796  -0.431747  14673.4  1.97976  -0.0968339  1
907  0  0.131453  -0.159362  14168  2.23971  -0.234789  1
908  0  0.336581  0.258134  14491.7  2.12074  -0.00833752  1
909  0  0.995738  0.0815281  14637.7  2.10396  -0.310687  1
910  0  -0.185957  -0.0216805  14897.7  1.89614  -0.327082  1
911  0  0.110747  0.117818  14799.5  1.96598  0.231621  1
912  0  -0.216403  1.07243  14773.6  2.00512  -0.151793  1
913  0  0.558682  0.110336  14210.4  2.3236  -0.150157  1
914  0  0.60597  0.113962  14252.8  2.32081  -0.178499  1
915  0  0.812289  0.104482  14388.6  2.22938  -0.282645  1
916  0  0.182692  -0.0674696  13909.6  2.3914  -0.186477  1
917  0  -0.429597  -0.101335  14771.4  1.97683  -0.28823  1
918  0  0.372768  -0.539162  14532.2  2.08424  -0.120744  1
919  0  0.579824  0.218941  14376.5  2.15367  -0.13923  1
920  0  -0.157961  0.0357416  15017.1  1.83899  -0.291162  1
921  0  0.998702  0.534183  14616.4  2.01195  -0.1753  1
922  0  1.01664  0.343041  14605.5  2.01985  -0.205663  1
923  0  -0.900538  0.815268  14765.1  1.98905  -0.221624  1
924  0  1.64787  0.815776  14633.6  1.97931  -0.176745  1
925  0  0.63937  -0.0459648  14601.4  1.59061  0.10266  1
926  0  0.34469  -0.197554  14310.2  2.18545  -0.0632215  1
927  0  1.44694  0.951127  14648.7  1.97741  -0.172648  1
928  0  -0.869726  -0.847835  14701  2.00138  -0.216718  1
929  0  0.0549759  0.273919  14844  1.95826  0.00977561  1
930  0  0.70715  -0.00245999  14708.6  0.516315  0.021346  1
931  0  0.680644  -0.298685  14596.7  2.03776  -0.0349773  1
932  0  0.336287  0.440225  14604.8  2.05926  -0.0547643  1
933  0  0.505843  0.283886  14440.9  2.13275  -0.100193  1
934  0  0.545103  -0.216701  14499.8  2.09364  -0.00662205  1
935  0  0.0664471  -0.217801  14338.9  2.16696  -0.270153  1
936  0  0.763879  -0.21548  14668.2  1.99903  -0.0138525  1
937  0  0.782367  0.234302  14464.3  2.09902  -0.2105  1
938  0  1.55074  -0.312842  14658.3  1.95537  -0.135803  1
939  0  0.596139  0.447848  14542.4  2.07089  -0.126504  1
940  0  0.0400305  -0.0891041  14028.7  2.29055  -0.431544  1
941  0  0.409578  0.268782  14450.8  2.1348  -0.052034  1
942  0  -0.577143  0.389931  14800.8  1.98304  -0.237218  1
943  0  -0.759769  -1.13729  14691.4  2.00605  -0.21162  1
944  0  -0.813969  -1.42953  14694.6  2.00448  -0.20092  1
945  0  0.978772  -0.859989  14635.5  2.00058  -0.127701  1
946  0  0.937196  0.0629929  14540.1  2.04948  -0.326992  1
947  0  -0.52376  0.608612  14791.5  1.98605  -0.229486  1
948  0  0.619769  -0.156158  14566.6  2.08275  0.0279518  1
949  0  0.38742  -0.872678  14603.8  2.04426  -0.142679  1
950  0  0.962679  -0.0480187  14813.7  1.6496  -0.0434541  1
951  0  0.923838  -0.0437664  14823.1  1.59366  -0.0299789  1
952  0  -0.156507  -0.130261  14701.9  1.99431  -0.35714  1
953  0  -0.387438  -1.48234  14679.9  2.01593  -0.207469  1
954  0  0.563723  0.33982  14482.5  2.10581  -0.120282  1
955  0  0.45632  -0.0574296  14303.4  1.78579  0.0584722  1
956  0  0.636818  0.334355  14480.6  2.10104  -0.144646  1
957  0  0.351565  -0.389823  14467.9  2.11059  -0.103688  1
958  0  0.578093  -0.0344616  14509.7  1.23742  0.0774062  1
959  0  -0.0786846  0.121328  15167.3  1.77184  -0.118171  1
960  0  -0.281504  -1.73786  14687.5  2.00782  -0.205464  1
961  0  0.104997  -0.30936  14410.2  2.1387  -0.214216  1
962  0  0.245806  -0.109964  14091  2.35695  -0.121339  1
963  0  0.860876  -1.02695  14631.6  2.00721  -0.136644  1
964  0  -1.19462  -0.260025  14735.3  1.99221  -0.215995  1
965  0  -0.0504869  0.445694  14811  1.98147  -0.083096  1
966  0  -0.220481  -0.16443  14717  1.99473  -0.324766  1
967  0  0.536317  1.04231  14694.4  1.97637  -0.106922  1
968  0  -1.77481  -0.24169  14732.7  1.99143  -0.190856  1
969  0  0.712245  -0.556101  14610.3  2.03088  -0.0917496  1
970  0  0.230237  -0.0608617  13938  2.17743  -0.0907229  1
971  0  0.686034  -0.0321904  14669.3  1.23855  0.0745392  1
972  0  -0.466864  0.219387  14826  1.96692  -0.2444  1
973  0  1.17244  0.267024  14664.1  1.98863  -0.209865  1
974  0  0.245033  -0.703522  14574.3  2.06593  -0.154076  1
975  0  0.355484  -0.727784  14581.7  2.05794  -0.137439  1
976  0  -0.761347  -0.208098  14740.6  1.99227  -0.24474  1
977  0  0.700357  0.208918  14403  2.12909  -0.192998  1
978  0  1.17204  0.732602  14642  1.99036  -0.171953  1
979  0  0.78419  0.645549  14615.4  2.0182  -0.144022  1
980  0  -0.265778  0.226554  14900.8  1.93172  -0.203081  1
981  0  0.709282  -0.191109  14639.7  2.01892  0.00663045  1
982  0  1.11559  -1.68619  14638.1  1.99813  -0.156102  1
983  0  0.464578  -0.226085  14426.6  2.12904  -0.0278635  1
984  0  0.423925  -0.00904539  14222.5  0.152501  0.0158624  1
985  0  -1.72294  -1.36806  14713.2  1.99192  -0.190545  1
986  0  0.550001  0.155401  14295.7  2.20992  -0.132527  1
987  0  0.669026  0.0730962  14240.2  1.71979  -0.17343  1
988  0  0.596352  -0.417999  14566.5  2.0562  -0.0682563  1
989  0  0.368398  -0.0609959  14213.3  1.88882  0.0320193  1
990  0  0.724911  0.181441  14392.7  2.12994  -0.211371  1
991  0  0.274622  0.0885135  14272.1  1.9763  0.117327  1
992  0  -0.295511  -0.425487  14654.4  2.03837  -0.277483  1
993  0  0.0478524  0.621646  14748.5  1.99788  -0.0737725  1
994  0  0.664101  -0.130106  14618.6  2.08471  0.0423292  1
995  0  0.0459236  -1.04699  14635.1  2.03862  -0.187895  1
996  0  -0.142002  -0.0682269  14810.8  1.9334  -0.378949  1
997  0  0.0207312  -0.155635  14316.9  2.16528  -0.347772  1
998  0  -0.0852156  -0.0526607  14752.5  1.92179  -0.464371  1
999  0  -0.0853995  -0.787585  14621.1  2.05328  -0.213721  1
1000  0  0.741195  0.091819  14323.6  2.24273  -0.266686  1
1001  0  0.334724  0.171079  14374.3  2.16466  0.0218412  1
1002  0  0.507837  0.130855  14250  2.29554  -0.110016  1
1003  0  -0.23402  1.46665  14774.9  1.97082  -0.139161  1
1004  0  0.141057  -0.0241921  13780.4  0.770438  -0.0906566  1
1005  0  -1.71182  -0.828501  14719.8  1.9905  -0.192203  1
1006  0  -1.29697  0.833055  14752.9  1.99007  -0.208531  1
1007  0  -1.32361  0.372842  14751.4  1.98968  -0.208882  1
1008  0  0.487094  0.172759  14316.6  2.18446  -0.0915891  1
1009  0  0.0524892  -0.0250455  13339.5  1.60221  -0.229992  1
1010  0  -0.079101  -0.228204  14545  2.07061  -0.320555  1
1011  0  -0.0571674  1.17206  14762.1  1.9938  -0.0949104  1
1012  0  0.748436  -0.0426573  14763.8  1.60308  0.0679334  1
1013  0  1.39573  -0.0758012  14695.5  1.87552  -0.146146  1
1014  0  0.338834  -0.157776  14256.6  2.21495  -0.048487  1
1015  0  -0.692958  1.51339  14752.2  1.96091  -0.255609  1
1016  0  0.147349  -0.102096  14006.4  2.35676  -0.233814  1
1017  0  -1.36795  1.27642  14746.1  1.98642  -0.204676  1
1018  0  0.462677  -0.337193  14481.9  2.09997  -0.0654749  1
1019  0  0.042548  0.138327  15068.8  1.82755  0.121288  1
1020  0  0.361137  0.131621  14286  2.26735  0.0157974  1
1021  0  0.848313  -0.0714337  14797.6  1.8473  0.00363631  1
1022  0  0.179235  -0.256213  14324.5  2.17571  -0.177108  1
1023  0  0.61769  -0.039163  14536  1.47359  0.0924776  1
1024  0  1.04987  0.152091  14645.6  1.99915  -0.254696  1
1025  0  -0.798156  -1.73126  14698.7  2.00093  -0.194609  1
1026  0  0.187765  0.505521  14698.2  2.02069  -0.0450892  1
1027  0  -0.0248378  0.178859  15060.7  1.84511  -0.0121233  1
1028  0  0.945154  -0.0124122  14836.5  0.998416  -0.041933  1
1029  0  -0.201747  0.393632  14851.9  1.96389  -0.153602  1
1030  0  1.03965  1.51302  14695.1  1.96854  -0.16697  1
1031  0  0.755549  0.0596963  14299.6  1.54252  -0.19855  1
1032  0  0.398082  0.45111  14587.4  2.06325  -0.0714957  1
1033  0  1.27916  0.424222  14650.6  1.98897  -0.189843  1
1034  0  1.60789  -0.772201  14630.7  1.97565  -0.140524  1
1035  0  -0.0280506  0.00271304  15337.8  1.32555  -0.73956  1
1036  0  0.943959  -0.0901778  14792.6  1.93108  -0.0392406  1
1037  0  1.34744  -1.45021  14629.8  1.99378  -0.150279  1
1038  0  -1.75401  1.75681  14736.2  1.99102  -0.187163  1
1039  0  -1.12522  -0.940314  14708  1.9964  -0.209971  1
1040  0  0.841506  -0.20749  14706.5  1.9753  -0.0297111  1
1041  0  0.738914  1.03526  14681.4  1.97887  -0.130872  1
1042  0  -0.721756  -0.529352  14705.1  2.00646  -0.240712  1
1043  0  0.595283  -1.75788  14651.8  2.00547  -0.157538  1
1044  0  0.838843  0.230802  14498.1  2.07824  -0.223866  1
1045  0  0.892621  0.201844  14524.1  2.05736  -0.243163  1
1046  0  1.20407  -0.0122589  14775  1.78658  -0.14685  1
1047  0  0.106521  0.178797  14812.6  1.97123  0.121912  1
1048  0  -0.367866  -0.262428  14709.4  2.00713  -0.292398  1
1049  0  -0.177502  -0.327573  14618.8  2.04965  -0.291473  1
1050  0  -0.199208  -0.253893  14651.2  2.02971  -0.309686  1
1051  0  1.06989  -0.116185  14814.8  1.90365  -0.0752879  1
1052  0  0.269321  0.167786  14446.6  2.13125  0.071146  1
1053  0  -0.294956  0.669676  14786.7  1.98948  -0.184331  1
1054  0  -0.0317974  0.0565443  15543.6  1.52323  -0.09152  1
1055  0  0.0775055  -0.0473649  13712.3  2.32319  -0.322549  1
1056  0  -0.757382  0.721209  14773.1  1.98807  -0.228298  1
1057  0  0.793645  -0.479249  14629  2.0193  -0.0820281  1
1058  0  -0.663188  0.0450977  14779.1  1.97872  -0.250343  1
1059  0  0.51227  0.193687  14340.3  2.17086  -0.106096  1
1060  0  1.40812  1.82258  14680.2  2.01692  -0.178256  1
1061  0  -1.78014  0.225506  14742.8  1.99086  -0.190601  1
1062  0  0.185427  -0.361904  14432.8  2.131  -0.166303  1
1063  0  0.622935  0.167003  14329.6  2.1735  -0.169765  1
1064  0  0.546873  -0.133583  14491.7  2.15707  0.0343845  1
1065  0  0.909519  -0.206763  14726.7  1.96021  -0.0439923  1
1066  0  1.03176  -0.243127  14724.9  1.95111  -0.0782986  1
1067  0  1.81229  1.8  14630.8  2.02363  -0.187842  1
1068  0  0.0550513  0.0538111  15280.1  1.53611  0.393022  1
1069  0  1.04479  -0.682438  14644.7  1.99423  -0.118108  1
1070  0  -0.377497  -0.173908  14744.7  1.98859  -0.296968  1
1071  0  0.578733  -0.722395  14595.4  2.03995  -0.116097  1
1072  0  -0.969174  1.43704  14746  1.9686  -0.221614  1
1073  0  1.02637  -0.00848668  14789  1.1344  -0.100925  1
