325  362  766
282  542  881
429  499  917
332  572  642
542  553  881
325  435  766
269  501  1004
405  753  775
458  753  775
300  510  1030
377  679  829
327  569  812
372  400  563
289  769  811
536  572  642
343  584  754
285  566  658
34  518  693
313  519  635
349  626  820
288  574  897
128  129  509
331  523  615
395  533  622
455  528  881
346  674  908
353  398  531
288  454  574
312  657  726
307  487  628
324  412  551
283  497  721
51  52  521
371  443  739
478  548  637
290  441  771
362  533  607
397  572  796
326  429  917
280  468  850
309  533  1018
386  558  763
38  492  674
268  430  452
311  459  483
769  811  988
43  667  734
414  671  672
274  410  567
314  594  932
482  657  1006
93  94  498
358  593  660
501  593  1004
350  413  500
347  446  517
37  38  492
280  469  850
390  589  801
358  501  593
360  467  853
429  511  685
101  102  637
377  499  829
453  561  980
659  765  894
282  542  670
368  562  647
279  659  765
282  455  881
522  569  812
393  490  620
295  354  482
363  496  992
380  641  756
371  562  647
383  491  846
365  517  627
329  513  609
274  410  653
385  819  834
277  663  883
91  606  814
292  454  538
357  546  801
492  674  908
286  462  656
280  798  958
583  768  855
390  546  801
422  507  946
288  604  649
350  413  677
345  497  619
392  555  732
357  546  675
593  746  1004
33  34  518
374  548  640
283  497  619
267  514  852
360  504  853
362  433  533
295  354  683
339  560  720
442  633  976
275  595  941
276  558  582
280  469  862
388  466  1012
287  568  901
0  645  1002
377  555  732
280  467  468
278  517  627
573  663  883
297  528  1016
329  514  650
374  548  637
389  552  602
413  500  726
266  513  912
393  490  741
368  471  578
92  700  814
324  412  704
338  483  731
276  437  612
354  482  950
312  657  1006
452  708  768
336  343  434
290  532  791
335  632  838
268  452  733
299  626  820
343  512  584
276  558  603
318  518  621
340  589  1021
469  577  862
302  519  579
396  512  913
353  398  940
386  653  964
42  43  734
119  120  550
44  45  505
388  466  931
345  598  619
510  524  1030
274  490  653
98  99  546
290  487  771
343  434  754
101  637  975
302  519  635
365  517  573
394  717  941
351  493  885
329  513  562
311  851  926
273  491  846
337  594  646
329  514  562
408  682  823
379  576  601
298  523  869
416  518  621
321  463  805
16  572  796
443  667  946
408  682  722
344  602  748
387  497  721
378  448  592
379  576  704
433  434  1002
450  641  756
303  526  651
396  646  913
406  672  990
430  751  855
78  79  555
430  452  768
358  472  501
304  526  651
297  528  937
407  450  688
284  504  951
355  501  815
380  524  1030
280  559  862
61  62  563
361  588  694
455  636  899
331  523  613
373  561  632
410  545  567
398  727  873
361  588  821
21  508  707
383  491  763
307  487  808
340  456  589
350  484  677
432  609  711
365  542  747
480  568  795
313  635  876
445  735  906
333  511  685
420  609  711
25  618  738
277  663  889
374  610  828
393  741  770
371  443  734
457  700  814
357  478  675
293  577  1022
343  544  913
336  343  544
361  581  694
386  763  964
322  541  830
332  572  595
458  753  770
462  523  869
368  513  879
274  490  620
344  561  980
368  471  879
285  566  730
423  532  791
382  603  1027
346  633  976
339  560  935
607  994  1018
510  690  986
333  449  511
304  527  616
124  125  571
284  579  951
325  435  534
363  571  698
281  608  773
467  468  778
342  667  946
458  741  770
126  127  570
505  682  823
368  513  562
271  598  1009
363  571  876
275  595  672
313  519  774
378  618  738
284  519  579
314  594  646
361  581  832
11  682  722
288  454  649
413  464  955
345  586  587
510  690  691
291  506  874
354  457  944
13  483  731
21  707  824
330  564  880
422  507  751
45  505  949
411  658  721
403  571  876
269  501  815
93  498  784
391  543  719
318  518  693
378  448  786
347  517  573
367  608  773
357  478  548
286  656  959
407  440  688
382  437  765
296  740  955
291  735  906
310  557  771
426  588  821
419  495  764
311  459  851
324  576  704
513  609  912
334  554  687
291  874  906
15  16  572
302  552  602
273  592  790
282  455  899
317  819  834
418  477  848
310  557  589
403  570  867
432  609  978
328  640  874
426  494  787
59  60  590
417  792  936
109  110  581
371  514  562
272  480  604
107  108  580
269  539  1010
57  58  591
369  617  678
307  548  640
318  633  693
343  512  913
358  703  736
379  601  743
335  549  821
372  400  760
358  472  703
500  657  726
421  725  871
338  459  483
375  580  805
427  541  830
294  565  594
376  570  867
405  618  753
490  653  964
290  532  744
292  481  752
557  589  1021
422  751  855
350  484  639
314  544  913
310  589  801
469  577  1022
276  437  866
115  116  696
311  642  854
301  561  632
303  526  709
418  744  985
412  551  631
280  559  958
421  789  918
317  481  822
290  441  791
355  501  993
372  590  714
421  530  918
278  517  863
409  590  934
53  54  597
55  56  600
455  528  937
317  538  819
404  676  1028
510  524  1019
281  470  608
489  595  941
275  672  990
434  754  1002
363  552  992
298  523  615
383  520  603
359  593  660
306  782  802
34  693  875
395  533  750
111  112  588
266  513  879
372  563  714
446  612  758
480  568  901
398  531  873
407  598  619
409  591  919
364  553  627
39  578  900
305  626  857
359  593  746
565  594  932
365  553  627
375  611  702
306  493  935
425  581  832
417  605  606
433  533  622
429  499  780
425  580  805
24  25  618
470  994  1018
472  703  970
371  514  739
128  509  701
337  460  530
489  717  941
430  768  855
43  44  865
274  620  777
399  656  959
342  507  946
560  720  830
357  628  801
333  556  691
92  700  784
373  494  696
575  632  838
308  523  613
437  765  894
365  542  553
372  590  934
364  553  881
129  509  673
369  564  859
624  696  922
279  677  765
485  811  988
351  493  816
322  541  902
0  46  645
349  626  936
467  778  853
267  514  739
324  665  799
31  479  929
294  565  850
29  541  968
407  440  847
360  467  878
335  821  1003
296  629  1021
520  603  1027
486  626  857
376  570  701
363  496  698
397  489  595
268  430  751
384  591  919
319  520  1015
324  576  665
276  612  758
333  556  685
90  91  606
415  554  687
306  560  935
421  530  871
400  599  760
528  813  1016
287  568  860
291  735  772
305  683  857
398  757  940
325  362  668
463  805  1008
407  598  923
366  568  795
376  867  952
514  650  852
401  515  811
353  465  531
14  483  854
347  582  652
52  521  715
382  484  765
116  624  696
272  604  776
386  582  652
332  414  672
404  551  631
322  540  902
395  750  930
268  712  733
386  558  582
394  717  777
305  417  936
20  21  508
51  521  686
380  568  860
284  504  853
285  486  857
270  601  743
303  651  940
0  137  584
304  526  831
356  583  855
94  498  643
347  446  758
96  97  614
302  602  931
378  540  786
266  703  970
359  621  660
383  558  603
576  665  815
375  580  702
404  631  817
43  667  865
316  574  826
103  104  610
428  1010  1023
23  753  770
105  106  611
466  602  931
304  599  651
490  741  964
429  511  849
423  547  740
20  508  812
299  564  1029
292  454  761
380  524  860
337  594  669
537  564  1029
351  746  816
364  516  735
322  540  786
391  543  1009
410  663  1000
352  690  986
391  719  852
387  497  827
426  821  1003
326  429  685
320  741  964
406  671  672
399  585  924
539  1010  1023
347  582  758
486  837  995
345  586  598
374  610  856
391  586  1009
375  611  858
13  14  483
319  639  953
407  450  923
357  548  628
443  667  734
89  90  605
385  597  715
39  40  900
320  491  763
466  602  748
338  529  712
392  613  825
87  88  617
586  598  1009
384  600  723
116  117  624
479  782  802
380  568  641
364  528  881
421  673  789
27  839  888
401  793  885
82  83  623
391  586  587
80  81  625
15  536  572
389  661  713
376  509  789
351  515  1023
337  530  918
301  575  632
384  591  723
353  599  651
416  518  872
396  634  729
321  463  804
506  640  874
378  540  738
449  511  841
397  572  595
323  755  844
386  652  653
444  633  693
286  462  870
476  971  999
295  535  683
423  532  982
319  520  1027
369  564  820
411  837  995
566  658  749
338  529  731
314  646  913
419  692  764
0  584  754
134  135  634
418  630  985
99  546  675
304  527  831
363  552  635
363  635  876
330  564  859
276  582  758
119  550  684
534  642  926
359  525  746
40  41  647
462  523  925
416  621  797
431  717  777
604  649  776
418  744  848
389  602  920
338  459  474
14  15  536
37  492  911
377  555  679
296  916  1021
431  620  707
382  437  866
63  64  638
98  546  695
365  747  883
120  550  713
29  30  968
485  639  953
366  583  800
426  494  1003
353  465  599
331  613  825
493  793  885
545  663  889
44  505  865
606  814  944
346  633  908
450  688  1026
413  547  955
374  637  828
451  856  858
358  660  736
302  552  635
354  807  944
285  535  730
424  686  834
416  782  929
433  434  766
273  592  984
355  576  815
402  950  1006
408  507  927
533  607  1018
285  535  857
329  609  978
273  788  790
351  539  1023
288  604  962
341  750  930
376  509  701
362  607  668
509  673  789
442  633  736
412  566  730
309  481  1011
391  587  650
321  644  804
420  785  970
355  576  601
274  567  777
390  589  997
273  491  984
280  467  798
289  676  1028
427  541  968
429  794  849
479  782  929
404  551  676
543  710  1009
78  555  679
628  801  961
295  631  742
311  483  854
397  569  892
465  531  835
293  544  932
373  696  922
401  485  811
340  629  680
317  538  904
472  501  993
384  600  991
461  839  888
460  530  845
521  686  834
327  569  892
79  555  697
319  639  843
410  652  1000
476  788  790
356  543  719
332  595  672
436  604  901
307  548  628
436  604  962
10  11  682
448  592  790
431  717  998
333  449  690
385  597  987
331  615  810
302  579  931
304  599  760
39  578  674
537  564  880
367  708  776
435  534  907
276  603  866
360  542  1007
315  616  897
31  32  929
424  822  834
442  703  736
418  477  772
285  486  837
369  617  759
94  95  643
413  464  726
290  487  848
461  540  902
785  970  993
438  600  991
334  789  918
412  566  704
365  573  883
542  670  1007
70  71  654
441  557  771
372  616  934
457  700  950
478  637  975
543  710  800
269  539  1004
535  683  857
397  489  892
326  655  781
426  783  787
300  510  691
438  597  987
318  621  660
360  542  747
539  746  1004
366  583  795
547  740  955
345  497  681
419  495  981
381  475  889
453  561  922
14  536  854
292  481  904
335  549  838
320  741  775
25  26  738
68  69  662
121  122  661
471  578  921
308  655  656
381  545  889
40  647  900
394  567  777
344  602  920
505  682  949
318  633  736
337  460  646
48  49  666
271  710  1009
398  662  727
370  668  933
295  631  817
447  498  680
387  658  721
61  563  714
417  605  792
62  563  728
312  464  755
445  644  804
297  549  644
401  515  885
401  485  953
124  571  698
366  568  641
446  517  863
26  27  839
393  620  707
267  664  689
293  767  1001
125  571  699
410  545  663
356  664  719
380  585  1030
545  567  836
301  561  748
309  481  752
379  566  704
307  640  1031
456  589  997
126  570  699
26  738  839
271  598  923
374  640  856
38  39  674
110  581  694
482  950  1006
326  781  917
300  924  1030
394  567  836
399  585  959
425  805  832
431  620  777
127  570  701
382  603  866
107  580  702
268  712  927
109  581  762
317  481  904
108  580  762
469  565  850
306  560  802
410  652  653
506  640  1031
339  793  935
90  605  606
348  532  659
520  788  1015
12  13  731
129  130  673
272  708  776
494  696  803
448  720  786
395  622  645
406  559  862
388  636  1012
306  493  816
392  613  732
20  812  1020
356  543  800
415  554  774
385  521  715
408  529  927
334  669  687
305  417  807
408  529  722
536  642  854
328  874  1008
111  588  694
373  632  884
293  577  1001
554  867  952
316  574  896
99  100  675
308  523  925
411  716  995
294  594  669
429  780  794
516  735  772
421  673  725
447  498  784
313  554  867
288  527  897
272  583  795
390  614  695
359  525  797
112  588  783
77  78  679
50  51  686
118  119  684
299  564  820
525  746  816
451  611  858
408  507  823
323  447  680
320  491  775
373  494  884
451  610  856
340  456  996
418  630  983
331  473  825
102  637  828
487  808  848
331  473  809
333  690  691
351  539  746
331  809  810
330  615  810
405  618  956
295  535  742
397  569  796
389  661  992
383  558  763
292  761  969
470  608  969
321  644  833
31  479  890
86  87  678
373  561  922
359  621  797
315  826  897
372  616  760
60  590  714
405  491  984
392  625  697
354  683  807
339  793  971
360  504  1007
474  712  733
59  590  718
367  649  761
367  608  761
424  686  737
306  525  816
58  591  718
334  554  952
298  615  880
57  591  723
370  607  994
420  711  963
110  111  694
123  124  698
297  549  838
404  657  817
389  552  992
464  755  844
137  584  1032
622  645  1002
385  521  834
97  98  695
394  705  836
125  126  699
323  629  680
33  518  872
345  587  864
368  578  900
284  778  853
127  128  701
516  772  983
665  799  1010
83  84  692
366  641  710
396  512  729
364  735  813
106  107  702
268  751  927
79  80  697
306  525  782
433  622  1002
312  464  726
92  93  784
53  597  715
500  657  1028
56  600  723
54  597  724
294  669  687
97  614  695
55  600  724
106  611  702
327  717  998
339  971  999
281  733  773
396  634  977
418  772  983
283  619  847
411  721  842
461  540  839
377  499  917
476  790  999
60  61  714
322  720  786
326  685  972
420  785  963
465  599  960
52  53  715
324  551  799
58  59  718
342  507  823
338  474  712
321  832  833
314  544  932
540  738  839
422  664  689
424  666  737
441  740  791
316  826  991
378  618  956
120  121  713
488  605  792
108  109  762
56  57  723
3  27  888
3  28  888
422  664  855
419  623  692
389  550  713
87  617  678
54  55  724
285  658  837
313  554  774
103  610  828
383  520  846
104  610  861
398  757  886
83  623  692
105  611  861
388  579  931
299  626  995
328  640  856
427  802  890
300  556  691
22  23  770
328  856  858
350  500  769
458  741  775
459  474  933
412  631  742
80  625  697
344  561  748
585  924  1030
89  605  954
364  516  938
423  547  928
487  628  961
46  47  706
405  491  775
96  614  877
293  932  1022
84  85  764
364  528  813
318  660  736
135  136  729
400  638  728
431  707  998
382  484  843
479  802  890
281  733  943
449  841  868
130  131  725
353  651  940
62  63  728
292  752  969
388  670  951
67  68  727
311  642  926
361  821  833
272  583  768
381  475  958
88  617  954
301  575  939
454  649  761
390  546  695
484  677  765
444  779  908
335  632  884
286  688  870
117  624  891
21  22  824
340  629  1021
444  633  908
368  647  900
322  720  830
348  894  965
569  796  903
82  623  905
81  625  905
35  36  779
4  36  911
4  37  911
349  488  792
112  113  783
29  541  895
447  700  784
362  433  766
74  75  794
356  664  855
381  545  836
323  755  914
11  12  722
287  524  709
49  50  737
315  616  934
493  793  935
23  24  753
46  645  706
551  676  799
367  708  773
352  757  886
91  92  814
305  626  936
75  76  780
427  560  830
356  583  800
309  533  750
296  629  844
267  664  719
30  31  890
298  880  947
444  779  875
427  560  802
529  722  731
445  644  1016
529  712  927
325  851  926
291  506  1025
439  537  947
525  782  797
113  114  787
303  709  1019
332  414  1017
400  599  960
439  537  1029
290  744  848
32  33  872
28  29  895
323  447  914
135  634  729
308  655  781
406  577  671
407  619  847
645  706  930
319  648  953
330  615  880
534  642  1017
411  658  837
668  851  933
398  662  886
399  655  656
492  779  908
85  86  806
267  719  852
121  661  713
527  616  897
347  652  1000
28  888  895
323  629  844
369  759  820
63  638  728
489  717  892
267  689  739
134  634  887
456  643  996
279  677  967
532  659  982
272  480  795
41  42  909
351  515  885
413  677  967
115  696  803
289  811  910
436  526  831
316  819  896
346  674  921
375  805  1008
392  555  697
342  823  865
364  627  938
405  592  984
369  678  1024
317  822  834
392  625  825
498  680  996
64  638  898
95  643  877
321  805  832
278  630  983
24  618  753
381  559  958
293  544  767
326  655  972
549  644  833
384  826  991
1  45  949
1  10  949
399  655  972
377  732  781
283  721  842
401  648  793
76  77  829
310  801  961
460  845  887
482  657  817
348  630  965
445  804  906
417  807  944
401  648  953
71  654  868
577  671  1001
68  662  727
308  613  732
428  676  799
463  874  1008
419  623  809
355  601  785
390  614  997
376  789  952
371  647  909
270  601  963
403  867  876
114  115  803
394  705  941
65  66  835
349  488  759
420  609  912
70  654  989
16  17  796
341  503  930
122  661  1014
319  648  1015
486  626  995
337  669  918
130  673  725
269  665  815
84  692  764
348  532  985
461  888  895
574  826  897
72  73  841
507  751  927
284  519  1013
132  133  845
296  844  955
522  903  966
77  679  829
102  103  828
387  743  827
86  678  806
73  74  849
404  657  1028
596  767  1001
480  604  901
295  482  817
381  705  836
416  782  797
406  577  862
535  730  742
325  534  926
49  666  737
100  675  975
69  662  989
334  669  918
399  924  972
522  569  903
104  105  861
578  674  921
296  740  916
35  779  875
556  685  972
71  72  868
360  747  948
118  684  891
381  705  915
305  683  807
34  35  875
446  612  965
465  835  898
400  563  728
319  843  1027
425  581  762
425  580  762
497  681  827
524  709  1019
406  559  990
17  18  903
415  778  818
328  858  1008
95  96  877
131  132  871
66  67  873
445  735  813
454  538  896
278  630  863
352  502  882
481  822  1011
484  639  843
387  743  749
48  666  979
519  774  1013
515  811  910
550  684  980
440  847  893
19  20  1020
388  670  899
379  566  749
350  639  988
297  838  937
441  557  916
2  18  966
2  19  966
17  796  903
391  650  852
440  688  870
133  134  887
352  502  886
113  783  787
50  686  737
85  764  806
426  588  783
455  636  939
460  646  977
281  470  994
36  779  911
403  571  699
608  761  969
432  587  864
117  118  891
403  570  699
342  667  865
136  137  1032
75  780  794
366  710  800
303  986  1019
270  681  827
266  703  840
440  745  869
419  810  981
64  65  898
402  755  914
123  698  1014
443  689  946
453  684  891
18  903  966
327  717  892
565  932  1022
270  963  1005
549  821  833
299  995  1029
596  671  1001
81  82  905
441  740  916
380  585  756
298  745  869
457  814  944
292  538  904
436  526  957
272  708  768
488  617  759
340  680  996
414  534  907
440  869  870
449  690  882
76  780  829
508  707  998
492  779  911
270  743  827
114  787  803
304  616  760
298  745  947
463  874  906
423  740  791
505  823  865
424  666  942
378  592  956
455  575  939
439  716  842
325  668  851
504  670  951
74  794  849
414  596  671
455  575  937
395  645  930
341  822  1011
587  650  978
327  812  998
630  863  965
381  559  915
136  729  1032
308  732  781
341  503  942
360  878  948
287  524  860
573  663  1000
439  842  893
449  654  882
612  894  965
131  725  871
451  610  861
310  771  961
451  611  861
388  579  951
400  638  960
0  754  1002
320  763  964
389  550  920
279  659  982
336  544  767
88  89  954
67  727  873
468  778  818
419  809  810
387  658  749
437  612  894
456  643  877
308  656  925
30  890  968
339  720  999
393  707  824
371  734  909
286  688  1026
385  819  987
278  627  938
100  101  975
42  734  909
453  624  891
377  781  917
73  841  849
379  743  749
47  706  979
454  574  896
478  675  975
405  592  956
354  457  950
449  654  868
47  48  979
445  813  1016
288  527  962
300  556  924
282  670  899
72  841  868
286  756  959
69  70  989
12  722  731
510  986  1019
32  872  929
411  716  842
424  822  942
384  826  919
541  895  902
520  788  846
301  939  1012
439  716  1029
488  605  954
279  928  967
289  769  1028
412  730  742
440  745  893
473  623  809
428  676  910
345  681  864
473  623  905
557  916  1021
348  630  985
473  625  905
122  123  1014
585  756  959
396  646  977
461  895  902
432  711  1005
495  859  1024
550  920  980
409  590  718
413  547  967
444  693  875
409  591  718
462  869  870
456  614  877
452  733  773
66  835  873
388  636  899
132  845  871
556  924  972
473  625  825
341  822  942
488  617  954
512  584  1032
393  770  824
538  819  896
133  845  887
65  835  898
348  659  894
361  832  833
641  710  945
453  684  980
516  938  983
476  648  1015
467  798  878
432  587  978
438  987  991
439  745  893
415  778  1013
537  880  947
275  705  915
432  864  1005
347  573  1000
450  641  945
575  838  937
447  700  914
453  624  922
301  748  1012
439  745  947
275  705  941
422  689  946
448  720  999
330  810  981
502  654  882
438  597  724
336  767  974
469  565  1022
438  600  724
496  698  1014
416  872  929
277  889  948
442  703  840
349  759  820
443  689  739
370  607  668
409  919  934
450  756  1026
415  687  818
508  812  998
10  682  949
273  788  846
367  649  776
283  847  893
456  614  997
526  709  957
496  661  1014
313  867  876
466  748  1012
503  706  979
41  647  909
303  757  986
291  772  1025
369  859  1024
336  434  973
463  804  906
402  700  950
352  690  882
711  963  1005
716  995  1029
460  634  887
502  654  989
500  769  1028
271  710  945
512  729  1032
476  648  971
465  638  898
472  970  993
462  656  925
601  785  963
442  840  976
468  818  850
294  818  850
294  687  818
474  733  943
485  639  988
470  752  1018
477  808  848
502  662  989
477  772  1025
414  534  1017
277  747  948
436  901  957
427  890  968
487  771  961
352  757  986
270  681  1005
278  938  983
452  708  773
681  864  1005
503  706  930
506  1025  1031
266  840  879
428  799  1010
494  787  803
329  650  978
284  778  1013
502  662  886
316  819  987
477  1025  1031
341  750  1011
297  644  1016
504  670  1007
402  755  1006
515  910  1023
309  750  1011
283  842  893
332  642  1017
522  966  1020
309  752  1018
350  769  988
496  661  992
495  764  806
503  666  979
499  780  829
475  889  948
498  643  996
289  676  910
269  665  1010
450  923  945
307  808  1031
636  939  1012
428  910  1023
464  844  955
315  826  919
277  747  883
434  766  973
349  792  936
471  840  976
355  785  993
495  859  981
414  596  907
417  606  944
460  634  977
494  884  1003
370  933  943
22  770  824
532  744  985
648  793  971
477  808  1031
286  756  1026
287  901  957
465  638  960
511  841  849
547  928  967
527  831  962
503  666  942
435  907  974
19  966  1020
423  928  982
375  858  1008
336  973  974
476  788  1015
420  912  970
471  921  976
530  845  871
531  835  873
316  987  991
475  798  878
678  806  1024
522  812  1020
287  709  957
475  798  958
303  757  940
435  973  974
415  774  1013
315  919  934
448  790  999
279  928  982
382  843  1027
281  943  994
346  921  976
266  912  970
596  767  974
471  840  879
559  915  990
334  789  952
596  907  974
271  923  945
370  943  994
446  863  965
475  878  948
402  700  914
470  752  969
335  884  1003
344  920  980
330  859  981
436  831  962
312  755  1006
459  851  933
495  806  1024
435  766  973
275  915  990
474  933  943
