408  474  831
487  488  880
292  530  907
448  493  950
289  461  897
349  697  760
281  461  873
639  697  760
31  521  715
345  523  867
328  473  512
363  491  708
375  410  494
332  397  475
338  472  879
426  594  611
332  508  787
358  593  613
271  754  796
365  480  526
488  899  936
313  525  667
599  652  947
370  570  710
272  486  903
351  400  499
374  658  781
119  120  481
325  469  879
349  489  760
121  122  482
449  733  944
336  493  950
325  469  522
456  573  951
379  528  797
329  348  789
481  539  628
285  735  928
271  522  796
299  323  586
45  677  703
349  489  778
345  537  867
296  488  880
322  388  403
270  441  530
339  469  837
299  548  873
449  733  950
383  588  596
335  491  708
429  436  829
364  549  705
268  594  611
268  473  512
322  386  403
405  754  891
303  620  706
29  30  464
363  622  741
55  56  511
355  554  651
306  462  570
320  408  831
291  423  541
273  415  737
385  539  628
336  485  618
305  478  729
410  494  780
291  423  525
426  631  700
24  431  649
504  544  634
24  431  682
381  431  619
383  450  596
331  486  498
338  500  879
441  530  593
405  754  796
323  388  440
277  599  652
276  390  513
31  32  715
128  129  516
342  528  797
335  422  711
29  464  661
64  65  504
377  522  785
95  96  503
339  470  837
401  579  699
62  63  506
344  470  910
275  475  604
365  526  814
269  557  786
394  593  613
493  618  686
345  573  951
44  45  677
331  754  891
288  488  936
426  631  842
318  572  607
271  522  837
374  484  781
336  485  733
290  446  794
367  566  598
295  430  672
274  483  766
339  500  501
382  544  634
330  384  751
350  412  489
318  607  706
435  508  787
87  88  510
339  469  500
273  435  737
306  590  725
338  500  501
21  485  618
33  501  715
308  607  695
334  495  769
345  573  723
363  491  741
357  431  743
314  487  488
299  323  548
303  509  706
527  530  907
332  397  508
20  21  485
438  899  936
497  733  944
282  436  829
335  422  491
361  538  640
331  498  515
470  597  740
289  460  872
385  666  792
408  538  783
314  726  820
469  500  879
280  490  922
309  419  679
365  498  558
273  518  600
275  475  651
288  428  775
308  574  669
344  471  910
281  552  873
94  581  673
341  439  524
461  540  897
316  570  710
341  546  849
388  440  580
316  446  698
382  544  925
301  519  826
361  538  783
311  549  705
621  780  806
304  340  553
326  612  856
278  588  596
386  399  562
28  537  661
469  522  837
386  403  568
321  528  773
439  524  749
297  443  720
308  376  572
355  651  689
305  478  612
315  574  669
353  485  810
412  489  760
448  493  557
391  529  769
414  595  934
397  454  508
272  486  713
276  508  737
370  539  570
388  403  571
483  766  947
377  522  796
272  579  903
507  735  928
557  619  898
398  677  703
400  668  799
423  525  667
555  613  774
272  699  713
281  461  540
341  439  566
397  454  603
336  733  950
352  621  806
315  669  857
297  453  720
607  695  924
290  446  667
288  419  775
420  677  692
292  530  593
329  348  639
365  486  498
43  623  865
353  485  733
419  679  884
32  33  715
381  431  682
325  522  785
352  432  507
383  450  786
306  462  725
350  518  600
344  470  740
379  528  773
357  431  649
362  567  875
22  618  686
297  453  856
335  546  711
367  474  560
315  574  575
385  492  792
480  486  903
351  400  698
13  412  656
448  557  786
442  478  729
283  438  664
269  450  786
295  430  576
332  475  579
343  437  492
311  563  739
28  29  661
354  468  813
337  641  871
726  820  884
363  510  738
38  39  545
34  35  471
358  593  747
0  763  946
361  535  783
378  626  705
354  479  813
513  855  936
39  545  790
296  430  900
483  599  947
476  626  705
398  677  692
74  75  538
302  631  842
301  519  546
474  560  745
78  79  560
334  495  553
304  340  670
579  893  903
274  483  624
452  519  826
106  107  543
104  105  542
282  533  655
366  547  650
284  531  813
404  507  916
397  475  604
385  539  690
272  579  699
339  470  910
366  543  650
375  410  684
422  491  707
346  463  532
356  498  558
438  855  936
310  567  815
393  417  721
323  548  771
108  109  547
373  510  738
408  474  702
359  490  663
435  508  737
459  590  725
354  479  636
359  587  768
578  728  943
356  515  597
395  718  841
119  481  628
287  452  614
392  527  530
268  512  573
414  923  934
353  569  810
289  461  872
120  481  630
320  408  783
320  598  761
121  482  630
435  532  767
30  464  641
402  425  788
400  499  799
10  703  757
122  482  629
495  553  555
268  473  611
131  132  564
52  53  562
598  761  883
478  612  856
362  567  734
384  506  751
487  544  925
303  509  791
376  407  502
297  478  856
357  512  573
280  490  940
395  602  718
307  566  598
306  539  690
380  551  819
390  513  717
50  51  568
16  17  561
314  487  544
563  739  798
361  535  858
306  539  570
48  49  571
356  498  515
331  486  713
411  484  732
42  43  865
273  435  767
366  543  809
400  629  710
361  466  640
548  552  873
276  390  755
283  603  855
328  473  722
374  582  658
16  561  730
328  512  743
521  641  871
355  468  531
281  610  778
393  417  701
466  602  718
317  769  892
432  507  735
351  444  499
368  583  631
281  540  609
270  530  693
365  480  486
400  698  710
316  570  794
480  526  902
548  552  697
351  698  818
273  415  600
381  493  557
517  669  857
353  497  733
39  40  558
1  10  703
1  45  703
433  631  700
384  544  726
330  384  726
338  521  871
371  671  852
322  388  860
359  565  663
381  557  619
322  386  676
406  494  937
482  629  710
305  559  612
269  684  898
441  593  747
344  471  784
46  47  580
374  559  612
382  634  659
393  531  554
270  589  944
377  483  624
429  436  885
328  619  743
276  454  508
392  561  830
401  475  579
323  388  860
313  446  818
274  605  606
331  515  754
94  95  581
373  467  627
300  656  760
336  493  618
271  515  597
379  542  773
41  526  814
422  524  800
338  472  615
320  535  783
56  511  646
55  511  647
343  437  559
344  545  847
296  430  664
10  11  757
290  462  794
413  543  809
424  759  761
413  542  773
334  529  769
407  467  719
278  587  588
95  503  581
346  526  902
284  531  701
313  525  608
371  503  852
404  578  728
34  471  665
437  492  764
296  653  900
519  546  849
128  516  644
454  513  855
113  114  582
129  516  645
376  407  572
337  465  871
460  586  905
282  533  575
337  641  870
39  558  790
402  425  678
379  592  657
93  94  673
316  446  794
390  540  609
284  736  813
350  412  696
344  577  847
460  586  872
321  528  742
339  501  665
317  608  892
502  517  674
69  70  585
270  589  895
345  537  661
454  603  855
350  518  648
329  789  803
357  523  953
286  442  782
357  523  723
364  503  852
288  428  717
67  68  584
65  504  634
380  575  952
64  504  638
431  619  743
494  780  937
310  567  875
269  557  898
63  506  638
361  466  718
62  506  643
295  759  761
370  481  539
411  632  915
427  520  876
308  572  607
465  615  871
378  705  744
304  553  555
496  684  898
87  510  622
96  503  637
352  432  844
394  593  793
353  569  840
385  628  666
313  446  667
338  521  715
365  558  814
328  496  619
354  636  652
329  601  793
352  596  806
283  603  678
102  103  592
396  689  699
338  615  871
277  551  819
390  428  897
463  532  787
567  617  815
312  536  758
276  454  513
376  502  517
373  616  627
41  42  526
273  518  692
353  561  840
422  765  800
401  475  651
271  515  754
13  412  696
88  510  616
507  621  916
479  736  813
345  523  723
495  769  892
100  101  591
477  670  946
372  671  857
446  698  818
366  547  881
364  503  637
550  763  946
343  590  690
426  594  842
409  459  782
382  584  659
304  670  691
287  721  788
395  602  654
402  603  678
269  450  861
341  546  711
444  499  776
308  574  695
333  451  520
288  419  820
370  482  710
357  512  743
401  689  699
360  589  895
300  639  760
338  501  715
274  606  624
354  468  766
464  641  870
71  72  602
315  536  804
312  536  671
393  531  701
386  399  753
405  606  891
421  599  785
409  663  896
416  509  791
309  419  775
281  609  610
33  501  665
435  532  787
359  587  642
13  14  656
305  559  746
390  428  717
352  507  621
353  561  830
449  589  944
339  665  910
36  577  784
406  494  888
439  566  770
378  591  660
366  632  750
514  548  771
576  678  839
303  505  708
442  478  909
329  601  942
472  874  882
370  481  630
356  545  740
384  504  544
370  482  630
297  443  801
391  727  828
324  611  700
344  577  784
462  570  794
309  567  617
377  483  599
98  99  626
400  629  668
308  376  669
409  459  725
381  493  686
304  555  613
418  739  943
411  716  732
386  568  680
35  471  784
378  626  660
587  768  918
298  742  835
398  518  692
355  531  554
295  576  759
386  562  680
283  438  855
407  502  731
380  574  575
375  494  635
31  521  641
86  87  622
379  542  657
334  455  529
374  582  838
364  476  637
398  518  757
436  536  804
291  495  555
319  718  841
496  619  898
398  703  757
275  554  651
21  22  618
20  485  810
35  36  784
549  739  887
335  708  772
118  119  628
402  603  604
88  89  616
395  585  654
343  590  746
79  560  633
408  702  712
404  507  928
120  121  630
314  488  820
471  665  910
392  561  730
122  123  629
363  708  738
297  625  801
357  573  723
406  655  829
24  25  649
286  442  795
423  541  922
302  583  631
360  588  589
502  731  933
396  605  606
337  465  862
320  535  761
271  597  837
416  736  779
355  468  724
322  586  860
391  529  828
299  586  872
358  613  774
383  588  589
356  545  790
427  520  821
65  66  634
96  97  637
78  560  745
291  541  774
472  615  874
377  599  785
75  538  712
107  543  650
427  748  821
411  484  915
360  642  704
533  655  914
11  12  648
388  580  687
407  719  731
79  80  633
63  64  638
106  543  709
104  542  657
105  542  709
74  538  640
293  739  943
127  128  644
108  547  650
330  427  751
316  698  710
61  62  643
129  130  645
56  57  646
287  452  805
289  617  897
428  617  897
54  55  647
388  571  687
468  531  813
418  934  943
109  547  716
303  708  738
356  597  740
298  528  742
355  605  689
380  551  952
396  605  689
0  762  763
514  550  763
373  620  738
290  663  921
315  575  804
357  649  953
92  731  933
377  624  796
489  610  778
346  526  865
314  544  726
288  488  820
333  520  876
367  566  770
347  670  691
309  617  775
73  74  640
455  556  807
533  575  952
389  645  675
293  739  887
381  682  686
33  34  665
19  569  810
279  780  937
344  545  740
451  520  802
323  586  860
107  108  650
393  554  869
326  632  915
535  672  858
354  766  947
30  31  641
279  662  777
294  607  706
422  524  711
413  773  809
379  592  797
306  590  690
367  474  831
421  714  785
280  541  922
346  463  902
351  444  681
340  477  670
334  553  807
328  496  941
412  656  760
465  594  842
345  661  951
348  639  697
89  90  627
374  612  853
350  648  696
364  476  705
414  443  835
364  549  852
26  523  953
560  633  770
442  729  782
112  113  658
380  574  695
103  104  657
416  509  736
393  534  721
352  596  844
355  605  724
434  695  924
287  614  688
422  707  765
424  761  883
131  564  675
23  24  682
389  564  886
360  587  588
421  599  919
462  725  863
70  71  654
15  445  823
340  553  807
445  527  823
75  76  712
27  537  867
369  851  949
350  489  600
295  535  761
443  742  835
464  661  951
294  636  889
105  106  709
525  608  892
415  600  610
132  564  727
414  443  801
410  780  806
278  587  918
91  92  731
363  510  622
463  787  893
282  436  804
326  632  856
342  528  894
19  20  810
455  529  816
117  118  666
335  546  772
277  434  652
434  636  652
99  100  660
15  445  948
90  91  719
342  457  797
66  67  659
360  587  642
373  620  913
518  648  757
76  77  702
52  562  680
53  562  685
132  133  727
109  110  716
123  124  668
297  625  909
300  656  846
113  582  658
322  586  905
402  534  788
433  631  914
437  559  838
282  655  829
51  52  680
84  85  707
294  509  706
368  583  877
269  684  861
49  50  683
51  568  680
368  631  914
50  568  683
301  546  772
270  441  895
429  662  777
49  571  683
292  601  793
342  744  894
433  700  808
48  571  687
391  564  886
374  484  853
18  569  840
324  700  808
47  48  687
439  749  825
312  671  852
130  131  675
342  457  824
28  537  912
27  537  912
330  427  876
394  793  803
298  595  798
278  596  844
407  572  927
298  595  835
114  582  811
426  611  700
103  592  657
420  623  938
378  591  824
290  667  921
37  577  847
293  728  943
567  734  812
551  877  919
445  527  907
406  662  937
60  61  748
281  552  778
489  600  610
425  576  678
367  598  831
22  23  686
53  54  685
421  583  714
436  536  758
70  585  654
12  13  696
318  620  706
356  558  790
289  460  815
283  664  839
274  605  724
47  580  687
0  46  762
46  580  762
285  923  934
287  688  788
472  714  879
25  26  953
110  111  732
283  678  839
353  497  830
311  705  744
565  663  896
387  735  923
382  584  859
450  596  806
407  467  927
268  573  908
85  86  741
490  663  921
425  576  759
383  589  822
428  617  775
67  584  659
77  78  745
11  648  757
401  651  689
307  849  911
387  817  923
437  764  811
102  592  868
69  585  834
411  632  881
303  505  791
100  591  660
581  673  832
284  736  779
430  672  900
68  584  834
534  721  788
392  527  730
37  38  847
83  84  765
373  467  913
346  623  833
101  591  868
17  18  840
71  602  654
81  82  749
324  611  917
292  593  793
295  535  672
420  677  938
26  523  867
14  15  948
406  662  829
406  655  808
367  560  770
385  492  931
384  504  638
341  524  711
376  517  669
374  559  838
479  736  889
291  495  892
372  673  674
93  674  933
311  549  739
280  642  704
384  506  638
418  595  934
115  116  764
387  625  795
86  622  741
424  614  688
453  632  750
421  583  877
297  478  909
341  566  849
578  934  943
326  612  853
327  653  841
40  558  814
290  462  863
118  628  666
455  556  866
392  530  693
311  563  744
89  616  627
275  554  869
72  602  904
327  458  845
277  434  819
93  673  674
442  625  909
111  112  781
342  744  824
99  626  660
15  16  823
125  126  776
324  808  888
389  645  850
470  597  837
402  604  878
396  699  713
321  720  742
325  714  785
40  41  814
123  629  668
425  688  788
327  458  859
390  609  755
291  525  892
325  714  879
91  719  731
279  621  780
419  820  884
333  451  734
42  526  865
395  585  845
444  776  827
333  679  812
26  27  867
421  877  919
38  545  847
307  614  883
329  793  803
80  633  825
116  117  792
463  893  903
465  594  862
19  569  930
18  569  930
366  632  881
76  702  712
368  533  952
43  44  938
66  634  659
372  517  674
375  684  941
307  614  911
465  615  874
340  477  556
550  670  946
124  125  799
319  653  841
378  744  824
399  647  685
82  83  800
420  623  833
505  708  772
114  115  811
90  627  719
343  559  746
404  578  928
479  636  889
440  762  763
453  632  856
393  534  869
58  59  802
375  635  722
98  626  929
130  645  675
37  577  932
36  577  932
406  808  888
390  540  897
286  896  920
296  488  899
409  725  863
439  633  825
330  679  884
361  718  858
332  579  893
519  849  911
85  707  741
415  609  610
343  492  931
348  548  697
80  81  825
77  702  745
397  603  604
532  767  833
84  707  765
346  532  833
346  623  865
415  609  755
387  752  795
23  682  686
134  135  816
277  551  919
294  636  924
317  608  851
126  127  827
389  564  675
380  695  819
307  566  849
59  60  821
332  787  893
415  737  755
61  643  748
304  613  691
301  772  935
371  503  581
451  802  836
439  633  770
110  716  732
405  606  624
276  737  755
452  519  911
347  789  803
112  658  781
321  773  809
328  722  941
127  644  827
279  621  916
298  563  798
68  69  834
57  58  836
536  671  857
12  648  696
505  772  935
324  635  888
340  556  807
133  134  828
285  928  934
405  624  796
3  27  912
3  28  912
54  647  685
73  640  904
275  604  878
433  655  914
423  667  921
386  676  753
477  556  864
349  552  697
578  928  934
320  598  831
97  637  929
371  671  832
442  625  795
135  136  854
333  679  876
2  18  930
2  19  930
594  862  908
4  36  932
4  37  932
92  93  933
298  563  894
359  642  940
16  730  823
373  510  616
413  543  709
413  542  709
368  551  952
608  851  949
117  666  792
277  599  919
270  693  944
273  692  767
427  643  748
17  561  840
101  102  868
57  646  836
449  589  822
494  635  888
411  547  716
294  509  889
514  550  789
389  851  886
455  816  854
455  854  866
83  765  800
387  752  756
301  694  826
82  749  800
408  538  712
111  732  781
601  846  942
418  739  798
319  672  900
472  714  882
468  724  766
81  749  825
137  138  864
321  720  750
124  668  799
136  137  866
396  713  891
302  874  882
298  528  894
625  801  817
416  694  779
417  694  826
433  655  808
301  694  935
387  735  756
300  846  942
319  672  858
268  594  908
402  534  878
334  455  807
456  573  908
303  620  738
330  679  876
327  653  880
417  805  826
288  717  936
565  896  920
359  490  940
385  690  931
312  549  852
509  736  889
505  791  935
372  517  857
72  73  904
292  601  907
116  764  792
396  606  891
409  663  863
291  555  774
368  533  914
115  764  811
318  620  913
410  684  861
563  744  894
459  729  782
414  595  835
473  611  917
444  681  848
429  662  829
417  701  779
359  565  768
444  644  848
97  98  929
290  663  863
348  514  548
360  704  895
347  691  803
416  791  935
133  727  828
409  782  896
293  728  885
404  728  777
309  567  812
420  692  767
60  748  821
427  643  751
125  776  799
317  851  886
280  704  747
318  572  927
417  694  779
319  653  900
0  138  945
126  776  827
424  688  759
366  750  809
282  575  804
430  576  839
420  767  833
280  642  940
635  722  917
437  582  811
444  644  827
368  551  877
312  758  887
467  913  927
424  614  883
302  583  882
279  662  937
287  721  805
293  758  885
456  862  908
452  805  826
457  592  868
453  720  750
391  769  886
496  684  941
399  647  843
418  595  798
327  841  845
457  591  868
372  671  832
323  440  771
296  664  899
285  735  923
286  752  795
466  640  904
59  802  821
280  541  926
430  664  839
416  694  935
395  841  845
58  802  836
343  690  931
305  729  901
399  562  685
527  730  823
452  614  911
432  756  906
457  592  797
333  734  812
318  913  927
280  747  926
351  681  818
284  701  779
369  516  848
134  816  828
331  713  891
44  677  938
369  516  850
383  786  822
583  714  882
307  598  883
329  639  942
391  564  727
135  816  854
399  753  875
411  547  881
324  635  917
497  693  944
457  591  824
358  774  926
443  720  742
354  652  947
274  724  766
466  602  904
313  608  949
437  582  838
410  806  861
459  590  901
458  585  834
417  721  805
312  549  887
403  568  683
506  643  751
681  818  949
432  735  756
451  646  836
403  571  683
458  584  834
451  646  890
286  752  920
399  843  875
432  844  906
434  695  819
136  854  866
447  752  756
322  676  905
477  864  945
441  704  895
362  511  890
0  945  946
362  511  843
315  536  857
327  880  925
502  674  933
516  644  848
330  726  884
389  850  851
369  850  851
43  623  938
447  906  918
425  688  759
516  645  850
289  617  815
474  702  745
387  625  817
440  580  762
310  676  753
137  864  866
429  728  777
491  707  741
656  846  948
321  750  809
445  601  907
310  815  939
459  729  901
434  636  924
347  550  789
369  681  848
451  734  890
524  749  800
458  585  845
309  679  812
473  722  917
476  637  929
476  626  929
458  584  859
25  649  953
565  768  920
327  859  925
484  732  781
138  864  945
450  806  861
294  607  924
392  693  830
440  763  771
511  646  890
369  681  949
394  691  803
302  842  874
349  552  778
463  902  903
358  747  926
497  693  830
299  872  873
375  722  941
404  777  916
492  764  792
445  601  846
310  753  875
279  777  916
447  752  920
296  653  880
448  786  822
511  647  843
513  717  936
467  627  719
447  768  920
499  776  799
438  664  899
447  756  906
414  801  817
317  769  886
423  921  922
347  550  670
441  704  747
447  768  918
371  581  832
429  728  885
534  869  878
456  862  870
465  842  874
14  656  948
480  902  903
487  880  925
484  853  915
319  718  858
436  758  885
382  859  925
414  817  923
293  758  887
278  906  918
313  818  949
362  734  890
310  676  939
300  639  942
337  862  870
460  815  939
520  802  821
590  746  901
541  774  926
362  843  875
529  816  828
278  844  906
445  846  948
275  869  878
477  945  946
456  870  951
305  746  901
394  613  691
286  782  896
448  822  950
449  822  950
464  870  951
490  921  922
676  905  939
461  872  873
348  514  789
556  864  866
372  673  832
326  853  915
514  763  771
460  905  939
