0  2  1  0.00221  18121.8  0  0  1
1  1  2  2  18060.8  2.00306  -0.0772244  1
2  1  2  -2  18060.5  1.98992  -0.0611979  1
3  3  -2  -2  18034.7  1.9989  -0.0761346  1
4  3  -2  2  18083.1  1.99856  -0.075812  1
10  1  2  1.6  18062.5  2.0092  -0.0799113  1
11  1  2  1.2  18062.5  2.01107  -0.0823117  1
12  1  2  0.8  18062.5  2.01151  -0.0837017  1
13  1  2  0.4  18062.5  2.00372  -0.0800253  1
14  1  2  5.50449e-12  18062.5  1.99253  -0.0569566  1
15  1  2  -0.4  18062.5  1.98471  -0.0375007  1
16  1  2  -0.8  18062.5  1.98174  -0.0416157  1
17  1  2  -1.2  18062.5  1.98526  -0.0502446  1
18  1  2  -1.6  18062.5  1.98793  -0.0573127  1
19  0  1.6  -2  18053.5  1.99297  -0.0644085  1
20  0  1.2  -2  18044.4  1.99711  -0.0695982  1
21  0  0.8  -2  18030.7  2.00322  -0.0771429  1
22  0  0.4  -2  18015.3  2.00943  -0.0841803  1
23  0  5.50449e-12  -2  18007.7  2.01226  -0.0861374  1
24  0  -0.4  -2  18010.8  2.01018  -0.0835575  1
25  0  -0.8  -2  18018.6  2.00605  -0.0806714  1
26  0  -1.2  -2  18025.5  2.00294  -0.0785956  1
27  0  -1.6  -2  18031.5  2.00034  -0.0769007  1
28  3  -2  -1.6  18038.7  1.99856  -0.075812  1
29  3  -2  -1.2  18045.8  1.99856  -0.075812  1
30  3  -2  -0.8  18056.2  1.99856  -0.075812  1
31  3  -2  -0.4  18067.8  1.99856  -0.075812  1
32  3  -2  -5.50449e-12  18077.7  1.99856  -0.075812  1
33  3  -2  0.4  18083.5  1.99856  -0.075812  1
34  3  -2  0.8  18085.4  1.99856  -0.075812  1
35  3  -2  1.2  18085.2  1.99856  -0.075812  1
36  3  -2  1.6  18083.9  1.99856  -0.075812  1
37  0  -1.6  2  18082  1.99856  -0.075812  1
38  0  -1.2  2  18079.1  1.99856  -0.075812  1
39  0  -0.8  2  18073.5  1.99856  -0.075812  1
40  0  -0.4  2  18065.8  1.99856  -0.075812  1
41  0  -5.50449e-12  2  18058.2  1.99856  -0.075812  1
42  0  0.4  2  18052.8  1.99856  -0.075812  1
43  0  0.8  2  18050.1  1.99856  -0.075812  1
44  0  1.2  2  18053.2  1.99856  -0.075812  1
45  0  1.6  2  18058  1.99856  -0.075812  1
46  2  0.978476  0.00531322  18233  -6.50054e-17  7.68932e-18  1
47  2  0.956935  0.00862804  18225.8  -1.30011e-16  1.53786e-17  1
48  2  0.935431  0.0121776  18152.4  0  0  1
49  2  0.913955  0.0158874  18113.7  -7.83139e-18  2.45305e-18  1
50  2  0.8925  0.0197209  18073.7  0  0  1
51  2  0.871061  0.0236445  18038.9  0  0  1
52  2  0.849633  0.0276215  18008  1.48297e-16  -2.10128e-17  1
53  2  0.82821  0.0316314  17970  -7.54109e-17  1.09283e-17  1
54  2  0.806786  0.0356352  17929.2  3.32785e-16  -4.78659e-17  1
55  2  0.78535  0.0395721  17859.6  -9.28081e-17  1.09521e-17  1
56  2  0.763897  0.0434138  17832.5  -1.1073e-16  1.60289e-17  1
57  2  0.742427  0.0471632  17807.5  5.41673e-16  -7.10742e-17  1
58  2  0.720941  0.0508141  17733.8  3.61264e-16  -4.88562e-17  1
59  2  0.699428  0.0543055  17686.6  -4.02389e-16  4.94168e-17  1
60  2  0.677887  0.057623  17643.4  3.61989e-16  -4.31939e-17  1
61  2  0.656318  0.0607473  17601.4  -4.10881e-16  4.51645e-17  1
62  2  0.634718  0.0636541  17554.2  3.7257e-16  -3.97012e-17  1
63  2  0.613091  0.0663499  17511.1  0  0  1
64  2  0.591436  0.0688155  17473.9  4.73591e-17  -3.14139e-18  1
65  2  0.569755  0.0710336  17437.2  -1.65226e-16  1.10402e-17  1
66  2  0.548048  0.072986  17423.1  6.8831e-16  -4.86827e-17  1
67  2  0.526318  0.0746623  17408.5  0  0  1
68  2  0.504569  0.0760667  17388.3  4.62274e-16  -2.30379e-17  1
69  2  0.482804  0.0772061  17375.5  1.68558e-16  -5.16409e-18  1
70  2  0.461025  0.0780237  17366.1  1.68558e-16  -5.16409e-18  1
71  2  0.439238  0.0785718  17354.3  2.4132e-16  -7.92036e-19  1
72  2  0.417445  0.078858  17374.7  7.96261e-17  -1.95977e-19  1
73  2  0.395651  0.078849  17393  2.38848e-16  4.45344e-18  1
74  2  0.373858  0.0785504  17402.7  -7.05105e-17  -7.08248e-20  1
75  2  0.352071  0.0779889  17417.5  -4.77776e-16  -1.99154e-17  1
76  2  0.330291  0.0771826  17431.2  0  0  1
77  2  0.308523  0.0761112  17440.9  3.30659e-16  2.08528e-17  1
78  2  0.28677  0.0747738  17489.5  -8.90568e-17  -5.46041e-18  1
79  2  0.265033  0.07319  17536.6  3.92882e-16  3.4437e-17  1
80  2  0.243313  0.0713885  17565.8  -4.74434e-16  -4.04678e-17  1
81  2  0.221617  0.0693147  17593.2  2.35114e-16  2.52415e-17  1
82  2  0.199946  0.0669966  17645.7  0  0  1
83  2  0.178302  0.0644401  17692  -7.45564e-16  -9.2531e-17  1
84  2  0.156689  0.0616348  17695.8  -4.52741e-16  -5.84853e-17  1
85  2  0.13512  0.0585132  17689.7  2.27667e-16  3.66524e-17  1
86  2  0.113611  0.0549968  17784.1  1.64006e-16  2.74303e-17  1
87  2  0.0921879  0.0509941  17877.9  4.284e-16  8.9597e-17  1
88  2  0.070894  0.0463532  17915.4  -5.36942e-16  -1.21439e-16  1
89  2  0.0499005  0.0405115  17964.3  -1.83323e-16  -6.83261e-18  1
90  2  0.0294887  0.032933  18272.3  -4.66953e-18  -1.57182e-18  1
91  2  0.0111834  0.0211611  19162.8  1.56649e-16  4.58933e-17  1
92  2  0.0003293  0.00327844  19534.8  0  0  1
93  2  0.00692643  -0.0164296  17274.5  0  0  1
94  2  0.0265388  -0.0258733  15723.9  1.62569e-16  -4.73677e-17  1
95  2  0.0478422  -0.0302758  16253.9  2.66103e-16  -8.01512e-17  1
96  2  0.0695177  -0.0325291  16564  -3.20706e-16  3.06035e-17  1
97  2  0.0912801  -0.0337022  16887.5  -1.72e-16  3.15639e-17  1
98  2  0.113061  -0.0344655  17042.1  0  0  1
99  2  0.13485  -0.0349735  17150.3  5.4835e-17  -2.77752e-18  1
100  2  0.156641  -0.035336  17244.2  1.73885e-16  -1.24969e-17  1
101  2  0.178434  -0.0356387  17329.9  2.51955e-16  -8.16735e-18  1
102  2  0.200226  -0.0359273  17357.7  -2.17156e-16  6.82497e-18  1
103  2  0.222019  -0.0361936  17400.7  0  0  1
104  2  0.243813  -0.0364439  17430.3  -5.08001e-16  1.68699e-17  1
105  2  0.265606  -0.0366919  17473.6  1.68856e-16  -7.04416e-19  1
106  2  0.287399  -0.0369263  17471.6  0  0  1
107  2  0.309193  -0.0371329  17489.6  4.93038e-32  -3.85186e-34  1
108  2  0.330987  -0.0372957  17524.7  1.83596e-16  -2.8513e-18  1
109  2  0.352781  -0.0373812  17526.1  3.22192e-16  -2.47115e-18  1
110  2  0.374576  -0.0374379  17520.2  1.05512e-17  -3.47279e-18  1
111  2  0.39637  -0.0374176  17528.8  1.63921e-16  1.93323e-18  1
112  2  0.418164  -0.0372663  17577.6  1.59362e-16  6.92359e-18  1
113  2  0.439958  -0.0370402  17565.5  2.38566e-17  -7.17715e-18  1
114  2  0.46175  -0.0367007  17569.4  1.64267e-16  2.54828e-18  1
115  2  0.483539  -0.0362356  17597.5  1.70707e-16  1.63711e-18  1
116  2  0.505326  -0.0356424  17611.1  -2.46519e-32  -7.70372e-34  1
117  2  0.527109  -0.034938  17637.2  -1.57678e-16  -8.7945e-18  1
118  2  0.548887  -0.0340966  17618  0  0  1
119  2  0.570659  -0.0331084  17637.6  3.2953e-16  1.42043e-17  1
120  2  0.592426  -0.0320058  17691  -5.15682e-16  -1.79985e-17  1
121  2  0.614185  -0.030759  17699.7  0  0  1
122  2  0.635936  -0.0293866  17726.7  -3.11183e-16  -1.54796e-17  1
123  2  0.657681  -0.0279143  17742  0  0  1
124  2  0.679417  -0.0263141  17773.5  2.99073e-17  4.15153e-18  1
125  2  0.701146  -0.0246263  17811.9  -1.39795e-16  -5.2897e-18  1
126  2  0.722869  -0.0228617  17814.4  -7.00569e-17  -5.4985e-18  1
127  2  0.744585  -0.0210085  17851.8  -4.27025e-16  -2.78247e-17  1
128  2  0.766297  -0.0191186  17863.1  2.81135e-16  2.01267e-17  1
129  2  0.788007  -0.017197  17891.1  -1.36291e-16  -8.32266e-18  1
130  2  0.809715  -0.0152552  17931.4  0  0  1
131  2  0.831426  -0.0133451  17952.8  -2.61071e-16  -1.81365e-17  1
132  2  0.853139  -0.0114637  17972.6  0  0  1
133  2  0.874857  -0.00964239  17994.6  1.28755e-16  7.24553e-18  1
134  2  0.896584  -0.00792623  18010.7  0  0  1
135  2  0.918322  -0.00635808  18029.5  1.36132e-16  1.0636e-17  1
136  2  0.940071  -0.00494079  18051.8  2.66278e-16  1.95618e-17  1
137  2  0.96183  -0.00370847  18063.8  0  0  1
138  2  0.983605  -0.00277199  18056.1  -8.16842e-17  -2.68208e-18  1
268  0  -0.947984  0.586991  18101.3  1.99033  -0.0736947  1
269  0  -0.0642886  0.987225  18059.6  2.01205  -0.0530063  1
270  0  0.905975  0.992253  18026.4  2.02708  -0.0829207  1
271  0  -0.836414  -0.318439  18080.5  1.99276  -0.101844  1
272  0  -0.145276  -0.979185  17991.1  2.02892  -0.100746  1
273  0  0.798964  -1.0061  17993.9  2.02844  -0.0539224  1
274  0  1.13221  -0.530124  18034.4  2.01403  -0.0127877  1
275  0  0.344895  -0.617912  17899.1  2.0808  -0.079241  1
276  0  -0.0605522  -0.476905  17939.5  2.05724  -0.147531  1
277  0  0.437904  0.667806  17973.7  2.05314  -0.0562761  1
278  0  0.890483  0.513652  17988.9  2.04321  -0.113302  1
279  0  0.0242885  0.488534  18066.8  2.0093  -0.00150416  1
280  0  -0.4024  0.255076  18181.4  1.94929  -0.0688638  1
281  0  -0.398554  -0.13229  18139.4  1.9616  -0.138369  1
282  0  0.710161  -0.420149  17911.3  2.07763  -0.00466625  1
283  0  0.611141  0.368495  17847.1  2.11246  -0.100883  1
284  0  0.333555  0.352316  17853  2.11125  1.04532e-07  1
285  0  0.224066  -0.354853  17780.6  2.13773  -0.115862  1
286  0  0.478062  -0.290302  17774.4  2.14273  -0.0268272  1
287  0  0.811759  0.262453  17923.9  2.06642  -0.173418  1
288  0  1.01761  0.204587  18078.2  1.99122  -0.162942  1
289  0  -0.122409  0.243787  18248.4  1.91352  0.00983915  1
290  0  0.10165  0.269861  18034.5  2.02124  0.092951  1
291  0  0.964418  -0.268238  18023.6  2.02274  0.0376251  1
292  0  0.0409145  -0.242392  17766.5  2.13492  -0.226574  1
293  0  0.659908  -0.222112  17838.6  2.12066  0.035819  1
294  0  -0.181842  -0.0750096  18240.5  1.90395  -0.216408  1
295  0  0.657944  0.215332  17770.4  2.13966  -0.165067  1
296  0  0.507244  0.233778  17693.5  2.18471  -0.0801939  1
297  0  0.817912  -0.179019  17939  2.08746  0.0659709  1
298  0  -0.134338  0.0962742  18447.8  1.79989  -0.0552321  1
299  0  0.167657  -0.174788  17564.4  2.22939  -0.159746  1
300  0  0.319692  -0.187363  17640.4  2.20947  -0.068871  1
301  0  1.3489  -0.215924  18111.2  1.97463  -0.0104909  1
302  0  0.218911  0.212151  17830.7  2.11874  0.108229  1
303  0  0.371323  0.220738  17691.5  2.18534  0.0146438  1
304  0  -0.0140637  0.164405  18332.4  1.86295  0.122904  1
305  0  0.884227  0.154301  18004.1  2.0597  -0.215408  1
306  0  0.778546  0.158348  17878.5  2.12118  -0.225225  1
307  0  0.935371  -0.137171  18033.6  2.06543  0.0773391  1
308  0  -0.0394555  -0.14001  17916.8  2.0447  -0.348272  1
309  0  0.430272  -0.15387  17657  2.23469  -0.0204292  1
310  0  0.542313  -0.146207  17709.2  2.21742  0.0244575  1
311  0  -0.478944  -0.557771  18039.7  2.00984  -0.119643  1
312  0  -1.16602  -1.05286  18042.1  2.00196  -0.087972  1
313  0  0.135881  0.160412  17936.5  2.05626  0.192137  1
314  0  0.0800872  -0.134418  17503.3  2.26259  -0.285656  1
315  0  -0.0951984  -0.0419537  18373.1  1.8115  -0.325709  1
316  0  -0.209616  -0.307029  18030.1  2.01345  -0.176889  1
317  0  1.01978  -0.0920748  18114  1.96202  0.0830768  1
318  0  0.961265  0.101771  18112.9  2.08399  -0.216253  1
319  0  1.10526  0.101044  18175.9  1.99587  -0.149968  1
320  0  1.46856  0.608099  18064.8  2.00896  -0.0889863  1
321  0  0.630774  -0.122717  17771.6  2.20725  0.0666088  1
322  0  0.721686  -0.11541  17845  2.15117  0.0847083  1
323  0  0.56762  0.168946  17627.8  2.2302  -0.13251  1
324  0  -0.347863  0.0832213  18217.6  1.92521  -0.100073  1
325  0  -0.365509  0.680669  18106  1.98847  -0.0517806  1
326  0  -0.682447  0.0160603  18122.6  1.97532  -0.0978293  1
327  0  -1.1683  0.0816313  18091.3  1.9921  -0.0847343  1
328  0  0.424591  0.165819  17570.4  2.25194  -0.0143031  1
329  0  0.292814  0.163312  17663.2  2.19444  0.0957092  1
330  0  0.232814  -0.123459  17515.9  2.32306  -0.111154  1
331  0  0.405093  1.16716  18034.6  2.02419  -0.066252  1
332  0  0.328119  -1.12289  17981.3  2.03353  -0.0805318  1
333  0  -0.756835  1.26805  18081.9  2.00025  -0.0690504  1
334  0  0.0673551  0.121172  18125.4  1.95763  0.263939  1
335  0  0.701847  0.131707  17755.2  2.24227  -0.235781  1
336  0  0.63205  0.130329  17648.1  2.30916  -0.207088  1
337  0  0.497332  0.146276  17549.7  2.32181  -0.0860994  1
338  0  0.361209  0.147298  17573.6  2.28539  0.0472665  1
339  0  0.225864  0.139411  17722.6  2.17811  0.166073  1
340  0  0.362847  -0.120591  17598.7  2.28453  -0.0390884  1
341  0  0.144526  -0.108445  17403.8  2.38706  -0.184948  1
342  0  -1.38377  -0.532267  18063.7  1.99861  -0.0861282  1
343  0  0.298259  -0.105477  17546.4  2.31115  -0.0623771  1
344  0  0.852299  -0.0967892  17963.3  2.0391  0.0996896  1
345  0  0.828909  0.110676  17952.6  2.16283  -0.258976  1
346  0  0.892189  0.0863037  18047.6  2.08457  -0.255903  1
347  0  -0.0631714  0.0486925  18780.9  1.59795  -0.0517112  1
348  0  0.783538  -0.0873087  17905.3  2.04771  0.102985  1
349  0  0.909074  -0.0724702  18025.5  1.92995  0.103905  1
350  0  1.44725  -1.05191  18042.9  1.99961  -0.0458359  1
351  0  0.0271689  -0.0898272  17400.4  2.30842  -0.501054  1
352  0  1.4918  0.205253  18097  1.97981  -0.0828589  1
353  0  0.474061  -0.102821  17614.1  2.22693  0.0168067  1
354  0  -0.648625  -1.03568  18025.2  2.01113  -0.0964449  1
355  0  -1.34988  1.03896  18087.5  1.9977  -0.0741278  1
356  0  0.666327  0.597976  17957.7  2.06011  -0.0869121  1
357  0  1.16351  0.439644  18056.4  2.01078  -0.113301  1
358  0  1.12617  -0.0321287  18216.7  1.55819  0.00715869  1
359  0  0.999816  0.0535844  18189.4  1.78003  -0.188729  1
360  0  -0.00684102  0.0757406  18647.1  1.6582  0.265377  1
361  0  0.233609  0.558492  17987  2.04812  -0.0211337  1
362  0  0.19585  0.336353  17940.6  2.07056  0.0469957  1
363  0  1.46313  1.14786  18052.3  2.01471  -0.0838668  1
364  0  0.0773947  -0.74448  17944.9  2.05538  -0.105836  1
365  0  -0.88345  -0.681977  18051.5  2.00235  -0.0986616  1
366  0  0.65119  -0.731818  17951.2  2.0543  -0.0475183  1
367  0  -0.031571  -0.0642639  18086.8  1.90987  -0.553607  1
368  0  0.763538  0.100764  17843.1  2.20253  -0.272339  1
369  0  0.210217  0.846376  18025.8  2.02891  -0.0482286  1
370  0  0.582824  -0.0844874  17684.6  2.06335  0.0596348  1
371  0  0.461978  0.364997  17828  2.12383  -0.0504791  1
372  0  -0.719423  0.341605  18122.2  1.97938  -0.0769548  1
373  0  -0.241173  0.424806  18151.3  1.96534  -0.0308063  1
374  0  0.116058  0.107569  17919.8  2.07237  0.284951  1
375  0  0.925778  0.336251  18000.7  2.03562  -0.145536  1
376  0  0.614344  0.88284  18004.1  2.03859  -0.0734039  1
377  0  0.673132  -0.0762252  17777  1.97018  0.0900547  1
378  0  0.100438  -0.0835153  17153.6  2.41954  -0.25956  1
379  0  0.540918  0.122245  17490.6  2.35892  -0.132236  1
380  0  0.181032  0.105843  17759.8  2.21321  0.244759  1
381  0  1.04236  0.74388  18026.3  2.0264  -0.0952401  1
382  0  0.406488  -0.0822152  17566.8  2.11708  -0.00408589  1
383  0  0.191739  -0.081299  17380.2  2.26758  -0.110385  1
384  0  -0.0307339  -1.49198  18003.3  2.01749  -0.088027  1
385  0  -1.41332  0.569853  18089.7  1.99608  -0.0767657  1
386  0  0.691151  -1.49406  18012.2  2.01474  -0.0713089  1
387  0  -0.0565789  1.49329  18058.5  2.01258  -0.067152  1
388  0  0.58504  0.113364  17522.2  2.30578  -0.181878  1
389  0  0.828766  1.44803  18041.9  2.02108  -0.0758242  1
390  0  -0.256149  0.186115  18255  1.90822  -0.0590768  1
391  0  0.516  -0.0806997  17643.3  2.0511  0.035155  1
392  0  0.527861  -0.49411  17877.2  2.09275  -0.0428368  1
393  0  0.932479  0.0591043  18127.2  1.78341  -0.22777  1
394  0  0.757096  0.403146  17926.4  2.07463  -0.12536  1
395  0  1.2006  0.291088  18097.1  1.98859  -0.120024  1
396  0  0.143304  -0.547035  17892.9  2.08292  -0.114986  1
397  0  -0.419444  -0.343908  18069  1.99711  -0.135733  1
398  0  -0.26308  -0.488343  18009.6  2.02401  -0.140222  1
399  0  0.0882589  -0.398896  17849.9  2.10348  -0.147518  1
400  0  -0.595051  -0.200152  18104.3  1.9812  -0.116085  1
401  0  0.627831  -0.0739865  17723.3  1.9369  0.0766542  1
402  0  0.589475  0.252488  17746.7  2.15755  -0.119896  1
403  0  -0.516568  0.484424  18129.5  1.97549  -0.0634225  1
404  0  -0.651212  0.775176  18100.4  1.99175  -0.064545  1
405  0  -0.151433  -0.185752  18073.3  1.98492  -0.234449  1
406  0  1.17986  -0.241384  18104.1  1.99135  0.00542401  1
407  0  0.343534  -0.303844  17748.7  2.1555  -0.0727781  1
408  0  0.405878  0.123451  17466.2  2.38333  0.0180727  1
409  0  0.451224  0.121728  17448.8  2.37727  -0.0388398  1
410  0  0.317863  0.121132  17522.6  2.34482  0.111672  1
411  0  0.272751  0.117216  17591.8  2.31176  0.164871  1
412  0  -0.0378805  -0.0204702  18656.2  1.62478  -0.560332  1
413  0  0.953551  -0.0502499  18052.2  1.67411  0.101542  1
414  0  0.88287  -0.64277  17984.3  2.03882  -0.0247221  1
415  0  1.13584  -0.87724  18021.9  2.01411  -0.0393856  1
416  0  0.25043  -0.0822132  17466  2.21846  -0.0796735  1
417  0  1.6107  -0.562565  18063.8  1.98928  -0.030431  1
418  0  -0.412975  1.01358  18082  2.00105  -0.0597028  1
419  0  -0.161021  0.0137318  18390.3  1.82267  -0.167914  1
420  0  -0.0252374  0.356231  18133.8  1.97455  0.0259509  1
421  0  0.383184  0.497864  17920.8  2.08056  -0.0354508  1
422  0  -0.923876  -1.45905  18026.5  2.00538  -0.0859083  1
423  0  0.737654  -0.0679473  17845.1  1.83859  0.0990273  1
424  0  0.151449  -0.289561  17740.4  2.15605  -0.150837  1
425  0  0.232967  -0.211047  17639.8  2.20248  -0.114955  1
426  0  0.670474  0.0977836  17652.9  2.19149  -0.24213  1
427  0  0.71811  0.0904755  17738.4  2.11057  -0.263228  1
428  0  -0.498938  -0.0219773  18150.2  1.96065  -0.111808  1
429  0  0.826805  -0.0586621  17941  1.74297  0.103951  1
430  0  0.866235  -0.0536475  17966.4  1.69273  0.101363  1
431  0  0.768486  -0.303582  17918.1  2.07091  0.0257069  1
432  0  0.071894  0.719928  18042.8  2.02006  -0.0352016  1
433  0  0.0596433  0.196048  18136.2  1.96699  0.148429  1
434  0  -0.0664349  -0.239262  17936  2.05328  -0.239226  1
435  0  -0.258902  -0.166037  18133.4  1.9605  -0.180353  1
436  0  0.280867  0.245594  17794.6  2.14031  0.0591203  1
437  0  0.42038  0.293363  17763.9  2.15634  -0.0276476  1
438  0  -0.00531298  0.268046  18169.8  1.95399  0.0623769  1
439  0  0.339068  -0.46468  17842.4  2.10978  -0.0792213  1
440  0  0.34244  -0.0773304  17528.9  2.10416  -0.0317974  1
441  0  1.07136  -1.29587  18022.7  2.00999  -0.0570218  1
442  0  0.0537067  0.0855044  18181.9  1.93539  0.365135  1
443  0  0.604916  -0.352025  17857.5  2.10433  -0.00829345  1
444  0  0.717905  0.309891  17877  2.09505  -0.141157  1
445  0  -1.40515  -1.48907  18035.7  2.00054  -0.0812463  1
446  0  0.919278  0.253502  18004.5  2.02558  -0.168276  1
447  0  -1.00693  -0.0196205  18094.6  1.98936  -0.089686  1
448  0  -0.300071  -0.0424057  18215.9  1.92435  -0.144316  1
449  0  0.800468  0.0747526  17900.9  1.94656  -0.267602  1
450  0  0.846276  0.0668938  17982.9  1.86239  -0.258268  1
451  0  0.556717  0.505844  17914.9  2.08216  -0.0751792  1
452  0  -0.134489  0.654226  18086.2  1.99804  -0.0350885  1
453  0  -0.113795  -0.678923  17969.6  2.04281  -0.119073  1
454  0  1.01446  -0.0450073  18138.8  1.55807  0.107349  1
455  0  -0.0299882  0.0337242  19127.5  1.35421  0.0241902  1
456  0  0.430136  -0.916372  17960.7  2.04523  -0.0734456  1
457  0  0.871956  0.727779  18005.6  2.0366  -0.0926987  1
458  0  -1.06282  0.977273  18089.7  1.99666  -0.0720517  1
459  0  -0.0546264  0.125586  18473.9  1.78627  0.0752064  1
460  0  0.746876  0.233752  17861.8  2.09423  -0.17856  1
461  0  0.557157  -0.242797  17779.5  2.13909  0.00397603  1
462  0  -0.0305754  -0.340427  17898.4  2.07835  -0.185801  1
463  0  1.04664  -0.201377  18078.2  2.01752  0.0414411  1
464  0  0.876426  -0.426584  17977.2  2.04487  0.00481571  1
465  0  -1.17861  1.51202  18081.4  1.9999  -0.0736558  1
466  0  -0.119309  -0.120415  18131.6  1.94853  -0.280694  1
467  0  1.33647  0.0885928  18137.4  1.90991  -0.0832615  1
468  0  0.0530037  -0.0696234  17020.3  2.46889  -0.464533  1
469  0  0.0131812  0.126432  18348.7  1.84963  0.208819  1
470  0  0.500509  -0.218001  17741.6  2.1595  -0.00601216  1
471  0  -0.286139  1.36619  18067.3  2.00775  -0.0655171  1
472  0  0.0857809  0.403822  18043.4  2.01978  0.024779  1
473  0  1.09254  0.03308  18221.1  1.53696  -0.126543  1
474  0  0.396814  -0.243625  17718.3  2.16856  -0.0472617  1
475  0  1.44943  -1.52765  18043.9  1.99739  -0.0582029  1
476  0  0.399641  1.59021  18048.9  2.01685  -0.071083  1
477  0  0.454577  -0.0757771  17595  2.0341  0.0173875  1
478  0  0.145149  -0.0709898  17299.2  2.30266  -0.15571  1
479  0  -0.558839  0.163784  18150.6  1.96238  -0.0854868  1
480  0  -0.236519  0.0915026  18304.2  1.88165  -0.0928507  1
481  0  -0.362207  -1.24936  18010.4  2.01673  -0.0940414  1
482  0  -0.00107612  -0.0530571  17674.9  2.12373  -0.856684  1
483  0  0.173625  0.165403  17861.6  2.09466  0.171241  1
484  0  0.150772  0.230466  17959.4  2.0576  0.118618  1
485  0  -1.14261  -0.303175  18075.4  1.99572  -0.0908712  1
486  0  0.291667  -1.51953  18003.4  2.01791  -0.0828167  1
487  0  -0.367921  -0.810968  18010  2.02082  -0.10978  1
488  0  -1.04066  0.270061  18100.6  1.98935  -0.0814647  1
489  0  -0.253086  0.311389  18202  1.93974  -0.0376708  1
490  0  0.495605  0.113705  17469.4  2.35765  -0.0875378  1
491  0  0.228959  0.107151  17663.3  2.28181  0.208286  1
492  0  0.362025  0.115173  17499.2  2.36469  0.065819  1
493  0  1.09754  1.29986  18042.8  2.02007  -0.079962  1
494  0  0.734066  -0.190757  17870.3  2.11573  0.0558191  1
495  0  0.0941656  -0.206667  17672.8  2.18289  -0.217059  1
496  0  0.82854  0.196966  17940.6  2.05578  -0.197925  1
497  0  -0.639167  -0.431361  18066.4  1.99804  -0.113296  1
498  0  -0.0810342  0.0148909  18688  1.64144  -0.206936  1
499  0  1.43108  1.66141  18054.1  2.01299  -0.0783644  1
500  0  0.628407  0.100873  17589.4  2.225  -0.215564  1
501  0  -0.11115  0.388016  18149.4  1.96705  -0.00212205  1
502  0  1.08973  0.337893  18059.6  2.00711  -0.12978  1
503  0  0.537455  0.328823  17807.5  2.13213  -0.0811336  1
504  0  -1.57063  -0.885615  18051.9  1.99919  -0.0823317  1
505  0  0.958362  0.17593  18055.7  2.01026  -0.186388  1
506  0  -1.66116  -0.102399  18076.8  1.99749  -0.0800577  1
507  0  0.00834823  -0.148688  17754.6  2.12241  -0.339555  1
508  0  0.185317  -0.122933  17475  2.34007  -0.146182  1
509  0  0.438581  -0.400688  17824.7  2.11963  -0.0520377  1
510  0  0.621355  0.189863  17698.3  2.1785  -0.161897  1
511  0  0.298096  -0.0732038  17517  2.09235  -0.045075  1
512  0  0.660062  1.17772  18031.4  2.02555  -0.0732489  1
513  0  1.05775  -0.0166924  18214.1  1.22597  0.0256527  1
514  0  0.143673  0.102804  17823.8  2.16372  0.27565  1
515  0  0.0870446  0.0889505  18013.9  2.05135  0.345061  1
516  0  0.888348  -0.226906  17981.5  2.0506  0.0516748  1
517  0  0.562879  -0.0678843  17667.1  1.88723  0.0610593  1
518  0  0.887859  0.0566268  18058.8  1.73504  -0.239756  1
519  0  0.597528  -0.188609  17774.5  2.15902  0.0285132  1
520  0  1.21374  1.04912  18044.4  2.01827  -0.0850207  1
521  0  0.780024  -0.0505987  17905.3  1.64929  0.100477  1
522  0  0.414631  0.231557  17689  2.18753  -0.0147433  1
523  0  0.275922  -0.155372  17583.1  2.25174  -0.089459  1
524  0  0.234255  0.436668  17952.5  2.06581  0.00530933  1
525  0  0.692649  -0.0559468  17778.8  1.52854  0.085039  1
526  0  0.0881361  -1.0391  17978.8  2.03458  -0.093119  1
527  0  0.219954  -0.0741294  17442.9  2.19211  -0.0830123  1
528  0  0.482222  0.192653  17620.6  2.21675  -0.0658902  1
529  0  -0.119458  0.188995  18322  1.87488  0.00857198  1
530  0  0.155198  1.06795  18042.2  2.02042  -0.0574682  1
531  0  0.672255  0.47515  17921.9  2.07794  -0.0994045  1
532  0  0.909471  -0.0425134  18028.6  1.54544  0.0971747  1
533  0  -1.69757  1.4507  18084  1.99869  -0.0752026  1
534  0  0.374988  -0.0743036  17564.5  2.08603  -0.0120067  1
535  0  0.297485  -0.274843  17713.1  2.17096  -0.0885034  1
536  0  1.01146  0.49811  18020.9  2.02758  -0.115489  1
537  0  0.374484  -0.171858  17653.9  2.21623  -0.0437487  1
538  0  0.48497  -0.0746898  17624.8  2.04118  0.0271184  1
539  0  0.579598  -1.09107  17985.5  2.03192  -0.0674758  1
540  0  0.68306  -0.167083  17832.6  2.14619  0.0554249  1
541  0  1.04638  0.136064  18135.4  2.02449  -0.166848  1
542  0  0.846469  0.363059  17960  2.05691  -0.139095  1
543  0  -1.61082  0.249466  18084.3  1.9974  -0.0782964  1
544  0  0.672828  0.177691  17752.1  2.16594  -0.191931  1
545  0  0.734159  0.19399  17831.4  2.1104  -0.197976  1
546  0  1.30937  -0.362068  18081.3  1.99246  -0.0134554  1
547  0  0.41822  0.841452  18004.3  2.03925  -0.060063  1
548  0  -0.61608  -0.778768  18032.3  2.00991  -0.104317  1
549  0  -0.356642  -0.275121  18083.5  1.98937  -0.149155  1
550  0  1.68922  -0.0867787  18098.6  1.95957  -0.0412808  1
551  0  -0.494151  -1.63813  18013.4  2.01052  -0.0859926  1
552  0  0.522753  0.187757  17624.7  2.21724  -0.0978482  1
553  0  0.972369  0.0372748  18204.9  1.31769  -0.155878  1
554  0  -0.447394  -0.22402  18104.1  1.97935  -0.133959  1
555  0  0.65077  0.28623  17817.2  2.125  -0.132051  1
556  0  0.35798  0.299035  17794.1  2.14205  0.00282182  1
557  0  -0.854034  0.203968  18112.7  1.98294  -0.0838453  1
558  0  0.875962  -0.157337  17982.9  2.08177  0.0763916  1
559  0  1.35489  -0.785346  18041.5  2.00251  -0.0351614  1
560  0  0.561242  0.0980323  17464  2.06658  -0.146165  1
561  0  -0.232491  -0.0106386  18291.4  1.88233  -0.146819  1
562  0  0.428683  0.104746  17403.4  2.17362  -0.00713403  1
563  0  0.296052  0.101376  17505.9  2.17616  0.138643  1
564  0  0.242475  0.269957  17857.7  2.11018  0.065051  1
565  0  -1.15013  -0.730268  18054  2.00066  -0.0913041  1
566  0  -0.116577  0.0446132  18538.4  1.7439  -0.117244  1
567  0  -0.711451  0.554515  18111.9  1.98458  -0.0689737  1
568  0  0.757789  0.071137  17820.7  1.71842  -0.232232  1
569  0  0.776275  0.503995  17956.6  2.05975  -0.107884  1
570  0  0.0296842  0.0621227  18318.7  1.75871  0.468432  1
571  0  0.000796421  0.0451458  18872.3  1.41097  0.41337  1
572  0  0.274177  -0.786523  17939.6  2.05797  -0.0873316  1
573  0  -0.652318  1.72347  18072.7  2.00368  -0.0726382  1
574  0  0.768587  -0.139875  17890.6  2.12589  0.0786558  1
575  0  -0.581421  0.309178  18140.3  1.97028  -0.0745456  1
576  0  0.978018  -0.031502  18073.1  1.29356  0.0872361  1
577  0  0.656885  -0.562805  17925  2.06928  -0.0318  1
578  0  1.05723  -0.423218  18033.4  2.01479  0.000732066  1
579  0  -0.236646  0.826859  18082.5  2.00095  -0.0499417  1
580  0  0.119957  -0.157732  17553.7  2.23024  -0.212228  1
581  0  0.605252  -0.059536  17693.6  1.63719  0.0654446  1
582  0  0.648574  -0.0547197  17753.9  1.55954  0.0741181  1
583  0  0.0296585  -0.0535255  16840.9  2.32938  -0.672815  1
584  0  0.692414  0.0803568  17676.2  1.8122  -0.222554  1
585  0  0.296831  0.702427  17996.3  2.04258  -0.0431132  1
586  0  0.548376  -0.0985765  17670.3  2.15702  0.0443592  1
587  0  1.59486  0.878027  18057.3  2.01258  -0.0856963  1
588  0  1.01942  -1.72054  18033.1  2.00291  -0.0684278  1
589  0  -0.967756  -0.468348  18067.7  1.99761  -0.0966004  1
590  0  1.68168  -0.94717  18053.4  1.99149  -0.0426521  1
591  0  0.73314  0.114349  17795.6  2.24493  -0.260127  1
592  0  0.00885962  -0.597117  17934.2  2.06152  -0.12478  1
593  0  -0.743872  -0.153226  18100.9  1.9841  -0.103061  1
594  0  -0.117548  -0.371835  17963  2.04685  -0.174307  1
595  0  0.508635  -0.637467  17915.9  2.07293  -0.0564979  1
596  0  1.38255  0.398314  18085.5  2.00108  -0.0951492  1
597  0  1.63091  0.40609  18068.2  2.00584  -0.0822825  1
598  0  0.190995  -0.24222  17675  2.18615  -0.139436  1
599  0  0.324668  -0.142789  17596  2.26671  -0.0610467  1
600  0  -0.0782861  -0.0802577  18184.4  1.91375  -0.366341  1
601  0  -0.449345  0.143123  18179.2  1.94693  -0.0876821  1
602  0  0.82189  0.057133  17946.4  1.49873  -0.215569  1
603  0  0.922072  0.127735  18051.9  2.07279  -0.220056  1
604  0  0.251558  0.178346  17742.3  2.15461  0.116601  1
605  0  0.844301  -0.0345138  17952.6  1.17576  0.0816794  1
606  0  0.0790902  -0.0573924  16971.1  2.21895  -0.279977  1
607  0  -0.0968397  -1.22393  17997.6  2.02346  -0.0933684  1
608  0  0.576546  0.734415  17981.6  2.04925  -0.0719353  1
609  0  -1.17308  0.728821  18092.9  1.99492  -0.0742819  1
610  0  0.488682  -0.164054  17694.1  2.20914  0.000906403  1
611  0  0.798193  0.105722  17896.9  2.18399  -0.267585  1
612  0  0.817583  0.15039  17923.7  2.11514  -0.231979  1
613  0  1.11935  -0.132413  18152.8  1.96697  0.0355906  1
614  0  1.25663  -0.0796288  18138.7  1.82786  -0.0144111  1
615  0  0.388207  0.18378  17619.9  2.21266  0.0100905  1
616  0  0.338669  0.187323  17657.3  2.1969  0.0496222  1
617  0  0.59123  -0.130422  17731.6  2.20875  0.0506171  1
618  0  0.79305  -1.2475  18006.3  2.0197  -0.0628584  1
619  0  0.436602  -0.108477  17607.3  2.2544  -0.00584147  1
620  0  0.146856  0.483176  18011.7  2.03731  0.000907069  1
621  0  -0.052879  0.219903  18260.1  1.90686  0.0572063  1
622  0  0.11977  0.0802314  17811.7  2.05065  0.330135  1
623  0  1.27272  0.793816  18047  2.0166  -0.0916178  1
624  0  0.123485  -0.0586041  17152.6  2.03322  -0.155158  1
625  0  0.167085  -0.0599613  17323.4  1.91781  -0.0930636  1
626  0  -0.394101  -0.0518875  18171.3  1.94848  -0.128241  1
627  0  0.472759  0.100113  17415.4  2.10222  -0.054739  1
628  0  0.18089  -0.438909  17843.4  2.10731  -0.121196  1
629  0  0.516765  0.0990943  17446.9  2.0819  -0.103754  1
630  0  0.252321  0.094622  17594  2.13666  0.182251  1
631  0  0.42976  -0.0608118  17559.5  1.65028  -0.00228393  1
632  0  0.208138  0.090601  17650.8  2.11772  0.227355  1
633  0  0.598704  0.148167  17624.8  2.27496  -0.1715  1
634  0  -0.0403563  1.23033  18057.9  2.01263  -0.0615332  1
635  0  0.384365  0.101308  17446.7  2.15135  0.040113  1
636  0  0.340426  0.100168  17468.2  2.15171  0.0896909  1
637  0  1.12534  1.58472  18048.6  2.01707  -0.0775656  1
638  0  -1.61785  0.829586  18087.4  1.99767  -0.0755785  1
639  0  -0.341075  0.348702  18169.4  1.95598  -0.0511283  1
640  0  -0.144836  -0.0425596  18335.6  1.84703  -0.238519  1
641  0  0.604749  0.0894168  17523.4  1.93285  -0.174442  1
642  0  -0.10692  0.504066  18107.9  1.98784  -0.0184487  1
643  0  0.647917  0.0841185  17602.5  1.85044  -0.203403  1
644  0  -0.0246569  0.00677354  19292.6  1.13494  -0.347893  1
645  0  0.822718  -0.80199  17983.1  2.03658  -0.041288  1
646  0  0.15647  0.133643  17857.1  2.10471  0.214714  1
647  0  0.962743  0.614109  18011  2.03274  -0.103565  1
648  0  -0.914331  -0.952548  18040.4  2.00448  -0.0933571  1
649  0  0.152111  0.291366  17973.9  2.05332  0.0776233  1
650  0  0.99613  0.0247096  18199.1  1.08571  -0.0999707  1
651  0  1.68125  1.40109  18056.3  2.01341  -0.0811713  1
652  0  -0.647634  0.999103  18088.2  1.99767  -0.0654252  1
653  0  1.02982  0.0218397  18210  1.18112  -0.103871  1
654  0  0.319928  -0.0588309  17524.3  1.65369  -0.0256822  1
655  0  0.276036  -0.0597252  17468.1  1.72309  -0.0512586  1
656  0  -0.629205  -1.40284  18019.1  2.00932  -0.0889999  1
657  0  0.668657  0.133503  17701.6  2.26541  -0.222584  1
658  0  0.035937  0.155075  18214.9  1.92006  0.186545  1
659  0  0.996421  0.288823  18041.5  2.01149  -0.149614  1
660  0  -0.3004  -0.35958  18043.9  2.00812  -0.152419  1
661  0  0.864536  0.0467934  18028.3  1.33574  -0.189267  1
662  0  0.906887  0.0398093  18108.6  1.2774  -0.184416  1
663  0  -0.245129  1.69869  18064.2  2.00806  -0.0707316  1
664  0  -0.485212  -0.115793  18131.7  1.96733  -0.122023  1
665  0  0.538826  -0.0559355  17627.4  1.57392  0.0380355  1
666  0  0.481786  -1.35258  17999.7  2.0222  -0.0758485  1
667  0  0.757658  -0.0424845  17863.1  1.31406  0.0693374  1
668  0  0.800886  -0.038444  17926.2  1.24778  0.0871761  1
669  0  0.463113  0.154972  17549.7  2.29657  -0.048172  1
670  0  -0.0898637  -0.175675  18007.4  2.0146  -0.274361  1
671  0  -0.0170082  -0.199354  17852.4  2.09266  -0.272893  1
672  0  0.102353  0.141618  18009.3  2.02154  0.227433  1
673  0  0.810588  -0.121474  17934.7  2.1109  0.0873412  1
674  0  0.999822  -0.0176982  18097.6  0.958959  0.0889738  1
675  0  0.680689  -0.307504  17874.1  2.09372  0.0151412  1
676  0  -1.66928  -1.2671  18042.7  1.99902  -0.0794422  1
677  0  0.716582  -0.0490427  17810.7  1.44291  0.0731759  1
678  0  0.87274  0.117677  18005.6  2.12407  -0.241458  1
679  0  0.732957  0.0699313  17780.2  1.62699  -0.220029  1
680  0  0.78042  0.0613917  17858.4  1.50084  -0.21267  1
681  0  0.887438  -0.0306956  18005.9  1.15972  0.0652619  1
682  0  0.930308  -0.0284299  18049  1.17226  0.0803972  1
683  0  -0.0137663  -0.104384  17817.1  2.0916  -0.441823  1
684  0  -0.366141  -1.00454  18008.3  2.02049  -0.101376  1
685  0  0.399623  -0.123687  17617.3  2.27229  -0.0283357  1
686  0  -1.28761  0.304883  18091.3  1.99417  -0.0800552  1
687  0  -0.113626  -0.00501795  18493.6  1.75202  -0.239099  1
688  0  -1.04664  1.24346  18084.5  1.99897  -0.0720368  1
689  0  0.503467  -0.116989  17661.6  2.23659  0.0189573  1
690  0  -0.341778  0.173029  18215.6  1.92821  -0.076331  1
691  0  0.225475  1.38014  18048.1  2.01801  -0.0665148  1
692  0  0.86682  -0.317062  17970.3  2.04603  0.0270786  1
693  0  -0.178803  -0.131306  18153.6  1.94588  -0.221906  1
694  0  -0.0126304  -0.0327981  17904.2  1.86167  -1.0245  1
695  0  0.0626458  -0.32156  17822.6  2.11438  -0.17651  1
696  0  1.5229  -0.331959  18085.3  1.98357  -0.021652  1
697  0  1.12082  0.200356  18115.4  1.98879  -0.140017  1
698  0  -0.173631  0.140146  18342  1.86085  -0.0446402  1
699  0  -1.7224  -0.641914  18060.1  1.99891  -0.080133  1
700  0  0.40654  0.09828  17407.8  2.0529  0.0143116  1
701  0  0.538677  0.0931836  17431.4  1.93951  -0.122968  1
702  0  0.450586  0.0966365  17379.1  2.00847  -0.0286275  1
703  0  0.186606  0.0827389  17704.9  2.01004  0.241296  1
704  0  0.318453  0.0960249  17453.8  2.07197  0.111757  1
705  0  0.582444  0.0881325  17459.8  1.84865  -0.152351  1
706  0  0.883092  0.210495  17984.9  2.03198  -0.191159  1
707  0  0.274585  0.0922354  17544.9  2.0594  0.156494  1
708  0  1.66597  -1.32395  18050.8  1.99341  -0.0529068  1
709  0  0.101471  -0.0535359  16991.8  1.99317  -0.172737  1
710  0  0.555072  0.217534  17689  2.18214  -0.110734  1
711  0  0.580778  -0.0533141  17679.6  1.48407  0.0639703  1
712  0  0.941448  -0.0895831  18046.7  1.98959  0.0923216  1
713  0  0.670291  -0.048224  17764.2  1.3746  0.0841204  1
714  0  0.626318  -0.0500034  17707.2  1.38798  0.0644811  1
715  0  0.215777  -0.165038  17569.4  2.24082  -0.123314  1
716  0  0.265286  -0.114604  17528.4  2.32586  -0.0840554  1
717  0  0.393182  0.416185  17874.3  2.10203  -0.0301691  1
718  0  0.189075  -0.055029  17323.6  1.67869  -0.0654335  1
719  0  0.0533064  -0.490552  17896.1  2.08027  -0.135802  1
720  0  0.948154  0.0364619  18166.6  1.2886  -0.185119  1
721  0  0.825313  -0.251493  17943  2.06338  0.0442905  1
722  0  1.11695  0.598413  18037.9  2.01991  -0.103745  1
723  0  0.407401  -0.0566598  17539.7  1.47647  0.017413  1
724  0  0.254291  -0.0551562  17437.9  1.5651  -0.0362718  1
725  0  -0.118345  -0.0710478  18247.6  1.89015  -0.294816  1
726  0  0.0702313  -0.0964914  17315.2  2.38327  -0.358488  1
727  0  0.0978642  0.585443  18033.2  2.02529  -0.0181578  1
728  0  0.469209  0.457299  17890.3  2.09496  -0.054113  1
729  0  0.516837  -0.0544378  17616.7  1.42727  0.0451107  1
730  0  0.609861  -0.909661  17971.3  2.04076  -0.0582689  1
731  0  1.00635  -1.06937  18012.9  2.01758  -0.050599  1
732  0  0.80448  -0.516144  17956.5  2.05326  -0.0132669  1
733  0  0.334594  -0.103241  17553.4  2.3074  -0.0486466  1
734  0  0.73535  -0.0409505  17835.8  1.22251  0.063712  1
735  0  -0.602649  -0.0748762  18125.1  1.97273  -0.108047  1
736  0  0.68218  0.380372  17881.5  2.09619  -0.115537  1
737  0  -0.657637  -0.599934  18047.9  2.00518  -0.108874  1
738  0  1.06323  -0.318062  18056.9  2.00409  0.0187147  1
739  0  0.526658  -0.377338  17836.7  2.11459  -0.0281367  1
740  0  0.162708  -1.30895  17993.4  2.02493  -0.0862718  1
741  0  0.0410429  0.3233  18088.8  1.99593  0.0538474  1
742  0  0.113175  -0.114725  17394.2  2.3568  -0.241407  1
743  0  0.822627  -0.032044  17934.9  1.07756  0.089301  1
744  0  0.543729  1.37859  18041.5  2.02146  -0.0712836  1
745  0  1.72764  0.155812  18079.3  1.96444  -0.0724995  1
746  0  0.787517  0.326414  17923.9  2.07196  -0.148976  1
747  0  0.21726  -0.648632  17912.4  2.07324  -0.0986212  1
748  0  0.304512  -0.382775  17793.5  2.13262  -0.088894  1
749  0  0.894739  -0.111418  18003  2.05563  0.0927431  1
750  0  0.865194  -0.0279926  17969.2  1.02788  0.0623372  1
751  0  0.488689  0.28788  17756.2  2.15911  -0.0625977  1
752  0  0.539313  0.410732  17863.9  2.10631  -0.0750786  1
753  0  0.927897  0.0325804  18129  1.09006  -0.179685  1
754  0  0.428662  -0.519308  17871.3  2.09524  -0.0624732  1
755  0  -0.512607  0.637603  18111.4  1.98502  -0.0594146  1
756  0  0.792687  0.862674  18010.8  2.03509  -0.0830539  1
757  0  -0.0617507  -0.0449714  18306.6  1.8121  -0.440479  1
758  0  -1.33909  -0.137368  18078.7  1.9958  -0.0850704  1
759  0  1.07171  -0.70338  18016.1  2.02009  -0.0276727  1
760  0  -0.0825359  0.29839  18194.8  1.94242  0.0227956  1
761  0  0.952756  -0.0237662  18054.7  1.06013  0.0856113  1
762  0  -0.236202  -0.0800101  18211.6  1.92236  -0.181128  1
763  0  0.103252  0.198142  18027.9  2.01902  0.154319  1
764  0  0.781262  0.198834  17889.4  2.08592  -0.201992  1
765  0  -1.15997  -1.3518  18034.2  2.00256  -0.0850562  1
766  0  0.962997  0.0682568  18151.4  1.93647  -0.215889  1
767  0  0.880407  1.19769  18034.1  2.02389  -0.0785145  1
768  0  0.0554723  -0.175986  17669.7  2.17479  -0.268858  1
769  0  0.727519  0.73475  17989.9  2.04481  -0.0844569  1
770  0  0.149555  -0.360464  17803.2  2.12623  -0.141558  1
771  0  0.535417  0.147567  17562.8  2.31808  -0.11933  1
772  0  0.0478651  0.86657  18047.3  2.01858  -0.0470381  1
773  0  -0.550555  -0.324516  18081.2  1.99163  -0.121942  1
774  0  -0.0606285  0.771372  18064.4  2.00974  -0.0413808  1
775  0  0.349447  0.588936  17962.2  2.05975  -0.0384325  1
776  0  -0.136422  -0.25969  18002.7  2.02224  -0.211962  1
777  0  -1.09353  -1.68936  18026.8  2.00363  -0.081935  1
778  0  -0.0179984  0.620595  18067.6  2.00754  -0.0248105  1
779  0  -0.464724  0.825043  18094.6  1.99534  -0.0582128  1
780  0  0.266812  0.339196  17889.9  2.09496  0.0245492  1
781  0  -1.44777  1.69969  18082.3  1.99917  -0.0750401  1
782  0  0.153518  1.73361  18054.7  2.01247  -0.0706951  1
783  0  0.632758  1.75024  18047.7  2.01581  -0.0737354  1
784  0  0.262369  0.143284  17667.9  2.21189  0.137109  1
785  0  -0.431003  0.0448344  18179.5  1.9458  -0.106625  1
786  0  0.264497  -0.955383  17964.1  2.04293  -0.0859318  1
787  0  -0.206519  -0.22007  18076.6  1.98792  -0.19701  1
788  0  0.712965  0.0700456  17705.5  1.54862  -0.206905  1
789  0  0.669223  0.0765563  17626.4  1.65435  -0.202117  1
790  0  0.699696  0.259127  17833.4  2.11188  -0.160053  1
791  0  0.982421  -0.0727832  18079.6  1.87761  0.093631  1
792  0  -0.907004  -1.20913  18031.3  2.00543  -0.0896619  1
793  0  0.649501  0.109321  17636.9  2.28216  -0.229126  1
794  0  0.164938  0.082559  17743.7  2.03896  0.263394  1
795  0  0.989858  -0.133412  18073.7  2.03961  0.0753103  1
796  0  0.61284  -0.447815  17884.9  2.09059  -0.0237407  1
797  0  0.549522  0.618928  17953.3  2.06266  -0.0694992  1
798  0  1.19054  0.0450576  18189.3  1.77158  -0.0988547  1
799  0  0.341847  -0.0554861  17514.2  1.45102  -0.0111291  1
800  0  0.335575  0.985019  18025.2  2.02897  -0.0596879  1
801  0  0.565937  0.135604  17553.4  2.3426  -0.152429  1
802  0  0.0764458  0.0674159  17998.7  1.92934  0.403509  1
803  0  -0.318898  0.254862  18203.6  1.93808  -0.0577829  1
804  0  -0.219014  -1.73393  18008.4  2.01297  -0.0864788  1
805  0  0.856412  0.296374  17962.3  2.05089  -0.158604  1
806  0  1.48194  -0.0378046  18100.2  1.903  -0.0457945  1
807  0  -0.278084  -0.654481  18000.8  2.0277  -0.122379  1
808  0  -0.00923823  0.0219146  19467.3  0.90387  0.143083  1
809  0  0.517992  -1.72876  18013.8  2.0117  -0.0792154  1
810  0  -0.4876  1.19654  18077.7  2.00261  -0.0649951  1
811  0  0.675807  -0.121712  17800.4  2.16912  0.074489  1
812  0  0.750504  -0.0979147  17872.9  2.10243  0.0979205  1
813  0  0.444804  -0.206952  17705.4  2.17916  -0.0236497  1
814  0  0.055505  0.0614306  18076.5  1.86157  0.461963  1
815  0  -0.868057  0.807558  18096.2  1.99353  -0.0699908  1
816  0  0.159985  -1.7457  18008.3  2.01347  -0.0851106  1
817  0  0.7616  -0.657238  17960.3  2.05096  -0.0322402  1
818  0  -0.689213  0.159421  18129.8  1.97339  -0.0873486  1
819  0  -0.382114  0.498597  18133  1.97396  -0.0514022  1
820  0  -1.73051  0.547687  18086.2  1.99781  -0.0765175  1
821  0  0.869599  0.070077  18025.3  1.94925  -0.260577  1
822  0  0.380201  0.25899  17739.5  2.16764  0.00106451  1
823  0  0.143585  0.0776216  17732.5  2.0011  0.29007  1
824  0  0.19248  0.254382  17904.3  2.08536  0.091726  1
825  0  -0.146888  -0.554914  17973.1  2.04193  -0.135395  1
826  0  0.0190298  0.0924369  18395.4  1.79634  0.295338  1
827  0  0.36202  -0.056061  17517.3  1.51193  -0.0182039  1
828  0  0.214517  -0.0989916  17462.8  2.34922  -0.108863  1
829  0  0.0978118  0.0685177  17920.7  1.94232  0.368192  1
830  0  -0.0132953  -0.0119495  18887.9  1.17646  -0.850648  1
831  0  -0.183827  0.230798  18259.9  1.90746  -0.0229001  1
832  0  -0.0376719  -0.839504  17971.6  2.03973  -0.10496  1
833  0  0.928818  0.0863139  18089.5  2.07418  -0.237132  1
834  0  0.23357  -0.0562475  17448.3  1.67128  -0.0472665  1
835  0  0.514604  1.00779  18019.4  2.0312  -0.068214  1
836  0  0.60979  0.11643  17582.5  2.31717  -0.199089  1
837  0  0.799067  0.0540922  17910  1.30199  -0.196619  1
838  0  -0.231858  1.10883  18070.1  2.0065  -0.0592646  1
839  0  0.938391  0.845066  18020.1  2.03021  -0.0886091  1
840  0  0.709825  -0.0819236  17813.6  2.03242  0.0930112  1
841  0  0.338587  -0.238955  17689.3  2.18147  -0.0683968  1
842  0  0.0379236  -0.124966  17585.1  2.21499  -0.366063  1
843  0  0.144846  -0.218846  17649.7  2.19341  -0.173485  1
844  0  0.842147  0.04653  17977.1  1.21238  -0.179075  1
845  0  0.179185  0.661088  18017  2.03271  -0.0324783  1
846  0  -0.950778  1.74129  18077.6  2.00131  -0.0738323  1
847  0  0.419567  -0.748775  17932.9  2.0629  -0.0717278  1
848  0  -0.972413  -0.201481  18086.8  1.9913  -0.0949512  1
849  0  -1.12587  -0.116002  18085.9  1.99291  -0.0891464  1
850  0  0.208706  0.172144  17799.7  2.12513  0.146959  1
851  0  -1.67934  -1.69187  18035.5  1.99925  -0.0780154  1
852  0  0.591574  0.306317  17796.6  2.1368  -0.10595  1
853  0  0.956138  -0.194819  18025.7  2.04399  0.0583026  1
854  0  0.616116  -0.274378  17824.3  2.11813  0.011022  1
855  0  0.476007  0.127359  17490.9  2.37988  -0.0650627  1
856  0  0.326972  0.148632  17601  2.25648  0.080696  1
857  0  0.719752  -0.251739  17881.2  2.0921  0.0363224  1
858  0  0.396845  0.148849  17547  2.30635  0.0132677  1
859  0  0.471806  -0.0548866  17588.5  1.47958  0.0229528  1
860  0  0.248453  0.120337  17654.6  2.26866  0.179406  1
861  0  0.210156  -0.0549418  17385.8  1.69439  -0.0649569  1
862  0  -0.887355  0.406454  18108.5  1.98622  -0.0771023  1
863  0  0.318664  -0.0836165  17527.1  2.21449  -0.045594  1
864  0  1.06833  -0.0752948  18182.7  1.81576  0.0779425  1
865  0  -0.784234  -0.475262  18065.4  1.99838  -0.104637  1
866  0  -0.832135  0.00956635  18107.5  1.98315  -0.0922485  1
867  0  -1.64466  1.13404  18085.8  1.99849  -0.0750779  1
868  0  0.244972  -0.523075  17866.8  2.09592  -0.0988603  1
869  0  1.04581  0.0739601  18184.3  1.94093  -0.178265  1
870  0  1.70766  1.70786  18057.5  2.01027  -0.0786121  1
871  0  1.1697  -0.394868  18063.2  1.9982  -0.00279026  1
872  0  0.382065  0.127216  17510.6  2.3694  0.0417698  1
873  0  0.815884  0.615377  17983.9  2.04618  -0.0985903  1
874  0  0.297221  0.290507  17825.6  2.12725  0.031971  1
875  0  0.464456  -0.130674  17642.5  2.25487  -0.000166025  1
876  0  0.341699  0.126481  17540.3  2.3444  0.0814086  1
877  0  0.20774  0.116483  17711.4  2.22511  0.212813  1
878  0  1.28539  0.600297  18058.1  2.0106  -0.0988627  1
879  0  -0.076167  -0.300792  17939.9  2.05526  -0.203477  1
880  0  0.517087  0.124675  17504.7  2.38251  -0.106515  1
881  0  -0.386805  -0.459255  18040.7  2.00956  -0.132834  1
882  0  0.915265  0.422422  17995  2.04067  -0.128021  1
883  0  -1.125  0.477844  18097  1.99206  -0.0773276  1
884  0  0.385489  -0.0544269  17557.6  1.49763  0.00284819  1
885  0  0.85413  0.0948049  17994.3  2.13329  -0.264129  1
886  0  -0.286972  0.0406633  18253.9  1.90696  -0.117443  1
887  0  0.62155  0.227919  17747.7  2.1532  -0.14311  1
888  0  -0.0451393  0.0869171  18646.1  1.68654  0.0889904  1
889  0  -0.0870078  0.0895182  18559.5  1.73795  -0.00778886  1
890  0  0.964649  -0.900501  18005.8  2.02325  -0.04235  1
891  0  0.405911  -0.323347  17771.2  2.14495  -0.0537621  1
892  0  0.277622  -0.0870446  17509.8  2.25771  -0.0628958  1
893  0  0.696517  0.105258  17715.1  2.257  -0.252982  1
894  0  -0.0504248  0.0109499  18950  1.46606  -0.262698  1
895  0  0.824977  0.0849971  17949.4  2.08849  -0.271391  1
896  0  0.0962074  -0.256526  17743.3  2.15319  -0.189392  1
897  0  0.123561  0.339075  18015.9  2.03456  0.0518395  1
898  0  0.539964  -0.19707  17737.2  2.16828  0.0126312  1
899  0  1.33676  -1.30564  18036.8  2.00172  -0.0538964  1
900  0  0.162134  0.40613  17991.2  2.04625  0.0245316  1
901  0  0.496413  -0.0560987  17629.9  1.51272  0.0361384  1
902  0  -0.257771  0.586233  18111  1.9851  -0.0397293  1
903  0  0.0142902  0.210895  18203.6  1.9345  0.113134  1
904  0  -0.178671  0.0658329  18383  1.83632  -0.108134  1
905  0  -0.0144375  -0.273965  17861.9  2.08856  -0.217046  1
906  0  0.0558224  -0.0486692  16660.5  2.21352  -0.400793  1
907  0  0.780882  0.084248  17863.1  2.06808  -0.275793  1
908  0  0.740874  0.0900498  17794.6  2.12712  -0.269107  1
909  0  0.457664  0.556113  17936.5  2.07232  -0.0550737  1
910  0  0.293557  0.204011  17730.4  2.16471  0.0734008  1
911  0  0.969496  -0.517358  18003.3  2.0301  -0.00903053  1
912  0  -0.318804  -0.107917  18166.7  1.94743  -0.154553  1
913  0  0.909464  0.0647025  18093.1  1.9067  -0.245186  1
914  0  -0.879815  1.48119  18079.3  2.00129  -0.0717359  1
915  0  0.145442  -0.0519729  17230  1.74482  -0.0951301  1
916  0  0.395131  0.354675  17827.2  2.12385  -0.021776  1
917  0  -0.628679  0.432356  18125.8  1.97732  -0.0700398  1
918  0  -1.16107  -0.508514  18064.8  1.99847  -0.0915401  1
919  0  0.236659  -0.276574  17710.6  2.1723  -0.115073  1
920  0  1.73886  0.618443  18063.1  2.01072  -0.0841595  1
921  0  -0.454391  0.353191  18153.4  1.96413  -0.063888  1
922  0  0.547594  -0.30788  17811.9  2.12446  -0.0104282  1
923  0  0.762829  0.279782  17887.2  2.08656  -0.160421  1
924  0  0.451438  -0.0530881  17579.2  1.38277  0.0130374  1
925  0  0.428814  0.137153  17495.8  2.36061  -0.0137076  1
926  0  0.192239  0.138821  17781.9  2.13804  0.189558  1
927  0  0.294028  0.133725  17590.5  2.28291  0.12428  1
928  0  -1.38524  -1.15801  18042.9  2.00036  -0.0837109  1
929  0  0.881007  -0.0817854  17998.3  1.98  0.10752  1
930  0  0.541946  0.27255  17748.2  2.16166  -0.092288  1
931  0  1.68226  -1.70547  18053.6  1.99234  -0.0599138  1
932  0  0.150221  0.190513  17934  2.06677  0.154925  1
933  0  -0.68866  -0.295036  18084  1.99093  -0.110027  1
934  0  0.125355  -0.0872557  17293.6  2.40573  -0.209857  1
935  0  0.150528  -0.139177  17483.6  2.28882  -0.183136  1
936  0  -0.0677704  -0.0170049  18596.1  1.65743  -0.370145  1
937  0  0.00979124  -0.0355672  16693  2.13145  -1.08271  1
938  0  0.638333  -0.161416  17794.6  2.17093  0.0504547  1
939  0  0.987746  0.141122  18094.5  2.03135  -0.188501  1
940  0  0.164959  -0.0893599  17370.6  2.36952  -0.15143  1
941  0  -0.0178145  0.107203  18489  1.77194  0.175268  1
942  0  -0.0465758  0.437155  18110  1.98846  0.00303956  1
943  0  1.2219  0.159137  18160.3  1.99924  -0.116024  1
944  0  0.837118  0.441255  17964  2.05547  -0.123422  1
945  0  0.646193  -0.0946052  17769.3  2.11182  0.078048  1
946  0  0.494501  0.093237  17413.5  1.92456  -0.0756867  1
947  0  0.739468  0.155585  17826.4  2.15698  -0.223792  1
948  0  -0.0658837  0.167852  18363.7  1.85107  0.0562247  1
949  0  1.04879  -0.126914  18124.5  2.02942  0.0639963  1
950  0  0.23087  0.0866154  17616.9  2.0238  0.199864  1
951  0  0.319234  0.42378  17906.4  2.08752  -0.00981547  1
952  0  0.362549  0.0946377  17447.2  2.0102  0.0634089  1
953  0  0.602746  0.436121  17888.2  2.09427  -0.0916095  1
954  0  0.195119  -0.202505  17624.1  2.20656  -0.141064  1
955  0  0.612442  -0.0975493  17734.7  2.13945  0.0670695  1
956  0  0.967442  0.228488  18039.9  2.00657  -0.169853  1
957  0  -0.218148  -0.827933  17993  2.02945  -0.110128  1
958  0  -0.522092  -0.452791  18056.9  2.00199  -0.12195  1
959  0  -0.293856  0.114906  18252.8  1.90668  -0.0881152  1
960  0  -0.190448  -0.0346319  18291.8  1.874  -0.190338  1
961  0  0.761875  -0.0692508  17880.6  1.89875  0.10602  1
962  0  1.7696  -0.295082  18071.6  1.98557  -0.0314004  1
963  0  0.814864  -0.0884325  17928.1  2.04704  0.10189  1
964  0  -1.3956  -1.77406  18031.1  2.00105  -0.079101  1
965  0  -1.39649  0.79991  18089.2  1.99678  -0.0752266  1
966  0  0.037842  0.116124  18258.1  1.88154  0.259311  1
967  0  0.463131  0.233773  17692.1  2.18686  -0.0486406  1
968  0  0.431856  -0.0818204  17583  2.13417  0.0104465  1
969  0  0.772736  0.126395  17858.1  2.19058  -0.249382  1
970  0  0.801223  -0.0646892  17916.7  1.84838  0.10341  1
971  0  -0.317258  -1.4848  18009.6  2.01392  -0.0894014  1
972  0  0.890645  -0.0562224  18017.4  1.75298  0.105321  1
973  0  -0.0773998  -0.124685  18059.9  1.97945  -0.329371  1
974  0  -0.213822  -0.392147  18008  2.02569  -0.159732  1
975  0  0.00990274  -0.41654  17894.6  2.08137  -0.161616  1
976  0  1.0356  1.11521  18036.8  2.02204  -0.0826145  1
977  0  -0.988455  0.120933  18101.8  1.98708  -0.0865631  1
978  0  0.0932025  0.114827  18016.7  2.00765  0.276972  1
979  0  1.33952  0.227877  18128.3  2.0045  -0.0922136  1
980  0  -1.73762  1.73762  18083.1  1.99877  -0.0755193  1
981  0  -0.105824  0.134728  18419.5  1.8173  0.00673332  1
982  0  0.38222  -0.0978237  17595.4  2.27217  -0.0222049  1
983  0  0.625777  0.0808824  17547.2  1.69698  -0.175797  1
984  0  0.701338  0.20678  17801.9  2.1205  -0.18309  1
985  0  0.0158598  0.401808  18088.5  1.99796  0.0199998  1
986  0  -1.39419  1.34648  18084.2  1.99886  -0.0741297  1
987  0  1.32878  1.37116  18049.5  2.01702  -0.0809639  1
988  0  -0.33705  -0.19  18118.6  1.97024  -0.154751  1
989  0  0.0520199  0.243786  18113.6  1.98124  0.103414  1
990  0  1.74785  1.0854  18058.7  2.01227  -0.0834364  1
991  0  0.439757  0.199366  17623.9  2.2083  -0.0318606  1
992  0  0.778522  -0.219563  17909.4  2.08819  0.0514827  1
993  0  -0.753505  -1.72211  18019  2.00743  -0.0839824  1
994  0  0.77996  -1.6909  18022.7  2.00804  -0.0728691  1
995  0  1.32278  -0.5585  18055.3  2.00083  -0.0207474  1
996  0  -0.152452  -0.0944917  18220.9  1.91072  -0.24949  1
997  0  -1.45561  0.0506587  18084  1.99582  -0.0817995  1
998  0  1.00067  0.0957931  18151.1  2.05538  -0.197832  1
999  0  -0.87324  1.07221  18087.9  1.99759  -0.0697294  1
1000  0  1.35618  -1.74551  18043.4  1.99731  -0.0638322  1
1001  0  0.148106  -0.868248  17959.8  2.04567  -0.0955576  1
1002  0  0.728013  1.02016  18021.2  2.02999  -0.0767743  1
1003  0  1.02303  -0.0114198  18169.2  0.898725  0.059171  1
1004  0  0.257474  0.222012  17794.8  2.13744  0.0854321  1
1005  0  -0.56802  0.0617971  18146.8  1.9631  -0.0978048  1
1006  0  -0.492233  -0.883477  18020.3  2.01507  -0.104159  1
1007  0  0.29813  -0.0531638  17489.3  1.44594  -0.02822  1
1008  0  0.535105  -0.796809  17948.4  2.05438  -0.0619638  1
1009  0  -0.489279  0.24487  18161.9  1.95851  -0.0761585  1
1010  0  0.79833  -0.388716  17944.3  2.06105  0.00854987  1
1011  0  -0.0480958  -0.10272  18041.4  1.98456  -0.400154  1
1012  0  -0.165697  0.316198  18198.2  1.94193  -0.0106682  1
1013  0  -1.33116  -0.871804  18051.4  1.99993  -0.086218  1
1014  0  0.283453  -0.222691  17663.4  2.1927  -0.0897794  1
1015  0  -0.0326594  0.0595707  18838.1  1.54897  0.139509  1
1016  0  -0.347111  0.0125959  18209.5  1.93011  -0.119603  1
1017  0  0.128556  0.131158  17923.1  2.06623  0.232496  1
1018  0  0.304079  0.50095  17946.6  2.06878  -0.0205449  1
1019  0  0.778466  -0.0328241  17886.8  1.02224  0.0682284  1
1020  0  1.3809  0.973943  18050.4  2.01529  -0.0866592  1
1021  0  -0.378097  -0.573559  18023.4  2.01746  -0.125051  1
1022  0  -0.242616  -1.11425  18001.8  2.0232  -0.0978306  1
1023  0  1.08503  0.264549  18076.4  1.99167  -0.140237  1
1024  0  0.884569  0.037319  18053.7  1.06488  -0.162648  1
1025  0  -0.590156  1.42346  18074.3  2.00387  -0.0692233  1
1026  0  -0.000496712  -0.0786603  17696.9  2.13485  -0.609032  1
1027  0  1.22541  -1.06423  18030.2  2.00782  -0.0467001  1
1028  0  0.859816  0.243958  17962.4  2.0449  -0.177057  1
1029  0  0.719838  -0.152473  17845.7  2.14502  0.072153  1
1030  0  0.331403  0.243742  17746.2  2.16193  0.0333847  1
1031  0  -1.59828  -0.365212  18069.6  1.99809  -0.0815415  1
1032  0  0.182452  0.204177  17878.3  2.09407  0.13317  1
1033  0  0.588204  0.195681  17685.1  2.18593  -0.139562  1
1034  0  0.908425  -0.0231846  18023.2  0.935588  0.0649698  1
1035  0  0.85121  0.168881  17962.7  2.0618  -0.213749  1
1036  0  1.18777  -1.50375  18033  2.00358  -0.060964  1
1037  0  0.283182  -0.320642  17752.1  2.15229  -0.095832  1
1038  0  0.869669  1.71992  18047.8  2.01513  -0.0753469  1
1039  0  -0.471734  -0.698083  18026.6  2.01512  -0.113102  1
1040  0  -1.80302  -1.01862  18050.7  1.99869  -0.0786153  1
1041  0  0.918431  0.187468  18025.6  2.02166  -0.190739  1
1042  0  1.06813  0.923224  18034  2.02322  -0.0879034  1
1043  0  0.847328  0.132226  17971.5  2.12015  -0.238228  1
1044  0  -0.160378  -0.456829  17978.8  2.03898  -0.152255  1
1045  0  0.366321  -0.375067  17797.2  2.13165  -0.0697249  1
1046  0  -0.780655  -0.839142  18039.1  2.00657  -0.0994443  1
1047  0  0.92877  -0.0566493  18038.7  1.76388  0.102753  1
1048  0  0.560403  -0.048416  17643  1.29144  0.0484649  1
1049  0  0.109101  -0.639592  17921.3  2.06826  -0.110913  1
1050  0  0.70305  0.166543  17771.6  2.16416  -0.209042  1
1051  0  0.641923  0.165814  17697.9  2.20897  -0.184792  1
1052  0  0.0737079  0.162411  18106.9  1.97707  0.194757  1
1053  0  0.359418  -0.0946579  17558.9  2.27863  -0.0308154  1
1054  0  0.908935  -1.46036  18020.3  2.01062  -0.065445  1
1055  0  0.966271  -0.37842  18010.7  2.02738  0.0132504  1
1056  0  0.257793  -0.435059  17824.6  2.11703  -0.100614  1
1057  0  0.494624  -0.0937998  17656.5  2.19843  0.0235301  1
1058  0  -0.276116  -0.258101  18078.6  1.98967  -0.168465  1
1059  0  1.02417  0.394431  18030.2  2.02299  -0.129644  1
