0  2  1  -1e-05  12439.3  0  0  1
1  1  2  2  12340.7  2.01746  -0.221563  1
2  1  2  -2  12375.2  2.02991  -0.133033  1
3  3  -2  -2  12372  1.98596  -0.250045  1
4  3  -2  2  12775.8  1.98445  -0.248906  1
10  1  2  1.6  12358.7  1.95451  -0.186543  1
11  1  2  1.2  12358.7  1.87848  -0.190203  1
12  1  2  0.8  12358.7  1.90669  -0.196587  1
13  1  2  0.4  12358.7  1.92283  -0.184076  1
14  1  2  5.50449e-12  12358.7  1.94535  -0.156513  1
15  1  2  -0.4  12358.7  1.96863  -0.133529  1
16  1  2  -0.8  12358.7  1.98351  -0.136781  1
17  1  2  -1.2  12358.7  2.0009  -0.142864  1
18  1  2  -1.6  12358.7  2.02303  -0.14127  1
19  0  1.6  -2  12390.2  2.02829  -0.120254  1
20  0  1.2  -2  12385.3  2.02792  -0.124544  1
21  0  0.8  -2  12380.8  2.03016  -0.137737  1
22  0  0.4  -2  12382.3  2.03652  -0.126506  1
23  0  5.50449e-12  -2  12342.2  2.03963  -0.13626  1
24  0  -0.4  -2  12305.2  2.03207  -0.180526  1
25  0  -0.8  -2  12308.4  2.01481  -0.220197  1
26  0  -1.2  -2  12328.7  2.00014  -0.242595  1
27  0  -1.6  -2  12358.7  1.99038  -0.248438  1
28  3  -2  -1.6  12392.1  1.98445  -0.248906  1
29  3  -2  -1.2  12422  1.98445  -0.248906  1
30  3  -2  -0.8  12455.6  1.98445  -0.248906  1
31  3  -2  -0.4  12498.9  1.98445  -0.248906  1
32  3  -2  -5.50449e-12  12548.6  1.98445  -0.248906  1
33  3  -2  0.4  12595.5  1.98445  -0.248906  1
34  3  -2  0.8  12644.7  1.98445  -0.248906  1
35  3  -2  1.2  12702.7  1.98445  -0.248906  1
36  3  -2  1.6  12747.6  1.98445  -0.248906  1
37  0  -1.6  2  12812.2  1.98445  -0.248906  1
38  0  -1.2  2  12879.4  1.98445  -0.248906  1
39  0  -0.8  2  12794.6  1.93168  -0.0621378  1
40  0  -0.4  2  12722.1  1.93168  -0.0621378  1
41  0  -5.50449e-12  2  12678  1.98445  -0.248906  1
42  0  0.4  2  12352.3  1.97282  -0.0800632  1
43  0  0.8  2  12251.6  1.97282  -0.0800632  1
44  0  1.2  2  12372.6  1.98445  -0.248906  1
45  0  1.6  2  12346.7  1.98445  -0.248906  1
46  2  0.978958  0.00563301  12337.3  -8.81285e-17  1.36156e-17  1
47  2  0.957678  0.0104041  12303.9  0  0  1
48  2  0.93636  0.0150027  12264  0  0  1
49  2  0.914986  0.0193303  12195.4  1.55086e-16  -2.37214e-17  1
50  2  0.893569  0.0234412  12169.8  2.46519e-32  -6.16298e-33  1
51  2  0.872118  0.0273717  12140.7  5.18592e-16  -8.11942e-17  1
52  2  0.850637  0.0311361  12109.7  4.93038e-32  0  1
53  2  0.82913  0.0347451  12094.5  0  0  1
54  2  0.807598  0.0382054  12060.3  0  0  1
55  2  0.786043  0.0415187  12053.2  4.07029e-16  -5.52784e-17  1
56  2  0.764466  0.044684  12007.8  -7.47696e-16  1.03624e-16  1
57  2  0.742867  0.047694  11996.2  -1.54408e-16  2.10005e-17  1
58  2  0.721247  0.0505549  11989.1  3.89329e-16  -4.53001e-17  1
59  2  0.699608  0.053268  11973.7  0  0  1
60  2  0.677952  0.055833  11959  -6.51983e-16  7.01303e-17  1
61  2  0.656278  0.0582513  11946.7  0  0  1
62  2  0.634588  0.0605153  11930.5  0  0  1
63  2  0.612882  0.0626265  11908.4  1.58516e-16  -1.22286e-17  1
64  2  0.591162  0.0645834  11922.5  -4.30157e-16  3.33209e-17  1
65  2  0.569429  0.0663854  11887.5  0  0  1
66  2  0.547682  0.0680291  11868.9  -1.58489e-16  6.72731e-18  1
67  2  0.525925  0.0695098  11882.5  0  0  1
68  2  0.504156  0.0708253  11885.2  2.14072e-16  -1.04659e-17  1
69  2  0.482378  0.071966  11859.2  1.97495e-16  -8.89279e-18  1
70  2  0.460591  0.0729293  11860.3  -6.87651e-16  2.40711e-17  1
71  2  0.438797  0.0737019  11843.3  0  0  1
72  2  0.416996  0.0742768  11816.9  2.3106e-16  -1.52771e-18  1
73  2  0.395191  0.0746424  11857.3  2.3106e-16  -1.52771e-18  1
74  2  0.373384  0.0747826  11853.7  -1.02219e-15  -4.006e-19  1
75  2  0.351576  0.0746828  11858.5  -1.63762e-16  -2.78349e-18  1
76  2  0.329771  0.0743286  11854  -1.63762e-16  -2.78349e-18  1
77  2  0.307972  0.0737069  11855.7  7.14104e-17  3.52496e-18  1
78  2  0.286183  0.0727968  11882.5  -6.11888e-16  -2.79134e-17  1
79  2  0.264408  0.0715918  11896.8  1.50555e-16  8.59485e-18  1
80  2  0.242653  0.0700768  11934.9  6.86356e-16  4.91495e-17  1
81  2  0.220922  0.0682427  11949.9  0  0  1
82  2  0.199224  0.0660635  11963.6  1.3657e-16  1.38085e-17  1
83  2  0.177566  0.0635061  12027.9  2.28892e-16  2.65307e-17  1
84  2  0.155965  0.0605138  12088.5  -4.39825e-16  -6.05595e-17  1
85  2  0.134441  0.05701  12126.8  0  0  1
86  2  0.113026  0.0528918  12249.2  -6.05056e-17  -7.30134e-18  1
87  2  0.0917715  0.0480142  12391.8  0  0  1
88  2  0.070761  0.0421786  12590.5  1.97875e-16  4.43638e-17  1
89  2  0.0501283  0.035128  12848.8  4.45426e-16  8.6821e-17  1
90  2  0.0301426  0.0264229  13241.8  0  0  1
91  2  0.0115352  0.0151098  13550.5  -2.30445e-16  2.2893e-17  1
92  2  0.000309974  -0.00222505  11835.8  1.15222e-16  -1.14465e-17  1
93  2  0.0201851  -0.00899496  10385.6  0  0  1
94  2  0.0419677  -0.00998632  10922.2  -5.01662e-16  9.03403e-17  1
95  2  0.0637746  -0.0101534  11357.2  0  0  1
96  2  0.0855808  -0.00988088  11622.1  -1.91088e-16  1.89936e-17  1
97  2  0.107382  -0.00932427  11744.6  0  0  1
98  2  0.129177  -0.00857627  11801  2.01583e-16  -7.10896e-18  1
99  2  0.150967  -0.00768546  11905  -1.71925e-16  -8.68985e-19  1
100  2  0.172751  -0.00667169  11974.3  3.44541e-16  -4.82194e-18  1
101  2  0.194532  -0.00556888  12000.4  1.39936e-16  6.81446e-19  1
102  2  0.216309  -0.00440658  12064.4  -2.46294e-17  -1.22683e-19  1
103  2  0.238084  -0.00320304  12130.2  0  0  1
104  2  0.259857  -0.00197325  12139.4  1.21607e-16  9.59052e-18  1
105  2  0.28163  -0.00073895  12085.7  0  0  1
106  2  0.303404  0.000490277  12166.1  1.44068e-16  5.28156e-18  1
107  2  0.325179  0.00169592  12215.5  0  0  1
108  2  0.346955  0.00287213  12180.8  -1.29062e-16  -3.24392e-18  1
109  2  0.368733  0.00401393  12213.4  7.9605e-17  9.69754e-19  1
110  2  0.390514  0.00511122  12227.4  0  0  1
111  2  0.412297  0.00616084  12201.8  9.56101e-17  -2.57192e-18  1
112  2  0.434083  0.00714259  12219.6  -1.32699e-16  -1.57207e-17  1
113  2  0.455871  0.00806232  12250.5  0  0  1
114  2  0.477662  0.00892541  12277.1  -1.32311e-16  -1.78769e-17  1
115  2  0.499456  0.00972009  12279  0  0  1
116  2  0.521252  0.0104424  12325.7  0  0  1
117  2  0.543051  0.0110879  12366.4  -2.96818e-17  -1.14111e-17  1
118  2  0.564852  0.0116543  12373.2  2.05607e-16  1.57157e-17  1
119  2  0.586655  0.012128  12402.4  9.14106e-17  1.2773e-18  1
120  2  0.608459  0.0125105  12403.2  8.61301e-17  4.42166e-19  1
121  2  0.630265  0.0127997  12416.5  7.05234e-17  1.51513e-18  1
122  2  0.652073  0.0129958  12438.5  -1.78086e-16  -5.01381e-18  1
123  2  0.673881  0.0130977  12463.8  0  0  1
124  2  0.695689  0.0130955  12469.3  7.41811e-17  -3.30422e-19  1
125  2  0.717497  0.012984  12474.2  0  4.81482e-35  1
126  2  0.739303  0.0127524  12484  2.26284e-16  3.49133e-19  1
127  2  0.761109  0.0123989  12506.9  0  0  1
128  2  0.782911  0.0119171  12531.8  2.11979e-16  2.16304e-18  1
129  2  0.804711  0.0113043  12543.5  0  0  1
130  2  0.826506  0.0105531  12549.6  0  0  1
131  2  0.848296  0.0096546  12564.1  0  0  1
132  2  0.870079  0.00860852  12571.6  -1.33285e-16  2.22751e-18  1
133  2  0.891854  0.00740706  12563  1.18967e-16  -2.4923e-18  1
134  2  0.91362  0.0060524  12566.2  0  0  1
135  2  0.935377  0.00456847  12562  1.10939e-16  1.54551e-18  1
136  2  0.957128  0.00298884  12559  0  0  1
137  2  0.978878  0.00139612  12544.6  1.32485e-16  -4.35436e-18  1
266  0  -0.907053  0.624498  12607.5  1.99132  -0.313646  1
267  0  -0.0590153  0.991951  12530.5  1.92657  0.00841537  1
268  0  0.902004  1.00149  12368.1  1.89705  -0.110388  1
269  0  -0.300918  -0.99487  12389.8  2.0318  -0.167009  1
270  0  0.679893  -1.03994  12382  2.01819  -0.116678  1
271  0  0.171301  -0.630923  12360.5  2.03756  -0.111443  1
272  0  0.645644  -0.484777  12387.2  2.01299  -0.0753924  1
273  0  0.430117  0.660534  12361.6  1.97139  -0.0510741  1
274  0  0.890195  0.507848  12313.1  1.96576  -0.160117  1
275  0  -0.00601353  0.523231  12495.3  1.95881  0.0133881  1
276  0  -0.354579  0.254914  12607.3  1.94533  -0.0994772  1
277  0  0.967056  -0.321285  12455  1.96539  -0.0863662  1
278  0  -0.114334  -0.370062  12387.8  2.02798  -0.15108  1
279  0  -1.02833  -0.429133  12482.6  1.99616  -0.310304  1
280  0  0.165044  -0.306147  12273.2  2.07758  -0.11833  1
281  0  0.45995  -0.278078  12325.9  2.04828  -0.0575287  1
282  0  0.699542  -0.240421  12417.2  1.99913  -0.0336442  1
283  0  0.606265  0.378694  12223.7  2.03458  -0.113488  1
284  0  0.311363  0.370544  12282.5  2.03625  0.00308102  1
285  0  1.06638  0.272678  12358.4  1.95125  -0.208679  1
286  0  0.804642  0.275238  12220  2.03358  -0.195576  1
287  0  -0.111689  0.233981  12657.2  1.89893  0.00659513  1
288  0  0.111002  0.277489  12431.3  1.99028  0.0822768  1
289  0  -0.321289  -0.100933  12546.2  1.95297  -0.174548  1
290  0  0.875281  -0.15996  12492.1  1.99918  -0.0480167  1
291  0  0.0217166  -0.193009  12247.4  2.08465  -0.197537  1
292  0  0.300848  -0.170946  12224.3  2.09042  -0.0596794  1
293  0  0.454839  0.257605  12127.7  2.10556  -0.0527708  1
294  0  0.933816  0.175272  12277.4  1.99779  -0.251954  1
295  0  0.655288  0.202044  12095.7  2.09629  -0.169753  1
296  0  0.321379  0.210718  12122.1  2.11908  0.0362155  1
297  0  0.172846  -0.137071  12126.7  2.1199  -0.100172  1
298  0  0.58231  -0.142404  12376.6  2.05298  -0.0176742  1
299  0  0.457782  -0.124354  12294.9  2.09983  -0.0204124  1
300  0  -0.125406  0.0895212  12816.6  1.80027  -0.0727625  1
301  0  0.201965  0.191244  12240  2.07399  0.120061  1
302  0  0.0229379  0.173185  12638.3  1.88945  0.128322  1
303  0  0.684773  -0.100738  12437.2  2.03558  -0.00760356  1
304  0  0.789388  -0.0919736  12491.9  1.97182  -0.0161763  1
305  0  0.974843  -0.121389  12526.2  1.96436  -0.0536003  1
306  0  0.544327  0.187698  12045.4  2.13032  -0.116443  1
307  0  1.54649  -0.136535  12411.1  1.91647  -0.143528  1
308  0  0.745728  0.152435  12105.9  2.11579  -0.222302  1
309  0  0.0749893  -0.112892  12047.2  2.16792  -0.193139  1
310  0  -0.0193251  -0.103829  12285.4  2.05786  -0.307878  1
311  0  0.835735  0.13109  12166.3  2.10924  -0.264475  1
312  0  0.36635  -0.0878399  12230.6  2.20761  -0.0385438  1
313  0  0.277747  -0.0899068  12156.2  2.20186  -0.0558593  1
314  0  -0.564761  -0.51636  12452.1  2.01283  -0.250284  1
315  0  -0.420407  0.729921  12574.5  1.97  -0.0842095  1
316  0  1.01832  0.109744  12372.9  1.99916  -0.274142  1
317  0  -0.799495  0.0520607  12548.8  1.98585  -0.305928  1
318  0  0.877275  -0.0839804  12530.1  1.92205  -0.0301023  1
319  0  -0.955616  -1.03598  12416.2  2.01035  -0.280555  1
320  0  0.106012  0.147103  12446.8  1.96784  0.207853  1
321  0  0.210347  -1.13712  12375  2.02287  -0.113535  1
322  0  0.407727  0.171865  12020.4  2.16416  -0.024108  1
323  0  1.41277  0.714751  12368.7  1.89868  -0.156923  1
324  0  0.43251  1.19312  12439.3  1.90767  -0.0390894  1
325  0  1.35171  -0.899826  12386.2  1.99327  -0.120866  1
326  0  0.512592  -0.0745413  12327.1  2.11103  0.00746931  1
327  0  1.30729  0.0283012  12447.9  1.86282  -0.172983  1
328  0  -0.0253799  0.0947178  12957  1.71555  0.0899303  1
329  0  -0.115598  -0.0227297  12714.9  1.82752  -0.245192  1
330  0  -0.141432  -0.204216  12436.1  1.99361  -0.188253  1
331  0  0.608142  0.141378  12012.8  2.19872  -0.162779  1
332  0  0.621251  -0.0619529  12399.2  1.92532  0.0229567  1
333  0  -0.78973  1.29638  12690.1  1.99692  -0.238983  1
334  0  0.341121  0.140231  11990.1  2.22643  0.039895  1
335  0  0.27431  0.140311  12052.1  2.18708  0.09838  1
336  0  0.477706  0.144009  11972  2.2228  -0.0800287  1
337  0  0.209016  -0.0723631  12087.1  2.26407  -0.0551214  1
338  0  0.149349  -0.0726742  11993.9  2.33553  -0.0910463  1
339  0  0.894183  -0.703495  12399.6  1.99711  -0.102457  1
340  0  0.674521  0.123423  12027.8  2.22255  -0.206694  1
341  0  1.20722  -0.239142  12459.5  1.95195  -0.100041  1
342  0  0.896152  0.0901507  12202.2  2.10024  -0.306779  1
343  0  -0.247474  0.478378  12569  1.96068  -0.0282289  1
344  0  0.32929  -0.464149  12335  2.04943  -0.0950053  1
345  0  0.941456  -0.0622722  12545.7  1.74882  -0.0273325  1
346  0  -0.158239  -0.687928  12393.9  2.02729  -0.13367  1
347  0  -1.50692  0.203314  12569.3  1.98572  -0.282313  1
348  0  0.42687  -0.0569109  12226  1.9675  -0.00288494  1
349  0  0.727716  -0.051526  12478.4  1.71422  0.0151102  1
350  0  0.468023  -0.753677  12373.4  2.02568  -0.106443  1
351  0  1.43057  0.349949  12395.7  1.91339  -0.171329  1
352  0  0.04085  0.102341  12755.8  1.8167  0.248118  1
353  0  1.14467  -0.0967185  12521.7  1.77994  -0.0802759  1
354  0  0.673683  0.609098  12321.6  1.97284  -0.109448  1
355  0  -0.365979  -0.372976  12457.2  2.00765  -0.194856  1
356  0  -1.37887  1.04731  12678.4  1.98511  -0.296041  1
357  0  0.224503  0.57712  12398.6  1.97758  -0.00561262  1
358  0  -0.0498969  0.0301115  13178.7  1.50172  -0.152937  1
359  0  1.38111  1.31219  12360.8  1.86773  -0.177689  1
360  0  0.181111  0.126472  12181.2  2.12299  0.204305  1
361  0  0.961566  0.0735132  12323  2.04935  -0.321782  1
362  0  0.318666  -0.0514746  12191  1.98764  -0.0235659  1
363  0  0.453246  0.401302  12249.1  2.03672  -0.052396  1
364  0  0.0330351  -0.332745  12318.8  2.05633  -0.142939  1
365  0  0.0306952  -0.0614447  11783.2  2.36699  -0.369292  1
366  0  0.777884  0.095261  12072.3  2.16163  -0.262149  1
367  0  0.555776  -0.0385378  12368.5  1.49304  0.0322741  1
368  0  0.536423  0.129489  11958.2  2.25854  -0.123285  1
369  0  1.11583  0.0359193  12534.5  1.77118  -0.200593  1
370  0  0.570841  -0.267775  12368.2  2.02643  -0.0430665  1
371  0  1.07729  -1.40172  12380.7  2.00854  -0.126869  1
372  0  0.625365  0.90188  12378.6  1.92727  -0.0825479  1
373  0  -0.626163  -0.216077  12510.3  1.99438  -0.270971  1
374  0  0.251085  0.89116  12446.2  1.93846  -0.019427  1
375  0  -0.166617  -1.5018  12361.6  2.03063  -0.143759  1
376  0  -0.0189546  -0.524637  12368.8  2.03906  -0.126032  1
377  0  -0.701074  0.346265  12577.5  1.9937  -0.263102  1
378  0  0.663205  -0.0358556  12443.6  1.53842  0.026498  1
379  0  -0.295628  0.087524  12636  1.91169  -0.116444  1
380  0  1.16109  -0.568814  12417.4  1.97648  -0.103446  1
381  0  0.380219  0.119645  11926.6  2.27445  0.0118614  1
382  0  0.836796  -0.0421107  12534.8  1.52506  -0.00592801  1
383  0  0.596181  -1.49094  12380.2  2.023  -0.125079  1
384  0  0.0976784  -0.0564889  11822.7  2.36815  -0.1465  1
385  0  1.18865  0.547326  12360.8  1.92265  -0.158047  1
386  0  0.718227  0.0954766  12007.8  2.16577  -0.237868  1
387  0  0.380174  -0.036343  12218.5  1.56023  -0.00410847  1
388  0  0.466958  -0.0332254  12259.9  1.40617  0.0197842  1
389  0  -0.538155  0.111059  12576.4  1.96281  -0.211578  1
390  0  0.137631  0.105276  12259.7  2.08838  0.282357  1
391  0  0.092264  0.0946145  12471.6  1.96479  0.336599  1
392  0  0.226544  0.114189  12063.4  2.20791  0.172451  1
393  0  0.320272  -0.318646  12293.4  2.06752  -0.0851858  1
394  0  0.759412  0.421178  12268.9  2  -0.15491  1
395  0  0.769372  -0.0318531  12508.4  1.36509  0.01951  1
396  0  0.000999686  1.41566  12548.2  1.84488  -0.0184515  1
397  0  0.231508  0.292446  12292.8  2.04666  0.0549344  1
398  0  0.152599  0.437567  12409.8  1.98459  0.0246605  1
399  0  0.43302  0.113538  11907.2  2.27141  -0.0469029  1
400  0  1.00181  0.0464994  12415.1  1.82051  -0.318086  1
401  0  0.83703  1.45527  12372.8  1.838  -0.0528007  1
402  0  0.825694  0.0792899  12100.4  2.0711  -0.285864  1
403  0  0.988699  -0.046379  12539.7  1.6132  -0.0345758  1
404  0  -1.41248  -0.783563  12450.4  1.98927  -0.277725  1
405  0  0.778955  -0.391221  12415.7  1.99336  -0.0700534  1
406  0  0.383113  -0.170894  12267.4  2.06956  -0.0432973  1
407  0  -1.38725  -1.36639  12392.5  1.99536  -0.261752  1
408  0  0.251524  -0.047792  12135.8  1.99498  -0.0290693  1
409  0  -0.000570266  0.296688  12551.1  1.94206  0.0484949  1
410  0  -0.403962  1.09443  12585.3  1.93088  -0.0534261  1
411  0  0.934872  0.306851  12292.5  1.99019  -0.19942  1
412  0  -0.475943  0.469167  12585.1  1.9825  -0.138182  1
413  0  -1.0605  0.303109  12575.7  1.99605  -0.316172  1
414  0  0.582175  0.278689  12142.8  2.08358  -0.119423  1
415  0  -0.604806  -1.31265  12373.6  2.02967  -0.232901  1
416  0  0.874834  0.750379  12347.2  1.92964  -0.129664  1
417  0  0.512298  -0.398301  12358.4  2.03726  -0.0691077  1
418  0  -1.5057  -0.2649  12510.9  1.98843  -0.279374  1
419  0  0.0558962  -0.87998  12376  2.03114  -0.112392  1
420  0  -0.171818  0.681671  12537.9  1.9588  1.13317e-05  1
421  0  0.106303  -0.189098  12178.4  2.11981  -0.152834  1
422  0  0.899939  -0.0382275  12545.5  1.45239  -0.0192648  1
423  0  0.0252541  0.72518  12487.5  1.95471  0.00789958  1
424  0  0.153077  -0.435076  12327  2.05541  -0.114206  1
425  0  0.703677  0.318344  12200.4  2.04357  -0.157712  1
426  0  0.502476  -0.194406  12331.2  2.03869  -0.0314377  1
427  0  0.741889  -0.162267  12453.1  2.01843  -0.0261314  1
428  0  0.228255  -0.138871  12155.6  2.09563  -0.0773761  1
429  0  -0.240819  -0.508406  12415.5  2.02495  -0.15789  1
430  0  1.12335  0.180673  12402.7  1.93054  -0.215047  1
431  0  0.580995  0.103954  11949  2.22417  -0.158857  1
432  0  0.629767  0.0997157  11956.9  2.20669  -0.18761  1
433  0  0.220307  -0.224656  12223.7  2.10314  -0.098907  1
434  0  0.598251  -0.027236  12389.9  1.24396  0.0274303  1
435  0  -0.70554  0.890702  12609.3  1.96885  -0.243835  1
436  0  -0.00121723  -0.0431952  11964  2.26584  -0.587294  1
437  0  -0.0555496  -0.0186904  12800.1  1.79571  -0.384449  1
438  0  -0.427682  1.57141  12719.7  1.83515  0.0787226  1
439  0  0.511664  -0.0294506  12313.3  1.30898  0.0375205  1
440  0  -1.14535  -0.054226  12535.9  1.98908  -0.308998  1
441  0  1.05501  0.440868  12342.3  1.94804  -0.173631  1
442  0  -0.231661  0.164999  12667  1.89882  -0.0672608  1
443  0  -0.0796726  -0.169364  12398.6  2.00871  -0.218677  1
444  0  -0.651725  -0.859112  12421.4  2.02422  -0.263571  1
445  0  -0.415487  -0.674036  12421.5  2.023  -0.201873  1
446  0  0.808464  -0.252233  12448.2  1.9829  -0.0517374  1
447  0  0.322206  0.112822  11938.4  2.26807  0.0662054  1
448  0  -1.35881  0.621499  12618.7  1.98968  -0.299577  1
449  0  0.491955  0.10977  11920.4  2.24608  -0.0945444  1
450  0  0.710278  -0.704288  12389.2  2.00495  -0.101812  1
451  0  1.07564  -1.06396  12387.5  2.0036  -0.121759  1
452  0  -0.00210975  0.058183  13168.5  1.55512  0.178753  1
453  0  -0.105892  0.386399  12563.4  1.94707  0.00597625  1
454  0  1.66741  -0.521102  12386.6  1.9737  -0.127855  1
455  0  0.677589  -0.372361  12397.2  2.01257  -0.0575179  1
456  0  0.805489  0.195179  12174  2.05095  -0.222316  1
457  0  0.737308  0.228866  12154.5  2.06504  -0.191105  1
458  0  0.348071  0.527186  12343.1  1.99479  -0.0262825  1
459  0  0.656326  -0.180559  12407  2.00806  -0.0247464  1
460  0  0.189802  -0.0437859  12024.6  2.03504  -0.0292298  1
461  0  -0.0719974  0.175711  12729.7  1.85465  0.0268599  1
462  0  0.368785  0.299135  12198.4  2.07748  -0.00793204  1
463  0  1.06849  -0.0380292  12543.7  1.55108  -0.0682936  1
464  0  0.557337  0.519085  12289.5  2.00302  -0.0898927  1
465  0  1.231  0.888069  12362.6  1.89024  -0.14041  1
466  0  0.465084  -0.60768  12366.9  2.02493  -0.095806  1
467  0  0.960675  -0.228953  12480.6  1.96022  -0.0767369  1
468  0  1.09813  -0.196936  12490.5  1.95116  -0.0913652  1
469  0  -1.23202  1.52451  12764.4  1.95431  -0.317064  1
470  0  -0.0364977  -0.273486  12340.2  2.042  -0.167154  1
471  0  0.914441  0.060934  12213.6  1.96014  -0.313107  1
472  0  0.869306  0.0679851  12152.5  2.00275  -0.300996  1
473  0  -0.225004  0.0381382  12669  1.88335  -0.130489  1
474  0  -0.219858  -0.082853  12574.1  1.92911  -0.18095  1
475  0  -0.245183  0.30106  12608.7  1.93851  -0.0447989  1
476  0  0.709409  -0.0248886  12458.8  1.23426  0.00820633  1
477  0  1.59881  -1.27807  12369.5  2.00683  -0.125287  1
478  0  0.567152  -0.100199  12366.3  2.10211  -0.00933463  1
479  0  0.172485  -1.52707  12368.4  2.02888  -0.119178  1
480  0  -1.08191  -1.56953  12361.6  2.00498  -0.254679  1
481  0  0.831833  -0.574949  12404.7  1.98852  -0.0973496  1
482  0  0.611331  0.199652  12074.7  2.1077  -0.150152  1
483  0  0.919434  -0.118879  12520.2  1.98132  -0.0449507  1
484  0  0.510543  -0.13718  12331.2  2.06369  -0.0185711  1
485  0  -0.843869  -0.628874  12453.5  2.00942  -0.298076  1
486  0  0.259183  -0.807768  12370.7  2.03317  -0.11117  1
487  0  0.426907  -1.04595  12377.3  2.02265  -0.114576  1
488  0  0.63017  -0.118336  12403.5  2.07016  -0.0122548  1
489  0  0.424914  -0.0285795  12220.8  1.34041  0.0125449  1
490  0  0.2604  0.197342  12162  2.10441  0.0807413  1
491  0  0.426415  -0.379526  12336  2.04831  -0.0768488  1
492  0  -0.0934924  -0.101538  12472.2  1.96675  -0.259581  1
493  0  0.896085  0.253282  12264.9  2.00926  -0.215457  1
494  0  0.67109  0.0929867  11990.1  2.16575  -0.210226  1
495  0  -1.1038  0.951073  12655.8  1.98067  -0.315502  1
496  0  0.055282  -0.0463862  11556.7  2.43344  -0.26104  1
497  0  0.0713695  -0.26899  12273.4  2.07457  -0.148086  1
498  0  0.41263  1.652  12377.3  1.93897  -0.0292511  1
499  0  0.736928  -0.109993  12457.8  2.03187  -0.016988  1
500  0  0.142757  -0.0439263  11909.3  2.16208  -0.058445  1
501  0  -0.267959  -0.320817  12448.1  2.00431  -0.175282  1
502  0  0.0742523  0.352317  12469.8  1.97132  0.0452848  1
503  0  0.273808  0.108904  11979.5  2.25516  0.124094  1
504  0  0.48225  0.215114  12075.4  2.12379  -0.071568  1
505  0  0.347649  -0.255836  12281  2.07271  -0.069269  1
506  0  0.675017  1.20643  12393.5  1.88761  -0.0620977  1
507  0  0.346926  -0.0370275  12208.9  1.63451  -0.0109299  1
508  0  0.757532  0.076017  12060.7  2.0269  -0.25517  1
509  0  0.288971  -0.0371421  12130.3  1.71584  -0.0126315  1
510  0  0.0110972  -0.672133  12374.2  2.03366  -0.118167  1
511  0  -0.136192  -1.09958  12379  2.03059  -0.133043  1
512  0  0.0750136  0.212885  12502.1  1.96214  0.118206  1
513  0  0.49802  0.349992  12203.8  2.058  -0.0720717  1
514  0  0.313963  -0.126691  12204.4  2.10611  -0.0492372  1
515  0  0.219158  -0.0425824  12104.2  2.01027  -0.0230095  1
516  0  0.022606  -0.121031  12140.9  2.12379  -0.2584  1
517  0  -0.675879  0.541079  12589.2  1.99556  -0.239402  1
518  0  0.155719  1.15237  12499.2  1.90513  -0.00898129  1
519  0  0.258687  -0.399945  12313.9  2.0606  -0.100655  1
520  0  0.633167  -0.0227083  12413  1.16272  0.0227993  1
521  0  0.351699  0.113432  11939.7  2.27997  0.0346274  1
522  0  0.85289  0.369134  12273.8  1.99522  -0.179978  1
523  0  1.08736  1.26552  12359.1  1.84883  -0.124637  1
524  0  0.689341  0.171038  12080.8  2.11415  -0.193865  1
525  0  0.308163  -0.62138  12357.7  2.03443  -0.105046  1
526  0  0.461153  0.115902  11928.2  2.26829  -0.0717187  1
527  0  0.943706  -0.0318078  12559.5  1.42211  -0.0343351  1
528  0  1.25265  0.31817  12388  1.92214  -0.179585  1
529  0  1.0152  0.669511  12348.8  1.92376  -0.145757  1
530  0  -0.267221  0.869944  12554.6  1.94637  -0.0193866  1
531  0  1.0347  0.199755  12353.7  1.95279  -0.231801  1
532  0  0.987235  -0.550652  12415.1  1.98177  -0.0978936  1
533  0  0.816501  -0.0151898  12545.9  1.01656  0.00224888  1
534  0  0.857761  -0.0205634  12554.7  1.08793  -0.0122595  1
535  0  1.48193  0.0891722  12414.6  1.8991  -0.171626  1
536  0  0.142258  0.202936  12363.2  2.02321  0.134093  1
537  0  0.121981  -0.123491  12058.4  2.146  -0.136554  1
538  0  -0.571638  0.261641  12586  1.97422  -0.209072  1
539  0  0.379494  0.231278  12124.4  2.11539  -0.00290142  1
540  0  0.0480041  0.0735782  12806.3  1.78106  0.35935  1
541  0  1.05655  0.0223668  12508.7  1.48573  -0.224019  1
542  0  -0.777381  -0.381967  12485  2.00287  -0.299047  1
543  0  0.185096  0.0926722  12052.4  2.06167  0.238967  1
544  0  0.656481  0.158961  12050  2.14259  -0.180731  1
545  0  0.953205  0.0404991  12291.1  1.60156  -0.282548  1
546  0  1.70375  1.06663  12369.4  1.8927  -0.188467  1
547  0  0.406164  -0.106732  12247.6  2.14962  -0.0303572  1
548  0  0.472327  -0.0828971  12295.5  2.14683  -0.00534188  1
549  0  0.883284  0.139682  12220.6  2.06101  -0.268511  1
550  0  0.739155  -0.0246586  12494.2  1.26828  0.0174326  1
551  0  -0.232549  1.25789  12577.7  1.87911  0.00972868  1
552  0  0.749014  0.114872  12074.3  2.19281  -0.244421  1
553  0  0.807068  -0.15738  12474  2.01109  -0.0359978  1
554  0  0.815259  -1.27254  12382  2.01274  -0.124208  1
555  0  -1.63483  1.41954  12739.6  1.97393  -0.279  1
556  0  0.443224  -0.178783  12298.5  2.05462  -0.0352904  1
557  0  -0.407886  0.00952219  12576  1.94955  -0.171841  1
558  0  -0.0171623  -0.15363  12283.5  2.06159  -0.236515  1
559  0  0.790483  0.143177  12129.2  2.11359  -0.243128  1
560  0  0.118591  0.0816883  12272.5  1.94849  0.33793  1
561  0  0.538662  0.0960704  11891.7  2.03059  -0.114495  1
562  0  0.664785  0.480068  12279.9  2.00046  -0.122217  1
563  0  -0.33133  0.396927  12590.3  1.96138  -0.0708639  1
564  0  0.40677  0.101392  11856.2  2.0812  -0.0137604  1
565  0  -0.479417  -0.193798  12508.7  1.98689  -0.220368  1
566  0  1.25353  1.66148  12348.3  1.90536  -0.211455  1
567  0  0.801176  0.0683958  12046.6  1.8331  -0.248952  1
568  0  -0.289317  -0.211046  12492.4  1.97959  -0.179771  1
569  0  0.532545  0.235096  12093.7  2.11015  -0.101484  1
570  0  0.180862  0.25063  12332.1  2.03518  0.088811  1
571  0  0.178721  -0.092957  12081  2.21987  -0.0834736  1
572  0  0.434591  0.853775  12398.9  1.94086  -0.0507317  1
573  0  0.934268  0.126267  12273.1  2.0413  -0.283415  1
574  0  0.29071  -0.235654  12251.8  2.08861  -0.0785671  1
575  0  0.29988  0.173992  12080.6  2.13773  0.0664378  1
576  0  0.23941  0.154873  12123  2.13481  0.122174  1
577  0  0.798928  -0.0486061  12507.1  1.62148  0.0050737  1
578  0  0.315708  -0.0244986  12192.8  1.15735  -0.00442231  1
579  0  0.604256  0.0883989  11923.4  1.93725  -0.150064  1
580  0  1.67589  0.546379  12373.5  1.90469  -0.1741  1
581  0  -1.10876  -0.671061  12456  1.99748  -0.296476  1
582  0  0.692582  -0.0548221  12446.5  1.80013  0.00876262  1
583  0  0.884823  -0.253124  12462.9  1.97137  -0.0677278  1
584  0  -0.309186  -1.25128  12374.1  2.0314  -0.171666  1
585  0  -0.112906  -0.931722  12383.4  2.03047  -0.126794  1
586  0  0.158724  -0.202558  12190.4  2.11697  -0.120777  1
587  0  -0.408769  0.137818  12603.9  1.94073  -0.142629  1
588  0  0.489442  -0.0148887  12282  0.866131  0.00593082  1
589  0  0.532463  -0.0159486  12352.9  0.902455  0.0280675  1
590  0  1.02145  -0.0855529  12520.7  1.84152  -0.0476451  1
591  0  0.576427  -0.0129533  12387.1  0.823354  0.0115049  1
592  0  0.298252  0.29465  12245.1  2.06263  0.0252502  1
593  0  0.0730557  0.123942  12564.5  1.91209  0.242378  1
594  0  0.322805  0.747197  12407.5  1.95617  -0.0312526  1
595  0  0.585342  0.747461  12360.2  1.95307  -0.0817632  1
596  0  0.164235  0.329681  12381.5  2.00598  0.0528299  1
597  0  -0.0318665  -0.418317  12361.7  2.0411  -0.136939  1
598  0  -0.563957  -1.5996  12348.4  2.0295  -0.219842  1
599  0  0.255691  0.462512  12356.9  1.99868  0.00318189  1
600  0  1.28039  0.1884  12418.8  1.92545  -0.18485  1
601  0  0.572565  -1.23717  12379.4  2.01733  -0.118931  1
602  0  0.834483  -0.111124  12497.7  2.00014  -0.0282283  1
603  0  -0.924385  -0.158969  12519.5  1.99295  -0.31767  1
604  0  0.780376  0.533416  12303.5  1.97621  -0.142287  1
605  0  0.59425  -0.198043  12378.8  2.01418  -0.0272004  1
606  0  0.058249  -0.157502  12167.4  2.1202  -0.194283  1
607  0  0.714034  0.134404  12063.9  2.17941  -0.218695  1
608  0  0.575059  0.134035  11981.8  2.24126  -0.149029  1
609  0  1.38529  -1.74115  12382.1  2.0217  -0.116405  1
610  0  0.649507  0.282073  12162.2  2.06842  -0.146031  1
611  0  0.515134  0.157768  11997.3  2.1778  -0.103275  1
612  0  0.438696  0.320311  12189.8  2.07379  -0.0450652  1
613  0  0.366622  0.189431  12063.5  2.14025  0.00476951  1
614  0  -1.65126  0.455553  12606.2  1.98635  -0.27762  1
615  0  -1.55645  0.810858  12645.9  1.98786  -0.285292  1
616  0  0.0699217  -0.0731991  11857.9  2.3497  -0.224387  1
617  0  0.144224  0.144115  12322.6  2.03436  0.202631  1
618  0  1.59187  1.63676  12356.2  1.95409  -0.207457  1
619  0  -0.119765  -0.467734  12388.4  2.0326  -0.141035  1
620  0  0.655293  -0.0755394  12423.5  1.98423  0.00682011  1
621  0  0.888204  0.0506037  12167.3  1.66422  -0.265588  1
622  0  0.843791  0.0562266  12124.1  1.69647  -0.248431  1
623  0  -0.127965  0.49096  12543.8  1.9555  -0.00010539  1
624  0  -0.0364347  0.227857  12637  1.90344  0.0467619  1
625  0  1.42112  -0.421616  12412.8  1.96197  -0.12546  1
626  0  0.0310545  0.0516241  13019.2  1.48838  0.359323  1
627  0  -0.0133118  0.0271056  13430.5  1.03783  -0.103101  1
628  0  -0.109891  -0.287166  12393.1  2.02005  -0.167502  1
629  0  0.0291793  -0.0309558  11227  2.25929  -0.406857  1
630  0  -0.389753  -0.502519  12439.4  2.01693  -0.19613  1
631  0  -0.0415848  -0.0634536  12410.2  1.99674  -0.393753  1
632  0  -0.509583  -0.349052  12476.9  2.00483  -0.236745  1
633  0  0.687464  -0.00797842  12465.1  0.735598  0.0188624  1
634  0  1.01824  -0.0391678  12524.5  1.5071  -0.0250705  1
635  0  -0.688824  0.177983  12568.4  1.98012  -0.267722  1
636  0  -1.32951  -1.07661  12420  1.99401  -0.272222  1
637  0  -1.5891  -1.09348  12422.5  1.98798  -0.266342  1
638  0  0.272229  -0.134496  12179.1  2.0957  -0.0625172  1
639  0  0.750618  -0.3043  12423.5  1.9962  -0.0488219  1
640  0  -0.911724  1.68917  12766.9  1.93131  -0.285953  1
641  0  0.0753086  0.0665466  12558.3  1.7823  0.399593  1
642  0  0.754832  -0.0653378  12487.3  1.84874  -0.000852053  1
643  0  1.6918  -0.990378  12373.5  1.99655  -0.127295  1
644  0  0.648293  0.081226  11960.4  1.85223  -0.169285  1
645  0  0.691515  0.0771842  11986.5  1.83546  -0.195222  1
646  0  0.445889  -0.0139976  12244.8  0.803585  0.0114889  1
647  0  0.402445  -0.0159533  12210.9  0.861179  -0.0231658  1
648  0  1.25399  1.08766  12357.5  1.87813  -0.145438  1
649  0  0.252057  0.0939154  11952.2  2.06072  0.147566  1
650  0  0.11952  -0.0320113  11800.3  1.8157  -0.0640318  1
651  0  0.296654  0.0953592  11914.9  2.05154  0.0943905  1
652  0  0.451759  0.179013  12027.2  2.15457  -0.0557884  1
653  0  0.162864  -0.028761  11960  1.55168  -0.0217161  1
654  0  0.0716986  -0.0289608  11559.1  1.88384  -0.117426  1
655  0  0.25307  -0.179426  12203.9  2.10473  -0.0787956  1
656  0  -0.0994  0.0331138  12911  1.73747  -0.174779  1
657  0  1.09872  -0.306048  12458.1  1.95518  -0.090724  1
658  0  0.118265  0.544885  12442.7  1.96783  0.0104557  1
659  0  0.585641  -0.0581507  12368.9  1.87134  0.0164124  1
660  0  0.735633  0.0703139  11999.2  1.75338  -0.204013  1
661  0  0.119743  -0.369378  12308.5  2.06321  -0.123561  1
662  0  -0.14334  0.158579  12723.2  1.86148  -0.0305915  1
663  0  0.163835  0.0831616  12153.9  1.98079  0.272736  1
664  0  0.241252  -0.0807094  12126.6  2.23415  -0.0606294  1
665  0  0.966365  -0.0207745  12547.3  1.19332  -0.0392206  1
666  0  0.207944  0.0883493  12008.3  2.02106  0.20073  1
667  0  0.852193  0.0957482  12160.2  2.13744  -0.294296  1
668  0  -1.09724  1.22997  12705.8  1.98953  -0.31577  1
669  0  0.60365  -0.612211  12380.1  2.01043  -0.0917064  1
670  0  0.837419  -1.59757  12382.6  2.01857  -0.134417  1
671  0  0.923192  -0.0170361  12560.2  1.09961  -0.0378234  1
672  0  -0.519972  -1.07041  12395.5  2.03014  -0.223918  1
673  0  0.00556938  0.12784  12794.6  1.79963  0.142702  1
674  0  0.92925  0.038574  12249.2  1.50643  -0.262504  1
675  0  0.520633  -0.318872  12353.2  2.03644  -0.0569849  1
676  0  0.514829  0.0908952  11913.1  1.92819  -0.0942685  1
677  0  0.562272  0.0881314  11890.1  1.89596  -0.126681  1
678  0  0.732132  0.743395  12349.1  1.94239  -0.108786  1
679  0  0.973005  0.0289245  12345.5  1.40719  -0.261414  1
680  0  0.790669  -0.013185  12519.6  0.95467  0.00974146  1
681  0  0.250173  -0.0238791  12126.3  1.12716  0.0205352  1
682  0  0.458147  0.512894  12304.6  2.00487  -0.0579039  1
683  0  0.837172  -0.0115312  12553.6  0.928439  -0.0032306  1
684  0  0.882043  -0.0171379  12559  1.07156  -0.0224487  1
685  0  1.04435  0.0668242  12447  1.94499  -0.298009  1
686  0  0.241777  -0.519276  12342.4  2.04627  -0.105907  1
687  0  -0.350679  0.559513  12573.9  1.97229  -0.0655668  1
688  0  0.0979036  0.07004  12389.2  1.83336  0.383128  1
689  0  0.384417  0.0947817  11887.7  1.95147  -0.00143389  1
690  0  0.230583  -0.298974  12272.7  2.07831  -0.100865  1
691  0  0.428808  0.092293  11838.6  1.89664  -0.0331632  1
692  0  -0.309707  0.17472  12627.9  1.92385  -0.0948172  1
693  0  0.888225  0.605633  12330  1.94814  -0.146962  1
694  0  0.796425  -0.866069  12388.7  2.01305  -0.110225  1
695  0  0.778833  0.339193  12236.9  2.02004  -0.173952  1
696  0  0.994637  0.0220467  12385  1.23967  -0.254321  1
697  0  -1.66841  0.00350017  12543.8  1.98545  -0.274022  1
698  0  0.394088  -0.311187  12312.8  2.05735  -0.0717502  1
699  0  0.776567  0.063433  12064.3  1.68366  -0.23334  1
700  0  0.344585  -1.33648  12374.3  2.02302  -0.11738  1
701  0  -0.0682886  0.0726034  12985.4  1.69973  -0.040771  1
702  0  0.421477  0.214814  12079.5  2.12829  -0.0332411  1
703  0  0.0250806  -1.27009  12372.2  2.02568  -0.122851  1
704  0  0.1119  -0.0850898  11968  2.27782  -0.139378  1
705  0  0.554455  -0.00801184  12357.5  0.676246  0.0212125  1
706  0  0.0929468  -0.0317892  11698.5  1.86322  -0.0889905  1
707  0  0.142093  0.0775299  12168.4  1.91445  0.304561  1
708  0  -0.461179  0.331503  12594.7  1.96916  -0.141978  1
709  0  0.660697  -0.010937  12448.7  0.80203  0.0225802  1
710  0  0.230124  0.0880584  11998.4  1.95582  0.168659  1
711  0  0.713246  0.0693595  11968.7  1.65543  -0.19017  1
712  0  0.38058  -0.0144271  12209.7  0.717018  0.00873476  1
713  0  0.942743  -0.168637  12501.1  1.97816  -0.0639537  1
714  0  0.467519  -0.0104972  12255.5  0.6225  0.0399981  1
715  0  0.434892  -0.470501  12349.9  2.04057  -0.0849977  1
716  0  -0.50646  0.904208  12587.6  1.95443  -0.123685  1
717  0  -1.37201  -1.69972  12363.8  1.99542  -0.251461  1
718  0  -1.69995  -0.547051  12479.1  1.98657  -0.269425  1
719  0  0.235185  0.367639  12332.5  2.01959  0.028143  1
720  0  0.28865  1.4249  12456.1  1.9034  -0.0501601  1
721  0  0.821458  0.0557253  12069.9  1.58731  -0.22608  1
722  0  1.15851  -0.777545  12398.2  1.98932  -0.113958  1
723  0  0.82195  -0.0719582  12509.1  1.87403  -0.00993331  1
724  0  0.996089  -0.0187524  12513  1.14806  -0.0412421  1
725  0  0.20664  -0.176516  12178.6  2.11997  -0.0966015  1
726  0  0.164893  -0.0523029  11983.6  2.25296  -0.0573567  1
727  0  -0.546539  -0.0651328  12541.4  1.97636  -0.234084  1
728  0  -1.12475  0.504281  12600.6  1.99378  -0.317225  1
729  0  0.324878  -0.0879628  12200.2  2.20655  -0.0407587  1
730  0  0.964171  0.240822  12309.3  1.98118  -0.224267  1
731  0  1.67314  0.291081  12383.2  1.91539  -0.172594  1
732  0  -0.196399  0.0980865  12713.3  1.86235  -0.0886771  1
733  0  0.533319  -0.10273  12346.2  2.12674  -0.00851512  1
734  0  -0.0218045  -0.0227364  12284  1.96657  -0.767573  1
735  0  0.345602  -0.06581  12219  2.15007  -0.0307161  1
736  0  0.681528  0.393221  12237.9  2.02178  -0.137826  1
737  0  0.555966  1.42922  12414.4  1.89211  -0.0200906  1
738  0  0.771594  -0.00668232  12507.8  0.751848  0.0266724  1
739  0  0.40354  -0.226085  12294.3  2.06441  -0.0541999  1
740  0  0.804129  0.885128  12364.3  1.91667  -0.109051  1
741  0  -1.32497  -0.492622  12481.7  1.99014  -0.287374  1
742  0  1.26869  -0.117608  12453.5  1.83027  -0.11035  1
743  0  0.397357  -0.0704602  12235.7  2.13276  -0.0212617  1
744  0  0.985166  0.159252  12328.7  1.97764  -0.256924  1
745  0  0.939985  0.421829  12311.1  1.97045  -0.177276  1
746  0  -0.274564  -0.0133018  12608.6  1.91943  -0.152094  1
747  0  0.545152  -0.501662  12370.2  2.02548  -0.0799676  1
748  0  0.891659  -0.437146  12425.9  1.97809  -0.0896025  1
749  0  0.698619  -0.146002  12429.5  2.03634  -0.0220975  1
750  0  0.901567  -0.0120564  12559.5  0.958537  -0.03173  1
751  0  1.3533  -1.17542  12379.7  2.00335  -0.12125  1
752  0  -0.254481  -0.794143  12399.3  2.02754  -0.155228  1
753  0  -1.07522  -1.22684  12398.6  2.00728  -0.26957  1
754  0  0.363247  -0.125625  12240.2  2.10121  -0.0376128  1
755  0  0.930856  0.0874176  12271.3  2.08868  -0.316208  1
756  0  0.846929  -0.326551  12439.5  1.97975  -0.0700598  1
757  0  -0.200839  -0.402551  12415.1  2.02068  -0.1583  1
758  0  0.601076  -0.332894  12378.1  2.02468  -0.0521234  1
759  0  0.385199  0.379938  12251.6  2.04346  -0.0249483  1
760  0  0.839527  0.171201  12192.6  2.044  -0.241399  1
761  0  1.73771  0.0374834  12379.7  1.91602  -0.163295  1
762  0  1.74443  -0.242621  12388  1.94826  -0.135916  1
763  0  0.634541  -0.252883  12392  2.01215  -0.0359618  1
764  0  -0.882465  0.43059  12586.8  1.99894  -0.307385  1
765  0  0.533275  0.416609  12248.1  2.02933  -0.0833248  1
766  0  -0.145447  1.70237  12657  1.81466  -0.00475984  1
767  0  -0.0165466  0.375578  12529.6  1.95268  0.0265441  1
768  0  0.635413  0.129624  12012  2.2298  -0.185707  1
769  0  1.13945  0.375198  12364.7  1.93919  -0.179506  1
770  0  -1.67713  -1.66529  12377.4  1.98936  -0.255492  1
771  0  0.60368  -0.848143  12380.4  2.02211  -0.110208  1
772  0  0.973167  -0.07886  12537.7  1.84724  -0.0383071  1
773  0  -0.0676369  0.614598  12514.7  1.95697  0.00825487  1
774  0  0.0566709  -0.432369  12340.8  2.04999  -0.125505  1
775  0  0.0108894  0.0369487  13354.3  1.13441  0.216295  1
776  0  0.0163314  0.084714  12926.7  1.72285  0.23622  1
777  0  0.717365  -0.0779084  12459.2  1.9554  -0.000789698  1
778  0  0.293559  0.1207  11979.8  2.26407  0.0965732  1
779  0  -0.0794769  0.802039  12519.2  1.9496  0.0100852  1
780  0  0.271785  -0.019722  12097.7  1.09561  -0.0243081  1
781  0  0.625846  0.0790466  11922.3  1.7362  -0.147836  1
782  0  0.358806  -0.0149014  12205.8  0.830916  0.0133025  1
783  0  0.581691  0.0828817  11943.3  1.75997  -0.129079  1
784  0  0.864253  0.296576  12252.7  2.01403  -0.198317  1
785  0  0.440932  0.146217  11978.5  2.22598  -0.0510015  1
786  0  1.37925  -0.630875  12402.7  1.97599  -0.120193  1
787  0  0.274711  0.246912  12207.3  2.08586  0.051596  1
788  0  1.73534  1.36311  12366.8  1.87619  -0.181315  1
789  0  0.513701  -0.253075  12343.7  2.03861  -0.0460647  1
790  0  -0.0754498  0.307904  12589.9  1.93068  0.0201658  1
791  0  1.02367  0.0204951  12482.5  1.38135  -0.263447  1
792  0  0.545635  -0.0708725  12357.5  2.04267  0.00779454  1
793  0  0.751498  0.281434  12195.2  2.04678  -0.18178  1
794  0  0.510959  -0.00818252  12293.5  0.61064  0.0412247  1
795  0  0.597877  -0.00547218  12406.6  0.583236  0.0259454  1
796  0  -0.448024  -0.849266  12411.6  2.02876  -0.21133  1
797  0  0.371512  0.153177  11996.3  2.1973  0.0106632  1
798  0  0.0224287  0.225557  12588.9  1.92187  0.0842598  1
799  0  0.910896  -0.0694883  12540.2  1.81282  -0.0237655  1
800  0  0.16275  1.74871  12506.8  1.90574  -0.122143  1
801  0  0.87106  -0.0479958  12551.7  1.61728  -0.0140679  1
802  0  -0.0452614  -0.341197  12358  2.03873  -0.151058  1
803  0  0.407581  0.136312  11947.1  2.25329  -0.0191861  1
804  0  0.65193  0.105355  11991.3  2.2426  -0.202555  1
805  0  0.339336  0.0931564  11895.6  1.9727  0.0431063  1
806  0  0.688864  0.25255  12151.8  2.07139  -0.168286  1
807  0  1.08783  0.111033  12449.2  1.96156  -0.254273  1
808  0  0.491367  -0.0492259  12294.3  1.78683  0.0191136  1
809  0  -0.113374  -0.583959  12390.4  2.03122  -0.134725  1
810  0  0.291878  -0.0634199  12136.8  2.16721  -0.0334515  1
811  0  0.124241  -0.0580381  11906.1  2.35306  -0.10659  1
812  0  0.121518  -0.24873  12238.6  2.09199  -0.135587  1
813  0  0.618223  -0.00562032  12402.7  0.635218  0.013647  1
814  0  -1.49286  1.72776  12793.3  1.96235  -0.264372  1
815  0  1.24199  -0.406538  12428.7  1.96248  -0.107171  1
816  0  -0.607604  -0.676167  12437.4  2.0204  -0.257574  1
817  0  -0.873497  1.04414  12650.7  1.97865  -0.295478  1
818  0  0.7627  0.192984  12146.9  2.06656  -0.212553  1
819  0  0.141512  -0.74505  12369.2  2.03394  -0.111888  1
820  0  1.37425  -0.242336  12437  1.94689  -0.120742  1
821  0  0.233316  -0.963464  12374.5  2.02833  -0.111502  1
822  0  0.077515  0.877879  12488.7  1.94076  0.00343522  1
823  0  -0.0376957  0.136838  12809.4  1.79759  0.0658302  1
824  0  0.415273  -0.142891  12273.6  2.0692  -0.0302614  1
825  0  0.436168  -0.0836574  12252.5  2.18112  -0.0170851  1
826  0  0.0703269  0.164325  12540.3  1.9292  0.172113  1
827  0  0.337878  -0.0147361  12192.7  0.779183  -0.00812061  1
828  0  1.3845  0.530469  12376.7  1.90834  -0.161998  1
829  0  -0.597897  0.734497  12594.8  1.97757  -0.188998  1
830  0  -0.995018  0.082088  12552.2  1.99001  -0.318459  1
831  0  0.773579  -0.13001  12478  2.03663  -0.025779  1
832  0  -1.23943  0.149294  12559.9  1.98936  -0.301575  1
833  0  0.227414  0.233376  12246.8  2.0716  0.0817222  1
834  0  0.544245  -0.170208  12356.3  2.02653  -0.0228294  1
835  0  0.2923  -0.0163223  12131.4  0.86528  0.015533  1
836  0  0.205399  -0.0232421  12037.1  1.26043  0.00613792  1
837  0  0.552695  0.621688  12329.1  1.97949  -0.0789985  1
838  0  0.662774  1.74358  12300.6  1.91047  0.0375247  1
839  0  -0.215136  0.57828  12550.8  1.96223  -0.0131213  1
840  0  0.319188  0.0898747  11863.7  1.89802  0.0613043  1
841  0  1.18385  0.0888111  12503.9  1.92055  -0.207391  1
842  0  0.0928414  -0.540982  12354.5  2.04352  -0.116089  1
843  0  0.00477622  -0.022083  11151.5  2.16137  -0.781878  1
844  0  0.307205  0.638357  12390.1  1.9718  -0.0251214  1
845  0  -0.0280121  -0.206787  12317.8  2.04838  -0.19656  1
846  0  0.638885  -0.00269402  12428.5  0.543287  0.0126189  1
847  0  0.493113  0.0866264  11900  1.77888  -0.0800991  1
848  0  0.974151  0.108949  12326  2.03883  -0.295728  1
849  0  -0.152639  0.308069  12607.9  1.93027  -0.00907455  1
850  0  0.478506  -0.158681  12311.6  2.04328  -0.0238688  1
851  0  0.965496  1.72889  12340.2  1.88753  -0.0950465  1
852  0  0.0195264  -0.249476  12291.5  2.06362  -0.167434  1
853  0  0.693877  0.104695  12014.6  2.22818  -0.223504  1
854  0  0.473247  0.0912294  11877.7  1.90616  -0.0708231  1
855  0  -1.37674  -0.0371737  12538.1  1.98743  -0.287978  1
856  0  0.444228  -0.0386608  12245.9  1.59611  0.0114327  1
857  0  0.406352  -0.0416494  12231.3  1.70053  0.00476319  1
858  0  0.36104  1.02812  12435.3  1.92368  -0.0337828  1
859  0  -0.0540097  -0.123117  12381.3  2.0095  -0.269893  1
860  0  0.097206  -0.146506  12108.5  2.14498  -0.164879  1
861  0  -1.10641  0.715698  12626.6  1.98585  -0.318268  1
862  0  -0.48671  1.32927  12646.2  1.92826  -0.0462983  1
863  0  0.89065  1.17435  12377.5  1.86875  -0.0953342  1
864  0  0.363142  0.0941607  11885.5  1.99142  0.0172848  1
865  0  0.169393  0.700336  12442.1  1.95837  -0.00577346  1
866  0  0.0185828  -1.69876  12358.9  2.03257  -0.126798  1
867  0  0.498688  -0.101991  12313.7  2.13942  -0.0114911  1
868  0  0.00194043  -0.0769548  12109.3  2.148  -0.368508  1
869  0  0.72697  -0.00504502  12477  0.679394  0.00104824  1
870  0  -0.270207  -0.629786  12410.5  2.02417  -0.159341  1
871  0  0.624046  0.241702  12119.1  2.09105  -0.146838  1
872  0  0.342815  -1.70089  12377  2.0326  -0.119259  1
873  0  0.230108  -0.0241842  12133.7  1.26358  0.0188531  1
874  0  0.253226  0.122439  12031.2  2.22343  0.137824  1
875  0  0.879816  -0.118791  12511.6  2.00269  -0.0370787  1
876  0  0.209546  -0.105839  12123.3  2.15865  -0.0734064  1
877  0  0.449269  0.0932656  11889  1.93619  -0.0516428  1
878  0  0.205755  0.142356  12165.2  2.1208  0.163405  1
879  0  -0.187758  0.237079  12648.9  1.90918  -0.0314204  1
880  0  1.01673  -0.163687  12514  1.96164  -0.0722193  1
881  0  1.68635  -1.60098  12372.1  2.01983  -0.127057  1
882  0  -0.854563  0.232016  12568.1  1.99277  -0.306789  1
883  0  0.977065  0.0541929  12349.3  1.91726  -0.325331  1
884  0  0.530081  -0.0489877  12344.2  1.74115  0.0329474  1
885  0  0.185069  -0.0216059  11984.8  1.18673  0.00459958  1
886  0  0.718684  -0.434986  12400.4  2.00296  -0.0732135  1
887  0  0.20129  0.112808  12092  2.19591  0.203359  1
888  0  0.310763  0.144211  12020.2  2.20291  0.0683771  1
889  0  0.162379  0.110339  12206.6  2.12724  0.252217  1
890  0  0.0513004  0.450601  12475.6  1.96516  0.0236551  1
891  0  0.0657847  0.0914551  12634.8  1.87884  0.327496  1
892  0  -0.634417  1.09313  12627.7  1.9619  -0.181175  1
893  0  -0.693545  -0.0724519  12531  1.98709  -0.289388  1
894  0  -1.6625  1.09831  12688.5  1.98368  -0.279635  1
895  0  0.606969  -0.0927638  12388.1  2.08188  -0.00193033  1
896  0  0.750876  -0.00620538  12505.6  0.746752  0.0207275  1
897  0  0.864811  0.0466646  12135.7  1.48399  -0.234975  1
898  0  0.584518  0.17081  12034  2.1379  -0.142246  1
899  0  0.175952  0.160638  12255.6  2.06381  0.162016  1
900  0  0.90809  0.0385766  12178.2  1.41542  -0.239743  1
901  0  0.836761  0.447509  12290.8  1.98308  -0.16417  1
902  0  1.01257  0.843354  12358.8  1.9045  -0.128934  1
903  0  1.06293  1.04341  12361.5  1.88189  -0.122406  1
904  0  0.517969  0.113237  11928  2.27312  -0.108545  1
905  0  -0.646473  1.7548  12748.8  1.87867  -0.00862652  1
906  0  1.05796  -0.431747  12432.9  1.96984  -0.0947022  1
907  0  0.131453  -0.159362  12135.5  2.1366  -0.136147  1
908  0  0.336581  0.258134  12174.1  2.09648  0.0186998  1
909  0  0.995738  0.0815281  12368.8  2.04203  -0.3049  1
910  0  -0.185957  -0.0216805  12657.2  1.8826  -0.173023  1
911  0  0.110747  0.117818  12389.7  2.00377  0.265464  1
912  0  -0.216403  1.07243  12563.1  1.91565  0.00300084  1
913  0  0.558682  0.110336  11923.7  2.26755  -0.145287  1
914  0  0.60597  0.113962  11969.7  2.26823  -0.172585  1
915  0  0.812289  0.104482  12115.6  2.1696  -0.275469  1
916  0  0.182692  -0.0674696  12047.4  2.32966  -0.0706451  1
917  0  -0.429597  -0.101335  12536.4  1.96778  -0.195491  1
918  0  0.372768  -0.539162  12350.5  2.03857  -0.0965002  1
919  0  0.579824  0.218941  12087.7  2.10764  -0.128752  1
920  0  -0.157961  0.0357416  12752.2  1.8341  -0.138175  1
921  0  0.998702  0.534183  12335.6  1.94632  -0.161419  1
922  0  1.01664  0.343041  12330.1  1.9654  -0.193828  1
923  0  -0.900538  0.815268  12624  1.97902  -0.313713  1
924  0  1.64787  0.815776  12368.2  1.90031  -0.179401  1
925  0  0.63937  -0.0459648  12429.4  1.69253  0.033319  1
926  0  0.34469  -0.197554  12257.6  2.08199  -0.0578857  1
927  0  1.44694  0.951127  12367.9  1.88958  -0.165364  1
928  0  -0.869726  -0.847835  12429.3  2.01302  -0.287722  1
929  0  0.0549759  0.273919  12505.2  1.95824  0.0740066  1
930  0  0.70715  -0.00245999  12468  0.594568  0.00569097  1
931  0  0.680644  -0.298685  12401.1  2.01041  -0.043387  1
932  0  0.336287  0.440225  12306.5  2.01717  -0.0149186  1
933  0  0.505843  0.283886  12145.7  2.09011  -0.0808638  1
934  0  0.545103  -0.216701  12356  2.028  -0.033985  1
935  0  0.0664471  -0.217801  12234  2.09276  -0.165009  1
936  0  0.763879  -0.21548  12444.9  1.9892  -0.0360257  1
937  0  0.782367  0.234302  12185.8  2.04911  -0.202433  1
938  0  1.55074  -0.312842  12406.8  1.95585  -0.132362  1
939  0  0.596139  0.447848  12254.9  2.01823  -0.106306  1
940  0  0.0400305  -0.0891041  11968.8  2.19855  -0.275409  1
941  0  0.409578  0.268782  12145  2.10143  -0.0282806  1
942  0  -0.577143  0.389931  12582  1.98919  -0.198804  1
943  0  -0.759769  -1.13729  12401.1  2.02101  -0.266248  1
944  0  -0.813969  -1.42953  12370.5  2.01914  -0.255871  1
945  0  0.978772  -0.859989  12395.2  2.00267  -0.110741  1
946  0  0.937196  0.0629929  12270.9  1.98469  -0.319571  1
947  0  -0.52376  0.608612  12583.1  1.98608  -0.143793  1
948  0  0.619769  -0.156158  12394.5  2.02829  -0.0208436  1
949  0  0.38742  -0.872678  12373.4  2.0301  -0.111902  1
950  0  0.962679  -0.0480187  12545.5  1.61826  -0.0339275  1
951  0  0.923838  -0.0437664  12548.4  1.56364  -0.0231304  1
952  0  -0.156507  -0.130261  12500.3  1.95993  -0.206079  1
953  0  -0.387438  -1.48234  12361.1  2.03172  -0.191272  1
954  0  0.563723  0.33982  12191.7  2.05817  -0.101412  1
955  0  0.45632  -0.0574296  12260.4  1.97879  -0.00174722  1
956  0  0.636818  0.334355  12193.9  2.04988  -0.13147  1
957  0  0.351565  -0.389823  12323.5  2.05479  -0.0866967  1
958  0  0.578093  -0.0344616  12388.5  1.45072  0.0319686  1
959  0  -0.0786846  0.121328  12829.7  1.79003  0.00544059  1
960  0  -0.281504  -1.73786  12338.6  2.0365  -0.1667  1
961  0  0.104997  -0.30936  12283.8  2.07256  -0.132757  1
962  0  0.245806  -0.109964  12152  2.13425  -0.0653  1
963  0  0.860876  -1.02695  12386.7  2.01237  -0.118453  1
964  0  -1.19462  -0.260025  12508.6  1.99188  -0.300912  1
965  0  -0.0504869  0.445694  12522.8  1.9557  0.0148819  1
966  0  -0.220481  -0.16443  12503.8  1.96516  -0.180921  1
967  0  0.536317  1.04231  12403.1  1.91735  -0.0603739  1
968  0  -1.77481  -0.24169  12516.9  1.98631  -0.26789  1
969  0  0.712245  -0.556101  12393.8  1.99902  -0.0891364  1
970  0  0.230237  -0.0608617  12133.3  2.25499  -0.0494972  1
971  0  0.686034  -0.0321904  12449.6  1.33517  0.0219255  1
972  0  -0.466864  0.219387  12596.1  1.95593  -0.160594  1
973  0  1.17244  0.267024  12391.9  1.92965  -0.196325  1
974  0  0.245033  -0.703522  12364.6  2.03439  -0.110626  1
975  0  0.355484  -0.727784  12367.7  2.03086  -0.107778  1
976  0  -0.761347  -0.208098  12513.6  1.99575  -0.304067  1
977  0  0.700357  0.208918  12121.8  2.07995  -0.184635  1
978  0  1.17204  0.732602  12358.4  1.90498  -0.144024  1
979  0  0.78419  0.645549  12329.1  1.95408  -0.129335  1
980  0  -0.265778  0.226554  12630.3  1.92333  -0.0633456  1
981  0  0.709282  -0.191109  12429.9  1.99639  -0.0258243  1
982  0  1.11559  -1.68619  12380.6  2.01745  -0.128628  1
983  0  0.464578  -0.226085  12317  2.05103  -0.0453088  1
984  0  0.423925  -0.00904539  12212.2  0.551047  0.0161926  1
985  0  -1.72294  -1.36806  12400.9  1.98808  -0.259563  1
986  0  0.550001  0.155401  12005.1  2.17437  -0.125757  1
987  0  0.669026  0.0730962  11962.2  1.65251  -0.166627  1
988  0  0.596352  -0.417999  12378.1  2.02532  -0.0653566  1
989  0  0.368398  -0.0609959  12243.8  2.07573  -0.0251447  1
990  0  0.724911  0.181441  12113.3  2.08466  -0.20288  1
991  0  0.274622  0.0885135  11924.1  1.92974  0.117992  1
992  0  -0.295511  -0.425487  12438.3  2.01544  -0.175393  1
993  0  0.0478524  0.621646  12474.3  1.95926  0.00907879  1
994  0  0.664101  -0.130106  12421.8  2.05281  -0.0175207  1
995  0  0.0459236  -1.04699  12376.1  2.02777  -0.114094  1
996  0  -0.142002  -0.0682269  12593.6  1.90961  -0.223205  1
997  0  0.0207312  -0.155635  12209.2  2.09768  -0.218182  1
998  0  -0.0852156  -0.0526607  12557.7  1.90224  -0.305997  1
999  0  -0.0853995  -0.787585  12385.2  2.02914  -0.123676  1
1000  0  0.741195  0.091819  12048  2.17746  -0.259076  1
1001  0  0.334724  0.171079  12050  2.15301  0.0375217  1
1002  0  0.507837  0.130855  11955.7  2.25867  -0.104676  1
1003  0  -0.23402  1.46665  12596  1.83088  0.0461327  1
1004  0  0.141057  -0.0241921  11859.8  1.39204  -0.0182684  1
1005  0  -1.71182  -0.828501  12445  1.98523  -0.265489  1
1006  0  -1.29697  0.833055  12646.8  1.98571  -0.301997  1
1007  0  -1.32361  0.372842  12588.5  1.99123  -0.298592  1
1008  0  0.487094  0.172759  12018.7  2.15281  -0.0812379  1
1009  0  0.0524892  -0.0250455  11319.5  1.88255  -0.168073  1
1010  0  -0.079101  -0.228204  12375.3  2.02213  -0.186242  1
1011  0  -0.0571674  1.17206  12552.6  1.8878  0.00875664  1
1012  0  0.748436  -0.0426573  12502.3  1.63586  0.0154184  1
1013  0  1.39573  -0.0758012  12437.7  1.86103  -0.144314  1
1014  0  0.338834  -0.157776  12240.5  2.0802  -0.04639  1
1015  0  -0.692958  1.51339  12727  1.94006  -0.141981  1
1016  0  0.147349  -0.102096  12040.4  2.18087  -0.10657  1
1017  0  -1.36795  1.27642  12723.7  1.9762  -0.294132  1
1018  0  0.462677  -0.337193  12337.2  2.04615  -0.0673601  1
1019  0  0.042548  0.138327  12666.2  1.86226  0.186614  1
1020  0  0.361137  0.131621  11966.1  2.25245  0.0245359  1
1021  0  0.848313  -0.0714337  12523.4  1.8536  -0.0153216  1
1022  0  0.179235  -0.256213  12239.3  2.09271  -0.114783  1
1023  0  0.61769  -0.039163  12377.5  1.61566  0.0301019  1
1024  0  1.04987  0.152091  12376.1  1.94816  -0.248088  1
1025  0  -0.798156  -1.73126  12333  2.01467  -0.234212  1
1026  0  0.187765  0.505521  12404.7  1.97983  0.0082542  1
1027  0  -0.0248378  0.178859  12699.9  1.86306  0.0794054  1
1028  0  0.945154  -0.0124122  12564.5  0.979274  -0.03647  1
1029  0  -0.201747  0.393632  12580.2  1.9503  -0.0210581  1
1030  0  1.03965  1.51302  12348.7  1.82108  -0.13434  1
1031  0  0.755549  0.0596963  12025.7  1.48135  -0.191978  1
1032  0  0.398082  0.45111  12292.6  2.01802  -0.0346078  1
1033  0  1.27916  0.424222  12378.5  1.92108  -0.167473  1
1034  0  1.60789  -0.772201  12378.9  1.98794  -0.124834  1
1035  0  -0.0280506  0.00271304  13113.4  1.35032  -0.547297  1
1036  0  0.943959  -0.0901778  12527.3  1.92478  -0.0391298  1
1037  0  1.34744  -1.45021  12376.9  2.01043  -0.120181  1
1038  0  -1.75401  1.75681  12773.9  1.97678  -0.262674  1
1039  0  -1.12522  -0.940314  12429.8  2.00102  -0.283571  1
1040  0  0.841506  -0.20749  12468.1  1.97914  -0.0497485  1
1041  0  0.738914  1.03526  12380.4  1.9038  -0.0898604  1
1042  0  -0.721756  -0.529352  12459.1  2.0089  -0.28557  1
1043  0  0.595283  -1.75788  12381.7  2.03111  -0.133698  1
1044  0  0.838843  0.230802  12221.5  2.02991  -0.216085  1
1045  0  0.892621  0.201844  12250  2.01053  -0.235556  1
1046  0  1.20407  -0.0122589  12510.9  1.76151  -0.145369  1
1047  0  0.106521  0.178797  12434.8  1.98572  0.164641  1
1048  0  -0.367866  -0.262428  12484.5  1.9936  -0.196388  1
1049  0  -0.177502  -0.327573  12418.1  2.01352  -0.163549  1
1050  0  -0.199208  -0.253893  12447.7  1.99606  -0.17427  1
1051  0  1.06989  -0.116185  12553.5  1.88913  -0.0675783  1
1052  0  0.269321  0.167786  12104.5  2.13006  0.0900569  1
1053  0  -0.294956  0.669676  12559  1.96533  -0.0270251  1
1054  0  -0.0317974  0.0565443  13169.7  1.56218  0.0406621  1
1055  0  0.0775055  -0.0473649  11702.6  2.39893  -0.184644  1
1056  0  -0.757382  0.721209  12607.3  1.98325  -0.276228  1
1057  0  0.793645  -0.479249  12408.3  1.99047  -0.0858258  1
1058  0  -0.663188  0.0450977  12552.1  1.97834  -0.268446  1
1059  0  0.51227  0.193687  12045.6  2.13245  -0.0948596  1
1060  0  1.40812  1.82258  12356  1.99313  -0.260675  1
1061  0  -1.78014  0.225506  12572.9  1.98446  -0.269113  1
1062  0  0.185427  -0.361904  12299.1  2.06771  -0.111694  1
1063  0  0.622935  0.167003  12045  2.13253  -0.162762  1
1064  0  0.546873  -0.133583  12359.9  2.06926  -0.0169233  1
1065  0  0.909519  -0.206763  12480.8  1.96786  -0.0623645  1
1066  0  1.03176  -0.243127  12476.4  1.95284  -0.0848895  1
1067  0  1.81229  1.8  12344.4  2.03294  -0.196925  1
1068  0  0.0550513  0.0538111  12783.7  1.57186  0.421647  1
1069  0  1.04479  -0.682438  12405.1  1.99013  -0.102178  1
1070  0  -0.377497  -0.173908  12515.7  1.97452  -0.190324  1
1071  0  0.578733  -0.722395  12377.7  2.01622  -0.101755  1
1072  0  -0.969174  1.43704  12719.3  1.9855  -0.320129  1
1073  0  1.02637  -0.00848668  12524.5  1.12542  -0.0972901  1
