0  2  1  0  15797.1  -1.06606e-16  -1.1949e-17  1
1  1  2  2  15734.9  1.95964  0.072661  1
2  1  2  -2  15746  2.05635  0.147859  1
3  3  -2  -2  15807  1.99384  0.156894  1
4  3  -2  2  15553.3  1.99554  0.158036  1
10  1  2  1.6  15747.7  1.94998  0.0681139  1
11  1  2  1.2  15747.7  1.9327  0.0546174  1
12  1  2  0.8  15747.7  1.91372  0.0253529  1
13  1  2  0.4  15747.7  1.91212  -0.0151707  1
14  1  2  5.50449e-12  15747.7  2.00477  -0.018824  1
15  1  2  -0.4  15747.7  2.09956  0.0326337  1
16  1  2  -0.8  15747.7  2.09597  0.0863538  1
17  1  2  -1.2  15747.7  2.07321  0.116521  1
18  1  2  -1.6  15747.7  2.09123  0.132679  1
19  0  1.6  -2  15774.5  1.99384  0.156894  1
20  0  1.2  -2  15815.3  1.99384  0.156894  1
21  0  0.8  -2  15826.9  1.99384  0.156894  1
22  0  0.4  -2  15831.3  1.99384  0.156894  1
23  0  5.50449e-12  -2  15839  1.99384  0.156894  1
24  0  -0.4  -2  15841.5  1.99384  0.156894  1
25  0  -0.8  -2  15830  1.99384  0.156894  1
26  0  -1.2  -2  15818.6  1.99384  0.156894  1
27  0  -1.6  -2  15811.8  1.99384  0.156894  1
28  3  -2  -1.6  15803.5  1.99384  0.156894  1
29  3  -2  -1.2  15794.4  1.99384  0.156894  1
30  3  -2  -0.8  15778.1  1.99384  0.156894  1
31  3  -2  -0.4  15750.1  1.99384  0.156894  1
32  3  -2  -5.50449e-12  15715.4  1.99384  0.156894  1
33  3  -2  0.4  15675.3  1.99384  0.156894  1
34  3  -2  0.8  15633.6  1.99384  0.156894  1
35  3  -2  1.2  15595.3  1.99384  0.156894  1
36  3  -2  1.6  15566.8  1.99384  0.156894  1
37  0  -1.6  2  15538.4  2.00091  0.158255  1
38  0  -1.2  2  15516.8  2.00768  0.174532  1
39  0  -0.8  2  15521.1  2.01908  0.164033  1
40  0  -0.4  2  15537.5  2.03519  0.144187  1
41  0  -5.50449e-12  2  15542.2  2.03188  0.167695  1
42  0  0.4  2  15558.8  2.01223  0.157929  1
43  0  0.8  2  15589.1  1.99732  0.117638  1
44  0  1.2  2  15643.9  1.97981  0.09368  1
45  0  1.6  2  15701.8  1.96535  0.0792942  1
46  2  0.979171  0.00643572  15629.7  -8.43573e-18  -1.76936e-18  1
47  2  0.958336  0.0128794  15610.9  0  0  1
48  2  0.937356  0.0188313  15587.5  -1.31039e-16  1.7688e-17  1
49  2  0.916306  0.0245363  15579.7  2.03301e-16  -2.90445e-17  1
50  2  0.895236  0.030168  15587.5  1.22266e-16  -2.15341e-17  1
51  2  0.874176  0.0358327  15510.9  0  0  1
52  2  0.853134  0.0415663  15456.4  0  0  1
53  2  0.832112  0.0473745  15439.9  0  0  1
54  2  0.811144  0.0533713  15311.7  0  0  1
55  2  0.790221  0.0595243  15210.2  -9.86076e-32  0  1
56  2  0.769283  0.0656256  15168.8  0  0  1
57  2  0.748315  0.0716232  15047.9  0  0  1
58  2  0.727194  0.0770577  14889.5  0  0  1
59  2  0.705949  0.0819817  14819.1  2.46519e-32  -6.16298e-33  1
60  2  0.684582  0.0863481  14714.9  0  0  1
61  2  0.663117  0.0902066  14629.8  -1.85924e-16  2.48687e-17  1
62  2  0.641582  0.0936487  14573  0  0  1
63  2  0.619985  0.0966798  14513.5  0  0  1
64  2  0.598335  0.0993102  14458  0  0  1
65  2  0.576642  0.101553  14404  -1.92541e-16  1.41906e-17  1
66  2  0.554917  0.103467  14382.2  0  0  1
67  2  0.533166  0.105058  14309.2  0  0  1
68  2  0.511395  0.106342  14295.7  0  0  1
69  2  0.489608  0.107321  14242.1  0  0  1
70  2  0.46781  0.108006  14201.7  0  0  1
71  2  0.446004  0.108402  14198.8  0  0  1
72  2  0.424196  0.108505  14185.7  4.66889e-16  1.246e-17  1
73  2  0.402388  0.10831  14153.2  0  0  1
74  2  0.380584  0.107813  14116.7  -1.9551e-16  -8.60882e-18  1
75  2  0.35879  0.107005  14104.4  0  0  1
76  2  0.33701  0.105879  14080.3  -1.98012e-16  -1.90663e-17  1
77  2  0.31525  0.104427  14064.4  0  0  1
78  2  0.293515  0.102633  14008.4  1.91894e-16  1.89563e-17  1
79  2  0.271813  0.100478  14019.6  2.78142e-16  3.72943e-17  1
80  2  0.250152  0.0979404  14022.7  0  0  1
81  2  0.228543  0.0949988  13997.6  -5.61152e-16  -9.39371e-17  1
82  2  0.206997  0.0916204  13984.5  0  0  1
83  2  0.185532  0.0877667  13964.4  9.86194e-17  2.30455e-17  1
84  2  0.164166  0.0833956  14008.7  0  0  1
85  2  0.142926  0.0784494  13985.4  1.77115e-16  4.06017e-17  1
86  2  0.121848  0.0728521  13987.6  0  0  1
87  2  0.100986  0.066498  14006.6  0  0  1
88  2  0.0804173  0.059255  14012.1  -2.73258e-16  -7.8588e-17  1
89  2  0.0602666  0.0509222  14186.3  0  0  1
90  2  0.0407589  0.0411851  14307.7  2.0116e-16  7.14704e-17  1
91  2  0.0223786  0.0294756  14554  0  0  1
92  2  0.0064827  0.01464  15983  7.63231e-17  -6.09919e-17  1
93  2  0.00241465  -0.00461405  17242.7  0  0  1
94  2  0.0217236  -0.0143752  16673.6  0  0  1
95  2  0.042827  -0.0198275  16066.5  0  0  1
96  2  0.0643199  -0.0235088  16017.1  0  0  1
97  2  0.0859638  -0.0261782  15918.4  0  0  1
98  2  0.107681  -0.028168  15891.1  0  0  1
99  2  0.129438  -0.0296795  15862.2  0  0  1
100  2  0.151217  -0.0308172  15843.7  0  0  1
101  2  0.17301  -0.0316477  15826.6  0  0  1
102  2  0.194811  -0.032241  15796.1  0  0  1
103  2  0.216617  -0.0326302  15766.6  0  0  1
104  2  0.238425  -0.0328492  15776.9  0  0  1
105  2  0.260234  -0.0329145  15772.5  -1.44839e-16  -2.35658e-18  1
106  2  0.282043  -0.0328507  15770.8  0  0  1
107  2  0.303851  -0.0326658  15784.8  0  0  1
108  2  0.325658  -0.0323804  15783.1  3.43677e-16  5.12934e-18  1
109  2  0.347464  -0.0320032  15798.1  0  0  1
110  2  0.369268  -0.0315392  15789.8  4.93038e-32  7.70372e-34  1
111  2  0.391071  -0.0309929  15768.6  0  0  1
112  2  0.412871  -0.0303678  15779.1  0  0  1
113  2  0.434669  -0.0296726  15783.2  0  0  1
114  2  0.456465  -0.0289091  15785.6  0  0  1
115  2  0.478258  -0.0280737  15788.8  0  0  1
116  2  0.500048  -0.0271685  15772.4  -1.47365e-16  -3.33712e-18  1
117  2  0.521835  -0.0261885  15760.3  0  0  1
118  2  0.543618  -0.0251211  15768.9  0  0  1
119  2  0.565397  -0.0239691  15796.5  0  0  1
120  2  0.58717  -0.0227161  15788.1  0  0  1
121  2  0.608937  -0.0213545  15790.4  1.48604e-16  7.15599e-18  1
122  2  0.630696  -0.0198864  15811.5  0  0  1
123  2  0.652449  -0.0183175  15805.7  0  0  1
124  2  0.674193  -0.0166354  15823.6  -4.00476e-16  -2.543e-17  1
125  2  0.695923  -0.0147788  15818.6  0  0  1
126  2  0.717636  -0.0127384  15830  0  0  1
127  2  0.739332  -0.010517  15906.8  0  0  1
128  2  0.761001  -0.00804932  15949.8  2.83113e-16  1.73714e-17  1
129  2  0.782665  -0.00553494  15984.8  0  0  1
130  2  0.804333  -0.00305807  16024.2  0  0  1
131  2  0.826016  -0.00071865  16063.4  1.42716e-16  9.92989e-18  1
132  2  0.84773  0.00130762  16102.1  0  0  1
133  2  0.869473  0.00300692  16114.3  0  0  1
134  2  0.891245  0.00426604  16132.9  0  0  1
135  2  0.91304  0.00503016  16135.6  0  0  1
136  2  0.934848  0.00515163  16124.3  0  0  1
137  2  0.956646  0.00451146  16098.8  0  0  1
138  2  0.978392  0.00288543  16014.2  0  0  1
268  0  0.893141  -0.947502  15849.1  2.00074  0.093138  1
269  0  0.932834  -0.434884  15887.4  1.98038  0.0654011  1
270  0  0.327238  -0.663249  15890.5  1.97047  0.1045  1
271  0  -0.274044  -0.557996  15902.7  1.94179  0.137561  1
272  0  -0.765367  0.857586  15581.5  2.01265  0.195009  1
273  0  0.152415  1.02589  15451.7  2.07051  0.168919  1
274  0  1.03123  0.923781  15556.2  2.03189  0.025134  1
275  0  -0.675236  0.157384  15722.5  1.98219  0.225721  1
276  0  -0.210173  0.568323  15476.9  2.11334  0.246005  1
277  0  0.224883  0.568197  15226.1  2.22355  0.192866  1
278  0  0.705401  0.574901  15329.3  2.15815  -0.00275642  1
279  0  0.591254  -0.365536  15880.7  1.96903  0.0850968  1
280  0  0.295507  -0.334721  15906.7  1.95022  0.0741315  1
281  0  -0.001335  -0.320331  16003.3  1.88705  0.105549  1
282  0  1.11173  0.399475  15598.5  2.02533  -0.10489  1
283  0  0.0214521  0.362555  15250  2.1803  0.34113  1
284  0  0.488979  0.406001  15022.1  2.3113  0.0429521  1
285  0  -0.143205  0.183873  15621.1  2.00947  0.422467  1
286  0  -0.403263  -0.164912  15890.5  1.91364  0.1918  1
287  0  0.714162  0.328647  15171.5  2.24749  -0.117152  1
288  0  0.775513  -0.231854  15911.8  1.95757  0.0834671  1
289  0  0.961196  -0.183578  15953.1  1.93744  0.0555071  1
290  0  0.236243  0.312572  14865.5  2.37491  0.267541  1
291  0  0.929931  0.258728  15476.2  2.09096  -0.197101  1
292  0  0.610917  -0.191157  15863.1  1.97631  0.0889098  1
293  0  0.429498  -0.209628  15858.7  1.97311  0.0721977  1
294  0  0.15526  -0.211076  15969.8  1.90624  0.0340832  1
295  0  0.393906  0.273491  14711.5  2.45067  0.106953  1
296  0  0.293553  -0.170586  15872.9  1.9607  0.0399633  1
297  0  0.521919  0.251406  14748.1  2.42454  -0.0436535  1
298  0  -0.0675677  -0.161619  16152.9  1.7902  0.132135  1
299  0  0.120651  0.222176  14858.2  2.35501  0.460087  1
300  0  -1.14376  -0.582853  15791.8  1.9809  0.187803  1
301  0  0.867919  -0.117055  15983.6  1.94667  0.0823484  1
302  0  0.758535  -0.114622  15919.4  1.98234  0.11148  1
303  0  0.648087  0.217271  14892.3  2.3746  -0.180308  1
304  0  0.76685  0.195062  15157.3  2.28973  -0.268432  1
305  0  -0.138845  0.0467773  15961.6  1.82547  0.426346  1
306  0  0.0274718  0.158759  15108.5  2.18761  0.611541  1
307  0  0.0637303  -0.140728  16102.3  1.8291  0.000437998  1
308  0  1.47274  -0.20992  15829.8  1.98803  -0.00182836  1
309  0  1.0237  0.159249  15668.5  2.07765  -0.237696  1
310  0  0.225769  0.201571  14534.1  2.48475  0.345491  1
311  0  0.515825  -0.135245  15831.6  1.99394  0.0809414  1
312  0  0.957273  -0.0936858  15989.7  1.98032  0.044889  1
313  0  1.19864  -0.144352  15894.6  1.99064  -0.0126099  1
314  0  -0.0552367  0.0922284  15706.9  1.89014  0.632109  1
315  0  0.325672  0.199393  14458.4  2.53594  0.196474  1
316  0  -0.059811  -1.26892  15853.7  1.99448  0.126976  1
317  0  0.678099  -0.111846  15869.7  2.01429  0.108908  1
318  0  -0.690565  -1.04435  15835.9  1.98038  0.172003  1
319  0  1.38193  -0.704129  15821.5  2.04191  0.0625821  1
320  0  0.388092  -0.128634  15831.7  1.98853  0.0567175  1
321  0  0.204007  -0.128066  15902.9  1.93359  0.00156843  1
322  0  0.849808  0.152389  15380  2.27026  -0.322681  1
323  0  0.92822  0.112436  15552.9  2.1931  -0.323302  1
324  0  0.0645523  -0.611404  15912  1.9511  0.120668  1
325  0  1.39626  0.215717  15772.2  1.95204  -0.0866708  1
326  0  0.458513  0.19664  14530.2  2.55299  0.00877411  1
327  0  0.582735  -0.101568  15823.4  2.04107  0.0922977  1
328  0  0.136594  -0.101708  15965.2  1.9109  -0.041505  1
329  0  0.479735  -1.21005  15852.9  1.9932  0.112024  1
330  0  0.719441  -0.686047  15871.6  1.98925  0.0880295  1
331  0  0.271345  -0.103669  15844.6  2.00992  0.0178834  1
332  0  0.445709  -0.0967987  15814.6  2.05693  0.064543  1
333  0  -0.708708  -0.488727  15830.2  1.95726  0.181814  1
334  0  1.18303  0.0353179  15922.3  1.67121  -0.093005  1
335  0  0.389884  0.178251  14424.9  2.65037  0.106141  1
336  0  0.526413  0.175771  14544.7  2.63364  -0.0874944  1
337  0  0.594444  0.167707  14672.2  2.60723  -0.185306  1
338  0  -1.3135  0.44212  15664.9  1.99566  0.195341  1
339  0  -0.324593  1.07912  15516.8  2.01941  0.155624  1
340  0  -0.238888  -0.324423  15951  1.90365  0.154946  1
341  0  -0.0229968  -0.0869539  16352  1.6643  0.0730189  1
342  0  0.11332  0.147451  14598.6  2.44951  0.600536  1
343  0  0.903394  -0.0581816  16048  1.96108  0.0660247  1
344  0  0.84253  -0.0603327  16025.2  1.98268  0.108731  1
345  0  0.462145  0.838787  15385.1  2.11998  0.117258  1
346  0  1.1173  -0.333434  15893.7  1.97753  0.0334194  1
347  0  0.66342  1.42846  15544  2.013  0.110766  1
348  0  0.992807  0.0810545  15674.9  1.93175  -0.305002  1
349  0  0.185856  0.149925  14384.7  2.60496  0.470383  1
350  0  -0.428395  0.335042  15640.4  2.00991  0.251752  1
351  0  -1.26189  -1.2797  15810.9  1.98637  0.167765  1
352  0  1.46841  -1.21691  15796.2  2.03991  0.10537  1
353  0  0.690174  0.157331  14893  2.50012  -0.296073  1
354  0  0.152633  -0.358935  15947.7  1.92638  0.0827085  1
355  0  -1.06151  -0.174328  15760.1  1.98017  0.209055  1
356  0  0.348458  -0.0854419  15820.1  2.06451  0.0410198  1
357  0  0.714341  -0.0610922  15867.8  2.04429  0.138062  1
358  0  -0.16665  -0.89569  15874.1  1.98036  0.128964  1
359  0  0.160726  -0.933908  15874.3  1.98177  0.122026  1
360  0  -1.42155  1.04297  15600.9  1.9991  0.181448  1
361  0  0.280199  0.156355  14293.5  2.72381  0.293032  1
362  0  0.0134692  0.572033  15337.4  2.17577  0.252692  1
363  0  0.451988  -0.360018  15882.7  1.96567  0.0833152  1
364  0  0.774103  -0.387386  15892.6  1.97177  0.0779168  1
365  0  0.0447168  -0.0717921  16246.2  1.74662  -0.118879  1
366  0  1.07375  -0.0766493  15973.2  1.97663  0.0215646  1
367  0  -0.742177  1.35407  15549.1  2.01688  0.185457  1
368  0  -0.358463  0.123991  15761.9  1.95687  0.270539  1
369  0  0.0788004  0.110002  14555.8  2.49677  0.782839  1
370  0  0.777489  -0.0604685  15960.5  2.02079  0.138186  1
371  0  0.345558  0.400992  14979.1  2.32489  0.1503  1
372  0  0.623147  -0.0699815  15817  2.07656  0.10429  1
373  0  0.512697  -0.0820653  15798.8  2.10367  0.0780968  1
374  0  0.0287432  0.0896677  14974.4  2.21353  0.918611  1
375  0  0.910427  -1.44703  15827.9  2.02275  0.116036  1
376  0  0.524096  -0.518128  15884.7  1.97459  0.0892566  1
377  0  0.231367  -0.0772776  15822.1  2.06538  -0.012799  1
378  0  0.433289  0.567729  15196.7  2.2286  0.0997929  1
379  0  0.400175  -0.0757406  15793  2.09779  0.0533088  1
380  0  0.779922  0.128819  15181.2  2.32796  -0.361931  1
381  0  0.0924137  -0.0752944  16032.9  1.90644  -0.109319  1
382  0  -0.0659163  1.44193  15519  2.02732  0.148955  1
383  0  1.51518  0.688241  15689.4  1.95932  -0.0136931  1
384  0  0.521231  -0.228649  15859.4  1.97513  0.0822966  1
385  0  -0.152903  0.38676  15464.3  2.08595  0.312608  1
386  0  0.345376  0.155268  14230.1  2.75469  0.188334  1
387  0  -0.0730701  0.0321477  16104.8  1.73749  0.560296  1
388  0  0.890849  -0.30495  15913.9  1.96153  0.0670993  1
389  0  0.233103  0.141406  14220.1  2.73894  0.406372  1
390  0  0.98611  -0.0429527  15969.3  1.94831  0.0237719  1
391  0  0.182731  -0.0752755  15866.5  2.03813  -0.0540563  1
392  0  0.66665  -0.0605136  15830.7  2.05318  0.117593  1
393  0  0.637509  0.143087  14647.4  2.52491  -0.261354  1
394  0  -0.524082  0.64326  15576.9  2.04247  0.195204  1
395  0  -0.877203  0.4887  15644.8  2.00749  0.219559  1
396  0  -0.0890369  -0.449457  15950.2  1.91841  0.128152  1
397  0  0.877521  0.0864813  15475.5  1.80933  -0.306658  1
398  0  0.728733  0.124559  14948.2  2.31303  -0.355859  1
399  0  -0.215166  -0.102092  16021.1  1.83812  0.22963  1
400  0  0.267347  -0.492173  15909.1  1.95649  0.0944775  1
401  0  0.14836  0.423175  15123.7  2.2507  0.267243  1
402  0  -0.0997193  0.814701  15445.9  2.0906  0.203512  1
403  0  -0.683539  -0.154669  15800.7  1.95825  0.204568  1
404  0  0.972981  -0.690766  15859.2  2.00213  0.076836  1
405  0  -0.472188  -0.402957  15874.9  1.93943  0.160424  1
406  0  0.878652  0.437845  15407.6  2.12186  -0.0939212  1
407  0  0.712148  -0.179341  15890.9  1.96079  0.094139  1
408  0  0.669141  -0.281224  15883.7  1.96892  0.0844379  1
409  0  -0.133144  -0.0674299  16170.2  1.74463  0.257349  1
410  0  -0.499983  -0.686384  15860.7  1.9635  0.151952  1
411  0  1.18357  0.247166  15698.4  1.98539  -0.13134  1
412  0  0.812672  0.0987931  15296.2  1.9301  -0.345071  1
413  0  0.171381  0.751716  15357.6  2.14816  0.188514  1
414  0  0.43532  0.154922  14316.1  2.72805  0.0373661  1
415  0  0.483884  0.146177  14347.3  2.67323  -0.0495083  1
416  0  1.3952  1.41768  15655.1  1.97483  0.0592941  1
417  0  0.941664  -0.0311465  16081.9  1.76514  0.0204972  1
418  0  -1.49604  -0.274926  15749.5  1.9888  0.179073  1
419  0  0.50381  -0.881772  15869.5  1.9874  0.104941  1
420  0  0.871427  -0.211974  15935.4  1.94739  0.0734991  1
421  0  1.11214  -0.542478  15862.8  2.00107  0.0595209  1
422  0  -0.0424825  0.250852  15340.9  2.13873  0.446556  1
423  0  -0.480841  -1.50537  15840.7  1.98325  0.163109  1
424  0  0.239479  -0.245292  15919.2  1.93567  0.0521397  1
425  0  0.556598  -0.0640608  15801.1  2.08756  0.0941633  1
426  0  1.06877  -0.225754  15932.3  1.95196  0.0341326  1
427  0  0.141128  0.120491  14312.5  2.65332  0.626603  1
428  0  0.0629888  -0.237625  16035.4  1.866  0.0671054  1
429  0  0.343402  -0.256574  15884.4  1.95713  0.0661128  1
430  0  0.031179  -0.463709  15944.3  1.92698  0.114818  1
431  0  0.132479  0.326492  15028.9  2.28492  0.336795  1
432  0  0.619977  0.320126  15021.1  2.32065  -0.0820166  1
433  0  0.81349  -0.166591  15938.6  1.93936  0.0862034  1
434  0  -0.00810701  -0.0505856  16573.6  1.50253  0.00588863  1
435  0  0.293269  -0.0707635  15807.8  2.07062  0.0199909  1
436  0  0.465609  -0.0671418  15793.3  2.09137  0.065564  1
437  0  0.265609  -1.57438  15844.6  2.00551  0.121618  1
438  0  0.939065  0.0592936  15589.7  1.37617  -0.22546  1
439  0  1.09383  0.0586418  15900.5  1.6132  -0.20362  1
440  0  0.653985  -0.502537  15882.2  1.97696  0.0860622  1
441  0  0.821901  -0.560804  15878.1  1.98413  0.0783373  1
442  0  -0.824932  -0.781869  15826.3  1.97285  0.179222  1
443  0  0.296837  0.289164  14756.6  2.43194  0.217033  1
444  0  0.812528  -0.102786  15970.7  1.97604  0.105561  1
445  0  -1.13954  0.689139  15630.5  2.00319  0.204758  1
446  0  -1.00831  0.188998  15705.1  1.98739  0.220266  1
447  0  0.543916  0.144147  14448.6  2.6121  -0.132905  1
448  0  -0.113322  -0.267026  16028.9  1.86067  0.141895  1
449  0  -0.0251481  0.0540824  15809.9  1.79044  0.867803  1
450  0  0.882459  -0.0296768  16093.2  1.72172  0.0762012  1
451  0  -0.0749224  -0.0430939  16390.9  1.59379  0.25987  1
452  0  1.04035  -0.0414482  15932.5  1.87187  0.0347019  1
453  0  1.0213  -0.0991739  15977.4  1.97857  0.0390145  1
454  0  0.816164  0.957112  15492.3  2.06212  0.0559269  1
455  0  -0.978542  -1.47606  15822.7  1.98057  0.173892  1
456  0  1.37986  -0.411951  15836  2.02208  0.0248548  1
457  0  -1.22141  1.56963  15546.5  2.00802  0.178309  1
458  0  0.182619  0.260851  14790.1  2.40631  0.348733  1
459  0  0.821969  -0.0370679  16030.4  1.8113  0.124686  1
460  0  -1.56241  -0.838021  15785.6  1.99111  0.168684  1
461  0  0.507091  1.21087  15495.9  2.04831  0.123568  1
462  0  1.06681  0.695942  15551.2  2.03642  -0.0181306  1
463  0  0.138319  -0.0679334  15928.4  2.00381  -0.0866515  1
464  0  0.455782  0.275167  14747.8  2.43755  0.0372222  1
465  0  -0.378085  0.741949  15530.7  2.05902  0.18592  1
466  0  0.833335  0.291024  15331.9  2.16205  -0.18244  1
467  0  0.628459  0.481215  15212.2  2.21859  -0.00881083  1
468  0  0.0394603  0.241307  15123  2.24228  0.472397  1
469  0  0.617823  -0.110139  15833.7  2.02933  0.0973654  1
470  0  0.467485  -0.15724  15837.2  1.98157  0.0738802  1
471  0  0.320622  0.729734  15327.9  2.1626  0.151384  1
472  0  0.922507  -0.147105  15969.2  1.92902  0.0631753  1
473  0  0.355534  -0.0620855  15810  2.08087  0.0346105  1
474  0  1.00102  0.0435714  15689.3  1.22871  -0.234092  1
475  0  -0.453244  -1.17587  15848  1.98559  0.152623  1
476  0  1.00243  1.37373  15586  2.00395  0.0740575  1
477  0  0.300569  0.137907  14204.5  2.75392  0.264163  1
478  0  0.731674  -0.0427838  15904.8  1.91052  0.146395  1
479  0  0.390624  0.145324  14285  2.73221  0.104053  1
480  0  0.353679  -0.447028  15898.1  1.96315  0.0872218  1
481  0  0.588956  -0.268293  15871.5  1.97159  0.08477  1
482  0  -1.40857  0.0136466  15721.7  1.98967  0.187487  1
483  0  1.35155  0.00129203  15859  1.87385  -0.0554173  1
484  0  -0.996381  1.15774  15575.6  2.00819  0.201512  1
485  0  -0.150395  -0.725935  15891.5  1.9644  0.129636  1
486  0  -0.550606  0.0223059  15780.7  1.95945  0.221872  1
487  0  1.0043  -0.298542  15914.1  1.96314  0.0519585  1
488  0  1.47372  1.05072  15668.5  1.97222  0.0256537  1
489  0  0.358705  -0.188287  15862.3  1.96912  0.0579511  1
490  0  -0.300437  0.273975  15638.6  2.00608  0.289524  1
491  0  1.247  -1.01299  15822  2.0207  0.0960874  1
492  0  1.70603  -1.03993  15779.4  2.05923  0.0955614  1
493  0  0.114489  -0.163532  16017.4  1.87838  0.0103296  1
494  0  0.229955  -0.188999  15911.3  1.94077  0.034296  1
495  0  0.589354  -0.0604659  15817.3  2.09447  0.102048  1
496  0  0.261067  -0.0738028  15823.2  2.07788  0.00439565  1
497  0  0.569713  -0.156339  15845.1  1.9844  0.0870471  1
498  0  0.436979  -0.0674444  15809.9  2.0971  0.0614706  1
499  0  0.109994  0.111212  14401  2.61061  0.715838  1
500  0  -0.0328017  0.017795  16470.9  1.48323  0.671427  1
501  0  0.656693  -0.170351  15871  1.97028  0.094294  1
502  0  0.0234775  -0.0430809  16372.5  1.58147  -0.223712  1
503  0  0.00228561  -0.192862  16108.3  1.82251  0.0809651  1
504  0  0.00788223  -0.11962  16257.2  1.73731  0.0359174  1
505  0  1.37842  0.47612  15698.2  1.96113  -0.0578009  1
506  0  1.66417  0.347352  15748.1  1.93008  -0.0353561  1
507  0  1.05304  0.283071  15593.5  2.02401  -0.153495  1
508  0  -0.321749  -0.777817  15874.3  1.97152  0.135985  1
509  0  0.328467  -0.149261  15851.9  1.96965  0.045881  1
510  0  0.681154  0.125038  14790.4  2.37628  -0.317779  1
511  0  0.704237  -1.08505  15850.4  1.99454  0.102027  1
512  0  0.190129  0.124213  14208.5  2.74771  0.516224  1
513  0  0.160972  0.211013  14699.5  2.41605  0.427855  1
514  0  0.179283  1.38122  15511.2  2.02761  0.152622  1
515  0  0.591201  0.13704  14550.1  2.53923  -0.204144  1
516  0  -0.0514526  0.456611  15358.5  2.14839  0.298169  1
517  0  -1.13682  -1.00192  15810.5  1.9828  0.175189  1
518  0  0.714839  -0.114852  15887.7  1.99582  0.111695  1
519  0  0.25205  0.404882  15019.6  2.30115  0.216322  1
520  0  0.913402  -0.0299336  16095.5  1.75723  0.0503959  1
521  0  -1.63227  0.798597  15627.7  1.99536  0.175363  1
522  0  -0.592367  1.0959  15548.6  2.0118  0.171323  1
523  0  -0.374764  1.35011  15530.1  2.02357  0.14849  1
524  0  0.0152077  0.0599892  15006.1  1.99965  1.11305  1
525  0  0.0716646  -0.0530376  16051.1  1.80123  -0.17308  1
526  0  -0.286225  0.00165657  15894.2  1.89215  0.267275  1
527  0  0.512078  0.149083  14418.2  2.6724  -0.0889714  1
528  0  0.264708  0.209227  14528.6  2.49315  0.284947  1
529  0  -1.60318  1.41532  15573.1  1.99749  0.170427  1
530  0  0.421455  0.347126  14897.5  2.37152  0.0834945  1
531  0  0.190977  -0.652811  15900  1.96212  0.114166  1
532  0  0.704452  0.205597  15004.1  2.34603  -0.232461  1
533  0  -0.657622  0.466807  15632.2  2.01724  0.216757  1
534  0  0.0743085  0.189855  14916.8  2.30196  0.538478  1
535  0  0.526675  -0.311653  15874.5  1.96825  0.0840205  1
536  0  0.58795  0.223034  14774.4  2.42918  -0.129992  1
537  0  1.73916  -0.52224  15782.9  2.07759  0.0477502  1
538  0  -0.153362  1.2155  15506.2  2.02901  0.151201  1
539  0  0.0591324  0.0821959  14485  2.33373  0.921868  1
540  0  0.25555  0.122592  14103.9  2.50528  0.335918  1
541  0  1.0508  -1.20314  15827.6  2.01088  0.105821  1
542  0  0.892447  0.061778  15544.2  1.10128  -0.193962  1
543  0  0.850558  0.0731902  15440.9  1.27963  -0.237734  1
544  0  -0.0526321  0.171614  15445.1  2.05755  0.536095  1
545  0  0.766997  0.0957756  15132  1.70103  -0.315625  1
546  0  0.572988  0.595405  15271.5  2.18808  0.0481808  1
547  0  -0.219991  0.103933  15816.1  1.91041  0.349483  1
548  0  -0.0743059  -1.62297  15845.4  1.99683  0.134147  1
549  0  0.851888  -0.0343918  16069.7  1.79081  0.103188  1
550  0  0.687212  -0.0431911  15829.5  1.80358  0.114527  1
551  0  1.31218  -0.29064  15843.9  2.0003  0.01183  1
552  0  1.64645  0.0469892  15793.4  1.96146  -0.042961  1
553  0  0.643429  -0.044841  15802.9  1.82984  0.104291  1
554  0  0.804734  -0.316416  15904.1  1.96533  0.0759589  1
555  0  0.116818  -0.277942  15982.7  1.89877  0.0665579  1
556  0  -0.0270188  -0.0194056  16794  1.34138  0.256876  1
557  0  0.205314  -0.0587918  15809  1.92634  -0.0398643  1
558  0  0.415904  -0.285514  15876.1  1.96421  0.0761746  1
559  0  0.515987  -0.729579  15876.3  1.98374  0.0984161  1
560  0  -0.166402  -0.190731  16043  1.8423  0.176349  1
561  0  -0.288427  0.429744  15545  2.06169  0.267851  1
562  0  0.774454  -0.032257  15955.5  1.64391  0.130216  1
563  0  0.747635  -0.0736983  15920.1  2.04377  0.134972  1
564  0  0.188012  -1.18618  15859.9  1.99108  0.121439  1
565  0  -1.00268  -0.363725  15786.6  1.97464  0.202563  1
566  0  0.837836  0.214281  15327.7  2.18472  -0.249664  1
567  0  0.458082  0.134611  14251.3  2.38937  -0.00739479  1
568  0  0.512101  -0.0524427  15770  1.91085  0.0681358  1
569  0  0.24326  0.25464  14686.2  2.44895  0.292476  1
570  0  -1.62645  0.226669  15693.8  1.99337  0.177946  1
571  0  0.562365  -1.46575  15840.7  2.00912  0.113863  1
572  0  0.965774  0.183082  15561.2  2.09491  -0.242607  1
573  0  -0.520251  0.871716  15547.7  2.02491  0.170767  1
574  0  0.992413  -0.129371  15971.2  1.94716  0.0437647  1
575  0  0.248296  -0.147395  15884.1  1.9495  0.0245497  1
576  0  1.13291  0.132383  15784.4  1.97805  -0.17832  1
577  0  0.544352  -0.0967223  15815.2  2.06443  0.0860791  1
578  0  0.0250192  -0.801022  15886.2  1.97301  0.126173  1
579  0  0.143862  -0.471333  15930.1  1.9399  0.101506  1
580  0  0.177301  1.68958  15536.6  2.01632  0.161547  1
581  0  -0.0726231  -0.349101  15990.7  1.89281  0.125753  1
582  0  -1.24284  -0.350605  15767.8  1.98409  0.191845  1
583  0  0.324282  -0.0661524  15810.6  2.07786  0.0315597  1
584  0  0.517308  -0.439956  15884.4  1.97061  0.0866786  1
585  0  0.481911  -0.0918493  15807.4  2.07303  0.0737274  1
586  0  -1.55546  -1.54476  15807.5  1.99084  0.16105  1
587  0  0.728983  1.16677  15520  2.04164  0.0890431  1
588  0  0.968956  0.0531546  15612  1.38408  -0.228361  1
589  0  1.2084  -1.6698  15811.5  2.06068  0.132176  1
590  0  1.20791  -0.75602  15838  2.02149  0.0737515  1
591  0  0.522044  0.323839  14909.8  2.371  -0.00725534  1
592  0  0.318812  -0.871226  15875.9  1.982  0.113855  1
593  0  -0.329843  -0.426877  15909.7  1.92946  0.148186  1
594  0  0.416699  0.222892  14576.3  2.49614  0.0677889  1
595  0  0.0999276  -0.115126  16044.8  1.85736  -0.036967  1
596  0  0.156919  -0.144542  15955  1.9074  -0.00341819  1
597  0  0.964822  -0.0215291  16032.2  1.55776  -0.00793752  1
598  0  0.271494  0.90792  15407.3  2.10433  0.159464  1
599  0  0.810988  -0.0691752  15987.9  2.00934  0.120384  1
600  0  0.92126  -0.0994485  15999.2  1.96617  0.0603684  1
601  0  -0.520041  -0.251526  15857.5  1.93528  0.179915  1
602  0  1.28674  0.676463  15633.5  1.99296  -0.0285785  1
603  0  0.154344  0.160768  14507.2  2.4983  0.505115  1
604  0  0.364642  0.221449  14543.5  2.50336  0.141957  1
605  0  -0.514511  -0.907908  15852.2  1.97855  0.153155  1
606  0  0.683023  -0.920068  15860.2  1.99365  0.0976966  1
607  0  -0.41624  -0.539462  15880.2  1.94688  0.146974  1
608  0  0.315359  -0.103914  15829.2  2.02008  0.0337091  1
609  0  0.0113891  -0.0777983  16350.4  1.66277  -0.0292184  1
610  0  -0.0619224  0.340372  15359.8  2.12719  0.361715  1
611  0  0.761885  -0.165541  15915.4  1.95044  0.0949398  1
612  0  -0.364857  -0.296517  15909.6  1.91697  0.166  1
613  0  0.0561067  0.455474  15244.6  2.19761  0.285158  1
614  0  0.23256  -0.410925  15921  1.94631  0.0849732  1
615  0  0.135383  0.641113  15308.6  2.18762  0.213984  1
616  0  0.0222818  0.722203  15385.3  2.14068  0.21808  1
617  0  0.750909  0.450289  15293.3  2.17995  -0.0647432  1
618  0  -0.872992  0.00460159  15747.5  1.97819  0.220539  1
619  0  0.669279  -0.22336  15880.6  1.97037  0.0883397  1
620  0  0.11702  -0.0528524  15931.6  1.86873  -0.119279  1
621  0  0.43011  -0.135459  15831.9  1.98922  0.0659476  1
622  0  0.161244  -0.0540495  15871.5  1.89468  -0.0766274  1
623  0  0.931777  -0.245679  15931.5  1.95127  0.0612545  1
624  0  0.90546  0.166411  15484.3  2.1818  -0.284878  1
625  0  -0.261439  -0.217289  15967.4  1.88018  0.183224  1
626  0  1.55838  -1.61398  15781.8  2.08085  0.125546  1
627  0  0.369  0.131271  14166.5  2.44683  0.128775  1
628  0  0.412864  0.131926  14243.2  2.3957  0.0543026  1
629  0  1.04965  -0.142764  15965.7  1.94794  0.0384894  1
630  0  0.859772  1.66062  15590.7  1.99311  0.0975248  1
631  0  0.875237  -0.0824596  16014  1.97912  0.0825367  1
632  0  -0.491278  1.67102  15535.8  2.02667  0.149955  1
633  0  0.296875  0.34888  14890.6  2.36278  0.199451  1
634  0  0.324288  0.127947  14165.4  2.46779  0.195838  1
635  0  0.379236  -0.0527693  15786.8  1.88908  0.0364747  1
636  0  0.170529  0.106696  14105.6  2.51998  0.539631  1
637  0  0.380788  -0.0974139  15818.3  2.04449  0.0501513  1
638  0  1.03649  0.0243804  15870.1  0.883527  -0.127574  1
639  0  1.09118  -0.0076393  15980.2  1.3959  -0.018536  1
640  0  0.214437  0.114562  14112.8  2.5272  0.423055  1
641  0  0.680609  -0.374681  15885.8  1.97073  0.08321  1
642  0  0.227529  -0.319706  15925.8  1.93705  0.0697417  1
643  0  0.962488  0.360635  15499.7  2.08193  -0.128351  1
644  0  0.858025  -0.387306  15897.2  1.97227  0.070981  1
645  0  0.351993  0.320659  14822.6  2.40308  0.15331  1
646  0  0.040623  0.0658672  14581.1  2.19705  1.05877  1
647  0  0.700119  0.107254  14825.2  1.89596  -0.297816  1
648  0  0.126847  0.525669  15234.3  2.21555  0.238997  1
649  0  0.0495612  -0.0423947  16212.6  1.69675  -0.242107  1
650  0  0.93437  -0.0694741  16022  1.98774  0.0464717  1
651  0  0.656431  0.115397  14637.2  2.03729  -0.251742  1
652  0  0.572594  0.404311  15079.2  2.28641  -0.0119996  1
653  0  -1.41596  -0.575118  15775.9  1.98881  0.177943  1
654  0  0.611757  0.121493  14546.9  2.13114  -0.212808  1
655  0  -0.494415  0.197713  15714  1.98333  0.239701  1
656  0  0.567724  0.124587  14432.8  2.16469  -0.147911  1
657  0  0.0844712  0.272734  15030  2.28893  0.418011  1
658  0  -0.351412  0.594562  15537.4  2.07635  0.217631  1
659  0  -0.128268  0.278648  15495.1  2.06734  0.378281  1
660  0  0.0834651  0.0834275  14221.1  2.36859  0.830375  1
661  0  0.951026  -0.562735  15874.1  1.9889  0.0706036  1
662  0  0.503094  -0.183344  15845.4  1.98036  0.0793674  1
663  0  0.519072  0.486056  15148.1  2.25077  0.0446774  1
664  0  0.280421  0.123686  14096.1  2.50635  0.284831  1
665  0  -0.00868946  0.122741  15303.8  2.0776  0.700177  1
666  0  0.726499  0.165731  15010.9  2.43028  -0.300251  1
667  0  -0.0095533  -1.04613  15867.9  1.98589  0.125675  1
668  0  0.743142  0.0952793  14984.2  1.6637  -0.307338  1
669  0  0.711599  -0.0334153  15830.7  1.63408  0.118656  1
670  0  0.748173  -0.0284951  15937.9  1.53814  0.127681  1
671  0  -0.0554502  -0.227574  16074.8  1.83553  0.118739  1
672  0  0.664857  -0.0373326  15820.2  1.67327  0.103491  1
673  0  0.621064  -0.0390078  15812.2  1.69263  0.101536  1
674  0  0.79683  -0.023888  16011.4  1.45521  0.113524  1
675  0  0.534617  -0.0457974  15774.5  1.80852  0.0754507  1
676  0  0.488936  -0.0477667  15795.3  1.82963  0.0585968  1
677  0  0.22732  -0.0527387  15772.7  1.8328  -0.0234055  1
678  0  -1.24536  -1.57533  15815.1  1.98612  0.162033  1
679  0  0.315021  0.498211  15125.6  2.26144  0.158987  1
680  0  0.501386  0.212462  14607.8  2.49886  -0.0385517  1
681  0  0.418756  0.458903  15069.8  2.28685  0.0980024  1
682  0  -0.07217  -0.0943031  16271.8  1.70164  0.166915  1
683  0  0.236588  0.115229  14061.7  2.41092  0.352166  1
684  0  -0.143778  -0.586536  15914.5  1.94184  0.131102  1
685  0  0.785685  0.0829366  15215.5  1.37533  -0.262123  1
686  0  0.0949487  -0.0471061  15967.1  1.80295  -0.156705  1
687  0  0.820504  -0.790651  15860.9  1.99773  0.0877244  1
688  0  0.479905  0.125077  14234  2.10189  -0.0377245  1
689  0  0.978681  0.129309  15610.8  2.16419  -0.29557  1
690  0  0.376656  -0.542146  15893.5  1.96832  0.09343  1
691  0  0.875232  -0.154468  15960.7  1.92859  0.0757229  1
692  0  0.183422  -0.0504011  15837.1  1.82905  -0.0585998  1
693  0  0.397302  -0.171405  15848.7  1.97454  0.0636316  1
694  0  1.04836  -0.413707  15885.8  1.98441  0.0525845  1
695  0  0.402519  -0.049801  15768.2  1.83426  0.045717  1
696  0  0.0708729  -0.339978  15979.5  1.90558  0.0920488  1
697  0  0.467748  -0.256297  15865.8  1.97034  0.0793191  1
698  0  0.346898  0.125825  14106.6  2.32934  0.146871  1
699  0  0.370614  -0.357171  15892.3  1.96034  0.0796154  1
700  0  1.00863  -0.028228  15919.9  1.77377  0.0213426  1
701  0  1.0059  0.492308  15515.1  2.06109  -0.0708063  1
702  0  0.292091  -0.235049  15896.4  1.9491  0.0557904  1
703  0  0.435293  0.127673  14216.9  2.22876  0.016237  1
704  0  0.248087  0.173536  14385.4  2.59383  0.330491  1
705  0  0.760841  0.267904  15195.9  2.2301  -0.192988  1
706  0  -0.12514  0.112207  15753.8  1.90272  0.471155  1
707  0  0.914838  0.0497844  15581.2  0.915587  -0.130805  1
708  0  0.869288  0.0591443  15470.1  0.981739  -0.187636  1
709  0  -1.65511  -1.16454  15797  1.99159  0.163499  1
710  0  0.214637  0.164283  14394.5  2.58456  0.402502  1
711  0  0.315961  0.165275  14314.1  2.70654  0.234304  1
712  0  -0.725316  0.622351  15609.3  2.02084  0.205853  1
713  0  0.191305  0.362704  14999.6  2.30127  0.276849  1
714  0  -0.0963331  0.651358  15423.6  2.13347  0.235261  1
715  0  0.826573  0.0756917  15364.1  1.30527  -0.269423  1
716  0  1.17968  1.63186  15630.7  1.98112  0.077879  1
717  0  0.633452  0.114061  14546.2  1.91559  -0.225534  1
718  0  0.832027  -0.263196  15917  1.95746  0.0758915  1
719  0  -1.72229  1.05293  15605.9  1.99625  0.170106  1
720  0  0.721003  0.098086  14859.4  1.61202  -0.289036  1
721  0  0.804206  0.164202  15240.6  2.31475  -0.317124  1
722  0  0.65722  0.396918  15156.2  2.24895  -0.0594013  1
723  0  -0.00443538  0.0307709  15766.1  1.5245  1.15864  1
724  0  0.194625  -0.170794  15929.3  1.92871  0.0204385  1
725  0  0.679775  0.271138  15042.3  2.30439  -0.15777  1
726  0  0.739029  -0.296815  15895.1  1.96654  0.0813492  1
727  0  -1.66219  -0.0582908  15724  1.99159  0.17373  1
728  0  -0.21103  -0.432346  15935.4  1.92202  0.139843  1
729  0  0.181821  -0.272552  15948.9  1.91927  0.0585197  1
730  0  0.350015  -1.02533  15865.3  1.98664  0.115074  1
731  0  1.73469  -0.245903  15776.2  2.04744  -0.000284219  1
732  0  0.60401  -0.62761  15878.2  1.98233  0.090905  1
733  0  -0.905898  1.66672  15534.6  2.01411  0.186609  1
734  0  0.173553  -0.104277  15914.4  1.94603  -0.0265766  1
735  0  0.0730642  0.146807  14794  2.33681  0.646257  1
736  0  0.987592  -0.0179649  15914.7  1.52351  -0.0242826  1
737  0  0.561698  0.178668  14605.7  2.60098  -0.134433  1
738  0  0.931885  0.0389236  15590.3  0.590147  -0.0796595  1
739  0  0.291404  -0.134965  15856.4  1.96635  0.0328342  1
740  0  0.649405  -0.0859564  15836.1  2.07172  0.1097  1
741  0  0.843348  -0.0936032  15992.6  1.9789  0.0983691  1
742  0  -0.406468  -0.0288183  15846.5  1.92479  0.225751  1
743  0  0.80599  0.0744969  15283.9  1.12564  -0.249988  1
744  0  0.237286  -0.110879  15866.6  1.98321  0.00552444  1
745  0  0.834477  -0.12806  15964.5  1.94185  0.0907662  1
746  0  0.0632298  -0.186051  16070.8  1.84789  0.0406496  1
747  0  0.856537  0.59476  15427.4  2.10427  -0.0279925  1
748  0  -1.7201  -0.548314  15765  1.99227  0.167683  1
749  0  0.00249798  -0.0264123  16856  1.29589  -0.138286  1
750  0  -0.110372  -0.0104398  16198.3  1.73405  0.374758  1
751  0  -0.185518  -0.0230089  16010.9  1.83259  0.31186  1
752  0  1.19144  1.13449  15610.8  2.00152  0.0402341  1
753  0  0.72142  -0.230313  15896.4  1.96403  0.0871514  1
754  0  0.568012  -0.204307  15859.4  1.97677  0.085867  1
755  0  -0.484399  0.479628  15602.3  2.038  0.226076  1
756  0  -0.945709  -1.18292  15823.4  1.98216  0.176983  1
757  0  0.128568  0.0948136  14128.6  2.4586  0.65642  1
758  0  0.545548  1.71378  15555.8  2.00115  0.131869  1
759  0  0.123463  0.18475  14712  2.39283  0.503815  1
760  0  0.714041  -1.71775  15830.7  2.02996  0.127264  1
761  0  1.66734  1.66734  15704.3  1.96055  0.0693971  1
762  0  0.0710153  0.873371  15420.9  2.09663  0.190153  1
763  0  -0.0211472  -0.549325  15925.3  1.93784  0.124084  1
764  0  1.69667  1.27043  15704.3  1.95374  0.0523777  1
765  0  0.603935  0.984274  15454.6  2.08086  0.0967513  1
766  0  -0.566805  -0.519868  15854.1  1.95214  0.163598  1
767  0  0.69208  -0.141451  15881.5  1.97251  0.101622  1
768  0  0.555482  -0.0420818  15796.1  1.68429  0.0792624  1
769  0  0.672403  0.752026  15395.3  2.11765  0.0508851  1
770  0  -0.818003  0.312704  15681  1.9935  0.225184  1
771  0  0.575519  -0.0420449  15798.8  1.7577  0.0838999  1
772  0  0.149463  0.0967692  14133.3  2.38003  0.575218  1
773  0  0.871102  -0.0530085  16057.8  1.95781  0.0913252  1
774  0  1.73234  -1.33911  15774.6  2.05636  0.113356  1
775  0  1.74699  0.928236  15714  1.94318  0.0239061  1
776  0  0.539873  0.208268  14655.9  2.4812  -0.0853148  1
777  0  0.204714  -0.094049  15860.3  2.00755  -0.0217603  1
778  0  -0.881728  -0.58845  15813.9  1.96862  0.189138  1
779  0  0.691005  -0.0812656  15859.6  2.07236  0.120636  1
780  0  0.426162  0.18383  14448.7  2.65228  0.0513657  1
781  0  0.2726  -0.0514232  15788.6  1.84165  0.00389905  1
782  0  -0.185734  1.73887  15532.9  2.0342  0.149079  1
783  0  0.944805  -0.0118373  16111.5  1.24806  0.0127829  1
784  0  0.0392136  0.124418  14909.9  2.27484  0.751804  1
785  0  0.447675  -0.0476117  15790.5  1.79577  0.0584197  1
786  0  1.03462  0.0709688  15826.1  1.78584  -0.285204  1
787  0  0.00459354  -0.252464  16045.4  1.85714  0.0949686  1
788  0  0.630508  0.180816  14763.5  2.5251  -0.202754  1
789  0  -0.67115  -1.69146  15832.8  1.97514  0.174851  1
790  0  -0.807205  -0.320164  15808.9  1.96178  0.199494  1
791  0  -1.47007  1.73684  15543.5  2.00111  0.164148  1
792  0  0.0689942  -0.0950763  16112.3  1.81914  -0.0676279  1
793  0  -0.920677  0.710115  15621.6  2.00927  0.212194  1
794  0  -0.0725103  1.01374  15474  2.04951  0.173291  1
795  0  0.207633  0.138878  14268  2.72269  0.462401  1
796  0  0.168528  0.132229  14304.1  2.67413  0.54845  1
797  0  0.951008  -0.359677  15900.3  1.97255  0.0613801  1
798  0  0.354246  0.183324  14399.9  2.62833  0.163912  1
799  0  0.794134  -0.131748  15945.7  1.95203  0.100345  1
800  0  1.01182  -0.184834  15948  1.9415  0.0442474  1
801  0  1.18305  0.518165  15612.4  2.00611  -0.05988  1
802  0  0.30275  0.234768  14587.3  2.48287  0.219379  1
803  0  0.845536  0.106679  15391  2.0924  -0.348131  1
804  0  0.84611  -0.469852  15886.1  1.97901  0.0742812  1
805  0  -0.685583  -0.643182  15837.5  1.9633  0.172435  1
806  0  0.103944  0.089801  14235.1  2.43516  0.74536  1
807  0  -0.00252022  0.205259  15210.6  2.18505  0.526208  1
808  0  0.29322  -0.0484998  15787.8  1.73288  0.0112402  1
809  0  1.24946  0.126375  15842.1  1.93481  -0.139984  1
810  0  0.0894113  0.385617  15156.4  2.22425  0.317964  1
811  0  0.463519  0.686782  15300.4  2.1742  0.103044  1
812  0  -0.00743602  0.084634  15409.1  1.98561  0.854928  1
813  0  -1.07771  0.413037  15665.3  1.99687  0.215311  1
814  0  -0.268072  -1.40416  15847  1.99144  0.14136  1
815  0  0.435606  -0.441464  15889.4  1.96807  0.0865968  1
816  0  -0.969575  0.908041  15596  2.0067  0.207213  1
817  0  0.467388  -0.0439006  15792.7  1.70874  0.0564929  1
818  0  0.600865  -0.0425951  15808.3  1.76821  0.0964006  1
819  0  0.337757  -0.0475096  15801.5  1.75922  0.0277978  1
820  0  0.248502  -0.053501  15799.6  1.86259  -0.0118413  1
821  0  0.331544  -1.35935  15850.1  1.99866  0.117645  1
822  0  0.912428  -0.188561  15950  1.93778  0.0661442  1
823  0  0.41483  -0.103978  15816.6  2.03536  0.0592786  1
824  0  0.424305  -0.0468059  15802  1.79309  0.0497799  1
825  0  1.03614  -0.836026  15845.6  2.00921  0.086418  1
826  0  0.717006  -1.28503  15843.2  1.99884  0.106518  1
827  0  0.354216  -0.119908  15832.6  1.99582  0.046723  1
828  0  -0.150547  0.484428  15455.9  2.11756  0.278523  1
829  0  1.08934  0.202295  15696.1  2.00959  -0.17833  1
830  0  0.524521  0.125007  14340.6  2.13779  -0.0985382  1
831  0  -0.703342  -1.34601  15835.2  1.98102  0.174157  1
832  0  -0.0210096  -0.135658  16218.4  1.75676  0.0893508  1
833  0  0.47504  -0.120777  15822  2.00767  0.0715529  1
834  0  -0.330306  -0.97328  15860.6  1.98363  0.137616  1
835  0  0.158488  -0.0806486  15912.8  1.9963  -0.0625586  1
836  0  1.19044  -0.246567  15894.8  1.97227  0.0157173  1
837  0  0.612611  -0.150565  15851.6  1.98155  0.0933339  1
838  0  0.0787432  -0.531489  15925.9  1.94048  0.115237  1
839  0  0.126817  -1.39883  15850  1.99937  0.12347  1
840  0  0.385365  -0.227938  15867.3  1.96749  0.0674189  1
841  0  -0.214606  -1.12734  15857.9  1.98891  0.131567  1
842  0  0.54498  0.120777  14378.7  1.9805  -0.118756  1
843  0  0.500232  0.126501  14327.5  2.16481  -0.0663232  1
844  0  -0.626414  -0.356318  15839.7  1.94915  0.180146  1
845  0  0.490216  0.174864  14483.8  2.67048  -0.0426086  1
846  0  1.20368  -0.404466  15860  2.00162  0.0326311  1
847  0  1.18701  -0.0626081  15934.7  1.85529  -0.00813488  1
848  0  0.3209  0.607227  15239.2  2.21456  0.148973  1
849  0  0.116855  -0.0825827  15990.1  1.92945  -0.0799279  1
850  0  0.838342  -0.0154489  16074.9  1.28547  0.0894405  1
851  0  0.795985  0.362257  15303.6  2.18244  -0.12904  1
852  0  0.491933  -0.0702404  15794  2.11197  0.0681244  1
853  0  0.900905  -0.0121054  16120.7  1.22923  0.0425635  1
854  0  0.381226  1.46737  15521  2.01834  0.141349  1
855  0  1.0334  -0.00963454  15907.8  1.19927  0.0430183  1
856  0  0.924226  -0.0110589  16128  1.24897  0.0262349  1
857  0  0.205377  -0.784956  15886.6  1.97315  0.117233  1
858  0  -0.221191  0.70244  15483.4  2.09215  0.210108  1
859  0  0.748401  -0.479718  15884.8  1.97728  0.0809725  1
860  0  -1.29554  -0.797009  15795.8  1.9855  0.176596  1
861  0  0.532879  -0.0685551  15788.1  2.1129  0.0849481  1
862  0  0.6219  0.26202  14924.8  2.35266  -0.125967  1
863  0  1.01236  0.217285  15598.8  2.03115  -0.199015  1
864  0  0.861857  -0.0144934  16107.7  1.25716  0.0738034  1
865  0  0.369826  0.158688  14313.3  2.7515  0.143175  1
866  0  0.782621  -0.0914832  15951.7  2.00592  0.119255  1
867  0  1.28543  -0.158799  15829.2  1.97303  -0.000908799  1
868  0  0.823114  -0.218404  15925.7  1.95128  0.0799374  1
869  0  0.622224  -0.78316  15869.7  1.99003  0.0949408  1
870  0  -0.319102  -0.0871206  15926  1.88992  0.220064  1
871  0  0.958914  0.093565  15597.1  1.99882  -0.31092  1
872  0  0.975759  0.0279445  15629.8  0.515248  -0.0847241  1
873  0  0.718685  -0.584833  15877.7  1.98363  0.0845878  1
874  0  -0.00381107  -0.384969  15970.9  1.90907  0.11218  1
875  0  -0.707294  0.0102931  15755.6  1.97295  0.220903  1
876  0  -0.0127315  0.00864285  16817.9  1.0434  0.754356  1
877  0  0.410971  0.15885  14344.9  2.74998  0.0780125  1
878  0  0.599007  -0.0822694  15824.6  2.08677  0.0966983  1
879  0  0.872428  -1.1249  15840.1  2.00123  0.101444  1
880  0  0.104505  -0.217453  16009.5  1.8817  0.0443131  1
881  0  0.881188  -0.00980053  16114.9  1.11433  0.0594069  1
882  0  0.574758  0.276085  14874.4  2.38159  -0.0795569  1
883  0  0.212551  0.481954  15147.4  2.25052  0.214361  1
884  0  0.13619  0.266261  14888.6  2.35758  0.390394  1
885  0  0.755885  -0.0475406  15932  1.95773  0.142469  1
886  0  0.798426  -0.0460723  15991  1.9234  0.140492  1
887  0  0.0123351  0.295646  15218.2  2.19771  0.405994  1
888  0  -0.229723  0.202761  15659.4  1.99749  0.339245  1
889  0  0.139448  -0.0470664  15889.6  1.80455  -0.100214  1
890  0  0.957083  -0.0544701  16013.6  1.97203  0.0264279  1
891  0  0.59204  -0.440258  15882.9  1.97219  0.0862735  1
892  0  1.2962  -0.563343  15841.9  2.024  0.048696  1
893  0  1.79069  0.597139  15730.7  1.92431  -0.00431532  1
894  0  -1.38313  0.714558  15632.4  1.99829  0.188322  1
895  0  -0.0862396  0.548223  15406.9  2.14834  0.263947  1
896  0  0.613084  0.150029  14637.4  2.60881  -0.228444  1
897  0  0.183923  0.313216  14919.2  2.34504  0.321339  1
898  0  0.886784  0.117875  15459.6  2.20105  -0.339349  1
899  0  0.0415125  -0.114481  16194.2  1.76948  -0.0134744  1
900  0  0.951893  0.0351712  15597.4  0.615058  -0.0843794  1
901  0  0.966574  -1.76692  15821.8  2.04465  0.135603  1
902  0  0.875496  0.355676  15399.3  2.13321  -0.144077  1
903  0  0.571797  0.15043  14544.3  2.64316  -0.171484  1
904  0  1.56363  -0.390205  15810.9  2.0451  0.0245028  1
905  0  0.817498  -0.0160363  16048.2  1.23721  0.0973048  1
906  0  0.705336  0.135983  14891.7  2.45208  -0.333236  1
907  0  -0.395428  0.23268  15689.4  1.98822  0.261941  1
908  0  0.562955  -0.122521  15830.8  2.0029  0.0878395  1
909  0  0.591405  -0.126818  15836.4  1.99578  0.0921885  1
910  0  0.535575  -0.181577  15847.2  1.98056  0.0833998  1
911  0  -0.812594  1.06021  15569.9  2.0094  0.199692  1
912  0  -0.12917  -0.132924  16124.4  1.7904  0.186801  1
913  0  0.279602  -0.278269  15906.4  1.94464  0.0634003  1
914  0  0.421589  1.02224  15442.8  2.08271  0.132463  1
915  0  0.233839  0.655277  15288.7  2.1943  0.181149  1
916  0  0.991404  -0.235037  15934.9  1.95072  0.0507002  1
917  0  -0.0987456  0.0695328  15900.5  1.82005  0.516205  1
918  0  -1.02392  -1.77199  15821.4  1.98183  0.164768  1
919  0  0.391092  0.124929  14187.1  2.21412  0.0812342  1
920  0  -1.26514  0.218262  15697.4  1.99016  0.200658  1
921  0  0.664682  0.141825  14754.7  2.52398  -0.295387  1
922  0  1.01109  -0.488451  15878.2  1.98741  0.0618144  1
923  0  0.91397  0.0830305  15554.2  1.84074  -0.294087  1
924  0  -1.00581  1.40532  15557  2.01209  0.196155  1
925  0  0.789999  0.107095  15214  2.10365  -0.364673  1
926  0  0.891604  0.781024  15481.9  2.06907  0.017397  1
927  0  0.926993  -0.0475203  16061.5  1.95326  0.0418857  1
928  0  1.11589  -0.139971  15941.5  1.96079  0.00170822  1
929  0  0.621261  -0.233668  15871.6  1.9729  0.0862931  1
930  0  0.811829  0.129528  15278.6  2.30924  -0.353606  1
931  0  -0.514063  -0.121509  15832.3  1.93838  0.199681  1
932  0  0.0939838  0.129059  14585.7  2.46524  0.682847  1
933  0  1.00998  -0.0611365  15968.2  2.02495  0.0353629  1
934  0  -1.22641  1.26913  15575.4  2.00439  0.1867  1
935  0  0.199204  -0.222357  15938.5  1.92518  0.0393753  1
936  0  -0.637347  -0.80346  15841.7  1.97253  0.167268  1
937  0  -0.568219  0.318462  15667.9  2.00069  0.229292  1
938  0  0.754343  0.119013  15069.9  2.26345  -0.369608  1
939  0  0.987361  -0.0801316  15970.4  2.00031  0.0338803  1
940  0  0.954049  1.11118  15554.3  2.02859  0.0571306  1
941  0  0.250266  -0.091407  15845.2  2.0354  0.00547818  1
942  0  -0.187052  -0.263513  15994.9  1.87443  0.160389  1
943  0  0.0892283  -0.406735  15955.1  1.92264  0.100886  1
944  0  0.731315  -0.142158  15900.1  1.96133  0.102413  1
945  0  0.50689  -0.106115  15814  2.03434  0.078827  1
946  0  0.290786  0.185736  14428.7  2.5619  0.256196  1
947  0  0.199417  0.226205  14656.1  2.44183  0.365024  1
948  0  1.03633  -1.01807  15837.1  2.00804  0.095419  1
949  0  0.998487  0.0204664  15648.2  0.375872  -0.102092  1
950  0  1.61056  -0.765137  15792.6  2.06256  0.0692858  1
951  0  0.457349  -0.63172  15884.2  1.97653  0.0959697  1
952  0  -0.151992  -0.347644  15975.8  1.8968  0.142373  1
953  0  0.31494  -0.0466516  15791.8  1.76387  0.0165249  1
954  0  0.169459  -0.560078  15913.4  1.95167  0.109023  1
955  0  -0.0616643  -0.00557978  16459.7  1.55923  0.421871  1
956  0  0.256888  0.147346  14230  2.74925  0.35035  1
957  0  -1.03225  -0.783913  15809.8  1.97774  0.182067  1
958  0  -1.1563  0.0251001  15728.4  1.98539  0.20706  1
959  0  0.469644  -0.200412  15851.5  1.97714  0.0764001  1
960  0  -0.88143  -0.178963  15779.3  1.97166  0.214063  1
961  0  0.458939  0.16804  14397  2.72241  -0.000868579  1
962  0  -0.0476273  -0.283299  16028.7  1.86628  0.118009  1
963  0  -0.0389826  -0.0540563  16486.2  1.54121  0.141271  1
964  0  -1.73465  1.75043  15554.6  1.99582  0.162734  1
965  0  0.365006  -0.152437  15846  1.97172  0.0548712  1
966  0  0.342025  0.267906  14681.3  2.46172  0.166643  1
967  0  0.269242  1.17004  15474  2.05693  0.149313  1
968  0  1.25061  0.371329  15679.8  1.98099  -0.0940122  1
969  0  0.0625819  1.20247  15487.6  2.04316  0.15675  1
970  0  0.357852  -0.0451814  15814.7  1.69642  0.0307979  1
971  0  -1.70831  0.545085  15656.1  1.99418  0.175303  1
972  0  0.429599  -1.70071  15838.9  2.01683  0.125558  1
973  0  0.302923  0.118874  14126.2  2.26871  0.215771  1
974  0  0.677081  0.104849  14700.4  1.71294  -0.249548  1
975  0  0.755536  0.150243  15097.3  2.39837  -0.336786  1
976  0  1.43697  -0.915853  15809.5  2.04028  0.0829936  1
977  0  0.729886  -0.0253173  15899.3  1.40914  0.116849  1
978  0  1.22425  -1.3715  15812.5  2.033  0.116726  1
979  0  -0.262009  0.87874  15497.8  2.04851  0.177625  1
980  0  -0.334241  -1.7286  15841.8  1.98196  0.15933  1
981  0  1.41085  1.76576  15671.4  1.96938  0.0773295  1
982  0  -1.38236  -1.01624  15800.8  1.98759  0.169232  1
983  0  0.626874  -0.318209  15879.8  1.96872  0.0845016  1
984  0  1.28018  0.889635  15621.5  1.9999  0.00400723  1
985  0  0.0929646  -0.709783  15897.7  1.96303  0.123106  1
986  0  0.464856  -0.306258  15875  1.96587  0.0813109  1
987  0  0.589132  0.116797  14464.8  1.90991  -0.167537  1
988  0  0.816582  -0.670987  15869.4  1.99162  0.0813342  1
989  0  -0.637272  0.753811  15581.5  2.02573  0.187456  1
990  0  0.953368  -0.128422  15975.7  1.93956  0.052943  1
991  0  -1.77987  -0.256843  15740.7  1.99183  0.167392  1
992  0  0.662569  0.174321  14822.5  2.49823  -0.248278  1
993  0  -0.209209  0.311569  15552  2.03935  0.320589  1
994  0  0.313885  -0.200066  15876.7  1.96091  0.0518317  1
995  0  0.725271  -0.0891061  15892.6  2.04353  0.122222  1
996  0  0.0680297  0.328609  15136.1  2.23511  0.366761  1
997  0  -0.248908  -0.658195  15892.3  1.9561  0.13278  1
998  0  -1.18943  0.963596  15602.2  2.00256  0.195856  1
999  0  -0.926056  -0.958994  15820.7  1.97927  0.17913  1
1000  0  0.0797272  0.231197  14969.9  2.30789  0.47391  1
1001  0  -1.26575  -0.152077  15745.5  1.9854  0.194114  1
1002  0  0.299555  -0.402164  15906  1.95633  0.0837104  1
1003  0  -1.79916  -1.40864  15802.7  1.99285  0.160284  1
1004  0  -1.78572  -1.78572  15807.6  1.99275  0.158431  1
1005  0  0.190166  0.185628  14527.4  2.48026  0.414611  1
1006  0  0.47086  0.231713  14640.9  2.4586  0.00736752  1
1007  0  0.575431  -0.0780881  15811.7  2.1039  0.0957636  1
1008  0  0.532465  -0.377271  15881.6  1.96867  0.0856769  1
1009  0  0.193525  0.104972  14063.4  2.37716  0.452509  1
1010  0  -0.103208  -0.197383  16088.4  1.82496  0.15107  1
1011  0  0.417706  -0.0646341  15803.8  2.09956  0.0597417  1
1012  0  0.42455  -0.0833785  15809.1  2.0897  0.0598944  1
1013  0  0.650845  -0.132667  15860.9  1.99206  0.100884  1
1014  0  0.158759  -1.7768  15840.7  2.00404  0.133234  1
1015  0  1.01854  0.109679  15731.5  2.10743  -0.292687  1
1016  0  1.06677  0.112554  15790.9  2.04758  -0.234557  1
1017  0  1.78959  -1.80349  15751.7  2.10545  0.136739  1
1018  0  -0.0903319  0.217462  15476.5  2.08097  0.449953  1
1019  0  1.82765  0.198585  15748.7  1.93668  -0.0384548  1
1020  0  0.268341  -0.199239  15894.2  1.95067  0.0432693  1
1021  0  -0.841672  0.156453  15719.7  1.98396  0.226397  1
1022  0  -0.353954  -0.643023  15882.1  1.95629  0.138585  1
1023  0  0.0527048  -0.287487  16009.4  1.88247  0.0847896  1
1024  0  1.39977  -1.82402  15794.7  2.07465  0.143895  1
1025  0  0.401164  -0.759492  15880.7  1.97927  0.105641  1
1026  0  0.43595  -0.172682  15844.1  1.97719  0.070417  1
1027  0  -1.41135  -1.79186  15814  1.98957  0.1577  1
1028  0  1.49522  -0.559501  15815.3  2.04923  0.0453586  1
1029  0  0.0262718  -0.148233  16150.7  1.80352  0.0367963  1
1030  0  -0.290698  1.55811  15533.2  2.03116  0.140731  1
1031  0  -0.0221306  -0.664001  15904.8  1.95518  0.12718  1
1032  0  0.897022  -0.122878  15983.9  1.9399  0.0712683  1
1033  0  0.267747  -0.587569  15901.2  1.96223  0.102818  1
1034  0  0.126982  -0.131227  15991.1  1.8858  -0.0173801  1
1035  0  0.372838  -0.0746902  15804.8  2.10114  0.0410727  1
1036  0  0.544164  -1.02446  15859.5  1.99013  0.106896  1
