0  2  1  0  14819.2  7.10573e-17  3.45433e-18  1
1  1  2  2  14756.6  2.01632  -0.281929  1
2  1  2  -2  14747.4  1.86827  -0.23571  1
3  3  -2  -2  14868.6  1.98038  -0.280881  1
4  3  -2  2  14992.6  1.9803  -0.280008  1
10  1  2  1.6  14737.4  2.04285  -0.276424  1
11  1  2  1.2  14737.4  2.02662  -0.262246  1
12  1  2  0.8  14737.4  2.02185  -0.245608  1
13  1  2  0.4  14737.4  2.04271  -0.216357  1
14  1  2  5.50449e-12  14737.4  1.97899  -0.171205  1
15  1  2  -0.4  14737.4  1.85755  -0.152191  1
16  1  2  -0.8  14737.4  1.83427  -0.180771  1
17  1  2  -1.2  14737.4  1.8582  -0.211334  1
18  1  2  -1.6  14737.4  1.86781  -0.226865  1
19  0  1.6  -2  14769.6  1.87291  -0.246629  1
20  0  1.2  -2  14795.9  1.88147  -0.266641  1
21  0  0.8  -2  14822.8  1.89196  -0.291582  1
22  0  0.4  -2  14893.1  1.89327  -0.331814  1
23  0  5.50449e-12  -2  14954.2  1.90688  -0.40768  1
24  0  -0.4  -2  14965.7  1.93962  -0.399603  1
25  0  -0.8  -2  14938.1  1.96339  -0.303074  1
26  0  -1.2  -2  14876  1.97769  -0.275708  1
27  0  -1.6  -2  14858.4  1.9809  -0.284568  1
28  3  -2  -1.6  14873.8  1.9803  -0.280008  1
29  3  -2  -1.2  14883.1  1.9803  -0.280008  1
30  3  -2  -0.8  14897.2  1.9803  -0.280008  1
31  3  -2  -0.4  14917.8  1.9803  -0.280008  1
32  3  -2  -5.50449e-12  14942.1  1.9803  -0.280008  1
33  3  -2  0.4  14963.3  1.9803  -0.280008  1
34  3  -2  0.8  14978.6  1.9803  -0.280008  1
35  3  -2  1.2  14988.4  1.9803  -0.280008  1
36  3  -2  1.6  14992.1  1.9803  -0.280008  1
37  0  -1.6  2  14993.8  1.9803  -0.280008  1
38  0  -1.2  2  14995.5  1.9803  -0.280008  1
39  0  -0.8  2  14994.9  1.9803  -0.280008  1
40  0  -0.4  2  14985.4  1.9803  -0.280008  1
41  0  -5.50449e-12  2  14961.9  1.9803  -0.280008  1
42  0  0.4  2  14925.3  1.9803  -0.280008  1
43  0  0.8  2  14884.1  1.9803  -0.280008  1
44  0  1.2  2  14841.4  1.9803  -0.280008  1
45  0  1.6  2  14797.2  1.9803  -0.280008  1
46  2  0.978254  0.00270428  14842.2  1.39638e-16  -1.87155e-17  1
47  2  0.956538  0.00572545  14845.1  0  0  1
48  2  0.934785  0.008466  14865.3  3.95605e-17  -5.94381e-18  1
49  2  0.913016  0.0110788  14876.4  0  0  1
50  2  0.891248  0.0136979  14891.9  0  0  1
51  2  0.869489  0.0163969  14913.1  0  0  1
52  2  0.84774  0.0191682  14887.5  2.99769e-16  -3.83087e-17  1
53  2  0.826  0.0220132  14908.6  0  0  1
54  2  0.80427  0.0249314  14923.3  0  0  1
55  2  0.782549  0.0279211  14899.6  0  0  1
56  2  0.760837  0.0309677  14904.8  0  0  1
57  2  0.739132  0.0340691  14882.9  0  0  1
58  2  0.717432  0.0372076  14870.4  0  0  1
59  2  0.695737  0.0403758  14872  0  0  1
60  2  0.674045  0.0435661  14862.6  -1.18422e-16  1.75646e-17  1
61  2  0.652355  0.046766  14852.1  0  0  1
62  2  0.630665  0.0499755  14811.6  0  0  1
63  2  0.608973  0.0531615  14802.3  0  0  1
64  2  0.587278  0.0563305  14789.5  0  0  1
65  2  0.565576  0.0594548  14770.1  -5.28467e-16  6.68143e-17  1
66  2  0.543867  0.0625277  14767.7  0  0  1
67  2  0.52215  0.0655369  14740.6  0  0  1
68  2  0.500418  0.0684475  14716.1  -1.50974e-16  2.16038e-17  1
69  2  0.478675  0.0712651  14689.9  0  0  1
70  2  0.456914  0.073947  14698.9  0  0  1
71  2  0.435138  0.0764946  14686.8  0  0  1
72  2  0.413341  0.0788646  14638.9  -1.49752e-16  1.03874e-17  1
73  2  0.391523  0.0810351  14635  0  0  1
74  2  0.369684  0.0829768  14624.9  -2.46519e-32  0  1
75  2  0.347825  0.0846781  14577.1  0  0  1
76  2  0.325942  0.0860309  14554.2  0  0  1
77  2  0.304034  0.0868781  14602.2  0  0  1
78  2  0.282115  0.0873973  14618.8  0  0  1
79  2  0.260191  0.087628  14644.3  0  0  1
80  2  0.238276  0.0870393  14683.6  -1.37987e-16  1.29869e-18  1
81  2  0.216387  0.0857823  14718.8  -4.41512e-16  -3.23439e-17  1
82  2  0.194542  0.0839248  14826  0  0  1
83  2  0.172781  0.0812585  14901.7  0  0  1
84  2  0.151132  0.0777948  15016.6  0  0  1
85  2  0.129642  0.0734529  15254.6  0  0  1
86  2  0.108369  0.0681563  15451.6  0  0  1
87  2  0.087387  0.0618033  15741.8  0  0  1
88  2  0.0668219  0.0542123  16117  0  0  1
89  2  0.0468808  0.0451133  16387.2  -3.96209e-16  3.24601e-17  1
90  2  0.0279661  0.0340512  16548.6  0  0  1
91  2  0.0110652  0.0201477  16094.9  -1.43209e-16  2.18992e-16  1
92  2  5.39717e-05  0.00156001  12309.1  0  0  1
93  2  0.0159846  -0.00993822  10221.7  -7.27726e-16  3.77029e-16  1
94  2  0.0375427  -0.0138563  12049.4  -2.11398e-16  9.44501e-17  1
95  2  0.05934  -0.0162077  12745.4  0  0  1
96  2  0.0811979  -0.0179204  12851.7  0  0  1
97  2  0.10308  -0.0192943  12903.2  -1.71676e-16  4.80177e-17  1
98  2  0.124971  -0.020526  12920.2  5.47823e-17  -1.93735e-17  1
99  2  0.146866  -0.0216695  12908.7  0  0  1
100  2  0.168764  -0.0227623  12889.4  0  0  1
101  2  0.190664  -0.0238104  13105.2  -1.43721e-16  -5.932e-17  1
102  2  0.212566  -0.0248219  13265.5  0  0  1
103  2  0.234471  -0.0257824  13189.3  0  0  1
104  2  0.256377  -0.0266977  13183  1.11544e-16  -1.61205e-17  1
105  2  0.278285  -0.0275488  13187.4  0  0  1
106  2  0.300197  -0.0283373  13218.8  0  0  1
107  2  0.32211  -0.0290579  13249.7  0  0  1
108  2  0.344026  -0.0297061  13286.7  0  0  1
109  2  0.365943  -0.0302865  13404.6  0  0  1
110  2  0.387863  -0.0307975  13510.4  6.50359e-17  1.33304e-17  1
111  2  0.409783  -0.031242  13561.7  -5.75968e-17  -4.17536e-18  1
112  2  0.431705  -0.031616  13616.6  0  0  1
113  2  0.453629  -0.0319208  13701.8  1.1253e-16  1.01062e-17  1
114  2  0.475553  -0.0321548  13787  0  0  1
115  2  0.497477  -0.0323165  13863.6  -1.20107e-16  -1.25404e-18  1
116  2  0.519402  -0.0324054  13916.4  0  0  1
117  2  0.541328  -0.0324134  13960.1  0  0  1
118  2  0.563253  -0.0323403  14065.2  7.18032e-17  5.91099e-18  1
119  2  0.585178  -0.0321849  14131.6  0  0  1
120  2  0.607102  -0.0319461  14156  0  0  1
121  2  0.629024  -0.0316183  14184.6  0  0  1
122  2  0.650946  -0.0311949  14211.5  8.59254e-17  3.27731e-18  1
123  2  0.672865  -0.0306707  14264.6  -1.62793e-16  2.91848e-18  1
124  2  0.69478  -0.0300261  14301.7  0  1.54074e-33  1
125  2  0.716692  -0.0292547  14324.4  0  0  1
126  2  0.738598  -0.0283404  14379.3  0  0  1
127  2  0.760498  -0.0272765  14412.7  0  0  1
128  2  0.782386  -0.0259992  14459.8  9.83428e-17  7.63343e-18  1
129  2  0.804258  -0.0244831  14502.9  0  0  1
130  2  0.826101  -0.0225868  14528.9  0  0  1
131  2  0.847901  -0.0202456  14569.3  0  0  1
132  2  0.869654  -0.0175067  14591.9  0  0  1
133  2  0.891365  -0.014454  14626.1  0  0  1
134  2  0.913058  -0.0112675  14671.3  8.42226e-17  9.77203e-18  1
135  2  0.934752  -0.0080915  14716.5  0  0  1
136  2  0.956455  -0.00497783  14740.4  0  0  1
137  2  0.978186  -0.00206643  14781.8  0  0  1
266  0  1.07478  -0.578981  14694.8  1.96866  -0.114154  1
267  0  0.181636  -0.980461  14679.7  2.04929  -0.349071  1
268  0  -0.435986  -0.597808  14761.8  2.03418  -0.400035  1
269  0  0.530177  -0.544929  14441.1  2.14832  -0.187317  1
270  0  0.0707903  -0.487355  14412  2.17639  -0.428428  1
271  0  -0.689652  0.889149  15027.8  1.95491  -0.272997  1
272  0  0.217194  1.04003  14991.7  1.94585  -0.246268  1
273  0  1.08053  0.852835  14873.6  1.97674  -0.238376  1
274  0  0.604224  0.591218  14934.9  1.96095  -0.214498  1
275  0  -0.518892  0.322006  15081  1.91557  -0.331972  1
276  0  -0.0398103  0.540394  15146.8  1.88643  -0.261237  1
277  0  0.993747  0.432205  14890.2  1.9717  -0.226261  1
278  0  0.787727  -0.347718  14518.7  2.10616  -0.0370825  1
279  0  -0.204075  -0.283736  14639.5  2.07756  -0.560545  1
280  0  0.549043  -0.285065  14227.6  2.26475  -0.072378  1
281  0  0.277484  -0.297524  14015.6  2.37215  -0.311804  1
282  0  1.00796  -0.244263  14712.9  2.04333  0.0158071  1
283  0  0.0456353  -0.245596  14113.7  2.31096  -0.594298  1
284  0  0.274443  0.43114  15037.7  1.93995  -0.182019  1
285  0  0.518846  0.332419  14901.9  2.0009  -0.200819  1
286  0  0.763486  0.27904  14887.5  1.98268  -0.233725  1
287  0  -0.169732  0.284737  15303.3  1.78087  -0.328269  1
288  0  0.0639472  0.307162  15284.9  1.81618  -0.167149  1
289  0  0.947452  0.205997  14896.6  1.96265  -0.234887  1
290  0  1.40902  0.225078  14876.2  1.98964  -0.190881  1
291  0  0.855678  -0.180471  14576.3  2.15385  0.0646847  1
292  0  0.706994  -0.174093  14359.4  2.27564  0.0538365  1
293  0  0.420884  -0.190265  13883.1  2.50038  -0.103802  1
294  0  0.27374  -0.172426  13643.9  2.60418  -0.320524  1
295  0  0.15836  -0.162109  13617.8  2.6116  -0.533698  1
296  0  0.371562  0.249652  14894.9  1.99966  -0.150686  1
297  0  0.216758  0.244412  15071.2  1.91273  -0.0807783  1
298  0  0.730179  -1.09036  14698.6  1.98892  -0.24836  1
299  0  -0.280238  -0.0120153  15038.3  1.88673  -0.549234  1
300  0  -0.895347  -0.181901  14920.5  1.98432  -0.326821  1
301  0  0.961733  -0.129505  14731.2  1.93785  0.0919191  1
302  0  1.1584  -0.115059  14915.9  1.70176  0.0142812  1
303  0  -0.0888337  -0.132466  14440.3  2.09019  -0.775571  1
304  0  0.597844  -0.147739  14174.7  2.28841  0.0510564  1
305  0  0.0321119  -0.135384  13816.4  2.36674  -0.773144  1
306  0  0.619659  0.215188  14860.7  1.98867  -0.229155  1
307  0  -0.14993  0.111276  15413.9  1.67897  -0.484699  1
308  0  0.481695  0.19454  14817.1  2.02658  -0.200361  1
309  0  0.726836  0.156322  14876.9  1.99601  -0.244825  1
310  0  0.829525  0.130627  14888.3  2.0018  -0.247631  1
311  0  -1.20768  -0.962612  14873.9  1.98887  -0.289507  1
312  0  0.507976  -0.125313  13925.4  2.16446  0.0373477  1
313  0  -0.0403838  0.152685  15666  1.55774  -0.277454  1
314  0  -1.18288  0.432919  14987.4  1.96943  -0.29973  1
315  0  0.120607  0.191664  15303.9  1.78901  -0.0123664  1
316  0  0.776564  -0.114428  14453  1.9028  0.0965598  1
317  0  0.914698  0.101784  14895.2  2.01878  -0.249865  1
318  0  0.993551  0.0906872  14902.3  2.01377  -0.252458  1
319  0  -0.472238  -1.3429  14832.9  2.00875  -0.348451  1
320  0  1.25681  -0.367766  14780.2  1.92516  -0.0697504  1
321  0  0.891462  -0.0938818  14611.8  1.64643  0.11614  1
322  0  0.352392  -0.113376  13457.6  2.20517  -0.114345  1
323  0  0.665296  -0.108058  14270.8  1.79674  0.0823888  1
324  0  -0.556611  -0.256577  14870.2  1.99909  -0.396823  1
325  0  -0.0404093  -0.0749209  14240.7  2.1104  -0.991393  1
326  0  0.221744  -0.111375  13365.9  2.49962  -0.38865  1
327  0  1.14074  0.0463685  14982.6  1.77035  -0.197311  1
328  0  0.295333  0.182506  14873.3  2.00829  -0.0809074  1
329  0  0.441358  -0.0964278  13672  1.66627  0.0321661  1
330  0  0.410411  0.160154  14778.6  2.0824  -0.167883  1
331  0  1.39555  -1.01793  14740.2  1.90371  -0.19069  1
332  0  0.543019  0.139713  14796.5  2.10639  -0.240047  1
333  0  0.286823  -0.0951353  13275.8  1.991  -0.192193  1
334  0  0.223053  0.160922  14962.8  1.98602  0.0192954  1
335  0  0.652668  0.123778  14857.2  2.07035  -0.264728  1
336  0  -0.242847  0.993225  15033.1  1.94753  -0.277505  1
337  0  0.109897  -0.0932836  13285  2.57018  -0.689911  1
338  0  1.00223  -0.0637289  14819.2  1.26217  0.0895802  1
339  0  0.799257  -0.613781  14600.1  2.04437  -0.140809  1
340  0  -1.40775  1.10628  14994.4  1.97644  -0.282841  1
341  0  1.51515  -0.127233  14842.4  1.87066  -0.106257  1
342  0  0.0164815  -0.0656154  13233.9  2.56621  -1.16797  1
343  0  1.11283  0.230184  14903.8  1.95754  -0.221008  1
344  0  -0.107272  0.00284328  15188.9  1.69467  -0.795144  1
345  0  0.736374  1.40328  14903.5  1.99713  -0.254422  1
346  0  0.302911  -0.552146  14417.4  2.1723  -0.295792  1
347  0  0.0500314  0.130359  15768.2  1.52638  0.0131812  1
348  0  0.574637  -0.0917946  14090.6  1.45308  0.0772414  1
349  0  -0.121991  -0.793526  14668.3  2.07402  -0.416041  1
350  0  0.760537  0.0980964  14883.1  2.04145  -0.258169  1
351  0  0.41929  -0.322823  14141.3  2.31196  -0.179294  1
352  0  0.820423  -0.0770852  14517  1.32013  0.0915443  1
353  0  -0.555461  1.46257  15002.9  1.98219  -0.271857  1
354  0  0.731249  -0.0763508  14358.9  1.29846  0.0876058  1
355  0  0.930871  -0.0612854  14692.1  1.2112  0.0953334  1
356  0  0.419244  -1.45688  14783.1  1.95684  -0.312829  1
357  0  -0.868329  -0.634199  14855.1  2.00268  -0.316188  1
358  0  -1.41724  -0.445095  14911.5  1.98254  -0.298088  1
359  0  0.0139189  1.44572  14980.9  1.98252  -0.257337  1
360  0  -0.402579  0.653605  15079.2  1.9255  -0.291012  1
361  0  0.345491  0.135604  14706.7  2.17913  -0.115968  1
362  0  0.475296  0.137766  14767.5  2.13938  -0.210859  1
363  0  0.177211  -0.0755987  13043.7  1.78595  -0.286374  1
364  0  0.0694639  -0.0644593  12999.3  2.34982  -0.766545  1
365  0  0.425776  -0.779182  14577.5  2.08635  -0.265179  1
366  0  0.00595172  0.0875894  16102.1  1.28666  -0.172444  1
367  0  0.39523  -0.070135  13533.9  0.860386  0.00363637  1
368  0  0.33555  0.728188  15000.5  1.94355  -0.224818  1
369  0  0.568607  0.96264  14942.8  1.95369  -0.22949  1
370  0  0.584281  0.107078  14802.4  2.10262  -0.263188  1
371  0  0.87088  0.0700001  14890.1  2.0003  -0.24719  1
372  0  0.620861  -0.0752886  14179.5  1.15397  0.0473221  1
373  0  0.531968  -0.0752349  13959.4  1.05642  0.0609736  1
374  0  0.945494  -0.863548  14684.7  1.97897  -0.185583  1
375  0  1.34927  0.612577  14842.4  1.98693  -0.224183  1
376  0  -0.0516075  0.0412642  15747.7  1.23435  -0.679729  1
377  0  0.181677  0.135004  15043.2  1.97159  0.111091  1
378  0  0.486199  -0.075076  13814.2  1.03235  0.0474232  1
379  0  0.689748  0.0915238  14853.9  2.05009  -0.270658  1
380  0  0.677762  -0.294995  14380.8  2.1879  -0.0313118  1
381  0  0.955238  -0.411624  14650.4  2.01938  -0.0553224  1
382  0  1.31152  1.42423  14827.3  2.01126  -0.259716  1
383  0  0.105685  0.124306  15480  1.70835  0.184672  1
384  0  -0.17016  -0.533312  14616.7  2.0873  -0.466319  1
385  0  1.33228  -0.748707  14738.7  1.91144  -0.157035  1
386  0  -0.598262  0.0465066  14996.7  1.9461  -0.3721  1
387  0  0.952389  0.0604964  14878.3  2.00034  -0.251957  1
388  0  0.294168  0.133324  14736.8  2.16909  -0.0351095  1
389  0  0.793989  0.0707978  14903.5  1.97777  -0.25089  1
390  0  0.677125  -0.459724  14479.1  2.12586  -0.109773  1
391  0  1.09363  -0.0294402  14988.8  1.25545  -0.0699333  1
392  0  1.04413  -1.45161  14759.1  1.92473  -0.250383  1
393  0  -0.00796225  -1.35678  14791.3  1.99096  -0.392423  1
394  0  0.335764  -0.073975  13302.9  1.13273  -0.0517114  1
395  0  -0.942287  -1.4799  14873.2  1.98984  -0.267044  1
396  0  -0.595992  -0.925334  14801.1  2.02139  -0.338989  1
397  0  -0.0156049  -0.0366189  13889  2.19814  -1.50926  1
398  0  0.131107  -0.732305  14575.2  2.10519  -0.370106  1
399  0  0.773963  -0.0698509  14443.8  1.20933  0.086734  1
400  0  0.79124  0.494143  14902.1  1.96768  -0.224885  1
401  0  -1.36875  0.00383979  14947.5  1.97889  -0.301508  1
402  0  1.62751  -0.473164  14771.5  1.85491  -0.134133  1
403  0  0.864008  -0.0604201  14580.4  1.0871  0.0852826  1
404  0  0.166886  -0.27079  13992.6  2.37743  -0.451062  1
405  0  0.243906  -0.0685709  13173.5  1.12185  -0.178531  1
406  0  -0.0634366  -0.381829  14466.5  2.14872  -0.5214  1
407  0  1.57208  1.03192  14798.4  2.00264  -0.246131  1
408  0  -0.778867  0.562153  15029.7  1.95159  -0.291954  1
409  0  0.902718  -0.300702  14622.1  2.05522  -0.00944221  1
410  0  0.683376  -0.0699122  14272.4  1.07209  0.0689576  1
411  0  -1.50482  -1.3924  14877.8  1.98018  -0.286898  1
412  0  -0.248702  -0.124706  14853.3  1.97605  -0.590887  1
413  0  0.535599  -0.200487  14109.3  2.40082  -0.0236636  1
414  0  0.776109  -0.250748  14491.5  2.15576  0.0112452  1
415  0  -0.0498516  -0.246483  14334.6  2.20818  -0.629937  1
416  0  0.661134  0.348885  14896.3  1.99087  -0.221495  1
417  0  0.457397  0.510549  14959.5  1.95864  -0.204758  1
418  0  0.379079  0.123494  14707  2.19781  -0.153523  1
419  0  0.430992  0.116606  14714.8  2.17859  -0.196169  1
420  0  0.477797  -1.12062  14702.9  2.0059  -0.286073  1
421  0  0.518066  0.112636  14766.5  2.10817  -0.244065  1
422  0  -0.940187  1.23409  15005.7  1.97154  -0.273251  1
423  0  0.616436  -0.753323  14591.1  2.06208  -0.209559  1
424  0  0.0847488  0.794613  15045.2  1.93264  -0.25606  1
425  0  1.06216  -0.142852  14827.2  1.93563  0.0497771  1
426  0  -0.925555  0.166459  14982.3  1.96576  -0.313848  1
427  0  0.90883  0.0567232  14893.4  1.97157  -0.241724  1
428  0  0.130744  -0.0621023  12984.3  1.7586  -0.439023  1
429  0  0.624489  0.0951576  14827.5  2.06164  -0.270377  1
430  0  -0.114603  -0.0725423  14732.5  1.91964  -0.796625  1
431  0  0.640622  -0.21978  14308.4  2.28145  0.00449935  1
432  0  1.13926  -0.241959  14809.2  1.97218  -0.0135865  1
433  0  -1.10059  0.818929  15003.7  1.96733  -0.287052  1
434  0  0.93657  -0.208237  14677.2  2.09766  0.0435826  1
435  0  0.186046  -0.415464  14270.2  2.24456  -0.38019  1
436  0  -0.324642  0.170978  15171.7  1.84403  -0.420424  1
437  0  0.530867  -0.411397  14340.3  2.20708  -0.147818  1
438  0  0.390517  1.39409  14946.6  1.98193  -0.242889  1
439  0  0.24629  0.128489  14841.7  2.13305  0.0375046  1
440  0  -0.278851  0.487407  15140.1  1.89216  -0.307331  1
441  0  0.996182  0.0480759  14902  1.97388  -0.267975  1
442  0  1.07092  0.0384873  14968  1.73041  -0.251204  1
443  0  0.841868  0.767828  14903.3  1.968  -0.233257  1
444  0  0.107161  0.491424  15123.3  1.89729  -0.222948  1
445  0  1.35364  -0.212942  14850.9  1.88771  -0.0489349  1
446  0  -1.55667  0.672355  14981.9  1.97723  -0.287084  1
447  0  0.220573  -0.181254  13637.4  2.56617  -0.407524  1
448  0  0.333963  -0.246105  13916.6  2.40372  -0.237256  1
449  0  -0.338596  -0.396253  14733.1  2.0437  -0.470663  1
450  0  0.460913  -0.2722  14102.1  2.32605  -0.119477  1
451  0  -1.29498  1.55328  14997  1.97903  -0.278556  1
452  0  1.56158  -1.48137  14750.9  1.8889  -0.229149  1
453  0  0.842847  -0.132091  14559.1  2.02449  0.0938678  1
454  0  0.392695  -0.125941  13635.8  2.33792  -0.0721762  1
455  0  0.394607  0.430875  14973.6  1.96563  -0.190891  1
456  0  -0.0538986  -0.00258093  15056.4  1.57411  -1.05055  1
457  0  0.737029  0.0735383  14889.2  1.98215  -0.264666  1
458  0  0.972068  -0.0389552  14759.6  0.881864  0.0790698  1
459  0  0.442106  -0.0678371  13657  0.819067  0.04707  1
460  0  0.853092  0.229917  14890.8  1.9695  -0.236613  1
461  0  1.08658  -0.364198  14725.8  1.9712  -0.0463865  1
462  0  1.10613  -1.17246  14736.7  1.93274  -0.220863  1
463  0  0.909626  -0.157272  14647.2  2.08213  0.0796898  1
464  0  -0.0848479  0.388904  15248.4  1.83455  -0.276232  1
465  0  0.86635  0.388941  14894.7  1.9748  -0.227461  1
466  0  0.160479  0.369661  15142.9  1.89225  -0.173064  1
467  0  0.360369  -0.173936  13701.7  2.59527  -0.172807  1
468  0  -1.57197  -0.856982  14889.2  1.98305  -0.287651  1
469  0  0.288346  0.329426  15010.3  1.96091  -0.15084  1
470  0  0.287937  -0.064141  13218.1  0.877492  -0.0972881  1
471  0  -0.0580999  0.269991  15385.8  1.73981  -0.264023  1
472  0  0.777815  -0.187063  14473.6  2.22001  0.0519821  1
473  0  -0.661399  -0.505751  14833.1  2.01255  -0.354686  1
474  0  0.02615  0.236201  15430.1  1.71473  -0.160951  1
475  0  0.545607  0.213497  14849.3  2.00016  -0.216255  1
476  0  0.410342  -0.471087  14343.5  2.20568  -0.226434  1
477  0  -0.325845  -0.243042  14785.1  2.02198  -0.514164  1
478  0  -0.029047  -0.141637  14150  2.21408  -0.792724  1
479  0  -0.0131894  0.0590352  16184  1.04205  -0.420185  1
480  0  0.468156  -0.155403  13874.6  2.43197  -0.0237315  1
481  0  1.30634  -0.0811835  14895.1  1.75342  -0.0653739  1
482  0  0.0627458  0.0954221  15880.2  1.4624  0.180538  1
483  0  0.839036  -0.48246  14593.6  2.05245  -0.0919887  1
484  0  -0.105201  -1.09849  14748.1  2.03185  -0.395392  1
485  0  0.652027  -0.0684196  14232.2  1.07492  0.0624129  1
486  0  0.565633  0.477252  14929.9  1.96801  -0.209282  1
487  0  0.89869  -0.0501819  14633.5  0.974189  0.0807279  1
488  0  0.739174  -1.47694  14772.6  1.94032  -0.27646  1
489  0  0.366957  -0.0665666  13415.2  0.776058  0.0414017  1
490  0  0.108239  -0.358324  14235.7  2.26082  -0.45855  1
491  0  -0.50805  1.1452  15019.3  1.96426  -0.270363  1
492  0  -0.163239  0.799297  15066  1.92855  -0.279519  1
493  0  0.200077  -0.0525757  13239.9  0.668183  -0.160055  1
494  0  0.439719  0.288083  14897.6  2.00487  -0.181412  1
495  0  1.24441  0.453577  14869.5  1.97829  -0.217961  1
496  0  0.0922036  -0.149795  13645.1  2.5383  -0.680121  1
497  0  0.21508  0.570265  15053.8  1.92612  -0.219705  1
498  0  1.66106  0.500055  14793.3  2.00381  -0.220965  1
499  0  0.651043  -0.165248  14281.1  2.30922  0.0500122  1
500  0  0.0998946  -0.0568857  13024.8  1.94866  -0.559304  1
501  0  -0.00605194  1.12637  15005.5  1.95559  -0.265347  1
502  0  0.574407  -0.0592874  14097.9  0.646745  0.0532414  1
503  0  0.84219  0.0475611  14884  1.67109  -0.210913  1
504  0  -1.42878  0.36717  14971.7  1.97591  -0.295687  1
505  0  0.133009  0.102414  15251.9  1.78332  0.271815  1
506  0  0.558671  0.0866319  14774.1  1.80215  -0.225284  1
507  0  0.179454  0.191876  15126.2  1.88561  -5.07049e-05  1
508  0  0.150354  0.26439  15196.4  1.85397  -0.0956019  1
509  0  -0.482224  -0.131124  14920.4  1.9748  -0.431879  1
510  0  0.0453429  -0.0439839  12779.6  2.07438  -0.749339  1
511  0  -1.10886  -0.456332  14893.1  1.99024  -0.307193  1
512  0  0.707526  -0.127501  14349.7  2.04646  0.0857464  1
513  0  -0.368067  -0.826792  14745.7  2.04129  -0.389598  1
514  0  0.471212  0.100944  14705.6  1.95489  -0.204182  1
515  0  -0.229869  -1.60157  14877.4  1.96127  -0.406266  1
516  0  0.203234  0.111449  14868.7  1.98839  0.145664  1
517  0  0.667095  0.0712714  14853.7  1.7165  -0.234131  1
518  0  -0.914005  1.57754  15000.5  1.98025  -0.274001  1
519  0  -0.927319  -1.19405  14857  1.99947  -0.281696  1
520  0  0.781397  0.188926  14884.5  1.97203  -0.239417  1
521  0  1.03269  -0.0426175  14853.2  0.935994  0.0622344  1
522  0  0.553529  -0.133026  14059.9  2.24251  0.0437503  1
523  0  0.381768  0.196389  14825.2  2.02122  -0.148509  1
524  0  0.889275  0.161849  14892.5  1.97226  -0.24087  1
525  0  0.00276268  -0.193236  14103.2  2.28152  -0.69499  1
526  0  0.763599  0.0676046  14899.3  1.96125  -0.259368  1
527  0  0.610562  -0.36187  14378.6  2.18581  -0.0891638  1
528  0  0.615374  0.159272  14843.6  2.02996  -0.24401  1
529  0  0.693068  0.236626  14879.2  1.98387  -0.232658  1
530  0  0.79492  -0.0540584  14484.3  0.885793  0.0687558  1
531  0  -0.31597  0.311681  15179.5  1.8548  -0.349442  1
532  0  0.750809  -0.0537576  14401.4  0.834767  0.055913  1
533  0  0.346951  -0.391675  14213.5  2.27336  -0.247509  1
534  0  0.839855  -0.0475415  14547.7  0.800027  0.0549268  1
535  0  0.508336  -0.0580478  13888.5  0.540914  0.00564769  1
536  0  0.113034  -0.213114  13889.5  2.40335  -0.54972  1
537  0  0.505987  0.80464  14959.9  1.95328  -0.221595  1
538  0  1.30635  0.149731  14915.3  2.00752  -0.192871  1
539  0  0.947512  1.68302  14873.3  2.02986  -0.2655  1
540  0  0.909653  1.15943  14889.6  1.97362  -0.251291  1
541  0  0.247551  -1.23377  14743.1  2.00071  -0.339603  1
542  0  0.432911  0.225803  14849.6  2.00835  -0.178843  1
543  0  0.316279  0.115236  14648.1  2.06298  -0.0626721  1
544  0  -0.193398  0.000112875  15134  1.80895  -0.622467  1
545  0  0.706613  -0.0545588  14316.9  0.760815  0.034492  1
546  0  1.72686  0.0584964  14769.5  1.97912  -0.167408  1
547  0  -1.59514  1.34656  14993.4  1.97898  -0.280279  1
548  0  -0.11192  0.190706  15460.5  1.67684  -0.346527  1
549  0  1.08554  0.121795  14922.3  1.97569  -0.225407  1
550  0  -0.0299933  -0.63268  14569.8  2.10843  -0.426071  1
551  0  -1.66093  -0.176128  14929.5  1.9804  -0.290609  1
552  0  0.786279  -0.769776  14633.7  2.02455  -0.179712  1
553  0  1.11205  -0.736638  14707.5  1.95162  -0.153509  1
554  0  0.393399  -0.645854  14491.1  2.1298  -0.26094  1
555  0  0.265204  -0.229083  13825.2  2.44485  -0.321375  1
556  0  1.72087  -0.911761  14743.6  1.86777  -0.187271  1
557  0  0.404979  0.105554  14668.5  1.99054  -0.162534  1
558  0  0.360589  0.107567  14647.3  1.97744  -0.121328  1
559  0  0.962746  0.142159  14897.9  1.97285  -0.241594  1
560  0  0.926977  0.0354013  14884.2  1.61449  -0.200516  1
561  0  0.883539  0.0406053  14892.8  1.61313  -0.194402  1
562  0  0.626922  -0.117899  14205.4  1.95025  0.0745584  1
563  0  1.02672  0.302372  14895.2  1.96785  -0.226899  1
564  0  0.404448  -0.250829  13995.7  2.37551  -0.15821  1
565  0  -0.579427  0.52695  15065.4  1.93349  -0.299528  1
566  0  0.156404  -0.0468906  12838.8  0.758533  -0.230404  1
567  0  -0.267773  1.30084  15005.9  1.97449  -0.272434  1
568  0  -0.309703  1.61763  14992.3  1.98772  -0.273118  1
569  0  0.601697  0.0792002  14799.1  1.74083  -0.226447  1
570  0  0.93847  0.610387  14891.4  1.96897  -0.230141  1
571  0  -0.45384  0.892343  15044.6  1.94395  -0.277646  1
572  0  0.137292  0.144019  15275.3  1.82283  0.111724  1
573  0  0.94289  -0.680766  14665.9  1.99634  -0.145775  1
574  0  -1.08561  -0.728079  14872  1.99329  -0.297826  1
575  0  0.271419  0.112802  14709.2  2.0557  0.0067195  1
576  0  1.12105  0.56373  14874.7  1.97497  -0.22666  1
577  0  0.995756  -0.180514  14738.8  2.05058  0.0568096  1
578  0  0.647037  -0.590495  14527.2  2.09569  -0.162278  1
579  0  0.567437  1.68534  14915.6  2.01787  -0.25914  1
580  0  0.583976  0.287508  14879.8  2.00047  -0.215687  1
581  0  0.0732626  -1.63878  14862.7  1.93643  -0.394519  1
582  0  0.0216103  -0.033501  12274.4  2.20875  -1.08442  1
583  0  0.0229034  0.0614543  16380.3  0.943489  -0.0349259  1
584  0  0.925958  -0.0336283  14691.3  0.61662  0.0611995  1
585  0  0.931945  -0.10132  14665.2  1.72837  0.10536  1
586  0  -0.65032  -1.65218  14895.8  1.9797  -0.313324  1
587  0  0.296074  0.256118  14961.7  1.9718  -0.115949  1
588  0  0.970901  0.0294083  14852.3  1.61625  -0.210509  1
589  0  1.2371  -0.575144  14740.1  1.9249  -0.118941  1
590  0  0.553122  -0.941491  14646.8  2.03635  -0.253215  1
591  0  -0.402543  0.0550427  15055.4  1.90093  -0.438706  1
592  0  0.846557  -0.2557  14567.5  2.11993  0.0169975  1
593  0  -0.128044  -0.211161  14529.6  2.11488  -0.650869  1
594  0  0.464353  -0.0543367  13748.7  0.358897  0.0416763  1
595  0  0.420187  -0.0536468  13571.2  0.259393  0.0188042  1
596  0  1.67962  1.36535  14781.3  2.0191  -0.262366  1
597  0  0.83135  0.0837849  14888.9  2.02649  -0.250436  1
598  0  0.146558  -0.0916015  13065.3  2.45665  -0.535608  1
599  0  0.178958  -0.112539  13251.5  2.55553  -0.479558  1
600  0  0.090091  0.0898454  15633.5  1.55421  0.299009  1
601  0  -0.595629  -0.702855  14807.3  2.01796  -0.348876  1
602  0  0.990138  -0.321793  14687.4  2.0119  -0.0171773  1
603  0  0.676842  0.174768  14864.2  1.99221  -0.241556  1
604  0  -0.712982  0.216862  15018.7  1.94656  -0.327122  1
605  0  -0.0171381  0.0218398  15684.8  0.644955  -0.986251  1
606  0  0.710131  0.0621205  14875.9  1.69333  -0.218562  1
607  0  -1.66307  0.997538  14988.1  1.97853  -0.282708  1
608  0  0.310707  -0.051588  13244.8  0.244646  -0.0538876  1
609  0  0.26648  -0.04903  13173.3  0.289742  -0.0707062  1
610  0  0.701642  -0.236426  14396.7  2.21711  0.0124234  1
611  0  -0.255244  -0.673846  14682.2  2.0638  -0.431225  1
612  0  0.589705  -0.201451  14209.5  2.34702  -0.00440603  1
613  0  0.0718709  -0.103199  13483.4  2.66164  -0.848615  1
614  0  0.749072  -0.15072  14420.6  2.18139  0.0768534  1
615  0  0.855057  -0.0930489  14567.2  1.60851  0.0992909  1
616  0  0.49819  -0.324911  14218  2.27118  -0.123592  1
617  0  0.31773  -0.140159  13498.1  2.56618  -0.217408  1
618  0  0.758962  0.368732  14897.7  1.98173  -0.226305  1
619  0  -0.185257  -0.40318  14603.9  2.08995  -0.507926  1
620  0  0.597282  -1.72166  14813.5  1.91919  -0.298952  1
621  0  0.255328  -0.132767  13426.2  2.6084  -0.345646  1
622  0  0.998  -0.0246681  14819.3  0.565032  0.0438227  1
623  0  0.596365  -0.0527835  14151.2  0.526588  0.0280071  1
624  0  0.552359  -0.0530949  13994  0.470425  0.0541286  1
625  0  0.218334  1.71065  14953.7  2.0041  -0.256177  1
626  0  -0.0396839  0.0932851  15862.5  1.41485  -0.378757  1
627  0  0.068618  -0.0381349  12780.8  1.37066  -0.432402  1
628  0  -0.350524  -1.07434  14779.8  2.02966  -0.371241  1
629  0  0.724226  0.108128  14881.8  2.04985  -0.263132  1
630  0  0.394364  1.12222  14962.6  1.95108  -0.235338  1
631  0  0.156012  -0.597735  14475.4  2.14694  -0.368607  1
632  0  0.27682  -0.689649  14518.6  2.12309  -0.312325  1
633  0  0.22523  -0.0493225  13223.4  0.458265  -0.141216  1
634  0  -0.428269  0.460266  15108.4  1.90789  -0.313707  1
635  0  0.81693  -0.043697  14503.7  0.692097  0.0540121  1
636  0  0.0869914  0.636786  15084.5  1.91536  -0.246588  1
637  0  0.15952  0.107156  15056.3  1.88794  0.223571  1
638  0  0.772614  -0.0467226  14432.1  0.650111  0.0648135  1
639  0  0.473496  -0.108623  13793.4  1.91417  0.0330701  1
640  0  0.492263  0.0908206  14726.9  1.8196  -0.207938  1
641  0  0.446565  0.0971919  14735  1.88395  -0.18542  1
642  0  0.0493788  0.0703834  16165.7  1.19147  0.20043  1
643  0  -0.0523442  -0.183384  14323.6  2.19046  -0.712559  1
644  0  -0.668245  -0.132653  14928.8  1.97806  -0.365674  1
645  0  0.710969  -0.366996  14454.9  2.13984  -0.0633096  1
646  0  0.728792  -0.0484525  14351.8  0.606702  0.0585515  1
647  0  0.535871  0.0846926  14760  1.77777  -0.221263  1
648  0  -0.0484261  0.924343  15039  1.93811  -0.27185  1
649  0  0.374782  0.917792  14977.1  1.94671  -0.231261  1
650  0  0.226861  0.108162  14779.7  2.02035  0.0960285  1
651  0  0.815634  0.0490592  14902.7  1.64918  -0.216449  1
652  0  -0.0767338  -0.0390203  14681.1  1.89902  -0.981955  1
653  0  0.470655  0.657889  14964.4  1.95364  -0.214511  1
654  0  -0.84422  -0.899131  14843.3  2.00382  -0.304951  1
655  0  0.866277  -0.38288  14583.5  2.0649  -0.0468072  1
656  0  0.871129  0.115308  14892.7  2.01755  -0.248092  1
657  0  0.644523  0.068732  14849.7  1.6662  -0.227323  1
658  0  0.618349  -0.050926  14173.5  0.442624  0.0233913  1
659  0  0.530358  -0.0515477  13940.7  0.322315  0.0444799  1
660  0  0.805223  -0.150024  14508.4  2.14753  0.082315  1
661  0  0.486384  -0.0503864  13819.9  0.242693  0.0461763  1
662  0  0.398061  -0.0477552  13545.3  0.0308153  -0.0238239  1
663  0  0.338415  0.105592  14599.5  1.96253  -0.0916594  1
664  0  0.950048  -0.0257509  14731.6  0.486091  0.0457457  1
665  0  0.000829636  -0.0219859  12059.9  2.11959  -1.66875  1
666  0  0.178777  -0.0428661  12921.4  0.467018  0.0973494  1
667  0  0.332836  -0.0478157  13244.4  -0.00411516  -0.00922166  1
668  0  0.375345  0.155647  14771.3  2.11321  -0.147543  1
669  0  1.18418  1.1467  14853.1  1.98495  -0.251465  1
670  0  0.244966  -0.0445986  13181.4  0.131614  -0.0887678  1
671  0  0.113541  0.0914326  15425.7  1.66493  0.322586  1
672  0  0.0301065  -0.891006  14666.2  2.07005  -0.385506  1
673  0  0.233667  -0.839751  14608.2  2.08642  -0.329674  1
674  0  0.965039  -0.0793776  14744.7  1.45356  0.100304  1
675  0  0.579233  0.0773834  14779.2  1.67529  -0.21602  1
676  0  0.182351  0.103759  14967.1  1.91055  0.19845  1
677  0  -0.848532  -0.418431  14878.8  1.99864  -0.325772  1
678  0  1.03324  0.192797  14903.4  1.95682  -0.232267  1
679  0  0.341847  -0.313025  14073.5  2.34392  -0.243159  1
680  0  0.426261  0.0958693  14673.9  1.81146  -0.169977  1
681  0  0.948162  0.0269434  14848.2  1.52236  -0.192958  1
682  0  1.62613  0.798713  14796.8  2.00324  -0.235555  1
683  0  0.293603  0.107128  14669.3  1.98592  -0.0244309  1
684  0  1.05905  -0.0843114  14877  1.50971  0.0819779  1
685  0  0.513754  0.0844266  14754  1.68339  -0.206112  1
686  0  0.862768  0.0387463  14895.8  1.5326  -0.193264  1
687  0  0.904722  0.0315013  14886.1  1.49191  -0.179811  1
688  0  -1.2047  -1.30703  14875.6  1.98402  -0.279955  1
689  0  -0.160862  -0.134788  14689.8  2.02085  -0.6943  1
690  0  0.506566  -0.167986  13999.6  2.43007  -0.00280386  1
691  0  0.473706  -0.211829  14010.9  2.42093  -0.0729384  1
692  0  0.915418  0.289375  14893  1.97406  -0.230992  1
693  0  0.687351  0.0617715  14841.4  1.5871  -0.210933  1
694  0  0.942839  -0.537384  14649.1  2.01026  -0.103741  1
695  0  -1.30241  -1.66313  14873.9  1.97959  -0.277913  1
696  0  1.13866  -0.929812  14719.7  1.93985  -0.188787  1
697  0  -1.44329  -1.12315  14879.8  1.98259  -0.286563  1
698  0  1.02225  0.0287255  14937.4  1.69265  -0.258575  1
699  0  0.795305  0.0447036  14916.4  1.47019  -0.210125  1
700  0  1.66859  -1.20509  14743.5  1.88094  -0.210549  1
701  0  -0.00720065  -0.0969294  13878.5  2.29438  -0.948654  1
702  0  -1.69608  -0.562325  14906.8  1.98078  -0.288345  1
703  0  0.59742  -0.276612  14285.4  2.24259  -0.0440437  1
704  0  -1.06322  -0.00661751  14952.2  1.9765  -0.314106  1
705  0  -0.490877  -0.414822  14799.5  2.02314  -0.407682  1
706  0  0.789394  0.139896  14886.3  2.00108  -0.247056  1
707  0  0.993518  0.0217828  14847.2  1.5265  -0.214203  1
708  0  -0.239131  0.0766335  15204.3  1.80283  -0.505324  1
709  0  0.44214  0.149285  14764.5  2.11974  -0.192694  1
710  0  0.86089  -0.0359283  14582.2  0.559028  0.0500105  1
711  0  1.54021  1.6698  14801.9  2.03911  -0.26676  1
712  0  0.269449  0.155153  14839.7  2.07304  -0.0246103  1
713  0  0.1703  -0.207001  13785  2.4474  -0.464805  1
714  0  -0.19583  0.622032  15108  1.90882  -0.284379  1
715  0  0.514897  0.157516  14803.4  2.07842  -0.220694  1
716  0  -1.28552  0.657748  14989.4  1.97225  -0.292804  1
717  0  0.357955  0.554818  14999.1  1.94563  -0.206993  1
718  0  -0.0584159  -0.487501  14513.9  2.12877  -0.476957  1
719  0  0.500459  0.256975  14866.8  2.00606  -0.199989  1
720  0  1.72131  -0.215343  14775.4  1.88669  -0.128859  1
721  0  0.684181  -0.047964  14272.1  0.482084  0.0379567  1
722  0  -0.708727  -0.313973  14877.9  1.99859  -0.355452  1
723  0  -0.810601  0.0181093  14968  1.96643  -0.332858  1
724  0  1.31606  -1.3325  14750.1  1.90605  -0.225606  1
725  0  0.694064  0.130904  14866.5  2.04212  -0.256473  1
726  0  -0.606509  0.718419  15045.3  1.94407  -0.28327  1
727  0  0.947736  -1.72681  14790.4  1.90685  -0.271801  1
728  0  0.247133  0.20024  14974.7  1.96113  -0.0504783  1
729  0  0.381171  0.100125  14665.2  1.87837  -0.133276  1
730  0  1.48406  -0.323327  14797.4  1.88592  -0.102315  1
731  0  1.00766  -0.113381  14788.8  1.7887  0.0943241  1
732  0  0.353258  -0.982545  14663.4  2.04627  -0.30222  1
733  0  1.44498  0.0807147  14890.4  1.94438  -0.166337  1
734  0  1.41651  0.390737  14849.6  1.98403  -0.210256  1
735  0  -1.59493  1.66994  14994.2  1.97977  -0.279569  1
736  0  0.0407109  -0.0873183  13429.2  2.58593  -0.972681  1
737  0  1.14157  -0.470973  14729.7  1.94984  -0.08415  1
738  0  0.00757291  -0.31987  14304.5  2.22577  -0.544841  1
739  0  1.36763  0.915893  14831.4  1.99161  -0.239018  1
740  0  -0.587036  1.75784  14996.6  1.98498  -0.275212  1
741  0  -0.90263  0.988291  15012.2  1.96367  -0.276703  1
742  0  0.813253  -0.11171  14513.4  1.82718  0.0945581  1
743  0  -0.849833  0.763461  15021.1  1.95731  -0.282938  1
744  0  1.04227  1.39938  14865.6  2.0054  -0.259446  1
745  0  0.881557  -0.0347548  14604.1  0.576241  0.0485389  1
746  0  0.612083  -1.28381  14742.5  1.969  -0.279172  1
747  0  0.700366  -0.0907161  14323.3  1.54485  0.082979  1
748  0  1.34414  -1.67597  14768.5  1.89357  -0.248066  1
749  0  1.42996  -0.543514  14768.2  1.88547  -0.123146  1
750  0  -1.02075  0.603823  15005.6  1.96375  -0.293478  1
751  0  0.0821757  0.16133  15504.8  1.67583  0.00802015  1
752  0  0.614364  0.123663  14834  2.09697  -0.263072  1
753  0  -0.202187  0.170726  15299.7  1.76786  -0.413632  1
754  0  0.952114  -0.265486  14661.3  2.05674  0.0100908  1
755  0  -0.196438  0.390994  15206.4  1.85207  -0.313661  1
756  0  0.654458  0.0910712  14860.2  2.06461  -0.272707  1
757  0  -0.0994487  0.0683623  15571.3  1.55355  -0.55135  1
758  0  0.215734  -0.0788373  13238.2  1.72243  -0.276396  1
759  0  0.354516  -0.0476808  13317.2  0.060473  0.0649888  1
760  0  0.226992  0.849028  15013.1  1.94086  -0.24236  1
761  0  0.0571494  -0.187425  13910.1  2.35885  -0.645261  1
762  0  0.62207  0.0692454  14806.2  1.58533  -0.209373  1
763  0  0.114122  -0.0389334  12946.5  0.77316  -0.216253  1
764  0  0.663951  -0.0494318  14248.9  0.492571  0.0505061  1
765  0  0.197086  1.22243  14978.7  1.95952  -0.245629  1
766  0  -0.423131  0.207395  15112.8  1.88807  -0.375515  1
767  0  0.0295995  0.406659  15207.3  1.85867  -0.22383  1
768  0  0.494061  0.416814  14934.8  1.97874  -0.200602  1
769  0  0.544648  -0.102574  14011.5  1.74049  0.0645319  1
770  0  -1.68726  -1.68726  14869.1  1.98045  -0.285101  1
771  0  0.134974  -0.0391757  12913.3  0.493435  -0.174501  1
772  0  0.208715  -0.338097  14118.6  2.32245  -0.380716  1
773  0  0.813894  -0.214523  14530.5  2.18154  0.0411642  1
774  0  0.373541  -0.0929431  13483.6  1.65202  -0.027783  1
775  0  0.507771  -0.093552  13898.4  1.51473  0.0556521  1
776  0  0.902126  -0.0288573  14646.1  0.45636  0.0455144  1
777  0  0.378095  -0.0488703  13483  0.086354  0.0732201  1
778  0  0.754354  0.614001  14912.8  1.96399  -0.223711  1
779  0  0.640314  -0.0484295  14192.5  0.47464  0.00929462  1
780  0  0.644933  -0.090911  14222.6  1.55182  0.0759942  1
781  0  0.651116  0.273318  14882.1  1.99474  -0.226098  1
782  0  0.734055  -0.301426  14449.9  2.14726  -0.0202019  1
783  0  0.55299  0.112198  14778.3  2.12136  -0.253264  1
784  0  0.740792  -0.112211  14380.2  1.83151  0.0934264  1
785  0  1.03102  0.0779734  14937.9  1.99911  -0.252001  1
786  0  -0.11774  -0.319389  14490.3  2.1378  -0.569788  1
787  0  -0.0117933  -0.0652867  13851.5  2.27964  -1.18586  1
788  0  -0.156306  0.0485788  15327.4  1.70849  -0.601909  1
789  0  0.137195  -0.121866  13334.4  2.68769  -0.629539  1
790  0  -1.13861  0.20945  14973  1.97178  -0.305761  1
791  0  -0.0481807  -0.104137  14255.4  2.11745  -0.878775  1
792  0  -1.19585  -0.209865  14925.3  1.98242  -0.307963  1
793  0  0.770259  -0.428524  14529.2  2.09533  -0.0786591  1
794  0  0.739715  -0.525135  14541.8  2.0829  -0.120207  1
795  0  0.800959  0.104641  14887.6  2.03595  -0.253  1
796  0  0.248733  0.105967  14756.9  1.9848  0.0563625  1
797  0  0.875642  -1.26363  14737.7  1.95181  -0.248512  1
798  0  0.461502  -0.0804601  13737.9  1.21415  0.0459186  1
799  0  -0.736221  1.10722  15015.1  1.96401  -0.268677  1
800  0  0.740972  -0.207464  14432.4  2.23741  0.0389507  1
801  0  0.792657  -0.0894549  14478.5  1.51842  0.0961563  1
802  0  -0.709706  0.402204  15037.5  1.94491  -0.307571  1
803  0  -0.924193  0.370553  15004  1.96056  -0.303692  1
804  0  0.750865  0.0506162  14897.2  1.51726  -0.207337  1
805  0  0.308412  -0.0772937  13244.5  1.29886  -0.111703  1
806  0  0.320826  -0.101629  13304  2.02467  -0.137036  1
807  0  0.090635  -0.0365678  12900.5  1.06227  -0.376932  1
808  0  -0.233159  -1.29482  14807.9  2.00706  -0.393334  1
809  0  0.566942  -0.171488  14132.1  2.40406  0.0210414  1
810  0  0.360253  0.333412  14960.3  1.98173  -0.166006  1
811  0  0.517202  -0.654131  14521.2  2.10979  -0.216504  1
812  0  0.599185  -0.0964499  14131.7  1.62001  0.0708211  1
813  0  0.955294  0.0996415  14889.8  2.0171  -0.250408  1
814  0  1.05664  -0.214942  14773  2.02527  0.0234497  1
815  0  0.267359  -0.0751783  13213.1  1.35076  -0.155978  1
816  0  0.250494  -0.097057  13265.8  2.09778  -0.266567  1
817  0  0.891514  -0.22748  14621.5  2.11277  0.0319425  1
818  0  0.592882  -0.0756878  14135.8  1.1032  0.0537023  1
819  0  0.555604  -0.0763971  14026.3  1.13431  0.0777921  1
820  0  1.18875  -0.0227241  14963.4  1.54405  -0.0999609  1
821  0  0.569431  0.17127  14831  2.02916  -0.232438  1
822  0  0.421814  -0.0778674  13603.5  1.15687  0.0336779  1
823  0  -0.263443  -0.331552  14696.2  2.05405  -0.514819  1
824  0  -1.71577  -1.12604  14883.9  1.98156  -0.284817  1
825  0  1.24141  0.28046  14887  1.96483  -0.211081  1
826  0  -0.0428589  0.713591  15082.3  1.91954  -0.268938  1
827  0  -0.159155  0.485946  15165.9  1.87775  -0.290813  1
828  0  -1.19449  1.29822  14999.3  1.97595  -0.27862  1
829  0  0.881884  -0.128253  14601.9  1.96696  0.0997707  1
830  0  1.03625  -0.00491885  14906.4  0.938207  -0.116911  1
831  0  -1.69902  0.176938  14954.4  1.97955  -0.288676  1
832  0  0.674662  -0.139134  14293.3  2.16587  0.0819405  1
833  0  0.581348  -0.119407  14117.7  2.00524  0.070209  1
834  0  0.774375  0.0479479  14917.5  1.52983  -0.210015  1
835  0  -0.547767  0.175262  15055.9  1.91939  -0.364872  1
836  0  -0.0218597  -0.00960046  14081.4  1.59613  -1.63357  1
837  0  -0.641432  -1.14004  14827.4  2.01746  -0.316011  1
838  0  0.747709  -0.918218  14661.1  2.00888  -0.216505  1
839  0  -0.314459  0.803274  15064.7  1.93099  -0.283681  1
840  0  0.429391  -0.134752  13728.5  2.3522  -0.0338811  1
841  0  0.946791  -0.167244  14698.3  2.08796  0.0688177  1
842  0  0.756268  -0.0905735  14413.4  1.5171  0.0922808  1
843  0  -0.216463  -0.935262  14722  2.05098  -0.40066  1
844  0  0.65887  0.744925  14931  1.96035  -0.223161  1
845  0  0.844143  -0.0698119  14558.5  1.25838  0.0908567  1
846  0  0.908396  -0.0734993  14650.5  1.37477  0.109057  1
847  0  -0.34791  -0.0911688  14941.2  1.9517  -0.503558  1
848  0  1.18859  0.149039  14927.8  1.98305  -0.20837  1
849  0  0.320043  -0.194711  13741.5  2.53678  -0.243598  1
850  0  0.969471  -0.0195727  14760.9  0.375894  0.0441721  1
851  0  0.0996946  -0.278971  14098.3  2.32547  -0.517744  1
852  0  0.675497  -0.198657  14337.9  2.29863  0.0285418  1
853  0  0.0814758  -1.13064  14728  2.02824  -0.37713  1
854  0  0.494347  0.119937  14751.9  2.14657  -0.23212  1
855  0  0.454209  0.120666  14747.9  2.17618  -0.205068  1
856  0  -0.726719  -1.36182  14848.6  2.00746  -0.290018  1
857  0  0.447771  -0.386168  14251.6  2.25488  -0.18305  1
858  0  -0.0790221  1.74695  14978  1.99471  -0.269184  1
859  0  -1.78157  -1.40114  14877  1.98087  -0.283007  1
860  0  0.588203  -0.477203  14439.7  2.14948  -0.140905  1
861  0  0.0709881  0.0745779  15935.4  1.33972  0.321859  1
862  0  0.730918  0.0515104  14874.6  1.44479  -0.196063  1
863  0  1.0402  -0.472632  14687.8  1.98404  -0.0793506  1
864  0  0.327181  0.216279  14873.7  1.99865  -0.118957  1
865  0  0.089106  0.234767  15353.1  1.76158  -0.0913467  1
866  0  -0.978105  -1.77109  14895.9  1.9775  -0.263198  1
867  0  0.934455  -1.03962  14709.3  1.96504  -0.21793  1
868  0  -0.432184  -0.317385  14817.7  2.014  -0.441526  1
869  0  -0.206741  -0.201165  14708.1  2.04784  -0.603579  1
870  0  1.73123  -1.72463  14752  1.87729  -0.235548  1
871  0  0.442396  -0.0478715  13660.1  0.0731508  0.0477898  1
872  0  0.410102  -0.101378  13607.9  1.80855  -0.000540528  1
873  0  -0.302638  -0.516008  14702.1  2.05577  -0.452051  1
874  0  0.337583  0.175512  14811.7  2.04925  -0.113601  1
875  0  0.897736  0.479391  14894.5  1.96782  -0.226689  1
876  0  0.674833  0.468565  14912.9  1.97073  -0.218062  1
877  0  0.835878  -0.30755  14558.2  2.08542  -0.0109434  1
878  0  0.633812  1.16677  14926.9  1.96217  -0.241089  1
879  0  0.57991  0.135532  14817.9  2.09088  -0.252012  1
880  0  0.583081  0.388574  14909.2  1.98731  -0.211089  1
881  0  -1.36906  -0.677361  14891.3  1.9859  -0.294703  1
882  0  -1.73568  0.466747  14970.4  1.97936  -0.285814  1
883  0  -1.16075  1.05097  15001.5  1.97124  -0.282177  1
884  0  0.22165  0.308464  15075.4  1.92931  -0.131433  1
885  0  0.833905  0.305892  14891.1  1.98182  -0.231896  1
886  0  0.206744  -0.140491  13479.1  2.67734  -0.434009  1
887  0  -0.0731271  -0.0756564  14477.5  2.00398  -0.887932  1
888  0  0.756478  0.138274  14882.1  2.01235  -0.248029  1
889  0  1.26942  1.6927  14832.7  2.03652  -0.26427  1
890  0  0.803358  0.958981  14910.4  1.96419  -0.238619  1
891  0  1.02021  0.129364  14904  1.97194  -0.239235  1
892  0  -0.0431074  -0.0425708  14368.7  2.00934  -1.17173  1
893  0  0.00298204  -0.0454053  13036.2  2.55121  -1.44272  1
894  0  0.376001  -0.208861  13844.9  2.48454  -0.172428  1
895  0  0.731304  0.20548  14878.6  1.97239  -0.238279  1
896  0  0.94949  -0.0480508  14720.8  0.976397  0.0869644  1
897  0  0.217673  0.130357  14908  2.08473  0.0781489  1
898  0  0.441497  0.360321  14932.8  1.9907  -0.188612  1
899  0  0.271645  -0.453927  14296.3  2.23033  -0.309764  1
900  0  0.288721  -0.044129  13201.2  -0.0320403  -0.00560265  1
901  0  1.56587  -0.699822  14750.1  1.87787  -0.157904  1
902  0  1.81055  -0.630251  14750  1.84554  -0.160556  1
903  0  0.0344507  0.0948711  16046  1.35023  0.0229908  1
904  0  0.00553818  0.121941  15862.7  1.45781  -0.152041  1
905  0  0.0183909  0.169783  15632.5  1.58909  -0.132771  1
906  0  -0.0263129  0.207521  15518.8  1.65209  -0.237845  1
907  0  0.216843  -1.47809  14799  1.96393  -0.357957  1
908  0  0.22663  -0.27201  13960.5  2.39575  -0.373435  1
909  0  0.836874  0.175949  14887.9  1.96938  -0.240224  1
910  0  0.0160846  -0.407831  14382.9  2.18596  -0.490432  1
911  0  -0.0904001  0.122643  15603.4  1.57454  -0.413805  1
912  0  0.189872  0.715776  15040.9  1.93235  -0.238254  1
913  0  -1.42927  -0.206026  14927.7  1.98111  -0.300022  1
914  0  1.05611  -0.277431  14745.6  1.99611  -0.0104303  1
915  0  0.089203  -0.0777641  13200  2.57813  -0.762785  1
916  0  0.705041  0.298589  14890.4  1.99215  -0.228309  1
917  0  0.212341  -0.228369  13831.6  2.43178  -0.397255  1
918  0  0.189291  0.465623  15092.5  1.9123  -0.201734  1
919  0  0.00233082  -0.75997  14615.5  2.09164  -0.403138  1
920  0  0.152729  -0.0690483  12952.1  1.91502  -0.405971  1
921  0  0.70966  -0.682838  14582.5  2.0594  -0.173155  1
922  0  0.61602  -0.178995  14233.3  2.36968  0.0268879  1
923  0  0.513248  -0.254994  14145.1  2.31339  -0.0723098  1
924  0  0.557003  -0.243722  14192.2  2.29866  -0.0394862  1
925  0  0.884811  -0.0710087  14590.3  1.33059  0.106377  1
926  0  0.435127  0.186583  14801.4  2.02926  -0.17715  1
927  0  1.26263  0.0536576  14925.3  1.86266  -0.175867  1
928  0  -0.178248  -0.0666868  14929.2  1.88768  -0.683633  1
929  0  -0.0149663  0.338349  15313.5  1.79827  -0.225845  1
930  0  0.665448  -0.0842254  14272.7  1.48127  0.0752039  1
931  0  0.0969986  0.9359  15017.8  1.94182  -0.259021  1
932  0  0.714311  0.0842559  14889.1  2.04517  -0.269966  1
933  0  0.352117  -1.70426  14862.3  1.92099  -0.341358  1
934  0  1.78641  1.77679  14770.6  2.04384  -0.275934  1
935  0  -1.39005  0.872248  14992.5  1.97426  -0.286832  1
936  0  1.23922  -0.199614  14836.8  1.91376  -0.0139139  1
937  0  0.407204  0.131966  14731  2.18022  -0.175023  1
938  0  0.0781458  0.120252  15654.5  1.59545  0.136254  1
939  0  0.313303  0.156446  14778.3  2.11425  -0.0729053  1
940  0  0.190742  -0.504369  14373.4  2.19384  -0.362443  1
941  0  1.81966  1  14769.2  2.01178  -0.250565  1
942  0  0.370083  -0.142248  13627.4  2.56374  -0.132832  1
943  0  -0.730785  1.30532  15007.4  1.97451  -0.268407  1
944  0  1.60974  0.275847  14815.2  2.01538  -0.199267  1
945  0  1.42417  1.20596  14818.3  1.99588  -0.252516  1
946  0  0.557216  -0.331971  14291.1  2.23246  -0.0933574  1
947  0  1.12336  0.377088  14886.5  1.97211  -0.221285  1
948  0  1.79521  -1.43497  14744.8  1.87577  -0.223326  1
949  0  0.432628  -1.27636  14739.9  1.98074  -0.306231  1
950  0  0.00632146  0.0393056  16496  0.453843  -0.351597  1
951  0  0.393379  -0.162892  13765.4  2.56319  -0.116221  1
952  0  0.437134  -0.562181  14439.5  2.15465  -0.235097  1
953  0  0.272115  -0.368285  14165.3  2.29777  -0.31725  1
