289  525  995
316  462  1000
373  661  800
439  526  956
356  476  671
373  509  800
296  520  1032
346  394  1019
462  521  1000
382  594  1021
290  461  486
330  438  507
329  520  886
305  461  486
334  557  809
301  608  723
335  459  618
564  713  814
272  400  764
335  458  618
270  536  538
303  559  789
346  500  900
276  753  1009
343  511  577
289  525  824
325  498  602
300  787  959
312  531  795
483  510  913
319  551  588
346  500  907
288  558  607
402  579  947
19  20  457
357  490  761
472  685  942
297  494  649
304  484  584
297  649  929
419  515  879
417  607  887
277  525  887
334  557  862
525  587  995
359  487  746
327  610  908
296  497  1032
475  713  814
400  465  764
411  540  750
338  620  783
378  633  771
310  528  595
131  132  564
364  527  848
277  417  887
277  525  704
336  519  620
386  580  651
359  469  722
524  631  1040
376  525  824
371  622  909
382  594  919
343  511  765
305  486  514
371  478  909
459  614  663
443  603  859
122  123  545
404  580  651
401  588  761
354  605  802
389  653  669
396  686  704
364  527  914
350  504  544
282  444  719
491  653  669
364  579  791
323  631  1040
290  461  742
390  654  677
20  651  798
300  481  787
382  513  841
266  490  761
531  795  941
367  536  1004
399  614  663
291  500  907
359  460  746
291  492  511
359  469  821
356  671  676
26  621  890
395  426  630
443  603  939
304  649  799
379  443  859
495  654  677
410  483  510
285  527  848
477  559  789
381  570  972
382  478  832
271  473  580
278  724  944
333  542  547
357  490  867
38  469  1030
383  441  606
426  533  819
301  523  610
296  481  520
390  657  677
271  473  994
378  509  771
554  787  959
389  669  770
359  460  722
386  473  580
405  674  699
20  457  798
429  694  897
272  400  816
370  463  732
34  487  736
339  439  956
282  630  808
418  497  906
358  579  598
481  520  886
348  548  982
384  463  631
325  498  742
326  419  879
418  497  792
297  494  575
30  451  836
315  511  765
368  583  584
271  420  818
388  698  812
398  433  656
70  71  667
367  535  754
273  510  913
282  456  719
382  478  919
105  106  563
23  448  655
42  813  840
518  753  1009
296  497  906
388  645  698
366  686  704
366  522  640
31  446  836
404  557  809
436  546  751
420  505  629
331  500  804
363  603  939
431  612  894
271  420  629
86  87  700
359  487  736
288  471  558
425  478  909
359  736  984
573  691  921
425  729  833
25  26  621
286  674  738
283  454  608
319  588  845
308  521  1000
44  45  482
386  473  615
357  730  761
38  469  821
480  605  802
272  603  859
16  452  617
30  451  860
384  727  840
381  891  972
398  530  708
278  533  819
590  695  903
300  481  886
336  519  751
395  426  819
277  417  922
330  531  647
376  525  887
398  530  569
363  603  624
366  522  686
493  645  698
309  627  722
373  660  978
397  518  753
276  682  917
463  813  840
354  491  695
20  21  651
328  519  751
367  537  1004
371  430  560
295  523  908
278  724  952
523  610  908
346  577  1019
378  509  1042
492  511  766
362  616  634
31  446  991
276  599  682
401  730  761
270  536  693
392  453  703
318  584  823
396  472  587
398  433  708
342  430  517
363  506  624
375  455  772
513  841  945
304  583  584
266  588  940
291  500  586
294  547  726
302  579  791
465  630  764
448  540  750
507  633  844
364  579  598
41  727  840
273  687  896
355  495  691
19  457  825
414  621  890
79  80  567
395  603  624
301  628  723
312  561  795
302  579  947
359  589  984
396  525  587
315  561  766
0  539  717
285  689  785
333  542  690
277  555  680
362  514  616
90  91  560
267  524  572
308  521  739
393  544  709
275  581  794
367  536  538
358  579  635
293  550  855
284  801  839
346  394  479
376  558  607
348  548  748
403  522  870
378  507  633
323  631  732
374  551  940
71  593  667
305  514  718
303  558  559
395  603  764
374  675  734
368  567  696
449  676  969
354  695  903
344  557  862
366  639  640
394  479  883
399  567  910
291  492  893
440  623  869
365  555  680
287  500  804
306  535  754
357  565  730
304  484  799
325  742  853
291  511  577
289  477  559
353  445  601
368  567  910
392  453  720
277  555  704
268  685  942
382  513  1021
383  441  755
283  656  775
419  515  777
295  503  908
355  691  921
410  609  747
321  657  792
91  92  594
328  519  723
330  531  644
287  500  586
385  583  692
363  506  679
330  438  605
23  448  882
316  462  985
377  688  877
119  120  574
422  718  842
410  483  775
117  118  573
92  93  568
424  616  873
351  625  853
326  419  690
16  452  902
337  626  678
266  588  761
357  794  867
438  507  793
300  612  886
317  473  615
379  443  741
415  664  756
471  558  826
108  109  578
270  697  854
494  649  799
359  589  821
345  540  817
327  694  897
339  439  892
354  491  669
358  729  833
400  465  996
322  669  770
477  662  1028
86  613  700
369  593  892
432  673  894
362  718  842
374  529  940
34  35  736
300  612  958
355  495  677
512  664  756
38  39  1030
412  550  855
391  674  699
312  531  647
305  461  625
0  539  883
42  43  813
367  535  796
325  698  812
364  598  914
366  555  704
458  613  877
356  476  611
413  608  723
391  549  699
330  507  915
303  558  826
424  527  888
450  561  766
125  126  592
304  583  692
323  490  867
445  537  601
380  486  514
0  46  668
311  387  838
365  680  1036
447  795  941
450  561  795
350  544  709
581  794  933
71  72  593
424  616  634
329  520  673
317  473  741
377  613  877
353  445  1031
411  540  964
339  692  929
395  630  764
294  726  878
315  511  766
406  510  747
620  707  783
542  936  1023
370  463  813
396  525  704
351  493  698
365  555  639
420  505  687
59  60  590
321  657  677
509  660  1042
526  641  865
336  546  751
298  604  609
102  103  596
401  518  588
375  474  772
357  565  794
314  1017  1024
317  615  750
329  612  894
345  621  817
373  509  660
384  463  840
349  565  721
453  481  787
369  593  667
389  653  705
294  542  547
13  548  982
465  630  808
335  459  663
518  588  845
391  549  682
355  694  758
289  477  662
408  652  717
385  526  641
282  444  803
393  534  689
44  482  856
344  505  629
136  137  652
267  524  749
469  627  722
415  756  765
299  602  986
387  408  652
419  710  777
368  508  696
390  654  706
347  530  569
383  755  1036
466  697  854
439  593  892
293  480  644
0  137  717
352  625  811
461  742  853
439  526  805
122  545  670
283  454  835
295  743  918
497  657  792
362  514  718
362  600  842
534  689  785
551  588  940
309  722  891
403  556  752
351  485  636
480  605  644
45  482  927
420  687  1020
123  545  672
398  656  913
389  638  705
403  760  870
344  557  629
343  577  1019
462  521  852
399  663  910
390  643  706
269  676  969
375  455  681
270  538  697
55  56  633
351  493  636
267  639  640
81  82  614
366  555  639
430  517  780
75  76  641
37  589  821
12  13  548
284  609  747
298  609  707
416  566  965
350  709  979
499  720  943
285  671  848
311  387  782
333  547  770
388  646  701
83  84  618
85  86  613
295  523  963
11  675  734
421  721  977
347  597  650
425  478  832
22  23  655
375  681  916
561  660  978
337  678  739
281  499  866
355  677  758
30  31  836
484  584  823
406  801  864
313  622  909
314  873  1017
302  611  685
267  572  1041
298  519  620
504  544  1024
282  456  703
360  532  738
373  512  756
291  586  893
337  488  626
358  585  833
446  626  678
371  478  560
39  899  1030
338  564  814
272  603  764
483  656  913
336  475  546
541  715  782
377  613  700
409  595  847
369  515  667
278  624  952
403  556  1041
293  550  728
460  722  891
307  591  930
414  535  784
368  584  910
403  522  640
463  631  732
275  565  721
34  487  827
309  627  752
331  500  900
427  794  867
414  535  955
288  471  823
524  572  631
374  551  733
388  645  701
308  570  1000
131  564  713
413  604  1022
340  623  959
345  540  964
288  484  823
340  623  869
314  616  873
387  778  838
295  503  619
403  752  760
310  528  895
532  674  738
356  676  931
268  686  1008
137  652  717
274  591  829
417  606  922
373  512  661
448  615  750
278  533  944
349  565  730
391  532  674
41  42  840
393  709  980
505  687  896
339  582  892
266  490  876
444  737  803
313  635  729
420  650  1020
456  554  787
436  751  938
301  523  912
368  508  583
356  611  822
106  563  683
379  597  650
313  635  662
408  539  595
297  543  740
105  563  684
292  585  598
342  622  789
294  542  936
380  486  990
40  41  727
39  40  899
380  533  990
436  546  901
344  576  864
290  498  742
132  564  714
476  611  791
37  38  821
461  625  853
40  727  899
90  560  788
306  601  744
348  434  470
436  786  901
319  551  733
345  535  796
467  829  902
371  622  1010
302  685  947
498  602  986
302  611  791
392  720  943
335  458  877
492  766  1003
274  829  864
323  490  732
64  65  638
327  694  908
312  561  660
504  724  952
96  97  645
571  688  877
322  547  770
329  673  894
66  67  637
413  604  928
377  517  700
341  768  868
94  95  636
416  566  1026
424  527  785
287  586  767
275  581  755
112  113  643
423  715  782
456  703  787
110  111  642
370  529  960
350  693  979
283  775  928
352  485  568
98  99  646
347  597  816
100  101  648
322  547  726
391  682  917
407  627  752
43  813  856
411  538  697
415  664  731
271  580  1033
374  733  734
292  585  1025
292  600  1025
31  32  991
62  63  653
382  832  841
381  570  846
273  569  687
349  599  682
114  115  654
360  586  767
319  733  748
275  721  977
453  703  787
406  505  896
274  801  864
288  607  702
27  552  890
522  686  1008
325  602  812
336  620  814
548  733  734
393  689  954
437  494  799
581  755  1036
298  604  1022
272  597  816
284  747  801
402  587  947
340  959  998
2  19  825
375  880  916
420  650  818
330  605  644
445  537  911
342  430  1010
562  801  839
293  531  644
379  597  859
398  569  913
43  44  856
318  823  831
280  575  681
390  657  830
361  610  961
540  817  882
468  860  935
604  775  928
281  708  974
430  560  788
2  18  825
474  781  1001
280  606  725
530  708  974
16  17  617
299  602  1035
48  49  666
350  504  1027
280  575  924
279  781  1001
79  567  696
410  510  747
52  53  661
358  635  729
467  591  930
452  829  902
321  619  758
275  565  794
337  521  739
477  622  789
401  518  1009
402  635  662
433  553  946
80  567  716
337  488  852
448  615  655
415  666  731
281  866  946
649  692  929
402  579  635
292  600  634
29  860  935
375  474  1001
396  472  942
402  587  995
553  743  918
412  550  781
506  679  1027
50  51  664
117  573  691
467  591  829
445  759  1031
285  527  785
306  601  754
472  685  947
120  574  762
335  877  975
119  574  763
118  573  763
475  546  884
418  866  918
293  480  855
280  606  916
370  732  960
341  665  868
10  11  675
438  793  807
332  657  830
387  408  778
306  535  784
426  533  737
296  481  1011
271  629  1033
528  595  847
121  122  670
328  628  723
91  560  919
352  513  568
390  643  830
12  548  734
389  638  850
93  568  968
344  505  988
319  748  1006
123  124  672
503  694  758
419  637  710
483  656  775
455  575  681
109  578  773
108  578  774
345  621  955
361  628  987
388  646  828
411  538  964
406  747  801
503  619  758
352  625  981
392  703  808
383  606  922
433  708  946
430  780  788
439  797  805
349  599  730
315  756  765
106  107  683
434  470  976
104  105  684
468  784  863
134  135  715
412  726  878
400  658  996
92  568  1021
416  611  822
464  678  739
282  630  803
60  590  695
378  507  915
401  599  1009
422  841  945
413  519  723
356  931  985
363  679  854
308  739  904
297  575  926
130  131  713
350  679  693
464  827  885
367  537  754
544  1017  1024
318  584  910
358  585  598
28  552  935
344  576  862
59  590  807
406  510  896
418  619  792
286  738  1003
125  592  779
450  766  1003
365  639  749
337  521  852
374  675  1034
116  117  691
381  566  846
556  572  1041
306  784  863
334  617  949
279  699  983
380  724  944
494  575  924
285  671  689
470  748  1006
278  624  819
360  738  893
328  751  938
78  79  696
331  409  900
492  738  1003
72  593  797
126  592  786
309  752  760
276  599  1009
315  561  978
401  599  730
338  620  814
17  18  711
447  728  834
379  650  818
60  61  695
103  596  810
452  617  949
350  679  1027
349  549  682
428  670  762
334  617  1013
102  596  815
376  558  559
371  430  1010
369  515  879
476  671  848
407  556  752
503  694  908
296  720  906
318  663  831
431  612  905
360  532  837
26  27  890
301  608  912
333  489  850
326  690  1023
132  133  714
484  799  937
367  538  796
344  864  988
403  640  1041
386  615  655
361  874  961
543  936  1023
279  781  920
272  597  859
333  489  849
394  668  883
318  663  910
0  668  883
351  625  981
372  612  958
397  518  845
529  876  960
55  633  771
290  486  990
307  528  591
417  606  725
327  610  961
576  829  864
405  550  728
454  743  835
290  498  948
353  626  776
63  64  705
113  114  706
28  552  1002
29  30  860
327  897  961
97  98  701
76  77  712
67  68  710
283  656  835
56  633  844
431  683  774
362  600  634
434  745  1018
393  544  1017
387  541  652
508  583  957
426  737  803
27  552  1002
80  81  716
354  669  802
120  121  762
332  496  830
118  119  763
353  601  744
361  610  992
24  817  882
348  632  1018
332  496  790
345  535  955
76  641  712
321  677  758
89  90  788
332  673  1032
404  580  1033
482  675  1034
380  724  872
370  529  967
391  532  917
449  671  676
428  897  961
297  543  926
304  649  692
553  866  918
437  494  924
400  658  974
537  601  754
365  749  933
395  624  819
81  614  716
361  889  987
314  724  872
109  110  773
407  727  899
107  108  774
609  707  769
313  662  1028
281  499  943
384  572  631
404  557  1033
75  641  865
523  912  963
290  737  990
70  667  857
348  434  1018
124  125  779
380  533  944
305  625  811
482  675  927
440  623  898
453  481  1011
347  650  1020
438  605  903
374  529  1034
88  89  780
82  614  871
273  569  913
402  662  995
54  55  771
502  911  980
342  622  1010
435  672  779
126  127  786
299  998  1007
49  50  731
91  594  919
361  628  992
412  726  962
426  630  803
306  744  863
473  741  994
427  794  933
321  619  792
412  855  962
64  638  705
274  562  591
351  698  853
335  663  831
340  868  998
83  618  871
448  540  882
400  974  997
341  501  768
421  953  983
85  613  875
84  618  875
446  626  776
410  604  609
341  501  828
113  643  706
378  647  915
419  690  849
17  617  711
68  69  777
641  712  957
416  611  685
424  785  873
46  47  735
506  624  952
370  813  856
67  637  710
424  634  888
433  553  743
297  582  740
15  16  902
375  659  1001
422  718  811
414  621  955
562  591  895
72  73  797
331  745  804
339  582  929
97  645  701
110  642  773
63  653  705
428  670  874
288  484  937
98  646  701
114  654  706
11  12  734
421  659  983
1  45  927
1  10  927
277  680  922
333  690  849
421  659  880
269  759  925
24  25  817
433  656  835
542  690  1023
372  612  905
455  543  936
289  559  824
421  880  977
549  699  983
404  651  798
320  832  841
92  594  1021
57  58  793
268  685  965
87  700  851
385  526  956
449  689  954
58  59  807
103  104  810
101  648  815
389  770  850
101  102  815
53  54  800
419  637  849
432  642  773
488  626  1031
385  692  956
308  746  904
440  684  810
307  745  1018
528  591  895
571  877  975
477  622  1028
333  770  850
342  517  1012
282  703  808
94  636  968
269  676  931
65  638  951
324  911  980
37  589  1016
299  665  998
25  621  817
326  879  950
405  728  834
298  620  707
399  614  716
294  772  878
66  637  951
73  74  805
112  643  966
111  642  966
311  707  769
317  750  820
517  700  851
550  781  920
121  670  762
274  562  801
95  636  973
441  606  916
364  791  848
96  645  973
418  619  918
336  475  814
273  510  896
99  646  971
360  753  767
281  658  943
352  485  981
557  629  1033
100  648  971
62  653  989
514  616  872
365  581  1036
415  666  923
115  654  993
498  948  986
299  986  1007
328  628  987
408  595  778
432  673  790
317  820  843
431  683  905
33  827  885
14  15  858
53  661  800
298  519  1022
286  674  834
455  543  926
386  651  881
406  505  988
283  608  928
13  14  982
303  571  688
417  607  702
437  702  725
378  647  1042
28  29  935
435  672  889
293  531  941
326  740  950
407  556  861
331  409  847
310  839  895
107  683  774
435  938  987
347  530  997
124  672  779
380  514  872
56  57  844
343  516  1005
372  623  898
351  485  981
268  965  1008
23  24  882
379  741  994
33  34  827
49  666  731
447  834  932
377  517  1012
437  725  924
354  605  903
46  668  735
50  664  731
133  134  757
375  659  880
328  938  987
548  733  748
347  569  1020
385  583  957
769  838  839
466  820  843
665  868  998
331  745  847
21  22  881
316  846  1000
460  891  972
82  83  871
267  639  749
291  577  907
468  784  1029
279  983  1001
104  684  810
84  85  875
74  75  865
376  607  887
52  661  1037
360  753  837
326  740  1023
432  642  790
415  765  923
429  694  921
464  827  904
361  545  874
381  760  870
332  657  1032
342  688  789
455  575  926
271  818  994
353  744  776
32  33  885
373  756  978
393  534  1017
407  627  899
270  679  693
314  616  872
433  743  835
442  648  815
407  727  861
360  586  893
472  587  947
554  998  1007
89  780  788
51  664  1037
385  641  957
437  799  937
440  684  898
330  647  915
297  582  929
303  688  789
361  545  889
485  568  968
348  470  748
383  680  922
412  781  878
332  673  790
68  710  777
668  735  1005
452  576  829
69  70  857
537  911  1004
48  666  999
409  539  595
316  822  985
396  686  942
425  729  909
320  842  1025
428  574  762
399  567  716
442  648  768
128  129  884
429  574  763
429  573  763
475  884  934
87  88  851
457  711  825
617  711  1013
405  699  920
384  727  861
343  516  923
408  539  717
405  550  920
308  570  972
520  673  1032
471  823  831
487  827  904
127  128  901
18  711  825
466  697  820
116  691  993
369  892  950
349  549  953
456  554  1007
566  965  1008
417  702  725
308  746  972
54  771  800
61  695  989
352  513  945
343  765  923
538  796  964
324  911  1004
341  812  1035
515  667  857
386  655  881
462  852  925
405  674  834
545  670  874
58  793  807
454  912  963
499  720  906
566  846  1026
432  578  773
431  578  774
563  684  898
388  812  828
423  714  757
454  608  912
339  692  956
497  657  1032
324  709  980
392  943  996
381  566  870
348  632  982
438  590  807
341  665  1035
372  563  898
563  683  905
444  948  986
3  27  1002
3  28  1002
404  798  809
464  739  904
78  696  1015
549  953  983
35  36  984
502  911  970
57  793  844
372  563  905
73  797  805
303  571  826
545  672  889
329  612  886
441  880  977
556  572  861
451  860  863
281  658  974
414  890  1029
341  812  828
467  858  902
129  130  934
4  36  1016
4  37  1016
355  694  921
290  737  948
409  479  539
452  576  949
423  783  1038
353  626  1031
69  777  857
413  519  1022
77  712  1015
130  713  934
442  868  869
440  596  810
88  780  851
65  66  951
443  843  939
305  718  811
659  983  1001
449  671  689
451  744  863
442  596  815
460  746  972
435  592  779
443  741  843
589  984  1016
320  832  833
530  974  997
749  933  1039
365  581  933
286  834  932
74  805  865
111  112  966
372  623  958
487  746  904
93  94  968
127  786  901
292  634  888
501  648  768
439  593  797
288  702  937
397  753  767
377  688  1012
99  100  971
301  610  992
468  860  863
309  760  891
276  753  837
95  96  973
280  725  924
411  750  820
492  738  893
270  679  854
491  695  989
464  678  885
292  598  914
457  711  1013
61  62  989
436  592  786
496  642  790
534  785  873
281  708  946
275  755  977
115  116  993
533  737  990
21  651  881
413  608  928
451  744  776
296  720  1011
320  833  1025
267  640  1041
480  855  962
418  866  906
381  760  891
421  721  953
495  691  993
134  715  757
719  986  1007
47  48  999
437  702  937
136  652  1014
438  590  903
570  846  1000
279  699  920
301  628  992
627  899  1030
552  890  1029
383  680  1036
36  984  1016
410  604  775
77  78  1015
322  726  962
569  687  1020
496  643  830
429  573  921
269  759  970
338  783  1038
312  647  1042
14  632  982
299  665  1035
488  852  925
51  52  1037
133  714  757
284  769  839
428  574  897
501  646  828
423  715  757
284  609  769
429  574  897
47  735  999
135  136  1014
293  728  941
476  791  848
480  802  962
14  632  858
457  798  809
320  841  842
513  568  1021
384  572  861
491  653  989
135  715  1014
496  643  966
489  638  951
496  642  966
489  638  850
311  707  783
444  737  948
489  637  951
495  654  993
294  772  936
490  732  960
485  636  968
582  740  950
488  759  925
268  686  942
376  559  824
474  772  878
22  655  881
489  637  849
432  578  894
431  578  894
322  669  802
440  596  869
501  646  971
501  648  971
445  911  970
319  845  1006
10  675  927
442  596  869
128  884  901
441  755  977
307  528  745
479  539  883
311  769  838
459  614  871
576  862  949
363  854  939
466  843  939
312  660  1042
313  729  909
295  619  918
478  560  919
468  935  1029
508  712  1015
469  627  1030
459  618  871
562  839  895
458  618  875
295  743  963
322  802  962
493  636  973
658  943  996
129  884  934
536  693  979
493  645  973
307  930  1018
458  613  875
423  782  783
516  735  999
406  864  988
512  661  1037
400  816  997
411  697  820
474  781  878
508  696  1015
456  719  1007
582  892  950
451  776  836
280  681  916
444  719  986
370  856  967
346  479  900
453  720  1011
447  728  941
394  668  1005
352  811  945
543  740  1023
471  826  975
512  664  1037
508  712  957
602  812  1035
600  842  1025
397  767  806
554  959  998
442  768  868
446  776  836
414  784  1029
349  721  953
425  832  833
342  688  1012
552  935  1029
340  868  869
287  767  806
356  822  985
435  592  938
450  795  932
422  841  842
387  541  782
325  698  853
289  662  995
436  592  938
446  678  991
276  837  917
346  577  907
515  777  857
455  772  936
454  743  963
516  666  999
457  809  1013
532  837  917
571  826  975
509  771  800
475  713  934
423  714  1038
450  932  1003
507  793  844
471  831  975
314  724  1024
441  880  916
517  780  851
447  795  932
499  866  906
467  858  930
269  925  931
409  479  900
445  759  970
292  888  914
369  879  950
334  809  1013
266  876  940
35  736  984
269  969  970
528  745  847
310  838  839
317  741  843
516  735  1005
516  666  923
490  876  960
428  874  961
347  816  997
379  818  994
553  866  946
15  858  902
335  831  975
416  685  965
526  805  865
482  856  967
392  808  996
313  622  1028
422  811  945
343  1005  1019
316  846  1026
566  870  1008
324  709  979
632  858  930
623  958  959
397  845  1006
416  822  1026
449  954  969
315  756  978
488  759  1031
522  870  1008
287  804  976
435  889  987
345  796  964
466  854  939
465  808  996
585  833  1025
334  862  949
393  954  980
338  564  1038
678  885  991
504  724  1024
427  867  1040
527  888  914
434  745  804
434  804  976
546  884  901
524  749  1039
462  925  931
286  932  1003
632  930  1018
462  931  985
311  782  783
310  778  838
502  969  970
536  979  1004
534  873  1017
504  952  1027
300  958  959
32  885  991
524  1039  1040
529  967  1034
397  806  1006
287  806  976
316  822  1026
482  967  1034
541  652  1014
564  714  1038
324  979  1004
529  876  940
541  715  1014
506  952  1027
323  867  1040
502  954  969
427  933  1039
310  595  778
470  806  976
502  954  980
427  1039  1040
470  806  1006
394  1005  1019
