0  2  1  0  16809.2  2.96752e-16  2.20329e-18  1
1  1  2  2  16691.9  1.97333  0.0575778  1
2  1  2  -2  16705.7  2.03089  0.122078  1
3  3  -2  -2  16775.5  1.99599  0.126569  1
4  3  -2  2  16574.2  1.99741  0.12585  1
10  1  2  1.6  16695.1  1.96192  0.0473274  1
11  1  2  1.2  16695.1  1.94799  0.0275575  1
12  1  2  0.8  16695.1  1.92767  -0.0052578  1
13  1  2  0.4  16695.1  1.91465  -0.0431369  1
14  1  2  5.50449e-12  16695.1  1.9934  -0.0439929  1
15  1  2  -0.4  16695.1  2.07252  0.00184694  1
16  1  2  -0.8  16695.1  2.06687  0.0491036  1
17  1  2  -1.2  16695.1  2.05618  0.0792034  1
18  1  2  -1.6  16695.1  2.05943  0.105019  1
19  0  1.6  -2  16728.5  1.99599  0.126569  1
20  0  1.2  -2  16756.3  1.99599  0.126569  1
21  0  0.8  -2  16776.9  1.99599  0.126569  1
22  0  0.4  -2  16785  1.99599  0.126569  1
23  0  5.50449e-12  -2  16789.3  1.99599  0.126569  1
24  0  -0.4  -2  16796.2  1.99599  0.126569  1
25  0  -0.8  -2  16797.2  1.99599  0.126569  1
26  0  -1.2  -2  16786.7  1.99599  0.126569  1
27  0  -1.6  -2  16778.8  1.99599  0.126569  1
28  3  -2  -1.6  16771.5  1.99599  0.126569  1
29  3  -2  -1.2  16763  1.99599  0.126569  1
30  3  -2  -0.8  16746.9  1.99599  0.126569  1
31  3  -2  -0.4  16723.6  1.99599  0.126569  1
32  3  -2  -5.50449e-12  16693.5  1.99599  0.126569  1
33  3  -2  0.4  16659.6  1.99599  0.126569  1
34  3  -2  0.8  16626.5  1.99599  0.126569  1
35  3  -2  1.2  16597.8  1.99599  0.126569  1
36  3  -2  1.6  16581  1.99599  0.126569  1
37  0  -1.6  2  16561.5  2.00324  0.12672  1
38  0  -1.2  2  16542.1  2.01086  0.131125  1
39  0  -0.8  2  16522.1  2.01874  0.142441  1
40  0  -0.4  2  16495.4  2.02666  0.15742  1
41  0  -5.50449e-12  2  16488  2.0326  0.142758  1
42  0  0.4  2  16514.7  2.0309  0.108648  1
43  0  0.8  2  16558.3  2.01926  0.0879781  1
44  0  1.2  2  16614.9  1.99891  0.0736212  1
45  0  1.6  2  16667.3  1.98118  0.0631263  1
46  2  0.979216  0.00669525  16649.8  0  0  1
47  2  0.958441  0.0134527  16585.3  0  0  1
48  2  0.937518  0.0197397  16529.9  2.39901e-16  -4.75101e-17  1
49  2  0.916508  0.0257264  16502.9  2.39901e-16  -4.75101e-17  1
50  2  0.895452  0.0315533  16476.1  0  0  1
51  2  0.874372  0.0372928  16435.5  -2.65484e-16  5.13659e-17  1
52  2  0.853269  0.0429428  16371.1  -4.00702e-17  7.94278e-18  1
53  2  0.832143  0.048512  16351.7  -3.13754e-16  6.12521e-17  1
54  2  0.810997  0.0540002  16265.1  -1.55159e-16  3.55061e-17  1
55  2  0.789831  0.0594104  16197.5  0  0  1
56  2  0.768637  0.0647129  16157.8  -3.13271e-16  5.56177e-17  1
57  2  0.747417  0.0699096  16034.4  -3.41039e-16  7.03453e-17  1
58  2  0.726161  0.0749557  15977.6  2.46519e-32  0  1
59  2  0.704872  0.0798632  15917.1  0  0  1
60  2  0.683549  0.0846181  15833.9  0  0  1
61  2  0.662192  0.0892188  15732.7  -2.4008e-17  6.15031e-18  1
62  2  0.640769  0.0935008  15635.8  4.56145e-16  -6.40132e-17  1
63  2  0.619286  0.0974746  15563.4  0  0  1
64  2  0.597741  0.10109  15485.5  0  0  1
65  2  0.576138  0.104341  15405.5  0  0  1
66  2  0.554481  0.10722  15324.4  0  0  1
67  2  0.532778  0.109721  15285.3  0  0  1
68  2  0.511034  0.111838  15189.6  0  0  1
69  2  0.489256  0.113559  15156.4  0  0  1
70  2  0.467449  0.114889  15097.9  2.51856e-16  -7.05692e-18  1
71  2  0.445623  0.115822  15040.9  0  -3.85186e-34  1
72  2  0.423782  0.116361  15043  1.86887e-16  -1.28384e-18  1
73  2  0.401936  0.116516  15036.7  5.53256e-16  1.27986e-17  1
74  2  0.380091  0.116278  15010.9  -1.95941e-16  -6.14415e-18  1
75  2  0.358253  0.115653  14967.2  -5.61734e-16  -3.33237e-17  1
76  2  0.33643  0.114629  15003.8  2.80867e-16  1.66618e-17  1
77  2  0.314629  0.113217  14982.2  2.64593e-16  1.96596e-17  1
78  2  0.292859  0.111396  14970.8  0  0  1
79  2  0.271128  0.109147  14966.4  0  0  1
80  2  0.249449  0.106446  14940  2.82664e-16  4.29605e-17  1
81  2  0.227833  0.103284  14966.9  3.8476e-16  5.77201e-17  1
82  2  0.206295  0.0996246  14950.7  -5.6315e-16  -1.12189e-16  1
83  2  0.184855  0.0954284  14965.3  8.76387e-16  1.97769e-16  1
84  2  0.163538  0.0906485  15071.4  -9.75046e-17  -2.36556e-17  1
85  2  0.142378  0.0852172  15109.7  5.32418e-16  1.51953e-16  1
86  2  0.121415  0.0790693  15143.3  -7.16899e-16  -2.08282e-16  1
87  2  0.100712  0.0720986  15211.8  9.86076e-32  4.93038e-32  1
88  2  0.0803594  0.0641637  15283.5  0  0  1
89  2  0.0604959  0.0550775  15539.6  -4.83536e-16  -2.00744e-16  1
90  2  0.0413547  0.0445602  15821.2  -1.98755e-16  -4.91318e-17  1
91  2  0.0234022  0.0321361  16293.8  4.03726e-16  2.23594e-16  1
92  2  0.00778269  0.0169302  17421.9  0  0  1
93  2  0.000641266  -0.00276675  17902.7  0  0  1
94  2  0.0199949  -0.0122198  17226.3  3.41919e-16  -6.75045e-17  1
95  2  0.0413081  -0.0169587  16793  -8.64366e-17  5.50603e-18  1
96  2  0.0629337  -0.0200448  16763.5  4.04569e-16  -5.50848e-17  1
97  2  0.0846633  -0.0222997  16742.3  -5.2895e-17  3.8402e-18  1
98  2  0.106442  -0.0240261  16712.5  1.0579e-16  -7.6804e-18  1
99  2  0.128244  -0.0254132  16739.2  4.29421e-16  -2.89543e-17  1
100  2  0.150062  -0.0265493  16753.3  -3.01562e-16  1.3136e-17  1
101  2  0.171888  -0.0274922  16732.3  -5.53637e-16  3.14068e-17  1
102  2  0.193721  -0.0282815  16734.2  1.32985e-16  -7.47188e-18  1
103  2  0.215558  -0.0289387  16752  0  0  1
104  2  0.237398  -0.0294859  16706.3  2.99201e-16  -1.30303e-17  1
105  2  0.259241  -0.0299329  16644  5.38073e-16  4.29431e-17  1
106  2  0.281085  -0.0302966  16458.2  1.60769e-16  -1.3166e-18  1
107  2  0.30293  -0.0305857  16544.3  2.03422e-16  -6.40087e-18  1
108  2  0.324776  -0.0308029  16772.2  0  0  1
109  2  0.346622  -0.0309519  16697.9  3.49357e-16  -5.17952e-18  1
110  2  0.368469  -0.0310348  16634  0  0  1
111  2  0.390316  -0.0310513  16656.3  -5.49768e-16  2.13594e-18  1
112  2  0.412163  -0.0310042  16681.1  -4.09085e-16  3.46091e-19  1
113  2  0.43401  -0.0308875  16646  0  0  1
114  2  0.455856  -0.0307026  16650  -4.04157e-16  -1.99163e-18  1
115  2  0.477701  -0.0304449  16641.7  6.66132e-16  3.27345e-18  1
116  2  0.499546  -0.0301092  16633.4  -4.04936e-16  -5.76671e-18  1
117  2  0.521389  -0.0296956  16629.5  0  0  1
118  2  0.54323  -0.0291827  16622.8  0  0  1
119  2  0.565068  -0.0285736  16608.1  0  0  1
120  2  0.586903  -0.027845  16599.5  1.53725e-16  4.19289e-18  1
121  2  0.608734  -0.0269971  16590.2  2.97289e-16  1.40706e-17  1
122  2  0.630558  -0.0259944  16608.1  -1.21903e-16  -5.86524e-18  1
123  2  0.652369  -0.0247469  16635  5.05126e-16  2.62224e-17  1
124  2  0.674165  -0.0232546  16614.6  5.66398e-16  3.10551e-17  1
125  2  0.695927  -0.021336  16638.5  1.8022e-16  1.54835e-17  1
126  2  0.717641  -0.0189345  16704.3  2.85648e-16  1.95917e-17  1
127  2  0.739317  -0.0162095  16744  -3.86999e-16  -3.15882e-17  1
128  2  0.760943  -0.013112  16814.9  0  -3.08149e-33  1
129  2  0.782563  -0.00996748  16884.3  0  0  1
130  2  0.804195  -0.0069126  16938.8  1.41954e-16  1.00869e-17  1
131  2  0.825851  -0.00403383  16986.3  -4.93983e-16  -4.30516e-17  1
132  2  0.847547  -0.00146603  17029.6  -2.92631e-16  -1.98284e-17  1
133  2  0.86928  0.000762075  17079.2  2.89349e-16  1.44701e-17  1
134  2  0.891052  0.00255651  17073.8  -4.74627e-16  -2.18181e-17  1
135  2  0.912862  0.00382795  17068.6  -2.61271e-16  -7.9639e-18  1
136  2  0.9347  0.00442028  17067.4  0  0  1
137  2  0.956543  0.00415034  17049.1  0  0  1
138  2  0.978344  0.00279429  17008.3  0  0  1
268  0  0.933682  -0.898116  16783.6  1.98643  0.0521427  1
269  0  0.940737  -0.390938  16821.3  1.97035  0.0312683  1
270  0  0.371981  -0.621567  16805.7  1.96477  0.0397631  1
271  0  -0.309362  -0.618684  16828  1.97068  0.184852  1
272  0  -0.787201  0.849158  16577.8  2.02103  0.191481  1
273  0  0.127618  1.04375  16429.4  2.10889  0.146055  1
274  0  1.0584  0.929434  16519.2  2.04822  -0.00737179  1
275  0  -0.241423  0.581883  16480.9  2.07976  0.294193  1
276  0  -0.824245  -0.00186101  16727.3  1.98  0.203353  1
277  0  0.22651  0.582077  16213.4  2.19774  0.143699  1
278  0  0.722294  0.569249  16301.2  2.15465  -0.0584042  1
279  0  0.631741  -0.344563  16783.8  1.98472  0.0547255  1
280  0  0.360836  -0.305483  16777.8  1.98536  0.0137445  1
281  0  -0.00579165  -0.395833  16878  1.93013  0.0749998  1
282  0  1.14604  0.41564  16575.5  2.01486  -0.117874  1
283  0  0.024295  0.368758  16239.4  2.1712  0.337369  1
284  0  0.472975  0.407631  15989.6  2.30063  -0.00694891  1
285  0  -0.149276  0.199443  16632.6  1.98472  0.414453  1
286  0  0.696822  0.333374  16113.4  2.24724  -0.152473  1
287  0  0.944583  0.261198  16472.8  2.07096  -0.224789  1
288  0  0.235786  0.320065  15856.1  2.34353  0.226634  1
289  0  0.17113  -0.213304  16835.6  1.95507  -0.0223174  1
290  0  0.796708  -0.217921  16826.4  1.96593  0.0676335  1
291  0  0.961165  -0.16927  16891  1.93322  0.030464  1
292  0  -0.0756541  -0.189905  17009.8  1.85367  0.0971988  1
293  0  0.650314  -0.180118  16748.5  2.00089  0.0759299  1
294  0  0.491069  -0.189399  16725.8  2.0104  0.0361415  1
295  0  0.349513  -0.162113  16734.3  2.00113  -0.00655944  1
296  0  0.0580527  -0.160923  16947  1.89563  -0.0222266  1
297  0  -0.225993  -0.0120235  16940.2  1.85851  0.29985  1
298  0  0.11552  0.23379  15925.6  2.28187  0.430177  1
299  0  0.375738  0.269044  15647.1  2.42776  0.0767267  1
300  0  0.511479  0.262308  15720.9  2.40068  -0.0867023  1
301  0  0.633493  0.220275  15859.2  2.35241  -0.215172  1
302  0  0.0226206  0.166224  16203.3  2.12299  0.581858  1
303  0  0.869863  -0.112029  16922.6  1.96247  0.0745663  1
304  0  0.73759  0.196133  16077.6  2.28959  -0.286888  1
305  0  1.51339  -0.173704  16780  1.97703  -0.0342598  1
306  0  0.744856  -0.12405  16799.3  2.00371  0.106797  1
307  0  0.852281  0.160377  16335.9  2.22249  -0.324392  1
308  0  1.02935  0.165187  16645.4  2.05745  -0.255861  1
309  0  -1.14954  -0.792238  16767.5  1.98539  0.14478  1
310  0  0.213981  0.221056  15608.2  2.41599  0.324646  1
311  0  -0.0544171  0.0976351  16785.9  1.84343  0.582006  1
312  0  0.0738613  -1.20957  16799  1.94393  0.0677883  1
313  0  0.246054  -0.140393  16760.5  1.99255  -0.0374663  1
314  0  0.153455  -0.121024  16828.2  1.95593  -0.0644085  1
315  0  -0.41254  -0.285103  16845.2  1.9355  0.228541  1
316  0  -0.611482  -1.26069  16797.6  1.97463  0.179348  1
317  0  0.0525677  -0.739884  16822.1  1.95772  0.0627685  1
318  0  0.552967  -0.12553  16690.5  2.04305  0.0521498  1
319  0  0.942323  -0.0785975  16966.1  1.96664  0.0303751  1
320  0  1.04996  -0.108483  16906.4  1.98609  -0.0116282  1
321  0  1.18052  0.0373206  16857.1  1.65838  -0.126899  1
322  0  1.15224  -0.263045  16831.5  1.96902  0.00143213  1
323  0  0.415781  -0.114371  16700.2  2.03908  0.00674109  1
324  0  -0.556017  0.320995  16655  2.00332  0.271927  1
325  0  0.67261  -0.108959  16719.3  2.05175  0.0985792  1
326  0  0.927177  0.123422  16505.4  2.13727  -0.340135  1
327  0  0.436258  0.207512  15455  2.53183  -0.0122494  1
328  0  0.738908  -0.641769  16795.9  1.97279  0.0491124  1
329  0  0.5418  -0.99685  16793  1.97168  0.0589776  1
330  0  0.186488  -0.417821  16833.2  1.95101  0.0225343  1
331  0  0.803362  -0.0808758  16887.9  2.00916  0.122336  1
332  0  -0.0318649  -0.108615  17143.3  1.76917  0.0309374  1
333  0  0.302036  0.193893  15385.5  2.55375  0.21223  1
334  0  0.489548  -0.0986817  16680.6  2.07709  0.0282977  1
335  0  0.367194  0.185092  15345.2  2.62077  0.0990902  1
336  0  0.316112  -0.109542  16721  2.03118  -0.0220851  1
337  0  -0.357258  1.07249  16507.3  2.05721  0.21666  1
338  0  0.505925  0.184463  15476.9  2.60549  -0.124534  1
339  0  0.574331  0.173651  15618  2.5904  -0.22675  1
340  0  1.18854  -0.631412  16783.5  1.99448  0.030511  1
341  0  -0.787778  -0.618352  16782.7  1.97888  0.18195  1
342  0  0.450306  0.845516  16352  2.13886  0.0518421  1
343  0  0.110203  0.156115  15703.6  2.33833  0.584254  1
344  0  -1.32084  0.438167  16653.1  1.99653  0.156321  1
345  0  -0.0588649  0.0299512  17238.9  1.62181  0.486037  1
346  0  0.989974  0.0752893  16679.9  1.80571  -0.324721  1
347  0  0.0442616  -0.090187  17008.3  1.8466  -0.097843  1
348  0  1.43878  -1.13935  16743.2  2.01797  0.064405  1
349  0  0.186105  0.156425  15366.4  2.54969  0.463592  1
350  0  0.566337  1.44598  16503.6  2.05161  0.0708004  1
351  0  0.665157  0.159783  15834.6  2.50538  -0.329098  1
352  0  0.882705  -1.40409  16772.6  1.98867  0.0795827  1
353  0  -1.36756  -0.265475  16726.2  1.99094  0.146454  1
354  0  0.59825  -0.0822872  16651.8  2.11083  0.0705679  1
355  0  -0.00907236  0.603577  16357.6  2.13706  0.250152  1
356  0  0.884881  -0.0555545  17013.6  1.87487  0.0774017  1
357  0  -0.215008  -1.02293  16806.1  1.95563  0.127072  1
358  0  -1.30856  1.36114  16571.2  2.00256  0.141031  1
359  0  0.774809  0.119668  16134.2  2.23818  -0.378914  1
360  0  0.22505  -0.0862408  16735.1  2.0295  -0.0723532  1
361  0  0.117547  -0.076904  16825.9  1.95867  -0.0998427  1
362  0  0.380089  -0.0827733  16675.6  2.07897  -0.00862629  1
363  0  0.494937  -0.327724  16771.2  1.98916  0.0396082  1
364  0  -0.715707  1.36507  16536.3  2.02249  0.169239  1
365  0  0.0766037  0.115886  15754  2.33979  0.763281  1
366  0  1.56625  0.275472  16703.5  1.93704  -0.0842083  1
367  0  0.707738  -0.0672269  16717  2.03315  0.130695  1
368  0  0.792785  -0.368081  16811.4  1.97407  0.0480149  1
369  0  0.0271762  0.0930413  16224.9  2.04043  0.847284  1
370  0  -0.144221  0.400984  16453  2.08359  0.344482  1
371  0  -0.185356  -0.340806  16899.2  1.91657  0.163145  1
372  0  0.569971  -0.507158  16793.5  1.97325  0.0509025  1
373  0  0.255283  0.154797  15220.2  2.69435  0.332896  1
374  0  -1.18273  -1.4492  16779.9  1.9886  0.139723  1
375  0  -0.526939  -0.0399211  16782.8  1.9512  0.259649  1
376  0  0.53307  -0.0751001  16638  2.08287  0.0373387  1
377  0  0.288752  -0.223412  16777.9  1.98527  -0.0100797  1
378  0  0.983011  -0.04635  16983.4  1.7927  0.00747924  1
379  0  1.48136  0.727008  16626.2  1.98233  -0.0366308  1
380  0  -0.375297  0.153856  16728.4  1.96497  0.321757  1
381  0  -0.53825  -0.857587  16800.9  1.98372  0.202517  1
382  0  0.756431  -0.0586518  16801.6  1.95131  0.150905  1
383  0  0.181192  -0.0725005  16762  2.02899  -0.0903754  1
384  0  0.270992  -0.0757552  16684.3  2.06535  -0.041437  1
385  0  -0.0978252  1.47981  16490.5  2.05664  0.16453  1
386  0  0.616558  0.147218  15618.1  2.53608  -0.305413  1
387  0  0.883345  0.0907099  16429.8  1.93582  -0.348058  1
388  0  0.842205  -0.0455587  16970.6  1.78824  0.114379  1
389  0  -0.704089  -0.290461  16781.4  1.96576  0.204853  1
390  0  0.706329  0.12686  15910.3  2.32734  -0.37172  1
391  0  -0.054444  -0.0358749  17402.2  1.57282  0.13015  1
392  0  -0.14525  -0.0889797  17061.9  1.80061  0.206534  1
393  0  0.926877  -0.0322747  17035.7  1.5976  0.0320325  1
394  0  0.897544  -0.273981  16844  1.9591  0.0419762  1
395  0  -0.0204593  0.0590044  16975  1.6795  0.731413  1
396  0  0.0776355  -0.274599  16889.6  1.92506  0.0178742  1
397  0  0.385888  -0.434619  16797.7  1.96907  0.0297208  1
398  0  1.2394  -0.147945  16828.5  1.94763  -0.00726378  1
399  0  0.812055  0.102249  16245  2.06405  -0.373004  1
400  0  0.574468  -0.199577  16733.6  2.0077  0.0567319  1
401  0  0.141525  0.455726  16166.5  2.21296  0.224616  1
402  0  -0.1188  -0.535908  16854.5  1.94816  0.122334  1
403  0  0.0571612  -0.540305  16842.3  1.94704  0.0580328  1
404  0  0.44702  -0.0712232  16661.5  2.06484  0.00757747  1
405  0  0.45912  0.65622  16251.7  2.18052  0.0352242  1
406  0  1.21081  0.268203  16668.2  1.98033  -0.136786  1
407  0  1.41299  1.43564  16616.9  1.99456  0.0368936  1
408  0  -0.0493007  0.262752  16392.2  2.08532  0.432504  1
409  0  -0.164224  0.0626622  16907.2  1.85757  0.375342  1
410  0  -0.560061  0.630704  16575.4  2.03142  0.246705  1
411  0  -0.902338  0.470702  16640.1  2.0016  0.192274  1
412  0  0.461968  0.154703  15240.9  2.73004  -0.0771049  1
413  0  0.413171  0.160556  15206.5  2.75141  0.0270876  1
414  0  -0.129648  0.84977  16450  2.095  0.231136  1
415  0  0.323077  0.401117  15954.9  2.30821  0.116097  1
416  0  0.917138  0.0728723  16501.7  1.73273  -0.326117  1
417  0  0.297996  -0.848742  16805.8  1.96405  0.0465254  1
418  0  0.134935  0.806989  16367.4  2.13653  0.154838  1
419  0  0.709816  -0.265817  16792.4  1.98414  0.065149  1
420  0  0.46767  -1.4151  16788  1.96277  0.0802616  1
421  0  0.851761  0.439685  16350.7  2.1332  -0.12249  1
422  0  1.60756  -0.60816  16743.9  2.03322  0.0224092  1
423  0  0.643785  -0.0659751  16652  2.06288  0.102045  1
424  0  -0.0127577  -0.0470105  17394.1  1.56837  -0.0802202  1
425  0  -1.06367  -0.382703  16748  1.98349  0.16035  1
426  0  0.335428  -0.0706188  16699.5  2.05875  -0.0302326  1
427  0  0.13877  0.129179  15418.8  2.53378  0.631773  1
428  0  0.410447  -0.233419  16751.1  1.99997  0.0163512  1
429  0  1.09633  0.0603598  16896.5  1.64556  -0.206672  1
430  0  0.122321  0.345186  16075.9  2.2424  0.307415  1
431  0  0.317191  0.15728  15198.1  2.72134  0.21097  1
432  0  0.983718  -0.619116  16794.9  1.98023  0.0355612  1
433  0  -1.1906  0.889583  16599.4  2.00513  0.156374  1
434  0  -0.321076  -0.18008  16886.4  1.90592  0.237874  1
435  0  0.603165  0.326131  15974.9  2.30689  -0.118568  1
436  0  0.810104  -0.146464  16855.5  1.95576  0.088014  1
437  0  0.881159  -0.195078  16868.5  1.94113  0.0532805  1
438  0  1.0478  -0.0428765  16917.1  1.63259  0.00749664  1
439  0  0.815203  0.260432  16255  2.1603  -0.233474  1
440  0  0.23806  -0.610585  16816.8  1.9582  0.034048  1
441  0  0.52268  0.151377  15370.2  2.65719  -0.179367  1
442  0  -0.280324  -1.55876  16796.7  1.94999  0.117352  1
443  0  0.685472  -0.465088  16796.1  1.97546  0.0518872  1
444  0  0.0669587  -0.0640551  16918.9  1.88887  -0.157281  1
445  0  -1.54911  -1.04999  16763.3  1.994  0.130023  1
446  0  -0.518746  -0.524533  16811.8  1.97117  0.210769  1
447  0  0.275037  0.27108  15692.5  2.40408  0.205989  1
448  0  0.798948  -0.0485352  16902.9  1.83531  0.141909  1
449  0  0.217345  -0.338364  16823.8  1.95747  0.00814105  1
450  0  -0.0578856  0.185739  16500.1  2.02649  0.493856  1
451  0  0.446099  0.285203  15721.6  2.40418  -0.00562227  1
452  0  -1.55759  -0.649221  16746.6  1.99255  0.135227  1
453  0  0.548008  -0.758126  16797.1  1.9733  0.0542701  1
454  0  0.211132  0.136363  15227.7  2.6835  0.452405  1
455  0  -0.40514  0.408201  16597.8  2.02672  0.305461  1
456  0  0.610639  -0.139674  16715.2  2.02461  0.0724411  1
457  0  1.07651  1.40174  16563.5  2.02081  0.0421347  1
458  0  0.830636  -0.517136  16803  1.97298  0.0411367  1
459  0  -0.135553  -0.00989388  17088.9  1.76967  0.298298  1
460  0  0.0269853  0.249994  16215.8  2.15572  0.442634  1
461  0  1.04423  -0.275007  16848.4  1.95771  0.0168358  1
462  0  -1.18126  0.0792441  16696.8  1.98895  0.161775  1
463  0  0.30424  -0.16558  16750.1  1.99423  -0.0158562  1
464  0  -0.307431  0.286196  16628.8  2.00842  0.342575  1
465  0  1.29354  -1.57554  16747.7  2.0164  0.0861705  1
466  0  0.997827  0.723633  16483.5  2.06377  -0.0432326  1
467  0  -0.423991  0.766731  16529.2  2.05175  0.252699  1
468  0  0.960361  0.0548135  16589.9  1.47928  -0.309609  1
469  0  0.718278  -0.194504  16784.2  1.98389  0.0789784  1
470  0  0.619712  0.480435  16167.9  2.21718  -0.0576079  1
471  0  0.489128  -0.06308  16665.3  2.05171  0.0210773  1
472  0  1.00415  0.042795  16753.2  1.28193  -0.31284  1
473  0  1.44764  0.0497593  16778.1  1.9058  -0.0853474  1
474  0  0.745091  0.107403  16073.9  2.11869  -0.380225  1
475  0  1.12506  -1.21016  16763.5  1.99974  0.0706856  1
476  0  1.20458  -0.931799  16768.3  2.00358  0.0527286  1
477  0  0.578336  -0.062385  16632.2  2.04352  0.0588627  1
478  0  0.119711  -0.181665  16878  1.93353  -0.0290221  1
479  0  1.00346  -0.104245  16926  1.97787  0.00284597  1
480  0  0.064988  -1.01424  16807  1.95026  0.0612807  1
481  0  0.317906  -1.18654  16795.4  1.95409  0.0643274  1
482  0  -0.102739  -0.74358  16824  1.96279  0.106412  1
483  0  1.37944  -0.497274  16778.7  2.00455  0.0136894  1
484  0  0.925934  -0.13486  16910.5  1.937  0.040362  1
485  0  0.0189762  -0.0475603  17191.3  1.68607  -0.210967  1
486  0  0.800491  0.888386  16447.7  2.08646  0.000713232  1
487  0  -0.885807  -1.01736  16785.1  1.9917  0.172065  1
488  0  0.767076  -1.20209  16781.2  1.97772  0.0680998  1
489  0  0.678116  -0.0597692  16687.7  2.04645  0.122103  1
490  0  0.307616  0.752859  16315.9  2.15846  0.0922066  1
491  0  -0.0754365  0.495408  16383.9  2.12043  0.301388  1
492  0  0.368071  0.153138  15181.7  2.75629  0.110186  1
493  0  0.489279  1.22665  16465.3  2.0792  0.0675668  1
494  0  0.136821  -0.0591893  16803.5  2.02204  -0.111844  1
495  0  0.403164  -0.0690336  16684.1  2.06291  -0.000173216  1
496  0  0.108165  0.116793  15550.2  2.46933  0.712199  1
497  0  -1.68272  0.142505  16682.4  1.99477  0.139168  1
498  0  0.182757  0.274042  15810.5  2.348  0.31163  1
499  0  0.626556  -0.257409  16766.6  1.99625  0.0607198  1
500  0  -0.0362092  -0.280174  16935.7  1.89871  0.0780076  1
501  0  0.414605  -0.181082  16730.6  2.00595  0.0127704  1
502  0  0.658743  0.127811  15774.8  2.38403  -0.349441  1
503  0  0.399429  0.552899  16148  2.22542  0.0536167  1
504  0  1.07893  -0.510561  16802.6  1.98082  0.0260271  1
505  0  0.301756  -0.0665758  16695.7  2.06354  -0.0293238  1
506  0  0.570096  0.142551  15496.7  2.58066  -0.253526  1
507  0  0.149608  -1.71305  16794.4  1.96727  0.0863305  1
508  0  0.206303  -0.163673  16797.5  1.97867  -0.0390566  1
509  0  0.291003  -0.396319  16808.7  1.96352  0.0170686  1
510  0  0.691453  -0.147838  16757  2.00314  0.0908026  1
511  0  0.473096  -0.143226  16702.8  2.02402  0.0261018  1
512  0  0.0152047  0.0611132  16377.1  1.81822  1.00698  1
513  0  0.247752  0.435954  16055.7  2.26136  0.167697  1
514  0  -0.331026  -0.489069  16843.5  1.95714  0.199057  1
515  0  0.286456  0.148459  15186.1  2.75057  0.273204  1
516  0  1.36599  0.43924  16647.3  1.97337  -0.0835779  1
517  0  1.05762  -0.18954  16869  1.94856  0.00620376  1
518  0  0.0580974  0.0865761  15741.8  2.17765  0.90407  1
519  0  -1.69091  0.954523  16610.2  1.99751  0.137085  1
520  0  -0.41605  1.4323  16510.7  2.04089  0.183333  1
521  0  0.145119  1.42508  16482.8  2.06769  0.128372  1
522  0  0.490926  0.157373  15331.2  2.70958  -0.12672  1
523  0  -0.0283267  0.021899  17567  1.40766  0.548551  1
524  0  1.06725  0.295674  16568.5  2.0145  -0.1748  1
525  0  0.748464  -0.843006  16790  1.97754  0.0514666  1
526  0  -0.834875  -1.59223  16789.9  1.97243  0.154724  1
527  0  0.52764  -0.262729  16755.3  1.99978  0.0443833  1
528  0  1.15672  -0.0530349  16851  1.71961  -0.0212576  1
529  0  -1.03614  1.15695  16570  2.00987  0.15712  1
530  0  -0.0110166  -0.166125  17023.7  1.84925  0.0347849  1
531  0  0.0699372  0.197891  15976.9  2.23807  0.521499  1
532  0  0.882352  -0.0255886  17052.9  1.37626  0.0653711  1
533  0  0.512676  -0.138281  16697.3  2.02886  0.0385293  1
534  0  0.851554  0.072264  16361.5  1.41302  -0.275855  1
535  0  0.162229  0.218583  15739  2.35961  0.400388  1
536  0  0.570326  0.224539  15725.9  2.41233  -0.1671  1
537  0  -0.262683  0.146851  16737.6  1.95105  0.355355  1
538  0  0.10474  -0.37187  16863.1  1.93738  0.0320234  1
539  0  0.731811  -0.044528  16726.1  1.74289  0.14226  1
540  0  -0.197563  -0.210189  16940.1  1.88432  0.18931  1
541  0  -1.56153  -1.49264  16773.9  1.99397  0.127976  1
542  0  0.740202  1.17329  16482  2.0688  0.0407722  1
543  0  -0.00817661  0.126082  16431.5  1.99233  0.646079  1
544  0  0.22319  -0.0536018  16731.1  1.92024  -0.0822474  1
545  0  0.352922  -0.126312  16716.1  2.01808  -0.0100616  1
546  0  -0.111186  1.06796  16467  2.08607  0.198883  1
547  0  0.959059  -0.0293372  17022.4  1.55834  0.00497363  1
548  0  0.10782  -0.13134  16882.6  1.92998  -0.0582579  1
549  0  0.347743  -0.232171  16764.6  1.9928  0.00298371  1
550  0  -0.358801  -0.0582934  16852.8  1.91331  0.278567  1
551  0  1.1468  0.13741  16774.5  1.98235  -0.187476  1
552  0  -0.664565  1.06174  16546.2  2.02974  0.1943  1
553  0  1.12335  -0.137202  16862.5  1.98734  -0.0198757  1
554  0  0.688606  0.216659  15983.8  2.2951  -0.248396  1
555  0  0.835842  -0.30439  16825  1.96789  0.0480935  1
556  0  -0.133911  0.286838  16510.9  2.04827  0.39217  1
557  0  0.150891  -0.294578  16849  1.94602  0.00437046  1
558  0  0.909785  -0.100256  16944.3  1.9623  0.0502051  1
559  0  -0.288604  -0.819445  16813.4  1.97271  0.163282  1
560  0  0.624354  -0.0475693  16611.2  1.76744  0.0845136  1
561  0  0.435712  0.142501  15124.1  2.49642  -0.023556  1
562  0  0.166811  0.115877  15177.9  2.48662  0.580986  1
563  0  -1.08778  1.68601  16546.3  2.0095  0.139057  1
564  0  1.55252  1.0739  16630.8  1.985  0.00699915  1
565  0  -0.777062  0.213253  16684.9  1.9889  0.220999  1
566  0  0.221122  0.172938  15395.5  2.54577  0.368573  1
567  0  0.785884  0.0886423  16167.1  1.5763  -0.310827  1
568  0  0.357519  -0.0574097  16668.4  1.91256  -0.02332  1
569  0  0.234228  -0.202727  16798.7  1.97599  -0.0231629  1
570  0  0.741251  0.266302  16128.6  2.22217  -0.219581  1
571  0  0.842289  -0.083157  16932.5  1.98418  0.100322  1
572  0  0.63232  -0.100266  16686.8  2.08028  0.0858206  1
573  0  0.970316  0.180441  16533.7  2.09604  -0.276208  1
574  0  -0.43964  -0.157371  16832.2  1.93195  0.2519  1
575  0  0.55989  -0.405062  16784.2  1.98158  0.0493653  1
576  0  0.814906  0.196154  16254.6  2.20835  -0.291767  1
577  0  -1.73468  0.648444  16636.1  1.99771  0.137331  1
578  0  1.64302  -1.44859  16724.1  2.03023  0.0866039  1
579  0  -0.107355  0.138876  16721.6  1.92309  0.465229  1
580  0  0.0343654  0.473649  16275.7  2.16352  0.276984  1
581  0  0.661303  -1.6524  16780.3  1.98924  0.0955308  1
582  0  0.336402  0.222695  15481.6  2.48688  0.136193  1
583  0  0.977961  0.382143  16467.5  2.07369  -0.153235  1
584  0  0.769665  -0.0940726  16831  2.02633  0.123799  1
585  0  0.190415  -0.101847  16784.9  1.98236  -0.0682105  1
586  0  0.0849904  -0.0947683  16902  1.90857  -0.0940723  1
587  0  -1.59628  1.59628  16571.6  1.9996  0.132177  1
588  0  0.274726  -0.113559  16732.8  2.01923  -0.0336889  1
589  0  0.0915354  -0.04569  16815.1  1.90309  -0.169779  1
590  0  0.782927  0.345227  16242.9  2.18651  -0.171734  1
591  0  0.719051  0.426048  16214.4  2.2004  -0.110214  1
592  0  0.891803  0.0597309  16457.6  1.19563  -0.231332  1
593  0  0.512857  0.328954  15872.5  2.35022  -0.0532145  1
594  0  1.21162  0.611046  16565.9  2.01839  -0.0649003  1
595  0  1.05187  0.0105579  16961.9  1.15964  -0.109355  1
596  0  0.775255  -0.0347975  16859.9  1.5571  0.138921  1
597  0  0.18653  1.70582  16496.3  2.04472  0.123823  1
598  0  1.6846  0.0128235  16736.6  1.95547  -0.0714388  1
599  0  0.81792  -0.0288058  16961.7  1.432  0.119657  1
600  0  -0.583074  1.68099  16516.6  2.02655  0.16186  1
601  0  0.705973  -0.109323  16751  2.03899  0.108153  1
602  0  0.0276731  -0.224618  16938.6  1.8974  0.0287687  1
603  0  0.119607  0.566647  16261.7  2.1764  0.203822  1
604  0  0.301842  -0.50748  16812  1.9597  0.0286375  1
605  0  0.235156  0.128179  15098  2.54601  0.386954  1
606  0  0.0470906  -0.0399081  16923.3  1.82202  -0.24808  1
607  0  -0.199225  -1.26826  16798.5  1.94552  0.111038  1
608  0  0.766713  -0.16949  16817.3  1.96629  0.0847374  1
609  0  -0.696186  0.459309  16629.6  2.00938  0.233322  1
610  0  -0.105868  -0.251487  16953.7  1.88572  0.124694  1
611  0  -0.0709766  -0.338509  16908.3  1.91282  0.104742  1
612  0  -0.450768  -0.682286  16811.4  1.98005  0.204136  1
613  0  0.651467  -0.135371  16724.1  2.02324  0.0845417  1
614  0  0.467549  -0.0523767  16647  1.82016  0.00896951  1
615  0  0.510602  -0.0524569  16650  1.82367  0.025971  1
616  0  0.623549  0.738264  16342.5  2.13744  0.00213083  1
617  0  0.149839  0.167646  15571.8  2.41375  0.495123  1
618  0  -0.069444  0.34578  16381.8  2.10761  0.372166  1
619  0  -1.05277  -0.135104  16724.6  1.9856  0.168027  1
620  0  -0.536061  0.145696  16720.1  1.97377  0.278202  1
621  0  1.4125  -0.75691  16761.3  2.01719  0.0360648  1
622  0  1.67154  -0.93011  16729.6  2.03853  0.0527446  1
623  0  0.501237  0.503907  16124.5  2.23701  -0.000537152  1
624  0  0.040182  0.0693713  15954.7  2.01602  1.02015  1
625  0  -1.02152  0.712526  16610.4  2.00871  0.173403  1
626  0  -1.11765  -1.06509  16777.3  1.99194  0.146233  1
627  0  0.55475  -0.0504269  16621.2  1.8041  0.0394648  1
628  0  0.345678  0.138217  15056.5  2.52983  0.150077  1
629  0  0.390769  0.138888  15117.7  2.49164  0.0576398  1
630  0  1.34696  -0.286964  16796  1.98697  -0.00550759  1
631  0  0.933623  0.0459301  16538.2  1.08042  -0.213967  1
632  0  0.390184  -0.149554  16718.9  2.01005  0.00321744  1
633  0  0.0825533  0.0886054  15460.4  2.25519  0.846993  1
634  0  0.383716  -0.0543124  16640.1  1.85351  -0.00652448  1
635  0  0.270676  0.92544  16388.9  2.12621  0.0997752  1
636  0  0.32224  0.319544  15792  2.3777  0.139968  1
637  0  0.72107  0.100067  15961.2  1.72767  -0.302844  1
638  0  0.54619  0.13069  15355.9  2.25637  -0.198156  1
639  0  0.59022  0.126247  15509.2  2.18147  -0.260037  1
640  0  0.160044  -0.0485768  16769.8  1.92574  -0.100302  1
641  0  0.677797  0.109835  15821.6  1.89546  -0.314269  1
642  0  0.634542  0.118879  15630.1  2.0543  -0.28829  1
643  0  0.598455  -0.638355  16796.2  1.97212  0.0533893  1
644  0  0.419427  -0.360127  16782.9  1.98026  0.0289203  1
645  0  0.56059  -0.0877248  16656.5  2.10401  0.0563422  1
646  0  -0.00199883  0.0338619  17098.5  1.40425  0.958759  1
647  0  -0.130879  0.691686  16430.9  2.10527  0.260584  1
648  0  0.737436  0.144186  16047.2  2.3844  -0.360922  1
649  0  0.826946  1.66235  16552.8  2.02364  0.0699613  1
650  0  0.450373  -0.104855  16688.6  2.06129  0.0155006  1
651  0  0.845588  0.110578  16336.3  2.12864  -0.365188  1
652  0  0.251149  -0.0571967  16660.1  1.95026  -0.0749297  1
653  0  0.934791  -0.220303  16865.5  1.94465  0.0368444  1
654  0  0.392453  0.22369  15484.1  2.49554  0.0571327  1
655  0  0.98383  -0.0184468  16969.5  1.28077  -0.014031  1
656  0  0.709016  -0.0403179  16692.6  1.62328  0.139463  1
657  0  -0.0580481  -0.905049  16813.3  1.9569  0.0882487  1
658  0  0.204027  -0.0489495  16757.2  1.88932  -0.0806575  1
659  0  1.70157  0.531315  16672.6  1.94207  -0.0484742  1
660  0  0.983633  0.131738  16599.1  2.10802  -0.319565  1
661  0  -0.100497  0.0628843  17004.4  1.77787  0.439565  1
662  0  0.853816  -0.733131  16791.6  1.97779  0.0452755  1
663  0  0.0828135  0.291693  16096.4  2.21971  0.383434  1
664  0  0.857021  -0.0250661  17026.4  1.31789  0.0892993  1
665  0  -0.606696  0.813046  16555.9  2.03387  0.222031  1
666  0  0.711047  -0.348306  16795.7  1.98019  0.0552431  1
667  0  -0.992325  -0.615107  16765.5  1.9811  0.159524  1
668  0  0.190801  0.121785  15095.8  2.5362  0.505254  1
669  0  0.977164  0.0352098  16642  0.961789  -0.22035  1
670  0  -0.0219785  -0.0107066  17774.5  1.342  0.0740536  1
671  0  0.384689  0.34291  15833.5  2.36486  0.0650726  1
672  0  0.906383  -0.0174928  17068.9  1.17666  0.0358662  1
673  0  0.477946  0.225841  15572.9  2.46906  -0.0607524  1
674  0  0.598939  -0.0496616  16621.2  1.81297  0.0629688  1
675  0  0.117353  -0.237441  16871.1  1.93495  -0.00674457  1
676  0  0.303972  -0.720468  16809.6  1.96444  0.0398612  1
677  0  -0.00462284  0.0885136  16588.2  1.86807  0.756848  1
678  0  0.00705297  -0.0777153  17161.9  1.74946  -0.083245  1
679  0  0.0146394  -0.123743  17043.7  1.83468  -0.0351879  1
680  0  -0.863542  -1.28245  16788.8  1.98685  0.168475  1
681  0  1.03287  -0.762715  16784.6  1.98839  0.0433155  1
682  0  0.22533  -0.260291  16815.1  1.96538  -0.00768889  1
683  0  0.457724  0.133738  15095.3  2.26852  -0.063563  1
684  0  1.17241  1.65781  16596.1  2.00399  0.0565343  1
685  0  0.752751  -0.0334598  16779.5  1.49838  0.138934  1
686  0  0.286951  -0.307165  16797.5  1.9739  0.00469178  1
687  0  -0.026416  -0.482065  16858.3  1.94109  0.0863319  1
688  0  0.257848  0.127391  14999  2.44351  0.31525  1
689  0  0.445524  -0.0469042  16651.9  1.71147  0.00466802  1
690  0  0.115948  -0.046112  16765.4  1.93394  -0.130399  1
691  0  0.578858  -0.302491  16771.1  1.99186  0.0521082  1
692  0  0.532608  -0.0473724  16615.4  1.70913  0.0329999  1
693  0  0.826249  0.0771415  16320.5  1.44571  -0.292426  1
694  0  0.182175  -0.0451601  16734.5  1.85859  -0.0846148  1
695  0  -0.0273381  -0.612158  16840.3  1.95367  0.086862  1
696  0  0.542114  -0.166905  16716.8  2.01341  0.0491027  1
697  0  0.00540395  -0.0248022  17468.3  1.53987  -0.304013  1
698  0  0.413074  0.134964  15092.2  2.34971  0.0128285  1
699  0  0.00819982  0.922696  16424.9  2.11104  0.186756  1
700  0  0.001791  0.749732  16389.9  2.12513  0.21485  1
701  0  1.21945  1.13712  16573.8  2.01793  0.0129518  1
702  0  0.258188  0.196118  15439.3  2.50847  0.276528  1
703  0  -0.557315  -0.365735  16809.8  1.95814  0.21669  1
704  0  0.15273  -0.0837306  16801.2  1.97964  -0.0886032  1
705  0  0.611718  0.118413  15522.7  1.95452  -0.266933  1
706  0  -1.29512  -0.565417  16749.1  1.98752  0.142882  1
707  0  -0.0107184  0.211047  16313.6  2.1031  0.503173  1
708  0  0.761103  0.0889965  16110.1  1.5359  -0.316807  1
709  0  0.988738  -1.67784  16768.1  2.00767  0.0933507  1
710  0  -0.391814  0.579439  16540.4  2.05052  0.284772  1
711  0  1.05067  -0.38138  16821.7  1.97172  0.0203886  1
712  0  -0.419843  -1.09319  16803.3  1.96851  0.173689  1
713  0  0.0684943  0.152449  15938.6  2.21902  0.617665  1
714  0  0.174036  0.681033  16293.7  2.16731  0.148631  1
715  0  0.908107  0.17157  16440.3  2.15209  -0.294942  1
716  0  0.924971  -0.011678  17070.6  0.985517  0.0208958  1
717  0  -1.71941  -0.167352  16709.2  1.99511  0.136731  1
718  0  0.66402  0.274876  15993.1  2.28833  -0.184996  1
719  0  0.698723  0.100249  15856.2  1.61554  -0.290695  1
720  0  0.870869  0.0605881  16402.5  1.14447  -0.232217  1
721  0  -0.751507  -0.821287  16787.8  1.98592  0.189533  1
722  0  -0.309624  0.0462084  16819.5  1.91894  0.31873  1
723  0  0.329901  0.627989  16225.1  2.19389  0.0910883  1
724  0  -1.38061  -1.72679  16779.6  1.9926  0.126146  1
725  0  0.541758  0.185017  15541.9  2.57689  -0.175853  1
726  0  0.0374214  0.127303  16079.6  2.13921  0.714313  1
727  0  -0.851547  -0.42333  16770.1  1.9761  0.179401  1
728  0  0.696453  0.167235  15945.4  2.41934  -0.318838  1
729  0  0.910905  0.0471626  16476.9  0.926288  -0.178143  1
730  0  -1.07684  0.272598  16671.4  1.99199  0.173453  1
731  0  0.184882  0.387756  16034.8  2.26568  0.234151  1
732  0  -0.0832467  -0.0694029  17209.3  1.71123  0.156269  1
733  0  0.805003  0.0762888  16225.8  1.31117  -0.268229  1
734  0  0.558456  0.405895  16040  2.28099  -0.0564123  1
735  0  0.849957  -0.148988  16881.4  1.94207  0.0721351  1
736  0  0.736079  -0.0829754  16769.3  2.04526  0.129921  1
737  0  1.72379  -0.353282  16733  2.03487  -0.0128514  1
738  0  0.471486  -0.24056  16747.7  2.00262  0.0322776  1
739  0  0.433726  -0.2944  16765.6  1.99188  0.0262962  1
740  0  -0.75631  0.652102  16599.1  2.01713  0.208142  1
741  0  0.88015  -0.35478  16823.8  1.96865  0.0389685  1
742  0  0.0792449  -0.454778  16853.6  1.94117  0.0479954  1
743  0  0.824058  -0.112888  16890.8  1.97719  0.0950707  1
744  0  1.27665  -0.0215354  16844.6  1.77514  -0.0600133  1
745  0  0.127081  0.101419  15267  2.3978  0.684338  1
746  0  0.640789  0.388315  16097  2.25584  -0.101677  1
747  0  1.03713  0.0610716  16864  1.61579  -0.290722  1
748  0  -0.2698  -0.273133  16890.2  1.91383  0.207808  1
749  0  1.6628  1.6628  16662.6  1.97791  0.0511335  1
750  0  0.662925  -0.0429382  16632.5  1.70055  0.0932398  1
751  0  0.84791  -0.243707  16839.1  1.96073  0.0549006  1
752  0  0.524832  -0.102075  16672.7  2.08635  0.041056  1
753  0  0.642541  -0.0442083  16632.3  1.6544  0.0867659  1
754  0  0.555229  -1.18171  16789.1  1.96695  0.0669036  1
755  0  0.423774  -0.0528723  16669.5  1.84235  -0.00155866  1
756  0  0.774938  -0.275814  16811.7  1.97439  0.0584913  1
757  0  1.01444  -0.0214536  16922.8  1.33645  0.00992274  1
758  0  0.147843  0.105082  15235.5  2.37103  0.618561  1
759  0  -0.187394  0.142135  16752.9  1.93143  0.393902  1
760  0  0.230643  0.263508  15718.1  2.38823  0.267576  1
761  0  0.521487  0.216434  15601.4  2.46162  -0.122623  1
762  0  0.81277  0.142791  16247.4  2.27936  -0.35333  1
763  0  -0.55307  -1.7027  16797.9  1.96018  0.151051  1
764  0  -0.685516  -0.112335  16764.6  1.96567  0.222512  1
765  0  0.674679  -0.227772  16772.4  1.99303  0.0689326  1
766  0  0.867826  0.219475  16354.8  2.13494  -0.261128  1
767  0  0.335596  -0.0480286  16712.2  1.76597  -0.0162457  1
768  0  0.282363  -0.0499282  16606.8  1.83227  -0.0576539  1
769  0  0.874896  0.592856  16397.5  2.10536  -0.0701201  1
770  0  -0.327411  1.66116  16500  2.03976  0.171809  1
771  0  0.962314  -0.116768  16925.7  1.95615  0.0238933  1
772  0  0.119814  0.194477  15786.7  2.32358  0.484964  1
773  0  -0.219766  -0.489937  16859.2  1.94734  0.166589  1
774  0  0.77846  -0.131376  16830.9  1.98119  0.100917  1
775  0  0.323223  0.130848  15073.9  2.38324  0.177078  1
776  0  0.302424  0.131494  15051.8  2.47455  0.222217  1
777  0  -0.435989  0.262989  16668.6  1.99671  0.308587  1
778  0  0.607334  0.183171  15724.2  2.50798  -0.241637  1
779  0  1.27613  0.120925  16779.7  1.91378  -0.141549  1
780  0  0.587917  -0.113367  16688.9  2.06263  0.0673276  1
781  0  -0.86364  -0.224299  16753  1.97612  0.187815  1
782  0  -0.229335  -0.117953  16952.5  1.86446  0.234322  1
783  0  0.918578  -0.172277  16887.4  1.93106  0.0431529  1
784  0  0.944756  -0.498587  16806.8  1.97426  0.0324989  1
785  0  0.585183  0.589615  16241.6  2.1824  -0.0169067  1
786  0  0.165849  -0.524383  16831.2  1.95033  0.0346082  1
787  0  0.333065  0.186976  15325.2  2.60435  0.160949  1
788  0  -0.246569  1.25705  16493.1  2.06133  0.194855  1
789  0  0.103467  0.0948511  15421.6  2.3375  0.763169  1
790  0  0.686578  -0.039675  16672.8  1.66806  0.117246  1
791  0  -0.0182683  -1.48783  16797.8  1.94514  0.0805204  1
792  0  0.424735  -0.7412  16802.3  1.96983  0.0484177  1
793  0  0.551011  0.156657  15478  2.65925  -0.217168  1
794  0  0.313681  -0.0479228  16726.2  1.80119  -0.0077069  1
795  0  0.912641  -0.0632236  16990.3  1.91912  0.0468552  1
796  0  1.20923  -0.425942  16803.4  1.985  0.0135543  1
797  0  -0.0765939  -0.13272  17086.6  1.80257  0.107551  1
798  0  0.468724  -0.0780434  16666.3  2.0892  0.0165516  1
799  0  0.502821  0.132346  15228.7  2.26657  -0.140146  1
800  0  0.81943  -0.0593867  16931.5  1.9143  0.125784  1
801  0  0.481978  -0.428503  16787.9  1.97612  0.0413902  1
802  0  0.782239  -0.0646388  16859.4  1.97078  0.141229  1
803  0  0.372992  -0.192313  16741.1  2.00228  0.00379381  1
804  0  0.8833  0.131331  16412  2.20668  -0.346846  1
805  0  0.348715  -0.0917304  16693  2.06196  -0.019545  1
806  0  0.509436  -0.0782787  16662.3  2.10026  0.0280011  1
807  0  0.0843245  0.408556  16169.5  2.2053  0.281286  1
808  0  0.520479  1.72355  16518.2  2.03672  0.090385  1
809  0  0.402471  -0.0928935  16691.5  2.07198  0.00212738  1
810  0  0.963342  -0.302723  16841.3  1.96153  0.0293058  1
811  0  0.838109  -0.0209861  16994.8  1.2098  0.105151  1
812  0  0.951133  0.0848046  16564.1  1.90253  -0.342915  1
813  0  0.250496  -0.0974794  16722.4  2.0281  -0.0537239  1
814  0  0.294724  -0.089512  16709.5  2.05463  -0.0290419  1
815  0  -0.170218  0.502208  16457.2  2.08903  0.313383  1
816  0  -0.118807  0.579167  16421.2  2.1063  0.286215  1
817  0  0.0800705  -0.206664  16904.5  1.9167  -0.00614779  1
818  0  0.401627  -0.0474415  16696.1  1.7209  -0.0073297  1
819  0  0.000749159  0.303656  16274.9  2.1474  0.394917  1
820  0  0.32418  -0.138478  16731.3  2.0041  -0.0159483  1
821  0  0.277666  0.130447  15070  2.48972  0.279023  1
822  0  -0.0668479  -1.09924  16802.6  1.94634  0.0855773  1
823  0  1.01261  -0.066932  16960  1.91852  -0.000498196  1
824  0  0.195768  -0.732161  16815.8  1.9598  0.0410167  1
825  0  0.128511  -0.871049  16809.8  1.95739  0.0509847  1
826  0  0.873377  0.318027  16359.2  2.12552  -0.19448  1
827  0  0.301835  0.509213  16112.7  2.24019  0.11072  1
828  0  -0.532774  0.472348  16600.1  2.02462  0.269873  1
829  0  0.38295  -0.112847  16702.6  2.03882  -0.00335792  1
830  0  0.34624  0.164141  15210.1  2.72851  0.150727  1
831  0  0.523251  0.127554  15286.2  2.10391  -0.164067  1
832  0  1.72566  1.39447  16657.8  1.97204  0.0355406  1
833  0  0.608623  -0.178308  16732  2.00728  0.0661581  1
834  0  0.995279  -0.222671  16866.7  1.944  0.0233059  1
835  0  0.0706363  -0.0383995  16832.1  1.87778  -0.215356  1
836  0  0.478357  0.134435  15206.8  2.3088  -0.0991385  1
837  0  0.403999  0.187996  15352.6  2.63134  0.0345549  1
838  0  0.44827  -0.528561  16798.2  1.96815  0.0413619  1
839  0  0.608939  0.992087  16418.6  2.10435  0.0362974  1
840  0  -1.39211  -0.855031  16762  1.99096  0.133882  1
841  0  0.332648  -0.195118  16755  1.99686  -0.00605798  1
842  0  -0.0983108  0.226777  16545.7  2.01711  0.439043  1
843  0  0.725905  -1.0116  16786.7  1.97848  0.0582741  1
844  0  -0.0312082  -0.222935  16969.9  1.87884  0.0703856  1
845  0  1.10206  0.214591  16654.5  2.0033  -0.195034  1
846  0  0.218822  -0.12024  16767.1  1.98672  -0.0519315  1
847  0  0.685758  -0.0844721  16719  2.07965  0.112169  1
848  0  -1.69738  1.30936  16587.5  1.99717  0.134496  1
849  0  -0.0585595  0.0623688  17028.8  1.71841  0.552148  1
850  0  0.945421  -0.0118998  17050.5  1.0523  0.00481077  1
851  0  0.795776  -0.0258037  16905.7  1.3116  0.126119  1
852  0  0.901514  -0.0391367  17036.8  1.71166  0.0607881  1
853  0  -0.434126  0.0527449  16779.3  1.94478  0.29508  1
854  0  0.29101  0.229847  15532.6  2.45087  0.204231  1
855  0  1.01063  -0.151896  16896.3  1.94415  0.0131002  1
856  0  0.949061  -0.0538881  16996.1  1.87379  0.0200899  1
857  0  1.01421  0.526071  16478.8  2.06572  -0.0954012  1
858  0  1.70041  -1.18775  16720.9  2.03055  0.0691631  1
859  0  0.860976  -0.0638522  16975  1.94134  0.0939933  1
860  0  0.388641  0.165134  15246.8  2.74015  0.0710851  1
861  0  0.272595  0.371112  15932.3  2.31507  0.171752  1
862  0  -0.268079  0.440161  16529.1  2.05526  0.325909  1
863  0  -0.669964  0.0409663  16732.9  1.97305  0.239572  1
864  0  0.166465  0.138182  15343.1  2.58308  0.555045  1
865  0  1.09723  -0.011424  16913  1.41198  -0.0520526  1
866  0  0.653064  -0.555052  16796  1.97213  0.0521118  1
867  0  -0.67027  -0.47714  16792.9  1.97166  0.199111  1
868  0  0.964639  -0.0105478  17036.9  1.0027  -0.00541175  1
869  0  0.127329  -0.104425  16844.1  1.94196  -0.0791874  1
870  0  0.975463  -0.0777968  16956.3  1.96603  0.00731569  1
871  0  0.61953  -0.0691518  16644.1  2.08768  0.0836426  1
872  0  0.605418  0.266267  15879.7  2.33656  -0.159411  1
873  0  0.953421  0.0338292  16547.1  0.735854  -0.18323  1
874  0  0.204775  -0.072628  16757.6  2.0367  -0.0838949  1
875  0  -1.71912  -0.9113  16755.5  1.99482  0.130739  1
876  0  0.772389  -0.450134  16802.4  1.9751  0.0470533  1
877  0  0.737647  -0.544823  16798.1  1.97273  0.047836  1
878  0  -0.104518  -0.43051  16876.4  1.93268  0.122486  1
879  0  0.205764  0.505615  16157.2  2.21848  0.170362  1
880  0  0.939835  -1.10964  16775.4  1.98908  0.0629033  1
881  0  0.458951  -0.875247  16798.6  1.9707  0.0544541  1
882  0  0.0619528  -0.120192  16957.1  1.88526  -0.0639887  1
883  0  -0.0507479  0.141297  16589.7  1.95765  0.552984  1
884  0  0.0209377  1.237  16471.6  2.08125  0.157036  1
885  0  0.530979  -0.213999  16737.8  2.00785  0.0450195  1
886  0  -1.38052  0.704513  16624.9  2.00114  0.151253  1
887  0  1.52144  -1.74206  16732.7  2.03894  0.101217  1
888  0  0.214282  0.117676  15089.2  2.41723  0.432645  1
889  0  1.37935  0.237483  16696.7  1.95376  -0.105911  1
890  0  0.46801  0.184712  15412.8  2.63537  -0.0720083  1
891  0  -0.0885523  -1.74659  16796.8  1.95928  0.0949844  1
892  0  -0.403527  -0.556828  16824.5  1.97056  0.205969  1
893  0  -0.566342  -0.215818  16802.6  1.95081  0.231406  1
894  0  0.557273  0.284508  15836.5  2.35827  -0.115173  1
895  0  0.0925592  -0.0694294  16861.5  1.94439  -0.130995  1
896  0  -1.00681  1.42176  16553  2.01006  0.149388  1
897  0  -0.0848865  -0.00384912  17261.7  1.6672  0.302799  1
898  0  0.113678  -0.626579  16828  1.95422  0.0472868  1
899  0  0.231759  -1.43865  16794.7  1.95108  0.0736927  1
900  0  -0.4203  -1.37366  16799.8  1.95515  0.153109  1
901  0  0.631625  -0.414035  16790.6  1.97938  0.0531383  1
902  0  -1.14041  0.519701  16639.8  2.00025  0.167053  1
903  0  0.591708  0.154567  15597.2  2.61461  -0.271605  1
904  0  0.892546  -0.143915  16901.4  1.93767  0.0550304  1
905  0  -1.58249  0.41237  16656.1  1.99648  0.143682  1
906  0  0.189296  0.189772  15534.3  2.43172  0.402875  1
907  0  1.25353  0.867023  16570.4  2.01865  -0.0223019  1
908  0  -1.35573  1.73468  16557.6  2.00466  0.133433  1
909  0  0.679602  -0.745388  16794.2  1.97452  0.0519293  1
910  0  0.156717  -0.158132  16837.7  1.9585  -0.0457257  1
911  0  1.02271  0.223418  16569.7  2.02527  -0.223368  1
912  0  0.0908665  0.135311  15736.8  2.31928  0.66222  1
913  0  -0.425921  -0.429835  16833.2  1.95493  0.215092  1
914  0  -0.177768  -0.636619  16834.5  1.96347  0.140702  1
915  0  0.579454  -0.153893  16712.6  2.01812  0.0608536  1
916  0  0.403568  0.436613  16011.3  2.28694  0.0494846  1
917  0  0.880437  -0.0820603  16965  1.97274  0.0738499  1
918  0  0.740556  0.0883027  16025.6  1.36056  -0.273414  1
919  0  1.74709  0.866444  16662.5  1.95808  -0.00953742  1
920  0  -0.268391  0.730278  16487.7  2.07579  0.266466  1
921  0  1.10301  -1.4361  16761.8  1.99999  0.0806409  1
922  0  1.30494  -1.33667  16748.4  2.00566  0.0767964  1
923  0  0.827689  -0.186083  16850.2  1.94887  0.0697114  1
924  0  0.77519  0.225232  16179.2  2.20879  -0.265905  1
925  0  -0.987232  0.9146  16582.9  2.013  0.169903  1
926  0  0.866167  -0.434151  16811.6  1.97333  0.0389204  1
927  0  -0.619553  -0.663531  16798.3  1.98041  0.202953  1
928  0  0.847782  -0.617484  16797.9  1.97394  0.0414444  1
929  0  0.164866  -0.355659  16842.8  1.94767  0.0153121  1
930  0  1.79048  0.243922  16704.7  1.92598  -0.0703635  1
931  0  -0.208595  0.2355  16634.3  1.99663  0.379603  1
932  0  -0.0204798  0.166489  16405.4  2.045  0.559173  1
933  0  0.996148  0.0200855  16650.1  0.587469  -0.162232  1
934  0  -1.72786  -1.74807  16775.8  1.99522  0.126493  1
935  0  0.444038  0.360262  15883.3  2.34787  0.0103452  1
936  0  0.133163  0.280995  15937.6  2.29151  0.352046  1
937  0  -1.60692  -0.4053  16731.1  1.99328  0.136976  1
938  0  0.488863  -0.0450771  16653.6  1.66054  0.0147042  1
939  0  0.641937  0.144602  15725.6  2.5294  -0.334473  1
940  0  0.351297  1.48966  16490.4  2.06044  0.0958554  1
941  0  -0.307402  -0.384647  16863.4  1.93685  0.202545  1
942  0  -0.947435  -0.821573  16777.6  1.98466  0.163357  1
943  0  -1.07387  -1.74903  16786.8  1.98417  0.133983  1
944  0  -0.994843  0.0683257  16702.9  1.98609  0.182119  1
945  0  0.728786  -0.157907  16783.2  1.98731  0.0935575  1
946  0  0.174863  0.327548  15946.3  2.29689  0.282221  1
947  0  -1.78275  -0.617888  16740  1.99496  0.132163  1
948  0  0.44896  -0.189038  16730.2  2.0076  0.0233269  1
949  0  -1.39692  -0.0203006  16702  1.99211  0.148844  1
950  0  0.432166  -0.147021  16710.6  2.01612  0.0150588  1
951  0  0.368572  0.132435  15061.1  2.35069  0.0961333  1
952  0  -0.669255  -1.05126  16795.1  1.98847  0.191899  1
953  0  0.0175963  -0.315633  16903.4  1.91568  0.0565353  1
954  0  0.230353  0.15039  15251.5  2.68611  0.39986  1
955  0  0.777894  0.709214  16388.7  2.11093  -0.0317071  1
956  0  -1.37351  0.220764  16677.5  1.99255  0.152616  1
957  0  0.206535  -1.02037  16801.8  1.95592  0.0528978  1
958  0  -0.135219  -0.163191  17010.7  1.84415  0.160005  1
959  0  0.680896  0.138305  15857.5  2.46041  -0.358775  1
960  0  0.435792  0.175632  15299.3  2.70548  -0.0202499  1
961  0  0.654809  0.107849  15705.5  1.71788  -0.273866  1
962  0  0.49357  -0.632494  16798.9  1.96999  0.0499763  1
963  0  0.578949  -0.24466  16753  2.00199  0.0543425  1
964  0  0.283831  0.170109  15304.2  2.64558  0.261629  1
965  0  0.322741  0.263809  15631.3  2.42863  0.147743  1
966  0  -0.0399159  -0.0652968  17278.3  1.67014  0.0331949  1
967  0  0.425699  0.242258  15580.4  2.44854  0.0086072  1
968  0  0.962503  1.14377  16517.6  2.04834  0.0229811  1
969  0  0.567425  0.12221  15404.4  1.9933  -0.216339  1
970  0  -0.648628  -1.45342  16793.5  1.96555  0.167126  1
971  0  0.576699  -0.0432989  16619.9  1.6293  0.0436467  1
972  0  1.02342  0.109274  16737  2.04177  -0.304754  1
973  0  1.07538  0.117299  16776.8  2.01354  -0.249828  1
974  0  0.755302  -0.225283  16806.6  1.97577  0.0714429  1
975  0  -0.232848  0.0645187  16842.5  1.89889  0.349932  1
976  0  0.348821  -0.360742  16794.1  1.97342  0.0182257  1
977  0  0.666797  -1.37108  16781.6  1.97283  0.0794386  1
978  0  0.387128  -1.63698  16788.6  1.97387  0.0898301  1
979  0  1.5257  -0.375924  16776.1  2.01107  -0.00419982  1
980  0  -0.108776  1.764  16489.1  2.03993  0.159033  1
981  0  -1.38192  1.06573  16595  2.00074  0.145094  1
982  0  0.264761  -0.164961  16765.9  1.99032  -0.0261903  1
983  0  -1.35936  -1.22381  16771  1.99399  0.131585  1
984  0  0.77545  0.170694  16150.9  2.30138  -0.322614  1
985  0  0.663042  -0.0819436  16687.7  2.09484  0.106693  1
986  0  0.413336  1.03697  16417.2  2.10879  0.0687493  1
987  0  1.01915  0.0168626  16834.6  0.850148  -0.17806  1
988  0  -0.291144  0.906387  16492.9  2.06959  0.238283  1
989  0  0.866543  -0.0427818  17005.1  1.77265  0.0972152  1
990  0  -0.045187  0.416167  16348.5  2.12865  0.328012  1
991  0  1.41289  1.77088  16635  1.98899  0.0568245  1
992  0  -0.00901049  0.0119135  17924  0.917215  0.5102  1
993  0  0.138327  -0.0404902  16798.5  1.86355  -0.116357  1
994  0  0.637277  0.174866  15778  2.49394  -0.285663  1
995  0  0.0275475  -0.0285494  17077.8  1.74507  -0.362114  1
996  0  0.036868  -0.0638852  17021.5  1.80366  -0.162666  1
997  0  -1.723  -1.24557  16766.9  1.99544  0.128636  1
998  0  -1.79632  1.79632  16572.7  1.99854  0.127883  1
999  0  0.316861  -0.0833871  16708.3  2.06154  -0.022682  1
1000  0  0.320103  -0.267882  16781.7  1.98353  0.00248799  1
1001  0  0.185142  -0.132983  16801.3  1.9724  -0.0545112  1
1002  0  -0.468731  0.924077  16528.1  2.04724  0.229143  1
1003  0  0.0314687  0.206953  16163.4  2.16845  0.504517  1
1004  0  0.618381  -0.877032  16793.2  1.97449  0.055521  1
1005  0  -0.212447  0.329936  16548.3  2.04053  0.360803  1
1006  0  -0.0497001  0.000283928  17520.1  1.50076  0.301076  1
1007  0  0.659185  0.194149  15871.5  2.38615  -0.271536  1
1008  0  0.666302  -0.29571  16780.9  1.98841  0.0597486  1
1009  0  1.77772  -1.77864  16711.6  2.05213  0.111375  1
1010  0  0.626352  -0.215694  16752.2  2.00132  0.0651649  1
1011  0  1.36714  -0.122753  16831  1.92535  -0.0206881  1
1012  0  0.253168  0.234941  15593.3  2.4249  0.25534  1
1013  0  0.0734473  0.659735  16333.6  2.151  0.199524  1
1014  0  -0.838675  1.63077  16534  2.01618  0.148711  1
1015  0  0.790721  1.38172  16522.7  2.04193  0.0520496  1
1016  0  0.7272  0.121715  16001  2.30046  -0.38841  1
1017  0  0.796052  -0.111038  16856.7  1.99372  0.106614  1
1018  0  1.09501  -0.0706039  16872.2  1.83458  -0.0145809  1
1019  0  -0.48003  1.23773  16520.3  2.04046  0.197741  1
1020  0  0.423764  -0.0842082  16682.3  2.08121  0.00401575  1
1021  0  0.296804  -0.138424  16743.7  2.00024  -0.0219652  1
1022  0  0.250676  1.19583  16452  2.09156  0.105979  1
1023  0  0.35595  -0.992074  16797.3  1.96482  0.0568048  1
1024  0  0.0717933  0.238637  16059  2.21942  0.453751  1
1025  0  1.42109  -0.946855  16751.7  2.02161  0.0506507  1
