524  553  956
307  553  956
312  695  1093
644  695  1093
327  546  1087
504  546  1087
557  651  1028
553  823  881
451  692  800
361  651  1028
586  807  811
357  476  920
271  647  952
431  554  776
436  497  761
560  849  897
0  747  942
368  584  713
269  491  854
414  528  834
454  627  1003
389  509  814
269  670  696
279  703  1101
381  658  667
398  548  724
467  524  1055
21  22  479
0  46  898
312  584  695
363  547  830
353  652  813
297  462  926
122  123  540
302  487  581
316  581  803
309  556  793
299  513  626
303  556  832
382  523  670
307  663  733
398  687  724
341  541  970
138  606  624
525  628  1020
137  138  624
93  94  1026
375  596  661
332  1015  1048
289  627  1003
35  575  601
336  455  530
395  653  1040
518  647  952
306  482  621
277  557  1071
363  547  654
332  580  1015
94  539  620
269  534  696
601  731  1038
411  560  849
468  720  769
22  479  1072
410  568  1065
339  456  529
311  544  567
367  544  591
291  469  857
32  633  1029
358  517  948
34  575  614
285  570  784
351  586  732
636  872  1054
346  607  630
377  452  543
433  584  713
357  582  920
13  14  376
0  138  606
60  61  565
20  551  781
411  615  694
308  515  619
358  517  736
692  800  1022
94  95  620
360  498  571
314  595  811
324  406  904
324  406  760
344  473  532
377  543  665
293  720  769
32  555  633
326  626  711
429  438  917
459  823  881
301  516  602
381  533  658
20  21  781
337  458  528
337  528  834
414  737  876
321  619  934
413  543  855
357  476  778
410  742  935
280  579  764
401  433  584
353  652  717
377  592  665
368  584  1037
360  498  541
311  349  544
44  486  947
285  564  779
476  660  920
414  745  834
444  564  779
38  39  535
299  626  992
323  691  756
376  596  827
312  584  1037
290  483  793
21  479  781
310  526  667
395  576  892
289  487  917
484  556  832
329  543  855
351  470  628
37  731  1038
389  597  783
293  474  769
475  590  934
346  554  776
396  589  840
459  823  901
333  596  827
35  36  601
270  478  612
328  420  767
34  35  575
133  134  574
389  509  680
117  118  650
328  605  709
28  29  537
477  491  854
349  544  792
514  652  813
291  536  857
434  807  811
386  657  754
316  562  1091
395  561  1040
357  481  577
282  447  851
38  535  731
334  442  605
382  523  800
464  762  879
324  562  833
270  478  651
437  563  853
376  695  997
450  575  993
548  724  963
574  634  738
415  444  775
438  487  917
475  590  1008
351  628  1020
428  744  862
293  559  858
13  376  827
284  463  599
345  367  591
351  470  977
382  670  696
275  660  920
297  462  645
663  823  901
326  711  983
268  523  795
348  646  707
352  575  601
344  535  938
380  496  1030
335  410  1065
404  505  825
322  503  615
419  606  624
295  509  643
14  376  997
305  553  881
343  524  1055
382  451  579
299  489  598
285  564  989
470  749  977
488  613  1096
414  528  876
380  497  1030
576  701  892
414  681  745
310  526  723
352  575  993
436  497  693
308  586  807
402  579  764
558  711  983
307  663  823
402  696  798
429  438  784
450  575  614
269  718  950
315  547  830
340  589  840
342  794  982
317  578  769
285  570  779
570  722  784
418  507  715
113  114  583
423  638  734
416  634  738
517  545  948
389  471  814
268  523  800
593  703  1101
269  491  718
28  537  1047
118  609  650
391  559  914
287  801  972
374  644  1067
436  693  785
1  10  947
498  541  970
324  562  787
384  555  906
399  621  943
293  721  858
358  724  963
379  608  753
403  582  791
57  58  588
343  524  996
504  557  1071
407  822  975
408  445  878
332  636  872
471  652  717
394  576  661
384  482  902
418  590  969
328  420  850
357  577  582
304  589  955
284  719  915
512  681  745
438  487  831
0  606  747
366  472  550
26  762  879
384  482  931
426  638  882
412  557  651
405  533  829
508  691  816
631  743  981
410  568  935
487  581  803
415  444  779
400  691  816
495  642  804
489  589  955
424  750  771
373  588  725
344  535  685
309  556  668
529  672  880
394  476  660
741  874  973
341  541  687
290  793  960
384  555  633
403  577  582
308  586  732
397  490  1016
484  556  793
311  349  716
95  96  765
281  460  645
424  689  771
423  638  889
352  535  938
431  752  916
378  603  743
404  505  756
334  594  595
515  619  934
313  615  694
413  543  665
428  526  862
345  408  1073
517  545  1045
562  787  1091
293  559  914
302  487  831
378  603  890
329  543  913
622  719  865
44  45  947
445  446  1073
423  551  641
91  92  623
412  452  841
275  660  1062
95  620  765
44  486  856
390  613  668
477  491  990
453  502  817
294  541  687
508  691  756
405  533  658
524  553  996
298  566  766
558  649  711
418  714  715
397  600  1016
34  614  797
310  658  667
448  622  789
94  539  1026
118  119  609
101  102  603
321  590  934
415  570  617
290  569  688
381  609  922
355  788  824
120  121  610
40  532  949
103  104  608
464  563  853
315  547  662
276  761  1043
415  570  779
470  611  749
426  523  670
386  529  672
407  611  749
394  576  653
399  545  1045
425  593  703
521  689  771
289  487  803
374  644  1093
380  499  940
473  532  958
25  563  809
268  656  795
419  606  747
360  541  994
595  643  811
440  603  890
467  524  804
346  480  554
448  789  1061
418  590  867
497  761  1024
820  932  933
431  776  810
482  621  943
279  506  826
490  872  1054
389  471  937
42  508  928
338  668  980
639  753  1014
405  726  829
344  473  729
335  410  664
354  495  804
282  447  718
37  38  731
334  822  975
544  567  591
484  793  960
23  24  571
311  567  1076
1  45  947
352  535  731
302  573  998
383  610  927
341  656  806
326  745  834
345  367  1073
399  592  1044
289  627  632
441  609  922
284  463  719
290  569  775
32  33  555
360  571  809
341  656  970
383  610  740
40  532  685
385  499  1058
356  555  906
347  607  629
15  401  997
277  597  783
89  90  611
291  572  899
297  629  926
379  608  944
24  571  809
541  763  994
441  610  927
295  509  814
431  554  916
122  540  740
428  688  744
369  511  657
398  506  1101
443  680  783
336  455  637
328  605  767
456  529  839
391  559  698
291  744  862
303  556  980
323  518  907
369  512  745
123  540  705
408  733  878
398  506  962
355  613  1096
336  530  967
439  573  998
703  722  1098
299  513  911
390  666  751
323  836  907
421  826  1074
455  530  843
513  626  711
495  604  878
395  576  653
12  701  827
466  699  838
537  1015  1048
31  32  1029
417  517  736
296  649  711
309  613  668
376  596  644
458  528  842
489  598  1033
384  600  633
334  594  1018
495  642  898
348  477  990
304  550  1008
339  456  654
498  571  1097
534  696  798
452  543  913
389  680  783
408  663  733
432  523  795
15  401  707
422  594  700
301  516  863
352  493  938
342  659  982
419  624  1099
308  515  884
92  623  676
16  646  707
426  523  882
427  587  801
284  844  915
366  635  757
336  581  690
313  694  962
339  602  754
33  34  797
99  100  631
284  635  757
373  521  725
547  654  755
432  523  882
461  684  1079
392  729  910
335  716  930
412  452  820
93  683  706
372  620  1078
393  688  744
420  683  850
399  545  1044
431  705  810
373  805  1019
366  699  838
381  609  650
291  572  744
334  442  975
369  511  682
520  761  1043
423  551  889
325  657  754
291  469  899
301  547  941
369  512  682
92  676  706
281  460  648
61  565  702
418  669  714
378  743  981
382  451  800
105  106  639
275  582  791
277  557  841
25  563  879
310  658  788
303  538  980
397  580  872
270  651  871
60  565  704
339  602  755
509  680  1077
362  590  867
373  521  771
414  681  737
346  607  780
327  546  679
294  541  763
442  605  767
333  576  701
506  826  1074
354  804  956
402  579  696
348  477  734
474  578  769
379  753  1014
397  600  633
396  686  728
337  458  808
274  684  815
359  703  722
435  741  801
310  618  788
333  596  661
444  484  832
336  581  782
39  535  685
422  594  1018
325  558  649
352  601  731
300  522  1023
377  452  820
446  604  747
271  693  785
375  596  1067
537  762  1047
437  636  853
48  49  640
380  496  940
377  592  621
396  671  728
518  647  691
316  562  803
304  550  955
383  540  810
466  874  973
401  433  1063
332  580  872
354  495  878
351  586  977
440  608  944
397  490  872
347  607  780
87  88  628
46  642  898
306  482  902
65  66  672
283  577  796
381  533  650
33  555  797
547  662  941
285  573  989
477  638  734
372  530  765
460  572  648
594  700  717
300  709  802
464  762  1048
540  705  810
294  687  724
389  597  937
587  801  972
466  699  874
371  635  838
481  684  815
495  604  942
548  694  962
416  634  877
323  505  836
271  647  910
370  622  719
437  563  994
407  749  822
323  518  691
398  548  962
410  634  664
392  729  730
330  638  882
379  777  828
352  493  993
373  588  1041
333  576  661
331  875  1027
321  590  969
556  668  980
344  532  685
361  651  871
405  658  788
332  636  853
504  546  1028
395  655  892
304  589  835
296  622  921
396  589  835
288  616  1082
424  689  748
429  722  784
383  540  740
356  519  1056
339  529  979
360  563  994
287  680  1077
384  519  902
402  648  939
454  562  833
475  550  1008
443  680  972
412  651  933
372  818  1078
375  660  661
366  472  757
492  881  1089
282  566  851
29  537  1015
385  625  1058
437  636  774
411  887  1004
12  13  827
356  612  1056
317  750  771
280  579  869
433  491  929
307  553  823
411  694  849
356  555  797
295  595  643
419  747  792
278  665  1044
290  483  923
337  808  992
445  446  604
329  913  937
393  569  688
449  845  1103
596  644  1067
274  684  1079
480  554  883
466  819  973
299  489  986
499  836  907
454  627  1052
365  619  732
618  788  824
359  570  617
346  630  776
381  667  922
357  481  815
411  560  887
303  832  1005
531  845  1103
365  619  821
323  505  756
316  581  690
537  762  1048
26  27  762
50  51  675
412  820  933
444  484  960
278  849  897
110  111  666
306  621  932
399  592  621
492  720  1089
411  615  1004
299  599  986
133  574  738
357  625  815
380  499  907
52  53  673
360  563  809
334  595  822
113  583  727
134  574  742
114  583  726
471  652  937
424  673  748
324  522  760
371  635  844
42  43  928
604  747  942
313  615  773
77  78  671
385  625  778
393  572  744
75  76  677
359  692  703
297  607  629
92  93  706
283  577  1009
390  666  1021
385  836  966
566  567  961
384  600  931
427  587  1043
348  646  734
300  522  817
295  717  814
39  40  685
300  817  1006
590  866  1008
371  819  838
81  82  669
85  86  678
397  580  846
428  526  723
520  861  968
302  573  831
354  733  956
319  776  810
427  741  973
409  704  746
485  656  970
403  577  796
391  585  698
272  653  900
460  572  899
430  492  721
356  614  1042
70  71  681
289  803  1003
57  588  725
338  777  980
607  630  988
303  538  674
325  754  1083
46  47  642
68  69  682
58  588  746
279  703  1098
295  594  717
322  615  773
459  901  945
502  817  1006
418  507  969
457  729  847
322  503  903
270  612  873
385  499  836
40  41  949
413  560  893
380  497  693
417  774  1054
394  653  900
433  990  1063
293  474  914
10  11  655
326  626  834
79  80  686
597  913  937
398  593  1101
296  622  865
453  903  1007
330  781  889
276  761  1024
478  612  1056
318  790  1051
374  388  976
302  501  782
453  502  903
418  669  867
485  656  795
450  614  1042
285  573  1075
344  729  847
54  55  689
431  705  752
343  659  982
374  388  708
437  763  774
415  569  775
448  622  921
298  566  851
425  656  1022
294  736  774
288  616  976
422  709  802
357  625  778
284  599  757
299  599  911
333  701  827
301  547  755
16  17  646
319  630  776
413  514  893
272  825  966
268  800  1022
420  676  767
306  932  933
340  808  1033
505  836  966
42  508  816
398  687  895
365  525  678
404  756  928
318  667  1051
473  647  910
404  825  1053
102  603  799
304  835  866
319  630  857
439  573  989
353  549  700
104  608  753
524  804  956
396  686  859
301  602  755
462  770  905
101  603  743
356  614  797
354  733  878
407  611  697
457  729  730
371  819  1024
392  546  679
103  608  799
578  805  1019
490  885  1016
305  659  978
119  609  739
128  129  710
345  408  759
503  615  1004
415  617  995
340  589  1033
90  91  697
511  657  999
61  62  702
372  690  818
449  845  848
123  124  705
286  813  893
295  594  595
120  610  739
59  60  704
24  25  809
121  610  740
463  513  911
43  44  856
421  627  632
548  694  963
345  708  1036
90  611  697
130  131  712
422  605  709
91  623  697
449  777  1103
490  885  1054
298  770  905
309  613  824
716  766  930
313  773  1074
396  671  840
315  578  805
471  717  814
366  635  838
337  834  992
395  561  1031
43  856  928
30  580  1015
447  768  894
463  719  865
602  754  1083
385  758  778
89  611  919
426  638  1081
430  791  858
417  736  774
516  649  921
410  574  634
475  550  1084
346  480  780
289  632  917
305  978  1089
317  578  1019
416  738  772
429  632  826
325  558  1066
561  825  1053
382  579  696
463  513  1039
501  637  782
274  815  1058
455  843  852
366  550  699
488  613  1021
281  768  894
423  646  909
11  655  892
136  137  837
358  724  736
93  683  1026
592  665  1044
430  492  886
296  711  1039
394  660  661
329  652  937
434  643  1077
456  839  860
448  516  863
672  735  999
300  709  1023
353  549  813
114  115  726
371  844  1012
112  113  727
301  863  941
314  595  822
56  57  725
413  665  897
598  808  992
501  875  1027
447  768  905
10  655  947
391  585  941
472  550  955
417  517  885
361  546  730
279  506  1101
268  656  1022
339  654  755
358  494  963
100  631  743
416  712  772
536  790  1051
392  785  910
132  133  738
472  599  986
420  683  706
472  599  757
435  741  1013
18  641  909
15  16  707
387  837  1065
427  741  801
549  700  802
87  628  1088
538  777  828
82  83  714
345  708  759
458  842  868
83  84  715
327  861  968
395  655  1031
134  135  742
359  617  1034
20  551  1064
508  756  928
514  652  855
420  676  706
564  832  1005
119  120  739
356  519  906
347  629  877
372  530  967
394  476  900
314  586  811
401  584  695
409  704  936
422  700  802
284  635  844
330  781  951
121  122  740
102  103  799
99  631  852
321  619  821
297  645  870
100  101  743
66  67  735
320  634  877
423  646  734
78  79  728
443  587  972
105  639  753
568  837  1065
331  674  828
318  667  922
386  529  979
336  637  782
292  741  1013
425  593  806
425  656  806
283  698  796
464  563  879
359  570  722
400  647  691
367  446  1073
282  566  961
71  72  737
283  789  1061
384  519  906
48  640  908
314  586  977
280  617  995
413  560  897
66  672  735
448  516  921
390  668  964
440  890  944
106  639  848
349  716  1049
276  819  973
294  763  774
296  649  921
400  949  958
17  646  909
375  527  616
320  634  664
538  777  980
334  605  1018
473  729  910
109  110  751
104  105  753
371  1024  1030
362  590  866
49  640  925
338  777  1103
439  674  875
483  723  923
58  59  746
84  85  812
467  642  804
117  650  896
53  54  748
504  557  1028
429  632  917
367  544  1095
308  619  732
356  612  1042
413  514  855
361  546  1028
342  500  794
273  885  1045
88  628  919
358  494  948
29  30  1015
302  501  998
478  651  933
282  929  961
299  598  992
23  571  786
421  632  826
314  749  822
65  672  880
392  546  730
302  581  782
393  569  918
22  23  786
636  774  1054
406  683  850
538  674  828
124  125  752
477  638  1081
412  557  841
421  773  1074
404  856  928
517  885  1045
342  500  924
467  642  908
424  750  924
750  978  1094
322  903  1007
324  522  1035
426  670  854
281  645  768
494  694  849
468  720  1089
505  825  966
402  648  798
424  673  924
136  837  935
22  786  1072
320  664  770
328  709  1023
455  637  981
433  713  929
623  697  975
30  580  846
348  990  1063
625  815  1058
598  808  1033
551  781  889
344  847  938
386  672  999
342  750  924
78  671  728
444  564  832
430  886  1057
315  662  987
340  510  912
462  645  768
343  659  996
386  657  999
82  669  714
390  613  1021
110  666  751
392  679  785
300  802  1006
403  791  858
14  15  997
41  42  816
340  510  840
331  674  875
408  663  759
428  688  923
291  536  862
369  745  983
468  978  1089
115  116  829
448  585  863
269  670  854
433  491  990
311  716  766
137  624  837
131  132  772
423  641  909
388  708  759
402  764  939
278  665  897
11  12  892
456  654  891
532  949  958
305  553  996
85  678  812
501  637  1027
331  890  1027
403  559  796
47  642  908
469  870  988
71  681  737
53  673  748
436  679  785
79  686  728
378  637  1027
327  679  861
405  583  726
342  750  978
288  901  976
275  1057  1062
18  641  1069
293  720  721
372  620  765
355  613  824
566  567  1076
364  539  974
481  577  1009
341  687  895
50  675  925
370  684  915
329  652  855
362  835  866
526  667  1051
401  707  1063
442  676  767
63  64  839
273  885  1016
349  419  792
17  18  909
75  677  868
73  74  842
454  562  1003
447  718  950
361  730  871
81  669  1090
375  527  1062
106  107  848
111  666  985
97  98  843
305  881  1089
539  620  1078
520  587  1043
98  99  852
617  869  1034
403  559  858
290  688  923
479  781  951
372  690  967
387  624  1099
425  692  703
353  700  717
368  713  961
54  689  748
364  904  1091
107  108  845
51  675  1002
359  692  1034
62  63  860
77  671  1025
409  588  746
76  677  1025
486  655  1031
626  834  992
509  643  1077
451  579  869
447  894  950
513  711  1039
450  612  873
439  989  1005
310  618  1046
383  810  1017
436  679  861
86  678  1088
489  955  986
52  673  1002
375  660  1062
294  724  736
378  637  981
480  883  946
441  922  927
83  714  715
463  599  911
466  819  838
409  805  830
370  622  789
74  75  868
280  617  869
59  704  746
84  715  812
286  887  893
456  702  860
288  901  945
70  681  1060
373  771  1019
68  682  1059
338  668  964
410  574  742
310  723  1046
69  682  1060
492  720  721
572  648  939
527  616  1082
443  587  968
438  573  831
275  791  1057
30  31  846
434  643  811
275  582  920
36  601  1038
367  446  1095
383  790  927
307  733  956
80  686  1090
393  572  939
124  705  752
415  569  995
476  758  778
62  702  860
72  73  876
886  1057  1082
417  885  1054
64  65  880
269  534  950
585  698  1061
342  659  978
507  821  1100
439  674  1005
55  689  1080
393  764  918
328  760  1023
390  751  1092
514  813  893
126  127  883
108  109  888
115  726  829
559  698  796
25  26  879
566  766  1076
551  641  1064
370  684  1010
456  702  891
561  1031  1053
664  770  930
473  647  958
364  818  1078
322  773  1052
530  765  954
550  699  1084
47  48  908
349  419  1099
88  89  919
469  870  899
348  707  1063
564  989  1005
320  629  877
328  760  850
443  783  1071
486  655  947
362  542  859
281  648  798
409  830  936
325  649  1083
416  712  959
397  633  1029
331  890  944
440  603  799
49  50  925
0  898  942
365  678  1100
489  589  1033
520  587  968
125  126  916
131  712  772
585  863  941
398  593  895
440  608  799
128  710  946
363  565  891
297  870  988
281  798  894
362  542  867
3  27  1047
3  28  1047
315  578  987
369  657  1066
316  690  818
116  117  896
312  708  1036
465  982  1055
4  36  1038
4  37  1038
430  721  858
363  654  891
583  727  1096
376  644  695
364  904  974
72  737  876
386  754  979
112  727  985
544  792  1095
135  136  935
458  677  868
393  764  939
12  701  892
127  128  946
129  710  1102
458  677  912
429  826  1098
330  638  889
273  931  943
56  725  1080
469  630  857
109  751  888
465  675  794
441  609  739
130  712  1102
287  801  864
283  698  1061
132  738  772
271  693  952
565  702  891
441  610  739
96  765  954
19  20  1064
335  664  930
467  640  908
391  662  941
273  931  1016
469  630  988
67  735  1059
474  578  987
458  808  912
305  659  996
308  807  884
292  741  874
442  623  676
365  525  1020
63  839  860
448  585  1061
435  801  864
476  758  900
345  591  1036
335  1049  1065
107  845  848
277  597  1050
270  871  957
98  843  852
375  616  1067
443  1071  1087
74  842  868
525  628  1088
325  657  1066
365  821  1100
111  112  985
96  97  954
73  842  876
627  773  1052
470  611  919
336  690  967
533  650  896
483  618  965
461  844  1012
19  641  1064
64  839  880
292  699  874
457  847  957
494  948  1001
460  645  870
292  699  1084
465  640  1055
465  640  925
2  18  1069
2  19  1069
350  786  1097
407  697  975
125  752  916
516  602  1083
377  621  932
447  851  905
324  833  1035
135  742  935
421  627  773
405  788  991
400  816  949
324  787  904
108  845  888
116  829  896
51  52  1002
416  877  959
488  727  985
449  639  848
482  931  943
270  873  957
455  631  852
470  628  919
365  732  1020
500  675  794
520  761  861
485  953  971
542  686  859
465  675  925
363  565  936
383  790  1017
406  760  850
335  716  1049
286  887  1068
387  624  837
461  684  915
483  618  1046
451  692  1034
457  871  957
542  669  867
76  77  1025
364  539  1078
405  583  991
272  653  1040
591  1036  1037
583  991  1096
97  843  954
449  777  1014
510  671  840
483  723  1046
19  641  1069
347  552  984
502  1032  1068
318  790  927
368  567  591
401  695  997
290  775  960
396  835  859
713  929  961
320  629  926
309  793  965
388  663  901
67  68  1059
282  718  929
69  70  1060
370  719  915
510  677  912
498  971  1097
347  877  959
511  735  1059
274  940  1079
339  754  979
363  830  936
347  552  959
496  940  1079
55  56  1080
351  732  1020
549  813  1032
287  680  972
126  883  916
80  81  1090
438  573  1075
472  955  986
488  666  985
86  87  1088
385  758  966
481  684  1010
127  883  946
317  769  1094
542  669  1090
436  761  861
129  130  1102
272  758  900
340  808  912
480  710  984
457  730  871
444  775  960
272  758  966
313  962  1074
380  693  952
41  816  949
355  788  991
468  978  1094
406  904  974
374  616  976
438  784  1075
429  722  1098
480  780  984
480  710  946
379  828  944
350  786  1072
450  612  1042
545  948  1001
318  922  927
280  764  918
511  682  1059
287  864  1077
426  854  1081
510  671  1025
527  1057  1062
512  681  1060
434  807  864
486  1031  1053
510  677  1025
271  785  910
512  682  1060
434  864  1077
286  813  1032
521  725  1080
409  805  1041
536  862  1051
432  795  953
462  768  905
511  735  999
501  875  998
485  795  953
379  777  1014
428  723  923
542  686  1090
500  675  1002
787  904  1091
297  607  988
435  807  884
571  786  1097
435  884  1013
446  747  792
409  588  1041
298  770  930
500  673  1002
525  678  1088
320  770  926
276  973  1043
493  847  957
408  445  1073
565  704  936
521  689  1080
455  631  981
380  907  952
312  708  1093
362  835  859
286  1032  1068
467  640  1055
461  844  915
430  791  1057
494  694  963
315  805  830
493  847  938
593  806  895
298  851  905
368  591  1037
449  639  1014
400  647  958
488  727  1096
516  649  1083
500  673  924
507  821  969
432  882  951
530  843  954
488  666  1021
459  881  945
283  789  1009
343  982  1055
306  902  1011
425  692  1022
549  802  1006
522  817  1035
373  805  1041
285  784  1075
350  953  971
331  828  944
311  766  1076
493  873  957
278  849  1001
442  623  975
432  953  1085
533  829  896
507  715  812
506  962  1074
303  674  1005
404  856  1053
435  807  864
534  798  894
377  820  932
552  710  984
531  964  1092
374  616  1067
618  824  965
422  605  1018
600  931  1016
568  837  935
460  870  899
464  853  1048
597  913  1050
277  841  1050
314  749  977
319  857  1086
515  1000  1013
483  793  965
27  762  1047
502  1006  1032
326  745  983
453  833  1007
562  803  1003
503  887  1068
371  1012  1030
387  1049  1065
560  887  893
552  710  1102
309  824  965
272  825  1040
531  845  888
364  818  1091
273  943  1045
552  712  1102
276  819  1024
437  763  994
432  951  1085
296  865  1039
330  882  951
388  663  759
397  846  1029
454  833  1007
468  769  1094
529  839  880
492  886  945
277  783  1071
528  842  876
374  708  1093
378  890  1027
31  846  1029
526  862  1051
463  865  1039
388  901  976
552  712  959
445  604  878
390  964  1092
465  794  982
549  1006  1032
522  760  1023
332  853  1048
399  943  1045
502  903  1068
503  887  1004
347  780  984
369  983  1066
370  789  1010
453  833  1035
317  771  1019
391  662  1070
485  970  971
492  881  945
306  933  1011
439  875  998
493  873  993
534  894  950
478  1011  1056
486  856  1053
569  918  995
683  974  1026
406  683  974
316  818  1091
531  964  1103
317  750  1094
678  812  1100
452  841  1050
497  1024  1030
427  973  1043
368  567  961
288  886  1082
554  883  916
515  884  1013
304  866  1008
751  888  1092
280  918  995
341  806  895
494  849  1001
495  898  942
478  933  1011
536  857  1086
319  810  1017
279  826  1098
321  821  969
504  1071  1087
292  1000  1013
474  914  1070
518  907  952
450  873  993
462  770  926
519  902  1011
662  987  1070
274  940  1058
350  953  1085
350  1072  1085
454  1007  1052
288  886  945
452  913  1050
278  1001  1044
539  974  1026
498  970  971
453  817  1035
475  934  1000
789  1009  1010
515  934  1000
443  968  1087
298  766  930
461  1012  1079
496  1012  1030
519  1011  1056
536  790  1086
391  914  1070
491  718  929
475  1000  1084
451  869  1034
446  792  1095
350  971  1097
499  940  1058
561  825  1040
507  812  1100
355  991  1096
558  983  1066
338  964  1103
479  1072  1085
477  854  1081
322  1007  1052
527  1057  1082
531  888  1092
479  951  1085
292  1000  1084
349  1049  1099
503  903  1068
387  1049  1099
496  1012  1079
319  1017  1086
474  987  1070
312  1036  1037
327  968  1087
481  1009  1010
790  1017  1086
545  1001  1044
