0  2  0.999998  0.00249  17356.9  0  0  1
1  1  2  2  17451.1  1.89421  0.207633  1
2  1  2  -2  17462.3  2.08867  0.231913  1
3  3  -2  -2  17591.6  1.9844  0.249319  1
4  3  -2  2  17282  1.98572  0.249567  1
10  1  2  1.6  17465  1.88738  0.190599  1
11  1  2  1.2  17465  1.86642  0.164847  1
12  1  2  0.8  17465  1.79231  0.102821  1
13  1  2  0.4  17465  1.81135  0.0342254  1
14  1  2  5.50449e-12  17465  1.98922  0.042342  1
15  1  2  -0.4  17465  2.08006  0.105665  1
16  1  2  -0.8  17465  2.04922  0.135645  1
17  1  2  -1.2  17465  2.08733  0.150275  1
18  1  2  -1.6  17465  2.16614  0.189574  1
19  0  1.6  -2  17494.7  1.9844  0.249319  1
20  0  1.2  -2  17553.6  1.9844  0.249319  1
21  0  0.8  -2  17609.5  1.9844  0.249319  1
22  0  0.4  -2  17649.1  1.9844  0.249319  1
23  0  5.50449e-12  -2  17659.2  1.9844  0.249319  1
24  0  -0.4  -2  17652.4  1.9844  0.249319  1
25  0  -0.8  -2  17630.7  1.9844  0.249319  1
26  0  -1.2  -2  17610.5  1.9844  0.249319  1
27  0  -1.6  -2  17598.3  1.9844  0.249319  1
28  3  -2  -1.6  17582.3  1.9844  0.249319  1
29  3  -2  -1.2  17565  1.9844  0.249319  1
30  3  -2  -0.8  17537.5  1.9844  0.249319  1
31  3  -2  -0.4  17499.1  1.9844  0.249319  1
32  3  -2  -5.50449e-12  17452.5  1.9844  0.249319  1
33  3  -2  0.4  17402.9  1.9844  0.249319  1
34  3  -2  0.8  17358.9  1.9844  0.249319  1
35  3  -2  1.2  17321.6  1.9844  0.249319  1
36  3  -2  1.6  17294.8  1.9844  0.249319  1
37  0  -1.6  2  17271.5  1.98906  0.252613  1
38  0  -1.2  2  17252.3  1.99314  0.253297  1
39  0  -0.8  2  17217.9  1.99655  0.280588  1
40  0  -0.4  2  17204.6  1.99447  0.308709  1
41  0  -5.50449e-12  2  17232  1.98587  0.28405  1
42  0  0.4  2  17283.3  1.97179  0.243505  1
43  0  0.8  2  17362.6  1.94741  0.230255  1
44  0  1.2  2  17414.7  1.92342  0.230915  1
45  0  1.6  2  17428.7  1.90903  0.222747  1
46  2  0.978484  0.00600788  17391.2  1.28674e-16  -2.26847e-17  1
47  2  0.956943  0.00953056  17317.7  0  0  1
48  2  0.935403  0.0130528  17267.5  0  0  1
49  2  0.913862  0.0165753  17219.7  -1.83491e-16  1.86851e-17  1
50  2  0.892322  0.0200982  17180.6  4.87537e-17  -1.02502e-17  1
51  2  0.870782  0.0236205  17173  -5.17988e-17  8.36458e-18  1
52  2  0.849241  0.027143  17109.8  1.76481e-16  -2.41524e-17  1
53  2  0.827699  0.0306557  17063.6  -1.91675e-16  2.13524e-17  1
54  2  0.806125  0.0339663  17023.4  0  0  1
55  2  0.784543  0.0372205  17001.8  -6.75008e-17  9.69286e-18  1
56  2  0.76296  0.0404754  16990.6  -2.1587e-16  1.60755e-17  1
57  2  0.741378  0.0437303  16969.7  0  0  1
58  2  0.719795  0.046985  16964.4  -2.33159e-17  7.81778e-18  1
59  2  0.698213  0.0502405  16967.6  6.94823e-17  -4.65631e-18  1
60  2  0.676631  0.0534954  16922.2  0  0  1
61  2  0.655037  0.0566739  16888.6  0  0  1
62  2  0.633372  0.0593164  16860.7  -1.5012e-16  1.25505e-17  1
63  2  0.611665  0.0616029  16818.5  1.53256e-16  -9.76591e-18  1
64  2  0.589957  0.0638726  16784.9  2.8856e-17  -1.2904e-17  1
65  2  0.568249  0.0661431  16717  1.56304e-16  -1.20858e-17  1
66  2  0.546541  0.0684128  16708.7  2.68675e-16  -1.30539e-17  1
67  2  0.524833  0.0706822  16687.1  0  0  1
68  2  0.503124  0.0729522  16673.5  -1.79123e-16  9.93506e-18  1
69  2  0.481416  0.0752219  16593.3  0  0  1
70  2  0.459708  0.0774924  16516.7  0  0  1
71  2  0.437978  0.0795411  16458.1  -1.79921e-16  9.08355e-18  1
72  2  0.416229  0.081381  16350.5  2.02705e-16  -7.42961e-18  1
73  2  0.394463  0.0829993  16306  -4.05409e-16  1.48592e-17  1
74  2  0.37268  0.0843764  16229.3  4.93038e-32  0  1
75  2  0.350883  0.0855029  16139.8  0  0  1
76  2  0.329073  0.0863625  16068.3  0  0  1
77  2  0.307255  0.0869462  15970.6  4.65099e-16  7.18029e-18  1
78  2  0.28543  0.0872411  15912.5  0  0  1
79  2  0.263604  0.0872328  15841.2  7.72441e-17  -7.0554e-19  1
80  2  0.24178  0.0869053  15775.1  2.64507e-16  1.55154e-17  1
81  2  0.219964  0.0862398  15679.2  -1.96353e-16  -1.47564e-17  1
82  2  0.198163  0.0852027  15566.5  4.93038e-32  3.08149e-33  1
83  2  0.176383  0.0837692  15505.7  -5.50954e-16  -5.3715e-17  1
84  2  0.154639  0.0818797  15377.5  2.63129e-16  2.99441e-17  1
85  2  0.132951  0.0794332  15192.2  -5.53018e-16  -7.4855e-17  1
86  2  0.11135  0.0763155  14989  0  0  1
87  2  0.0898861  0.0723607  14824.9  4.93038e-32  -2.46519e-32  1
88  2  0.0686391  0.0673758  14680.8  2.95941e-16  8.06933e-17  1
89  2  0.0477513  0.0610615  14453.3  0  0  1
90  2  0.0275556  0.0528167  13622.7  0  2.46519e-32  1
91  2  0.00901936  0.0413863  14781.7  4.88934e-16  3.39217e-16  1
92  2  0.00199019  0.0233314  17654.6  0  0  1
93  2  0.0215836  0.014383  18817.9  1.40765e-16  1.69724e-17  1
94  2  0.0430023  0.0102255  18743.4  3.35534e-16  2.33319e-17  1
95  2  0.064653  0.00747601  18482.1  0  0  1
96  2  0.0863884  0.00549044  18324.1  -9.26764e-17  -1.72803e-18  1
97  2  0.108163  0.00399599  18197.5  1.72425e-16  -6.43291e-18  1
98  2  0.12996  0.0028552  18127.4  0  0  1
99  2  0.151769  0.00198327  18026.7  9.9926e-17  1.60235e-18  1
100  2  0.173585  0.00132686  18029  -6.18116e-16  1.58777e-17  1
101  2  0.195407  0.000843181  18015.4  7.57529e-17  -5.7768e-19  1
102  2  0.21723  0.00049753  17956.2  -2.642e-16  3.31812e-18  1
103  2  0.239055  0.000257401  17939  0  0  1
104  2  0.260881  0.000108433  17918.9  1.20543e-16  -1.39425e-18  1
105  2  0.282708  2.81144e-05  17910.7  3.18785e-16  -3.33311e-18  1
106  2  0.304534  -2.68153e-06  17897  0  0  1
107  2  0.326361  -3.00062e-06  17879.5  2.52887e-16  4.4174e-19  1
108  2  0.348187  -3.07395e-06  17863.4  -1.30524e-16  1.44618e-18  1
109  2  0.370014  -2.1872e-06  17851.1  0  0  1
110  2  0.39184  -3.00105e-06  17833.2  1.34002e-16  -7.59801e-19  1
111  2  0.413667  -2.37174e-06  17820.3  1.91644e-16  -5.47948e-19  1
112  2  0.435493  -2.23228e-06  17800.8  0  0  1
113  2  0.45732  -2.06393e-06  17799.5  3.46051e-16  -1.31984e-18  1
114  2  0.479146  -2.56975e-06  17809.1  3.54347e-16  -1.21587e-18  1
115  2  0.500973  -2.84092e-06  17786.1  4.93038e-32  0  1
116  2  0.522799  -1.99131e-06  17747.4  -2.44833e-16  5.31089e-19  1
117  2  0.544626  -2.57373e-06  17750.4  0  0  1
118  2  0.566452  -2.0685e-06  17767.1  1.83279e-16  -4.31e-19  1
119  2  0.588279  -2.21772e-06  17733.9  -1.41532e-16  1.13863e-18  1
120  2  0.610105  -1.3861e-06  17710.8  3.90105e-16  -8.9131e-19  1
121  2  0.631932  -2e-06  17717.2  -2.79605e-16  -5.05226e-18  1
122  2  0.653759  -2.06894e-06  17699.7  -3.72301e-16  1.48448e-18  1
123  2  0.675585  -1.32252e-06  17695.4  3.31069e-16  -4.45511e-18  1
124  2  0.697412  -2.002e-06  17679.8  0  0  1
125  2  0.719238  -1.16756e-06  17648.1  0  0  1
126  2  0.741065  -1.73764e-06  17651.6  1.45151e-16  -5.50379e-19  1
127  2  0.762891  -1e-06  17625.2  -3.93503e-16  2.382e-19  1
128  2  0.784718  -9.25927e-07  17613.8  -1.39657e-16  2.53631e-19  1
129  2  0.806544  -1.75933e-06  17587.8  1.39657e-16  -2.53631e-19  1
130  2  0.828371  -1.99752e-06  17565.1  -3.83152e-16  -4.35882e-19  1
131  2  0.850197  -2.31548e-07  17582.6  1.41958e-16  2.28519e-18  1
132  2  0.872024  -8.1553e-07  17558.4  1.48676e-16  2.15794e-18  1
133  2  0.89385  -9.52847e-07  17538.2  2.18569e-16  1.18854e-19  1
134  2  0.915677  -1e-06  17527.8  0  0  1
135  2  0.937503  -1e-06  17475.5  1.52768e-16  3.24716e-18  1
136  2  0.95933  -1.04159e-06  17418.5  0  0  1
137  2  0.981156  1.11682e-07  17342.7  0  0  1
266  0  -0.529549  0.990831  17243.5  2.01984  0.319211  1
267  0  0.406578  1.07445  17188.7  2.04759  0.188524  1
268  0  1.07483  0.705463  17310.9  2.00221  0.0886499  1
269  0  -0.625327  0.286298  17371.9  2.00615  0.370749  1
270  0  -0.165023  0.5534  17105.9  2.1192  0.396981  1
271  0  0.302661  0.554609  16932.6  2.19024  0.183215  1
272  0  0.720978  0.48153  17098.1  2.1304  0.0608321  1
273  0  -0.427476  -0.942942  17654  1.93556  0.272721  1
274  0  0.577359  -1.0068  17656.5  1.9502  0.160426  1
275  0  1.0929  -0.619447  17599.1  1.97794  0.095019  1
276  0  0.0870085  -0.609  17756.8  1.87741  0.187145  1
277  0  0.585852  -0.496852  17705.9  1.90774  0.105422  1
278  0  0.294331  -0.334237  17826.9  1.84146  0.125114  1
279  0  -0.0315029  -0.302762  17874  1.79021  0.24242  1
280  0  0.861102  -0.331006  17633.6  1.94697  0.0762577  1
281  0  1.04487  0.344493  17327.5  2.00256  -0.0474458  1
282  0  0.519097  -0.240719  17756  1.88871  0.0589443  1
283  0  0.0763129  0.392073  16797.3  2.25457  0.350482  1
284  0  0.688498  -0.203297  17686.6  1.92895  0.0430809  1
285  0  -0.0972613  0.232082  16966.9  2.14949  0.575016  1
286  0  0.288551  0.311342  16589.8  2.36069  0.167592  1
287  0  0.53886  0.309759  16844.8  2.25623  0.0217686  1
288  0  0.746238  0.237786  17043.7  2.18877  -0.0443247  1
289  0  -0.405039  -0.0904906  17591.4  1.92742  0.432911  1
290  0  0.130666  -0.192886  17988.5  1.74179  0.132593  1
291  0  0.293391  -0.162956  17896.1  1.80748  0.0689621  1
292  0  0.910443  0.198539  17218.9  2.12925  -0.108844  1
293  0  1.01722  -0.200354  17579.3  1.98117  0.0678818  1
294  0  0.862434  -0.156334  17607  1.977  0.053448  1
295  0  -0.136867  0.0882167  17362.6  1.93776  0.670161  1
296  0  0.00798008  -0.122031  18130.7  1.63264  0.231413  1
297  0  0.425851  -0.132414  17813.7  1.8623  0.0409337  1
298  0  0.17445  0.230921  16311  2.47437  0.308382  1
299  0  0.0489495  0.192305  16312.9  2.43898  0.581578  1
300  0  0.416581  0.218456  16569.5  2.37495  0.0164038  1
301  0  0.531597  -0.109541  17764.4  1.91354  0.0199963  1
302  0  0.650272  -0.114251  17702.7  1.94805  0.0172584  1
303  0  0.532753  0.19166  16753.1  2.3398  -0.0450921  1
304  0  0.633893  0.173588  16881.2  2.31396  -0.0645374  1
305  0  -0.0357719  0.135243  16679.1  2.21181  0.81818  1
306  0  -1.15871  -0.312652  17517  1.97224  0.289274  1
307  0  0.204647  -0.104836  17993.1  1.74337  0.0512729  1
308  0  0.274478  0.191133  16258.5  2.50611  0.140392  1
309  0  1.00049  0.127283  17356.1  1.96012  -0.187145  1
310  0  0.111016  -0.0903718  18124.9  1.66004  0.0764282  1
311  0  1.50045  0.068012  17503.6  1.88509  0.00820227  1
312  0  -0.113728  -0.0636417  17912.9  1.70739  0.466676  1
313  0  0.726988  -0.0957267  17665.4  1.984  0.0207981  1
314  0  0.951924  -0.106784  17554.7  2.03622  0.0536055  1
315  0  0.722474  0.141242  16983.4  2.24906  -0.0898067  1
316  0  0.803702  0.128873  17054.9  2.14073  -0.117126  1
317  0  0.895544  0.116745  17191.8  2.00501  -0.160037  1
318  0  -1.26316  0.693282  17353.5  1.99282  0.282572  1
319  0  -0.373261  -0.523671  17684.8  1.91697  0.309097  1
320  0  0.0320758  -1.14636  17674.6  1.9327  0.201322  1
321  0  0.360716  -0.0878792  17858.2  1.85774  0.0269063  1
322  0  -1.21986  -1.0971  17586.5  1.97408  0.265985  1
323  0  -0.0210507  -0.0530433  18279.2  1.50852  0.334331  1
324  0  -0.363897  0.226088  17325  2.02056  0.489826  1
325  0  1.22043  0.0291356  17603.5  1.66644  -0.0252388  1
326  0  0.342905  0.16018  16314.1  2.55748  0.0377888  1
327  0  1.24762  -1.28115  17557.9  1.9988  0.16229  1
328  0  0.271525  -0.0731335  17926.7  1.81918  0.0227275  1
329  0  -0.0651994  1.04462  17182.3  2.04718  0.304316  1
330  0  0.135452  0.162379  15957.9  2.59403  0.400921  1
331  0  0.205722  0.155969  16004.4  2.63628  0.24388  1
332  0  1.38304  -0.378044  17554.4  2.00157  0.0821629  1
333  0  0.409855  0.152344  16455.4  2.49749  -0.0309459  1
334  0  0.817896  -0.0890517  17611.5  2.02448  0.0297215  1
335  0  0.463583  -0.07478  17802.2  1.93529  0.0147017  1
336  0  1.06416  -0.0942165  17558.3  2.06822  0.0666734  1
337  0  0.883574  -0.0717788  17573  2.07622  0.0317359  1
338  0  1.47876  0.482075  17434.9  1.86873  0.0323096  1
339  0  -0.87723  -0.691007  17586.3  1.9633  0.293904  1
340  0  0.0455409  -0.0564025  18324.1  1.52777  0.125693  1
341  0  0.957662  0.0754108  17301.7  1.40654  -0.190381  1
342  0  0.995665  1.39424  17332  1.95947  0.181362  1
343  0  1.00358  -0.0601007  17550.9  2.0647  0.0769315  1
344  0  0.577984  -0.0676617  17740.7  1.98756  0.00758502  1
345  0  0.0765764  0.601238  16997.2  2.16352  0.295782  1
346  0  -1.07567  1.34437  17275.1  2.0005  0.269288  1
347  0  0.328385  -0.57963  17747.2  1.8771  0.151423  1
348  0  0.1281  -0.356119  17866.7  1.81002  0.172039  1
349  0  0.0363742  0.130067  15983.9  2.49963  0.765799  1
350  0  -0.226173  -0.25086  17766  1.8441  0.351472  1
351  0  -0.833359  -0.0860296  17503.8  1.97395  0.318212  1
352  0  0.477464  0.140743  16619.3  2.43813  -0.0749137  1
353  0  0.563253  0.131472  16755.7  2.30079  -0.0900181  1
354  0  -0.0680981  0.0627066  17346  1.87024  0.869317  1
355  0  -0.445432  0.499702  17257.9  2.043  0.407163  1
356  0  0.546603  0.7656  17121.9  2.08521  0.13734  1
357  0  0.163994  -0.0490323  18050.7  1.75578  -0.000898435  1
358  0  -0.834837  0.631874  17324.7  2.00051  0.29926  1
359  0  -1.05633  0.266664  17412.9  1.98896  0.293052  1
360  0  0.637825  -0.344984  17702.2  1.91308  0.0716724  1
361  0  0.402184  -0.0454095  17819.7  1.93278  0.00218584  1
362  0  1.11686  0.0689574  17575.7  1.49164  -0.132124  1
363  0  0.680737  -0.0504344  17685.3  2.00871  -0.00206246  1
364  0  0.383939  -0.24902  17817  1.85221  0.0850159  1
365  0  0.457238  -0.391404  17758.3  1.87629  0.103176  1
366  0  0.517799  0.530343  16987.3  2.1685  0.100517  1
367  0  0.873565  0.36386  17190.8  2.09092  -0.00452581  1
368  0  -0.410296  1.41962  17231.9  2.00962  0.314218  1
369  0  0.0901541  0.125519  15625.3  2.71414  0.599893  1
370  0  1.15099  0.226099  17425.4  1.95183  -0.104262  1
371  0  0.205024  1.47241  17232.5  2.01209  0.240778  1
372  0  0.67122  0.109535  16906.3  1.95332  -0.105582  1
373  0  0.511154  -0.0503111  17772.7  1.98907  0.000626834  1
374  0  0.228292  -0.0466994  17958.4  1.8319  -0.00628932  1
375  0  0.313983  -0.0425882  17883.2  1.89711  -0.00156423  1
376  0  0.777286  -0.0474457  17613.9  2.04394  0.00538724  1
377  0  0.301833  0.131288  16079.5  2.59528  0.0475277  1
378  0  -0.744477  -1.4254  17622.6  1.96674  0.271275  1
379  0  -0.24442  0.372181  17159.4  2.08966  0.472425  1
380  0  0.425613  0.34862  16769.7  2.28655  0.0745809  1
381  0  0.817128  -0.58291  17647.4  1.94915  0.10273  1
382  0  -0.123823  -0.50819  17762.2  1.87006  0.242424  1
383  0  -0.128619  -0.847191  17692.7  1.92033  0.219643  1
384  0  0.758785  0.0911497  16986.7  1.62429  -0.107138  1
385  0  0.847062  0.0767243  17097  1.37574  -0.146901  1
386  0  0.22314  -0.864883  17702.1  1.92569  0.174153  1
387  0  -0.0761976  0.406465  16979.5  2.16705  0.423926  1
388  0  0.588622  -0.173963  17731.4  1.90717  0.0346412  1
389  0  0.624322  -0.0441276  17707.9  1.98432  0.00312995  1
390  0  0.116716  -0.0413926  18179.9  1.66087  -0.0144703  1
391  0  0.252818  0.802222  17092.5  2.09909  0.217051  1
392  0  0.252031  0.131132  15954.7  2.67447  0.140852  1
393  0  0.4298  -1.48503  17645.9  1.97569  0.183361  1
394  0  0.895084  -0.893864  17620.5  1.96708  0.129786  1
395  0  1.00106  0.0528528  17436.2  1.13973  -0.176906  1
396  0  0.948416  -0.0506997  17522.3  2.10087  0.0435103  1
397  0  1.47579  -0.895868  17527.9  2.02003  0.137723  1
398  0  0.524254  0.117569  16682.9  2.19014  -0.0978302  1
399  0  0.337605  0.239577  16490.8  2.40358  0.0906152  1
400  0  0.628594  0.105138  16858.2  1.95632  -0.107802  1
401  0  -0.604385  -0.319756  17600.5  1.94983  0.34879  1
402  0  -0.0553511  -0.0052157  18125.6  1.48228  0.618093  1
403  0  0.73015  -0.043334  17646.5  2.00782  4.68221e-05  1
404  0  -0.269109  0.0268678  17543.3  1.91227  0.513555  1
405  0  -0.346538  -1.36385  17650.2  1.95547  0.241642  1
406  0  1.05902  -0.408899  17600.2  1.95649  0.0764388  1
407  0  0.211683  0.430719  16789.1  2.26462  0.236688  1
408  0  1.44537  1.14957  17392.6  1.93305  0.171393  1
409  0  0.71549  0.0916086  16968.5  1.62111  -0.0967262  1
410  0  0.526604  -0.75431  17684  1.92886  0.150628  1
411  0  -0.00331383  0.291124  16753.7  2.26522  0.476475  1
412  0  -0.245476  0.19094  17282.6  2.02658  0.539712  1
413  0  -0.115558  -0.185089  17885.8  1.76471  0.334224  1
414  0  1.24856  -0.252835  17577.1  1.98286  0.0571875  1
415  0  0.777113  -0.15569  17643.9  1.95746  0.0412285  1
416  0  -1.50426  0.171983  17431.3  1.98396  0.2814  1
417  0  -0.00832886  0.09335  16284.8  2.28786  1.05624  1
418  0  0.213713  -0.247832  17902.2  1.79837  0.120203  1
419  0  0.159482  0.122563  15664.1  2.7657  0.347792  1
420  0  -0.337692  0.754299  17198.3  2.05883  0.368179  1
421  0  0.841374  -0.0385503  17588.6  2.01816  0.0165481  1
422  0  0.792464  1.03656  17251.5  2.01804  0.146182  1
423  0  0.0339865  -0.228076  17965.1  1.74668  0.207072  1
424  0  0.9105  0.0636302  17206.6  1.12686  -0.154494  1
425  0  0.359102  -0.040542  17852.1  1.91608  -0.00133443  1
426  0  0.446407  -0.0392426  17800.3  1.93522  -0.00138008  1
427  0  -1.51152  -0.68321  17545  1.97988  0.268808  1
428  0  -0.511263  0.0721779  17473.2  1.97651  0.424038  1
429  0  0.361996  0.125031  16251.1  2.48249  -0.0189734  1
430  0  0.900523  0.72334  17243  2.03931  0.104136  1
431  0  0.833934  -1.2783  17610.3  1.97144  0.159433  1
432  0  -0.0860981  0.7663  17126.7  2.09463  0.330438  1
433  0  1.0607  0.0246387  17581.7  1.09605  -0.0491761  1
434  0  1.05422  -0.0288391  17574.6  1.72302  0.0900209  1
435  0  1.16418  -0.0501888  17604.3  1.90767  0.0703131  1
436  0  0.633347  0.274731  16925.9  2.2234  -0.0129954  1
437  0  0.00684792  -0.47909  17791.5  1.85176  0.207101  1
438  0  0.801704  0.0778383  17022.2  1.35191  -0.120099  1
439  0  0.0983209  0.26789  16504.3  2.37746  0.402081  1
440  0  0.184404  0.334442  16626.1  2.33648  0.272812  1
441  0  0.0770146  -0.154701  18061  1.69059  0.154267  1
442  0  -0.917285  0.992815  17291.1  2.0047  0.284092  1
443  0  0.554158  1.41632  17261.4  2.00081  0.198686  1
444  0  -1.5179  1.10868  17315.9  1.99025  0.267355  1
445  0  0.359269  -0.149719  17850.7  1.83621  0.0556716  1
446  0  0.237967  -0.479014  17788.1  1.85302  0.158086  1
447  0  -0.00608823  -0.020997  18503.6  1.34507  0.346151  1
448  0  -0.786288  -1.0738  17615.7  1.964  0.28299  1
449  0  0.427377  0.119711  16445.8  2.34896  -0.074458  1
450  0  0.315763  0.421146  16786.3  2.27134  0.166589  1
451  0  0.271657  -0.0351427  17924.6  1.87255  -0.00623307  1
452  0  0.950502  0.576778  17252.3  2.04025  0.0623521  1
453  0  0.553346  -0.0354529  17759.2  1.94176  0.00384076  1
454  0  0.82233  0.212014  17119.2  2.17106  -0.073504  1
455  0  0.491806  -0.176238  17775.2  1.88145  0.0469947  1
456  0  0.0698438  -0.0337411  18347.9  1.53719  0.0143032  1
457  0  -0.0338347  0.0426887  17494.7  1.59528  1.06057  1
458  0  0.0438794  -1.52928  17657.6  1.97139  0.207134  1
459  0  1.40657  0.266545  17470.2  1.86284  -0.0200792  1
460  0  0.901837  -0.0395626  17542.4  2.04679  0.0208525  1
461  0  -1.502  -1.502  17590.2  1.97949  0.255625  1
462  0  0.246067  0.260059  16435.4  2.4336  0.199241  1
463  0  0.324478  -0.0959402  17882.7  1.83084  0.033877  1
464  0  -0.0843609  -0.110284  17993.8  1.69469  0.379019  1
465  0  0.580167  0.103694  16772.6  1.94668  -0.105103  1
466  0  0.588445  -0.117544  17733.4  1.92033  0.0204386  1
467  0  0.755086  -0.309881  17664.4  1.93431  0.0691237  1
468  0  0.812851  -0.24994  17639.5  1.948  0.0648006  1
469  0  0.926987  -0.262449  17608  1.95921  0.0723597  1
470  0  1.01123  0.245156  17319.1  2.03629  -0.0941023  1
471  0  -0.679885  1.32672  17248.8  2.00856  0.293326  1
472  0  -0.645997  0.680381  17288.1  2.00968  0.326932  1
473  0  0.20725  0.12314  15817.8  2.71384  0.22253  1
474  0  1.28441  0.407142  17406.7  1.90895  -0.00234467  1
475  0  0.734016  -0.460209  17667.5  1.93388  0.0919856  1
476  0  -0.59595  -0.716286  17634.3  1.9487  0.311061  1
477  0  0.222157  -0.174912  17934.5  1.78254  0.0897213  1
478  0  0.183363  -0.0341807  18046.2  1.79645  -0.0213679  1
479  0  -1.646  -0.305681  17497.3  1.98241  0.269104  1
480  0  0.632372  0.416945  17002.3  2.17985  0.0484447  1
481  0  0.949079  0.139021  17276.6  2.06176  -0.166116  1
482  0  -0.122603  0.0312076  17642.9  1.80316  0.661326  1
483  0  1.69803  0.264516  17482.7  1.85717  0.00326144  1
484  0  -0.174107  -0.374903  17774.4  1.85135  0.288054  1
485  0  -0.451137  -0.31323  17646.2  1.92382  0.363111  1
486  0  -0.0318411  0.212612  16746.9  2.23939  0.602809  1
487  0  0.156639  -0.136323  18014.2  1.72959  0.0843286  1
488  0  0.0457775  0.101009  15471.4  2.67881  0.878091  1
489  0  1.25987  -0.903154  17566.2  2.01001  0.139009  1
490  0  0.369221  -1.15587  17659.4  1.94936  0.178685  1
491  0  -0.205187  -1.0912  17668.8  1.93045  0.231929  1
492  0  -1.44722  1.65153  17276.1  1.99036  0.257868  1
493  0  -0.919133  -0.316591  17536.7  1.96753  0.301116  1
494  0  0.481324  -0.0353241  17796.4  1.94012  -0.00456609  1
495  0  0.13036  0.117809  15600.4  2.79393  0.43587  1
496  0  0.664241  -0.0294927  17721.4  1.91576  0.00144845  1
497  0  0.0100496  0.472053  16937.5  2.19034  0.357122  1
498  0  0.0238279  -0.0123282  18639.5  1.2679  0.152874  1
499  0  0.328679  0.121644  16172.1  2.51183  0.00422262  1
500  0  -0.213545  -0.137631  17767.3  1.82554  0.413038  1
501  0  -0.654003  0.47237  17323.4  2.01264  0.346412  1
502  0  0.474168  0.11189  16591.6  2.18885  -0.0984182  1
503  0  0.951487  0.043789  17301.4  0.883138  -0.153202  1
504  0  0.640002  -0.262279  17706.7  1.91417  0.0545829  1
505  0  1.41793  1.6943  17404.1  1.9173  0.215188  1
506  0  0.258066  -0.12924  17926.5  1.78542  0.0580197  1
507  0  1.06699  1.14311  17325.2  1.9757  0.158406  1
508  0  1.00092  -1.71059  17573.7  2.06018  0.206222  1
509  0  0.795517  -0.0282815  17597.5  1.76496  0.00149006  1
510  0  0.461281  0.206573  16633.9  2.36444  -0.0112574  1
511  0  0.394553  0.125487  16353.9  2.45538  -0.051897  1
512  0  0.972211  -0.0400582  17515.8  2.06863  0.0644493  1
513  0  -0.32333  1.11969  17216.1  2.02619  0.328047  1
514  0  0.172477  1.15257  17192.7  2.04385  0.243082  1
515  0  -0.635151  -0.127049  17546.1  1.96209  0.359339  1
516  0  0.313809  -0.242509  17855  1.82981  0.0952117  1
517  0  0.340855  -0.431759  17782.2  1.85929  0.131829  1
518  0  -1.62601  0.504124  17388.2  1.98525  0.272108  1
519  0  0.695887  -0.138622  17681.9  1.94447  0.0275717  1
520  0  -0.287148  -0.695072  17692.3  1.9193  0.265713  1
521  0  0.864908  0.0553244  17128.5  0.794801  -0.108773  1
522  0  1.56221  -1.56221  17518.6  2.12043  0.209925  1
523  0  0.222171  0.209259  16249  2.49788  0.223779  1
524  0  0.481421  0.277454  16746.4  2.30086  0.0183195  1
525  0  -1.12791  -0.00882712  17466.4  1.97908  0.294562  1
526  0  0.590016  0.222726  16846.9  2.27795  -0.0343337  1
527  0  0.690159  0.203638  16952.4  2.24957  -0.0546224  1
528  0  0.428333  -0.188814  17806.2  1.86303  0.0595472  1
529  0  1.48645  0.804424  17411.9  1.90656  0.109553  1
530  0  0.870777  -0.0400092  17572.5  2.04777  0.0197685  1
531  0  0.552858  0.104671  16720.4  1.9995  -0.108455  1
532  0  0.096379  -0.269195  17924.8  1.77508  0.171614  1
533  0  1.04109  0.08162  17472.3  1.54424  -0.182089  1
534  0  1.29633  -0.104865  17590.8  1.96411  0.0503057  1
535  0  -0.119741  0.159851  17112.4  2.06482  0.644568  1
536  0  1.77689  -0.225837  17488.5  2.04714  0.0692911  1
537  0  0.10764  0.215707  16289.6  2.46934  0.435078  1
538  0  0.86267  0.160788  17146.1  2.17068  -0.122836  1
539  0  -0.733739  0.106302  17445.4  1.98802  0.339029  1
540  0  -1.13445  -1.44183  17602.2  1.97296  0.263984  1
541  0  -1.61566  -1.07403  17567.7  1.98078  0.261515  1
542  0  0.535896  -0.322103  17744.2  1.88927  0.0750808  1
543  0  0.408454  0.715894  17063.2  2.11673  0.160721  1
544  0  1.00666  -0.122758  17551.7  2.03309  0.062258  1
545  0  0.669141  -0.670913  17670  1.93567  0.128198  1
546  0  0.139623  -0.0253993  18088.8  1.65725  -0.0448348  1
547  0  -0.0310467  -0.204371  17961.3  1.73697  0.258549  1
548  0  0.19752  -0.0633028  18004.7  1.77679  0.00971202  1
549  0  0.427031  -0.0918193  17817.7  1.88967  0.0250927  1
550  0  0.599233  -0.0255925  17717.5  1.75688  -0.0040141  1
551  0  -0.322584  0.114583  17418  1.97766  0.509521  1
552  0  0.651052  -0.0659763  17705.3  1.99713  0.00723819  1
553  0  0.441812  -0.307694  17781.2  1.86796  0.088735  1
554  0  0.774797  -0.102107  17636.1  1.99042  0.0275841  1
555  0  0.27478  0.115282  15936.7  2.36438  0.0700522  1
556  0  0.390052  0.189395  16473.4  2.44235  0.0151578  1
557  0  0.0782824  -0.108858  18139.3  1.64406  0.123269  1
558  0  0.0551279  -0.780023  17715.8  1.91059  0.186761  1
559  0  0.921795  -0.470153  17624  1.95249  0.0842712  1
560  0  -1.18482  -0.629375  17555.2  1.97201  0.279028  1
561  0  0.544061  -0.0663181  17756.3  1.9805  0.00696609  1
562  0  -0.0897619  1.29916  17216.2  2.02369  0.294506  1
563  0  0.647477  0.0848253  16871.1  1.32146  -0.106027  1
564  0  0.0890365  0.172435  16068.7  2.54295  0.503367  1
565  0  0.918854  -0.181318  17594.1  1.97639  0.0632357  1
566  0  -0.183786  0.280385  17118.9  2.10134  0.518925  1
567  0  0.706724  -0.848694  17650.7  1.95006  0.141789  1
568  0  0.509761  0.41542  16907.9  2.22211  0.0644046  1
569  0  1.53112  -1.2204  17521.8  2.02646  0.158761  1
570  0  0.751945  -0.026956  17639.6  1.77218  -0.00107276  1
571  0  0.708128  -0.0285012  17642.2  1.78934  -0.00295031  1
572  0  1.64551  -0.552882  17512.5  2.03996  0.11307  1
573  0  0.43048  -0.515532  17741.4  1.88111  0.127864  1
574  0  0.780474  0.176545  17054.8  2.22894  -0.0819243  1
575  0  0.485427  -0.119556  17781.7  1.88746  0.0298822  1
576  0  -0.382243  0.366271  17262.9  2.04672  0.454611  1
577  0  1.01438  -0.295883  17594.6  1.9606  0.0720946  1
578  0  -0.700341  1.6156  17232.9  2.00578  0.287814  1
579  0  0.644459  -0.166477  17706.1  1.92113  0.0322302  1
580  0  0.337274  -0.0246803  17866.7  1.72673  -0.0045236  1
581  0  0.380926  -0.0246777  17843  1.73003  -0.00335271  1
582  0  0.221777  -0.703317  17731  1.89557  0.168679  1
583  0  0.63564  0.621316  17099.4  2.1099  0.103271  1
584  0  0.991902  -0.0211462  17440.1  1.77005  0.10293  1
585  0  0.379618  0.288101  16634  2.34991  0.0850579  1
586  0  0.185096  0.675159  17024.7  2.1424  0.242511  1
587  0  0.0727618  0.769593  17088.6  2.10754  0.282059  1
588  0  0.42458  -0.0241752  17804  1.72618  -0.00493548  1
589  0  0.0869036  -0.0637073  18219.4  1.60747  0.0631984  1
590  0  0.692132  0.0809026  16950.5  1.28846  -0.0844115  1
591  0  0.734441  0.0709176  16985.2  1.07542  -0.0663414  1
592  0  -0.547316  -1.1869  17639.3  1.95395  0.269706  1
593  0  -0.88464  0.369783  17377.1  1.99769  0.300692  1
594  0  0.908433  -0.118719  17578.5  2.01526  0.0489909  1
595  0  1.31971  -0.64904  17563.4  2.00769  0.113757  1
596  0  1.1416  -0.203492  17573.8  1.97897  0.061601  1
597  0  0.820783  0.0584702  17053.8  0.863226  -0.0961625  1
598  0  0.210199  0.550821  16926.5  2.19452  0.233641  1
599  0  0.603706  0.133008  16822  2.26587  -0.0883462  1
600  0  0.777997  0.0653443  17000.2  0.972192  -0.0723977  1
601  0  -0.291035  0.494077  17180.5  2.08207  0.430528  1
602  0  0.610445  -0.0851943  17725.3  1.96701  0.0101764  1
603  0  -0.0827131  -0.666328  17729.5  1.89729  0.217586  1
604  0  0.702451  0.335501  17029.2  2.17184  0.00898496  1
605  0  0.0278586  0.0796242  15249.1  2.53479  1.10531  1
606  0  0.00444476  0.0623886  15432.6  2.20196  1.5277  1
607  0  1.1033  0.15761  17445  1.9228  -0.15559  1
608  0  0.942656  0.300982  17257.7  2.05303  -0.0484996  1
609  0  -0.202767  0.880058  17179.2  2.06055  0.341575  1
610  0  0.250399  -0.024011  17929.4  1.70476  -0.014685  1
611  0  0.293211  -0.0234422  17909.7  1.71055  -0.00727749  1
612  0  0.125564  -0.487371  17795.8  1.84958  0.18059  1
613  0  0.242338  0.164589  16098.6  2.61352  0.173539  1
614  0  0.0954071  -0.0189159  18256.6  1.55306  -0.0579425  1
615  0  0.173781  0.185171  16093.3  2.54924  0.311504  1
616  0  0.683927  0.153515  16940.6  2.27829  -0.0830321  1
617  0  0.0728555  0.0939151  15187.9  2.6656  0.72682  1
618  0  -0.490273  -1.66356  17638  1.96826  0.256136  1
619  0  0.121777  0.473509  16870.7  2.22121  0.292592  1
620  0  0.591525  -1.26369  17637.3  1.9611  0.165764  1
621  0  -1.30512  0.395836  17396.9  1.9885  0.287892  1
622  0  1.02371  0.0308292  17473.6  0.857524  -0.148566  1
623  0  0.185594  0.107151  15623.9  2.48128  0.241911  1
624  0  0.536689  -0.0200751  17745.9  1.64954  0.00143642  1
625  0  0.230181  0.109238  15816.6  2.38247  0.13975  1
626  0  0.00556245  0.170104  16447.8  2.35696  0.690444  1
627  0  0.375475  -0.331549  17798.7  1.85741  0.106851  1
628  0  0.168468  -0.0904274  18045.4  1.71537  0.0433066  1
629  0  0.0090531  -0.0762363  18260  1.55522  0.238033  1
630  0  0.210295  -0.332296  17856  1.82151  0.142825  1
631  0  -0.227511  0.0980867  17412.8  1.95636  0.566608  1
632  0  0.497211  -0.083331  17781.6  1.93517  0.014358  1
633  0  -1.19776  1.03623  17308.7  1.99734  0.276279  1
634  0  0.926309  -0.02382  17512.1  1.79413  0.0162951  1
635  0  0.684041  -0.0897014  17683.1  1.98263  0.012872  1
636  0  0.541132  -0.165275  17755  1.89316  0.036958  1
637  0  0.206656  -0.0250782  17985.4  1.69738  -0.0246837  1
638  0  0.602961  0.0859814  16821.1  1.3804  -0.0879635  1
639  0  -0.32763  -0.373087  17706.5  1.89144  0.333561  1
640  0  0.236179  -0.0849603  17957.9  1.7817  0.0321005  1
641  0  0.413359  0.44548  16861.7  2.23585  0.115473  1
642  0  1.50017  -0.177743  17523.4  1.99651  0.0597214  1
643  0  0.0519533  -0.0124733  18511.8  1.37766  -0.00855978  1
644  0  0.390427  -0.110027  17837.7  1.85195  0.0372065  1
645  0  0.995747  0.024861  17427.6  0.579498  -0.102163  1
646  0  0.921365  -0.0702755  17550.9  2.0947  0.0396425  1
647  0  -0.122465  1.68621  17228.1  2.00054  0.295492  1
648  0  -0.577964  -0.525055  17628.8  1.94457  0.326279  1
649  0  0.804672  0.299104  17114.9  2.1318  -0.0198744  1
650  0  0.106426  0.952682  17146.1  2.06935  0.264542  1
651  0  0.578043  0.168687  16807.3  2.3514  -0.0637209  1
652  0  0.377088  -0.726368  17711.6  1.91066  0.159509  1
653  0  0.400318  -0.911657  17682.4  1.93951  0.168971  1
654  0  0.450886  0.100186  16499.6  1.78124  -0.0825675  1
655  0  0.316139  0.198126  16357.6  2.47233  0.0903094  1
656  0  0.292855  0.24201  16435.5  2.42874  0.141089  1
657  0  -0.177686  -0.0403596  17735.5  1.80658  0.508313  1
658  0  -0.0808811  0.314777  16939.6  2.18315  0.487912  1
659  0  0.036888  -0.336722  17869.6  1.80185  0.20413  1
660  0  -1.06165  0.524826  17362.5  1.99546  0.287607  1
661  0  0.643771  -0.0212477  17704.5  1.67669  -0.00668551  1
662  0  0.495131  0.0968944  16657.1  1.66864  -0.0967006  1
663  0  0.545555  -0.578794  17704.4  1.90742  0.125999  1
664  0  0.578709  0.959909  17188.8  2.04799  0.153493  1
665  0  -0.487144  0.280783  17351.3  2.01526  0.433055  1
666  0  0.928526  0.0370394  17242.5  0.61287  -0.0914339  1
667  0  0.767151  1.56513  17314.5  1.9708  0.19853  1
668  0  1.18331  0.12751  17504.7  1.83529  -0.139  1
669  0  0.857419  -0.104332  17596.3  2.01411  0.0396237  1
670  0  0.580865  -0.245895  17731.8  1.90176  0.0531948  1
671  0  1.12791  -0.31319  17582.4  1.96473  0.0667693  1
672  0  1.17913  -0.447921  17582.4  1.97323  0.0807418  1
673  0  0.82041  -0.0235255  17567.2  1.72556  0.00196304  1
674  0  -1.05429  1.64576  17254.6  1.9982  0.262526  1
675  0  0.166087  -0.0196727  18033.2  1.6498  -0.0365241  1
676  0  -0.392067  0.0197799  17515.1  1.94884  0.465191  1
677  0  -0.123738  -0.285775  17839.2  1.80546  0.288902  1
678  0  0.0969373  0.0943134  15165.7  2.61588  0.560345  1
679  0  0.296616  0.107315  15941.4  2.09462  0.0323372  1
680  0  0.0154672  -0.042137  18423.6  1.44573  0.216304  1
681  0  -0.048273  0.576831  17041.6  2.14746  0.353585  1
682  0  1.65233  1.38632  17421.4  1.90807  0.187737  1
683  0  -0.0828691  0.114213  17063.4  2.04238  0.755276  1
684  0  0.575217  -0.0199014  17756.9  1.65083  -0.0038821  1
685  0  0.374935  0.1573  16369.9  2.52869  -0.00266746  1
686  0  0.888115  0.0465831  17179.7  0.708798  -0.0827642  1
687  0  0.818017  -0.131431  17619.8  1.97889  0.0416558  1
688  0  0.250832  0.369441  16685.7  2.31387  0.206729  1
689  0  0.583394  1.1662  17232.9  2.02148  0.173626  1
690  0  0.447929  0.154816  16550  2.4559  -0.0496975  1
691  0  0.42514  0.184317  16532.7  2.42587  -0.00991955  1
692  0  0.163625  0.0999665  15533.1  2.37006  0.269712  1
693  0  -1.54542  0.806817  17345.5  1.98866  0.270138  1
694  0  0.40264  -0.0188536  17822.2  1.62406  -0.00388878  1
695  0  0.118033  -0.0162189  18182.9  1.57501  -0.0677754  1
696  0  0.509261  -0.02399  17768.8  1.72871  -0.00780457  1
697  0  0.252454  0.106141  15855.5  2.20685  0.0852866  1
698  0  0.684099  -0.0200621  17713.5  1.65014  0.00284929  1
699  0  0.730151  -0.0198218  17651.3  1.62911  -0.0036545  1
700  0  -0.0236118  0.0112883  18285.1  1.17994  0.798252  1
701  0  0.774471  -0.020537  17617.1  1.64583  0.00184228  1
702  0  0.315073  -0.0181433  17886.7  1.62409  -0.00620879  1
703  0  -0.735078  0.850516  17281.4  2.00789  0.301879  1
704  0  -0.282973  0.282297  17231.6  2.05645  0.501076  1
705  0  0.927213  -0.730557  17622.7  1.96745  0.106596  1
706  0  0.967502  0.0265749  17340.3  0.504849  -0.102273  1
707  0  0.742284  -1.55808  17615.1  2.00694  0.180469  1
708  0  0.84595  0.47557  17181.7  2.09113  0.0455408  1
709  0  0.537363  0.249401  16790  2.28563  -0.0115202  1
710  0  0.412229  0.557782  16971.8  2.17248  0.141642  1
711  0  -0.205365  0.719101  17156.7  2.0828  0.363191  1
712  0  1.28572  0.627857  17377  1.94041  0.064169  1
713  0  0.62133  -0.0187192  17701.2  1.60206  -0.00369864  1
714  0  0.668732  0.0747768  16890.9  1.1113  -0.0891629  1
715  0  0.841939  0.0496635  17079  0.621982  -0.108093  1
716  0  0.0471256  0.265715  16596.2  2.32788  0.46125  1
717  0  1.05512  -1.093  17588.3  1.98123  0.149757  1
718  0  0.711963  0.0682258  16949.9  0.894143  -0.0559508  1
719  0  0.417875  0.879662  17133.1  2.07458  0.173743  1
720  0  -1.00965  -0.917776  17589.5  1.96975  0.278125  1
721  0  -0.00208509  0.367999  16851.9  2.22531  0.416157  1
722  0  1.72381  0.994632  17434.4  1.87918  0.14372  1
723  0  0.755117  0.0616471  16969.5  0.770693  -0.0728803  1
724  0  0.798281  0.0551374  16998.8  0.649433  -0.0737419  1
725  0  0.839799  -0.0173318  17586.8  1.55723  0.00177017  1
726  0  -0.139806  -0.114994  17862.7  1.76406  0.415825  1
727  0  0.516322  0.0900719  16664.5  1.37939  -0.0903846  1
728  0  0.624814  0.0793728  16846.8  1.13921  -0.11041  1
729  0  0.950416  -0.0202342  17464.3  1.74057  0.0336879  1
730  0  -0.162132  0.205325  17146.4  2.07369  0.576692  1
731  0  1.73117  0.624274  17450.6  1.82296  0.0623536  1
732  0  0.274526  0.150589  16090.4  2.64619  0.114407  1
733  0  1.11647  0.479927  17335.3  1.98257  0.0177426  1
734  0  0.478204  1.70378  17282.1  1.98085  0.221309  1
735  0  0.329945  -0.190719  17860.4  1.83017  0.0762382  1
736  0  -1.02583  0.791517  17320.1  1.9987  0.285362  1
737  0  0.906161  0.0371006  17195.9  0.516064  -0.0715321  1
738  0  -0.913065  -1.69909  17616.4  1.97021  0.265072  1
739  0  0.380792  1.25519  17220.8  2.0279  0.204719  1
740  0  0.0248414  -0.169727  18044.6  1.69243  0.211183  1
741  0  0.201091  -1.33921  17659.5  1.95393  0.195821  1
742  0  -0.173763  0.141962  17280.1  2.00623  0.597567  1
743  0  -0.167467  0.445723  17090.7  2.12425  0.433507  1
744  0  0.157399  -0.243287  17933.5  1.77805  0.136616  1
745  0  0.154798  0.282876  16492  2.39356  0.324835  1
746  0  -0.914787  0.100413  17446.9  1.98457  0.303182  1
747  0  0.562541  -0.409772  17723.7  1.89802  0.0909035  1
748  0  0.566919  -0.0959428  17744.2  1.93715  0.0141303  1
749  0  -0.151579  0.361445  17059.6  2.13017  0.468808  1
750  0  0.99217  0.0860058  17380.1  1.56665  -0.199237  1
751  0  0.965896  0.91798  17279.9  2.01707  0.126287  1
752  0  0.978317  0.184358  17312.4  2.07905  -0.129696  1
753  0  -0.165759  -1.6988  17656.5  1.97316  0.224985  1
754  0  1.01721  -0.0193683  17564.6  1.68327  0.123584  1
755  0  -0.0657951  -0.0497885  18103.1  1.59082  0.450477  1
756  0  0.354409  0.34749  16706.5  2.30889  0.126452  1
757  0  0.509989  0.15031  16686.3  2.40732  -0.0636706  1
758  0  0.208481  -0.580471  17762.8  1.87033  0.168412  1
759  0  0.0617263  0.120383  15662.6  2.64983  0.719858  1
760  0  0.646572  0.1353  16881.2  2.25856  -0.0906373  1
761  0  0.881898  0.264849  17194.7  2.09845  -0.0556299  1
762  0  0.359101  -0.0188034  17856.9  1.62039  -0.00580625  1
763  0  0.0118349  -0.966461  17688  1.92759  0.194472  1
764  0  0.14344  0.0995565  15431.8  2.49057  0.337117  1
765  0  -0.0486659  -0.385898  17819.7  1.82833  0.236487  1
766  0  1.11877  -0.00189957  17604.4  1.48665  0.0290268  1
767  0  1.07163  -0.165979  17575.7  1.9987  0.0679436  1
768  0  0.787669  0.613934  17176.9  2.07669  0.090024  1
769  0  -0.319032  -0.1603  17676.9  1.88638  0.410476  1
770  0  0.229262  -1.71106  17657  1.9879  0.205404  1
771  0  0.114401  -0.130809  18068.2  1.69159  0.10726  1
772  0  0.263995  -0.206  17891.7  1.80964  0.0921629  1
773  0  0.964634  0.428683  17260.4  2.04802  0.00643379  1
774  0  0.743191  -0.131202  17660  1.95948  0.0302295  1
775  0  -0.0895047  -1.31379  17662  1.9483  0.213682  1
776  0  0.789523  0.391113  17122.8  2.12546  0.022772  1
777  0  0.776624  -1.06406  17626.4  1.96142  0.149653  1
778  0  0.75902  -0.217456  17658.3  1.94159  0.0528826  1
779  0  -1.6972  1.37002  17301.5  1.98716  0.258718  1
780  0  0.341998  0.104288  16162.2  1.97327  -0.0250266  1
781  0  0.303471  0.16645  16229.3  2.58787  0.0803036  1
782  0  -1.37781  -0.101287  17475.5  1.98028  0.284232  1
783  0  0.446407  -0.0162282  17790.9  1.55848  -0.00594405  1
784  0  0.00435106  0.00257586  18668.9  0.750568  0.321585  1
785  0  -0.374655  0.61825  17214.4  2.05516  0.393013  1
786  0  -0.984206  -1.21869  17604.2  1.97068  0.273579  1
787  0  0.466777  -0.0179117  17807.4  1.59584  -0.00547581  1
788  0  -0.425444  -0.76549  17658.5  1.93429  0.289851  1
789  0  0.812  -0.0548014  17595.8  2.07031  0.0163275  1
790  0  -0.630912  -0.918215  17633.1  1.94962  0.293481  1
791  0  0.076925  -0.202011  17994.4  1.73441  0.172299  1
792  0  0.0218181  0.108434  15835  2.48909  0.938783  1
793  0  -0.777499  -0.459414  17582.8  1.95853  0.313568  1
794  0  0.362438  0.0999327  16192  1.78125  -0.0485633  1
795  0  0.609223  0.497909  17025.4  2.15712  0.0758026  1
796  0  1.75832  -0.997783  17495.8  2.03033  0.139965  1
797  0  -1.26763  0.15466  17436.5  1.98315  0.29163  1
798  0  0.77704  -0.392117  17658.1  1.93614  0.0808481  1
799  0  -0.438199  0.15101  17412.5  1.99309  0.458801  1
800  0  0.498908  0.642849  17045.5  2.13062  0.124574  1
801  0  0.132486  -0.0666013  18108.1  1.68574  0.0278634  1
802  0  -1.41664  -0.441295  17520.1  1.97748  0.275872  1
803  0  0.487496  -0.0154463  17808  1.53396  -0.00892751  1
804  0  0.344498  -0.116158  17863.5  1.8323  0.0420984  1
805  0  0.340362  -0.0613498  17869.7  1.89764  0.0113768  1
806  0  0.120386  0.0964309  15312.6  2.54771  0.433534  1
807  0  -0.0443938  0.0950985  16869.2  2.08795  0.94724  1
808  0  0.195801  -0.146655  17976.2  1.75793  0.0794012  1
809  0  0.184984  0.132925  15806.5  2.73762  0.285959  1
810  0  0.166773  0.154105  15889.5  2.65644  0.329931  1
811  0  -0.4655  -0.185751  17607.1  1.93361  0.392539  1
812  0  1.27562  -1.58304  17544.7  2.07476  0.198791  1
813  0  0.380581  -0.188132  17831.8  1.84717  0.0674351  1
814  0  -0.0101229  0.0415956  16839.9  1.54746  1.55963  1
815  0  -0.51883  0.381085  17313.5  2.02304  0.405272  1
816  0  -1.0057  -0.166908  17498.4  1.97371  0.297376  1
817  0  -0.186755  0.0408038  17549.9  1.8836  0.57862  1
818  0  0.815534  -0.18746  17631.4  1.9574  0.054324  1
819  0  0.847908  0.120479  17100.8  2.00121  -0.138835  1
820  0  0.0634702  0.151406  16022.1  2.53506  0.632068  1
821  0  0.432569  -0.0582495  17809.9  1.94984  0.00831949  1
822  0  0.927831  0.0925512  17243.4  1.67049  -0.187353  1
823  0  1.27353  1.40075  17372.5  1.93472  0.194852  1
824  0  0.520269  -1.75083  17635  2.01463  0.200107  1
825  0  0.227504  0.136814  15942  2.70386  0.192292  1
826  0  0.760691  0.133984  17012.1  2.16742  -0.0960874  1
827  0  -0.0825706  0.49013  17029.4  2.15402  0.391942  1
828  0  0.228095  -0.0171471  17952.5  1.62522  -0.0221114  1
829  0  0.318625  0.103889  16067.4  2.03976  0.00841638  1
830  0  -1.30946  -0.855008  17567  1.97657  0.269083  1
831  0  0.645086  0.223217  16912.5  2.24664  -0.0404698  1
832  0  0.376904  -0.0615326  17848.5  1.92317  0.00710673  1
833  0  0.398695  -0.0810743  17833.7  1.89754  0.0189084  1
834  0  0.883379  0.0811496  17157.8  1.48311  -0.154746  1
835  0  0.561002  0.0850065  16746  1.27596  -0.0754792  1
836  0  0.78539  -0.721359  17643.9  1.95332  0.122585  1
837  0  -0.0466112  0.260142  16818.9  2.22638  0.533426  1
838  0  0.457118  -0.105274  17800  1.88708  0.0271433  1
839  0  -1.30678  -1.71679  17600.7  1.97733  0.253993  1
840  0  -0.705757  1.07122  17263.3  2.011  0.294066  1
841  0  0.407627  0.10118  16353.5  1.8258  -0.06692  1
842  0  0.0555675  0.317369  16694.8  2.29773  0.408933  1
843  0  -0.243721  -0.463337  17729.8  1.88492  0.287823  1
844  0  -0.032061  -0.0932218  18139.5  1.61635  0.323045  1
845  0  0.88406  -0.0187612  17554.8  1.65392  0.0102538  1
846  0  -0.290301  -0.852297  17675.9  1.92477  0.256685  1
847  0  0.145842  0.394151  16749.1  2.28049  0.297433  1
848  0  0.179396  -0.190316  17959.6  1.76462  0.108199  1
849  0  0.382293  0.103168  16271.2  1.89938  -0.0530032  1
850  0  0.866294  -0.228085  17618.5  1.95902  0.0656005  1
851  0  1.31779  0.136929  17532.9  1.82242  -0.0640066  1
852  0  0.262979  0.979068  17153.6  2.06568  0.215627  1
853  0  0.698482  -0.266225  17683.2  1.92696  0.0574268  1
854  0  1.71067  -0.00872515  17507.9  1.95767  0.0277952  1
855  0  0.743929  0.80552  17197.1  2.05466  0.126268  1
856  0  0.254455  -0.0540241  17939.9  1.85055  0.00671173  1
857  0  -0.0613385  0.173124  16849.8  2.17573  0.676143  1
858  0  0.288699  -0.0533652  17914.3  1.87823  0.00324445  1
859  0  0.11464  0.14116  15803.3  2.68229  0.476104  1
860  0  0.484185  0.337747  16814.5  2.26727  0.0475922  1
861  0  0.271753  -0.01633  17925.9  1.59855  -0.0138368  1
862  0  0.956657  -0.353678  17612.9  1.95187  0.0767631  1
863  0  0.25227  -0.399166  17817.7  1.84034  0.145391  1
864  0  -0.0220725  0.671854  17074.2  2.12476  0.323391  1
865  0  1.07571  1.67574  17368.2  1.93998  0.212661  1
866  0  -0.0264524  -0.567849  17760.7  1.87424  0.209373  1
867  0  0.75216  -0.0652078  17641.7  2.04297  0.00992673  1
868  0  0.428019  0.0963998  16415.5  1.60836  -0.080753  1
869  0  0.200589  0.271234  16448.4  2.42186  0.260832  1
870  0  0.234088  0.309304  16563  2.36851  0.222472  1
871  0  0.859705  -0.0191089  17577.6  1.64453  0.00426267  1
872  0  -1.76719  0.219359  17427.7  1.98415  0.265061  1
873  0  0.537572  0.0884497  16680  1.39562  -0.0752223  1
874  0  0.286227  -0.107377  17909  1.8028  0.0421325  1
875  0  -1.7521  1.0571  17329.8  1.98688  0.260459  1
876  0  0.712968  -0.065065  17662.8  2.02984  0.00618394  1
877  0  0.0736491  -0.0104328  18401.9  1.4401  -0.067917  1
878  0  0.710447  -0.38817  17677.8  1.92571  0.0794774  1
879  0  -0.529764  1.18562  17241.7  2.01293  0.31205  1
880  0  0.137595  0.198079  16162.3  2.51847  0.386445  1
881  0  0.458043  -0.248143  17781.4  1.87355  0.0708313  1
882  0  0.455565  0.125469  16543  2.38299  -0.0833862  1
883  0  0.509729  -0.466075  17728.2  1.8921  0.109477  1
884  0  0.486754  -0.0586734  17791.5  1.97598  0.0069207  1
885  0  -0.753905  -0.261768  17554.2  1.96457  0.323499  1
886  0  0.496201  0.123481  16659.1  2.32545  -0.0886048  1
887  0  0.904551  -0.0164269  17544  1.58505  0.0116254  1
888  0  -1.70855  -1.70882  17590.2  1.98223  0.252893  1
889  0  0.672864  -0.545681  17681.8  1.92598  0.108511  1
890  0  -1.72716  -0.564251  17524.2  1.9819  0.263046  1
891  0  0.555266  -0.0150868  17775.5  1.50899  0.00153912  1
892  0  1.32952  -1.09571  17551.6  1.99449  0.149846  1
893  0  0.119208  0.331467  16645.7  2.32474  0.341558  1
894  0  0.068774  -0.413847  17830.4  1.82672  0.19419  1
895  0  -1.72964  -1.35589  17579.7  1.9824  0.255882  1
896  0  0.818151  0.162339  17097.6  2.20993  -0.103168  1
897  0  0.732441  0.182764  17003.5  2.25856  -0.0687599  1
898  0  0.580781  0.0810494  16747.7  1.11759  -0.0893859  1
899  0  0.546878  -0.204985  17750.2  1.89603  0.0455775  1
900  0  -0.460752  1.73669  17219.8  2.00195  0.309327  1
901  0  0.604283  0.33572  16931.9  2.21754  0.0202779  1
902  0  -1.42421  -1.26206  17584.4  1.97819  0.259638  1
903  0  1.77307  -1.38358  17493.1  2.10573  0.177121  1
904  0  0.905568  0.153075  17216  2.14493  -0.145122  1
905  0  0.20823  0.102194  15689.4  2.25266  0.166385  1
906  0  0.322968  -0.137145  17876.8  1.81937  0.0547808  1
907  0  1.19893  -0.140494  17589.4  2.02472  0.0533265  1
908  0  -1.33168  1.35943  17288.5  1.99369  0.26538  1
909  0  0.192153  1.77248  17247.4  1.98875  0.25354  1
910  0  -0.507908  -0.0482343  17537.2  1.95627  0.411346  1
911  0  -1.72565  1.72565  17283.9  1.98655  0.253501  1
912  0  -0.38329  0.905189  17218.8  2.03853  0.343941  1
913  0  0.969062  -0.0767241  17539.4  2.09435  0.0494327  1
914  0  -0.0343794  -0.0235513  18328.5  1.39401  0.473553  1
915  0  0.950609  -0.591159  17621.6  1.96333  0.0923013  1
916  0  0.0457656  -0.128267  18120.6  1.64694  0.178585  1
917  0  0.321156  0.146315  16216.7  2.60642  0.0316341  1
918  0  0.85078  -0.0697882  17590.4  2.07409  0.0269647  1
919  0  0.734843  0.111376  16998.2  1.95384  -0.0993591  1
920  0  0.597602  -0.0522551  17731.5  2.00894  0.000820758  1
921  0  -0.872564  1.43798  17256.1  2.00433  0.275098  1
922  0  0.534109  -0.0438132  17755.8  1.98312  0.00221543  1
923  0  0.277757  0.486296  16863.6  2.2274  0.194118  1
924  0  0.378184  0.23047  16539.9  2.38461  0.0516808  1
925  0  0.257484  0.224177  16339.7  2.46047  0.175453  1
926  0  1.3709  0.00428567  17567.8  1.8648  0.01343  1
927  0  1.22088  0.891401  17350.9  1.97357  0.129485  1
928  0  -0.0161964  -0.250564  17923.7  1.76208  0.238479  1
929  0  -1.73334  -0.0504057  17464.8  1.98426  0.267649  1
930  0  0.973811  0.0495052  17363.3  1.03824  -0.175809  1
931  0  0.61977  -0.138212  17718.3  1.9218  0.0236813  1
932  0  0.961442  -0.157242  17573.1  1.99615  0.0617359  1
933  0  1.2497  0.2485  17458.1  1.9013  -0.0685536  1
934  0  0.70302  0.116528  16964.6  2.04767  -0.0987469  1
935  0  -0.990558  -0.498653  17557.1  1.96477  0.292409  1
936  0  0.00393079  0.12744  16277.2  2.37349  0.852903  1
937  0  0.459535  -0.14593  17795.7  1.87126  0.0414024  1
938  0  0.338352  -0.284171  17831.3  1.84161  0.105204  1
939  0  0.516889  -0.140879  17765.9  1.88932  0.031962  1
940  0  0.543861  0.157656  16734.1  2.38675  -0.0679637  1
941  0  1.08784  -0.801423  17593.3  1.99014  0.118724  1
942  0  0.935201  0.0624841  17250.8  1.18956  -0.172632  1
943  0  1.15566  0.330188  17389.3  1.94789  -0.0500759  1
944  0  -0.0187453  0.0684902  16762.6  1.97205  1.17871  1
945  0  0.352986  0.495921  16882.7  2.21774  0.156468  1
946  0  0.791691  1.27773  17287.8  1.98905  0.16956  1
947  0  0.136226  0.242196  16366.5  2.44675  0.367485  1
948  0  0.650591  -0.440945  17692.7  1.91713  0.0905048  1
949  0  1.73611  1.73759  17431.1  1.90093  0.205266  1
950  0  -0.0664619  0.0214508  17816.6  1.61209  0.758172  1
951  0  0.628489  -0.210382  17714.3  1.91572  0.0424523  1
952  0  0.786828  -0.0717228  17622.8  2.04929  0.0182781  1
953  0  -0.481362  -0.423805  17648.9  1.92827  0.340855  1
954  0  0.0525764  0.0805971  14959.7  2.61664  0.894187  1
955  0  -0.0383676  -0.147454  18024.3  1.68512  0.28742  1
956  0  -0.532151  -1.40993  17638.3  1.96371  0.257661  1
957  0  0.580774  0.278467  16869.5  2.24729  -0.00632075  1
958  0  0.825507  -0.469006  17645.1  1.94466  0.0879834  1
959  0  0.333124  0.286042  16573.1  2.37559  0.120696  1
960  0  0.604405  0.108441  16825.7  2.03034  -0.107258  1
961  0  0.137768  -0.103756  18074.1  1.69094  0.0677919  1
962  0  0.683419  0.252765  16975.6  2.20522  -0.02914  1
963  0  -0.25641  0.610925  17163.1  2.08494  0.392643  1
964  0  0.203783  -1.05304  17677  1.93889  0.184561  1
965  0  0.177902  -0.418523  17824.9  1.83337  0.166408  1
966  0  1.76521  -1.76521  17479.9  2.15698  0.233164  1
967  0  -0.0734681  -0.243066  17898.5  1.77106  0.274873  1
968  0  -1.73385  -0.833254  17548.7  1.98309  0.259647  1
969  0  0.944909  0.238777  17259.3  2.07202  -0.0873505  1
970  0  -0.501299  0.773406  17243  2.02906  0.345225  1
971  0  -0.717075  -0.612099  17609  1.95567  0.311657  1
972  0  0.354812  0.194562  16420.6  2.45606  0.0505014  1
973  0  1.10632  -0.0581772  17570.8  1.96826  0.0737016  1
974  0  1.12876  -0.116527  17577  2.04472  0.0608687  1
975  0  0.18502  -0.0153523  18062  1.58569  -0.0360426  1
976  0  -0.908154  1.20156  17274.5  2.00574  0.278846  1
977  0  0.924482  -0.0460895  17532.6  2.10361  0.0300952  1
978  0  -0.0349753  0.882651  17146.7  2.07423  0.308534  1
979  0  0.948538  0.0257556  17290.3  0.389203  -0.0820986  1
980  0  0.574574  -0.0445303  17739.4  1.99005  -0.00227308  1
981  0  0.140452  0.138172  15782.4  2.71165  0.40317  1
982  0  0.0254782  -0.27904  17910.7  1.77323  0.210395  1
983  0  0.272416  -0.274508  17862.1  1.82273  0.114381  1
984  0  -0.381629  -1.14622  17651.9  1.94092  0.257332  1
985  0  0.158597  -0.297755  17895.8  1.79901  0.149823  1
986  0  0.488769  0.177426  16659  2.39236  -0.0446244  1
987  0  0.821577  0.0962138  17063.7  1.71261  -0.134631  1
988  0  -0.357895  -0.256645  17680.6  1.89736  0.376156  1
989  0  0.472262  0.0923369  16560.2  1.44746  -0.0907831  1
990  0  1.02278  -0.51399  17606.4  1.96309  0.0839659  1
991  0  0.787526  0.102272  17010.5  1.80701  -0.117349  1
992  0  0.646451  -0.0427806  17712.3  2.00305  0.00579203  1
993  0  -0.524277  0.608822  17265.8  2.02752  0.366959  1
994  0  1.08525  0.253569  17374  1.99345  -0.0972886  1
995  0  0.0136266  0.229658  16585.4  2.31699  0.544584  1
996  0  0.041382  -0.0321017  18476.3  1.43612  0.0975393  1
997  0  0.0922176  -0.0394392  18255.1  1.60221  -0.0034425  1
998  0  1.02591  -1.41736  17584.2  2.00907  0.172851  1
999  0  -0.781652  -0.834635  17611  1.96048  0.297127  1
1000  0  0.441623  -0.630927  17719.5  1.89675  0.144087  1
1001  0  1.07322  -0.242504  17582  1.97082  0.0668667  1
1002  0  1.02526  0.00576857  17551.5  0.909684  0.025589  1
1003  0  0.4655  -0.0512455  17804.4  1.97851  0.00431832  1
1004  0  -0.762499  0.267033  17394.1  1.99832  0.323959  1
1005  0  -0.129052  0.64847  17111.2  2.10969  0.362205  1
1006  0  -0.0978227  -0.0158858  17898.4  1.66709  0.57382  1
1007  0  0.598647  -0.293815  17721.2  1.90406  0.0635343  1
1008  0  0.304212  -0.0722924  17899.5  1.84758  0.0195478  1
1009  0  0.302836  0.653593  17008.2  2.15045  0.192748  1
1010  0  -0.57235  0.153083  17422.1  1.99558  0.399283  1
1011  0  0.965447  0.104054  17302.7  1.84356  -0.203342  1
1012  0  0.555601  -0.133857  17748.7  1.90401  0.0260204  1
1013  0  0.732742  -0.169254  17666.5  1.9416  0.0392402  1
1014  0  0.664672  -0.0133086  17715.9  1.46395  -0.00180888  1
1015  0  -0.479783  -0.633761  17659.6  1.93587  0.308831  1
1016  0  0.396892  -0.153821  17828.2  1.85066  0.0527648  1
1017  0  1.35789  -0.224633  17565.3  2.00692  0.0542673  1
1018  0  1.0383  0.170807  17402.6  2.00232  -0.149033  1
1019  0  0.503201  0.220451  16722.5  2.32587  -0.0210178  1
1020  0  1.45161  -1.78948  17525.8  2.12309  0.240929  1
1021  0  0.0455876  -0.0925836  18203.2  1.60087  0.158173  1
1022  0  0.967777  -0.219449  17590.4  1.97132  0.0694473  1
1023  0  -0.632295  0.0117082  17489  1.97673  0.370441  1
1024  0  0.109576  0.113935  15554.4  2.7959  0.52136  1
1025  0  0.256538  -0.16157  17921.3  1.79298  0.0751559  1
1026  0  0.304083  0.365367  16691.8  2.31151  0.164403  1
1027  0  -0.222133  -0.57132  17721.4  1.89901  0.263091  1
1028  0  -0.290962  -0.0740639  17638  1.88822  0.459619  1
1029  0  0.0692886  0.227561  16408.6  2.40917  0.490626  1
1030  0  0.426211  0.267229  16661.4  2.33812  0.038096  1
1031  0  0.223019  -0.132051  17952.7  1.77009  0.0639094  1
1032  0  0.971003  -0.0162879  17429.3  1.65571  0.0567367  1
