285  524  945
271  550  1012
497  910  1021
351  481  860
524  574  945
285  494  919
30  464  856
388  681  691
373  528  1000
482  645  1029
373  450  1000
451  618  873
362  562  966
550  575  1012
546  645  1029
365  544  1009
369  535  1001
285  470  919
30  31  856
56  57  527
369  430  819
346  447  597
346  446  597
339  628  667
384  541  707
369  430  759
353  555  639
90  91  491
301  529  631
412  588  795
369  528  609
0  647  987
412  539  795
300  500  628
78  79  517
313  608  766
291  480  543
429  910  1021
299  470  566
365  482  645
369  528  1001
332  422  709
103  104  521
347  477  659
331  620  703
345  495  550
365  482  1009
273  437  674
351  518  860
318  375  786
317  498  499
372  585  643
368  721  949
508  721  949
489  537  644
399  552  772
318  595  752
394  682  787
392  612  614
343  478  862
300  628  667
299  470  587
273  557  684
374  545  885
14  590  718
269  698  735
315  484  681
460  598  897
302  494  572
316  568  770
297  505  601
356  533  538
302  494  549
408  512  775
311  450  649
335  565  573
295  612  614
398  553  856
461  598  897
286  429  755
288  497  910
321  723  742
324  410  742
52  53  548
308  728  749
283  608  712
373  450  927
33  509  931
315  681  691
2  18  636
341  444  507
476  533  705
363  563  684
350  703  823
519  773  1015
420  826  841
585  643  728
0  647  720
269  618  873
50  51  547
478  518  1025
2  19  636
534  655  936
373  528  609
294  590  718
268  806  892
286  500  631
371  608  712
390  536  606
397  649  878
386  537  644
439  578  721
307  542  901
274  423  592
289  516  941
336  440  512
294  485  590
394  623  682
348  526  769
414  588  710
285  494  572
463  747  949
508  721  974
345  550  596
316  477  659
533  705  978
295  612  821
288  627  665
290  460  598
276  539  795
334  435  515
450  649  878
315  484  614
285  470  781
400  533  859
121  122  534
362  577  777
350  600  724
336  440  780
347  477  844
343  496  862
278  541  707
416  602  666
386  537  702
273  563  684
464  553  856
508  747  949
292  466  613
403  663  717
92  545  567
281  401  598
349  753  754
295  506  733
385  578  707
296  573  876
127  128  644
475  623  682
390  476  926
364  641  1033
340  568  667
283  617  712
273  437  966
330  595  620
301  529  810
285  524  781
92  93  567
286  603  637
422  698  735
336  512  775
342  586  766
370  588  795
520  630  980
365  544  800
287  577  699
434  557  594
422  698  709
281  519  861
304  537  702
337  453  510
317  499  678
347  441  523
290  460  595
94  95  576
388  638  691
352  604  1036
430  582  759
22  468  831
474  634  884
362  563  593
359  436  602
349  455  542
390  536  926
268  520  806
332  709  896
312  633  640
362  563  966
400  557  684
470  566  781
357  475  655
502  826  841
350  442  600
359  698  709
324  490  618
513  604  1036
343  478  784
92  545  694
30  464  915
309  554  981
356  538  726
297  474  884
286  631  637
355  552  772
112  113  556
469  722  778
279  432  577
100  101  559
32  33  931
291  479  880
71  72  564
344  478  1025
459  586  766
486  728  749
328  630  980
607  924  1030
342  531  766
478  860  862
296  762  876
363  563  593
295  484  733
334  435  788
727  779  986
280  662  672
449  658  823
318  375  700
298  658  823
278  578  707
334  525  788
367  513  830
431  503  811
325  682  787
272  663  717
488  638  691
468  753  754
326  459  586
303  555  639
355  516  772
396  715  845
294  485  746
292  613  688
281  519  677
545  885  904
401  610  764
357  475  682
393  564  765
332  570  584
417  570  980
357  655  936
383  564  765
275  519  773
362  406  777
284  503  744
43  44  582
127  644  1003
268  520  570
380  554  769
91  491  694
431  811  954
43  582  759
366  488  691
16  17  499
300  500  755
128  129  748
408  673  836
373  536  606
366  489  537
337  634  750
310  469  782
362  406  872
498  499  893
478  518  860
411  529  631
348  526  643
305  456  740
13  543  730
359  602  666
309  529  981
396  540  845
369  535  819
308  526  571
367  513  604
62  63  580
392  613  688
343  607  924
367  463  830
314  549  919
408  512  836
455  542  901
289  516  752
505  601  956
324  504  742
476  533  859
421  727  779
417  445  1027
419  627  665
281  461  598
305  456  731
373  536  927
279  593  690
504  618  732
313  502  984
460  595  752
293  471  756
24  546  1007
292  602  688
306  477  627
368  578  721
274  423  736
283  531  608
403  431  870
497  568  770
1  10  741
1  45  741
370  588  710
394  623  683
531  608  766
286  500  755
371  633  886
40  606  906
344  740  778
439  578  942
287  577  777
336  634  780
365  800  970
393  679  852
423  662  672
104  521  651
354  535  736
309  526  769
103  521  650
444  507  802
298  703  823
268  498  1022
282  454  711
434  594  944
312  502  826
128  644  748
349  455  754
467  675  963
346  446  554
279  641  690
24  25  546
57  527  668
391  515  820
47  48  600
391  676  820
276  666  774
56  527  670
286  429  865
270  721  974
292  602  818
79  517  692
364  443  603
366  488  642
78  517  653
394  615  683
366  489  642
378  599  692
275  467  519
273  674  955
413  550  575
398  553  778
311  450  927
377  629  720
319  516  772
322  560  857
84  85  591
666  774  964
353  785  918
93  94  626
569  806  892
90  491  611
398  722  778
480  543  718
451  618  732
272  496  717
490  618  1010
273  557  955
291  480  880
82  83  597
384  689  855
277  632  830
80  81  599
357  681  797
385  574  707
271  550  1030
539  612  821
508  747  962
432  603  637
380  619  680
309  554  769
418  709  896
479  610  764
440  512  812
405  605  792
272  663  860
355  462  552
390  606  763
14  543  718
393  523  852
504  723  742
26  27  776
306  622  940
327  705  925
0  138  629
329  601  956
355  516  946
381  569  579
294  410  857
548  704  791
14  15  590
350  493  724
432  577  699
335  565  751
326  459  904
335  573  787
402  890  975
337  453  621
27  776  948
404  704  791
357  682  797
561  620  703
416  602  688
592  641  1033
389  559  816
351  594  944
16  499  678
279  432  687
487  705  925
297  474  689
296  588  762
440  510  843
427  850  1015
359  436  698
435  515  814
385  524  574
13  730  997
297  689  853
378  583  661
299  525  640
417  445  804
468  630  831
299  587  794
453  510  840
17  499  871
296  588  783
427  519  677
343  496  1013
32  856  931
397  592  878
346  447  583
495  924  1030
388  638  686
377  540  822
274  592  878
287  571  777
297  505  853
348  643  808
276  539  1028
291  610  675
328  630  754
332  422  899
391  559  816
362  577  827
317  498  993
377  822  866
383  625  697
526  571  685
324  410  746
353  555  768
520  570  980
493  647  987
340  568  743
306  477  844
275  467  963
296  565  573
292  466  923
28  522  969
356  557  594
305  544  731
29  915  969
372  643  808
310  469  722
305  553  888
332  570  804
381  630  831
384  572  855
371  887  894
318  786  946
21  22  831
433  647  720
386  507  748
40  41  906
377  720  790
295  506  821
91  92  694
291  543  730
400  533  971
605  739  792
309  526  685
458  737  947
23  24  551
379  419  665
390  476  705
316  477  770
278  578  942
94  576  626
349  542  671
334  587  664
41  42  609
24  551  1007
330  595  700
0  629  720
380  591  680
367  463  747
371  652  886
121  534  655
327  558  925
406  571  777
389  650  696
295  484  614
382  499  871
122  534  686
116  117  615
426  617  712
352  737  947
114  115  616
307  542  793
434  557  955
319  622  941
22  468  753
314  813  816
89  90  611
314  549  813
304  581  702
463  632  830
288  497  770
399  708  882
305  553  740
86  87  619
294  480  857
286  603  865
356  533  971
283  531  589
490  735  995
334  525  794
339  628  661
441  523  828
341  444  918
73  74  625
329  565  751
410  560  857
285  572  945
75  76  624
13  14  543
282  454  886
368  632  949
53  548  704
31  32  856
118  119  623
301  583  661
325  573  787
436  602  818
308  643  728
558  877  912
395  580  914
396  657  715
463  632  949
458  607  737
411  631  637
303  555  982
427  672  850
494  549  919
710  883  942
272  860  862
52  548  706
35  877  912
290  598  758
399  580  914
469  782  943
300  568  1021
412  588  762
384  574  945
95  576  635
362  593  827
382  569  579
29  30  915
332  584  899
400  557  971
282  711  757
403  717  939
51  547  706
553  740  778
321  742  1011
425  761  879
268  498  892
437  674  811
302  572  855
371  652  712
363  649  690
300  568  667
569  892  893
268  570  584
389  813  816
403  617  870
320  555  768
353  639  918
377  540  629
384  574  707
304  537  1019
399  552  882
351  481  944
474  634  750
50  547  713
278  541  1034
364  443  662
289  752  897
471  555  982
342  744  985
370  710  883
409  928  982
379  669  807
407  751  903
25  546  645
468  630  754
281  461  677
291  479  610
605  815  968
281  401  861
382  579  636
439  847  883
294  410  746
112  556  673
293  732  767
374  545  567
379  419  669
123  124  638
506  762  876
338  717  979
533  538  978
113  556  695
481  663  860
415  847  883
125  126  642
342  531  589
66  67  646
382  499  893
299  566  881
407  616  695
522  776  948
284  486  744
401  598  758
314  587  664
540  629  863
313  608  894
486  744  1005
305  544  800
360  813  908
64  65  648
101  559  696
100  559  676
362  562  872
327  558  851
487  705  996
290  595  620
497  568  1021
413  542  793
336  601  775
378  517  692
467  519  861
283  617  870
446  554  917
293  471  928
95  96  635
586  744  1005
327  705  978
316  568  743
396  768  822
412  539  821
532  622  940
71  564  679
465  558  925
321  473  723
72  564  697
404  791  934
104  105  651
394  615  825
395  648  714
132  133  654
77  78  653
330  620  890
363  649  734
134  135  657
323  674  811
354  535  819
550  596  1032
102  103  650
299  640  881
384  541  689
430  582  968
314  587  919
284  503  760
611  660  808
405  605  968
454  633  640
309  529  848
361  867  953
358  781  1024
392  951  959
347  441  719
538  726  727
28  29  969
280  672  693
484  681  797
308  571  749
294  480  718
334  515  983
317  485  809
416  539  612
41  609  906
467  610  675
421  558  851
279  593  827
304  530  1019
495  550  1030
284  760  872
407  556  903
120  121  655
452  915  969
271  604  737
503  744  985
363  593  690
328  754  900
409  716  982
323  663  835
383  564  697
413  542  990
318  595  700
383  743  765
428  491  585
341  702  972
378  599  937
57  58  668
390  705  996
293  723  732
329  601  775
392  612  688
334  587  794
326  428  904
323  811  954
312  633  887
55  56  670
435  805  814
277  830  1026
33  509  779
462  552  864
461  669  807
524  781  1024
440  833  843
408  556  903
347  523  920
460  752  897
272  496  862
288  665  910
376  788  817
288  627  973
308  526  643
344  478  977
290  561  758
389  650  854
25  26  645
424  508  962
341  507  932
464  553  888
525  640  817
290  561  620
489  644  1003
397  592  641
397  649  690
423  662  1033
380  619  803
496  717  979
312  640  817
426  652  799
440  510  780
396  540  822
398  722  931
352  604  737
42  43  929
324  490  789
414  588  783
455  754  900
111  112  673
458  607  1013
412  506  762
414  541  853
289  532  941
88  89  660
326  428  585
417  725  1027
99  100  676
28  522  948
279  641  687
268  584  1022
401  610  861
34  35  877
380  554  917
313  502  894
70  71  679
485  590  1004
320  822  866
412  506  821
424  508  974
335  472  825
335  472  837
405  582  968
53  54  704
293  756  1020
440  812  833
396  657  801
366  691  916
324  504  618
383  743  868
382  569  893
33  34  779
414  505  853
63  580  714
408  775  903
509  722  931
318  516  752
23  551  1035
383  625  868
62  580  708
432  603  687
403  617  939
386  507  932
291  675  730
37  898  905
372  491  585
448  605  739
431  503  985
337  634  780
541  689  853
417  570  804
117  118  683
367  913  1012
51  52  706
405  582  889
320  768  822
333  671  1007
402  791  890
85  86  680
387  899  995
474  689  855
122  123  686
358  566  781
79  80  692
302  750  855
331  890  975
113  114  695
421  558  877
403  431  954
453  840  869
331  620  890
85  591  680
275  815  963
333  596  1029
301  628  661
441  824  828
329  565  956
350  442  976
49  50  713
15  16  678
414  505  783
474  750  855
404  704  729
448  739  997
391  664  816
72  73  697
388  534  686
80  599  692
318  516  946
373  609  906
340  743  868
61  62  708
387  490  995
443  662  1014
435  635  1006
84  591  834
421  538  727
101  102  696
404  670  729
325  573  876
381  569  806
351  594  782
447  583  937
321  433  790
444  802  858
532  622  941
407  556  695
83  597  834
76  77  701
11  12  739
336  601  884
82  597  839
319  516  941
4  36  905
4  37  905
313  766  885
302  549  908
345  731  1009
385  632  846
345  596  1009
301  583  810
364  641  687
81  599  839
471  555  994
354  773  1015
621  750  908
410  560  742
340  667  879
271  607  737
411  637  699
339  761  879
135  136  715
34  779  877
37  38  898
117  615  683
321  473  790
338  717  939
443  603  865
317  678  1004
482  596  1029
371  608  894
503  760  811
10  11  792
428  491  694
303  639  972
345  495  909
389  559  696
93  567  911
427  519  1015
329  751  903
333  596  1032
312  502  887
363  684  734
380  591  917
114  616  695
118  623  683
378  517  991
337  510  780
351  518  943
351  782  943
22  23  753
284  486  965
63  64  714
354  736  850
530  951  959
354  850  1015
316  743  765
364  603  687
315  614  951
387  584  899
320  555  994
406  571  749
385  578  989
43  759  929
415  774  895
370  656  795
385  524  846
276  656  795
358  738  757
138  629  863
349  671  1035
356  594  726
86  619  680
89  611  660
36  905  912
325  682  797
340  829  879
276  656  774
329  775  903
549  813  908
407  616  837
425  653  701
392  614  951
391  515  983
123  638  686
73  625  697
116  615  922
115  616  922
418  774  964
378  661  991
15  590  678
35  36  912
465  898  905
379  693  902
287  571  685
76  624  701
387  490  809
341  918  972
340  483  868
416  612  688
427  693  807
288  770  973
119  623  961
301  631  1023
340  483  829
298  658  764
298  561  703
333  990  1032
12  739  997
87  619  957
393  659  765
421  779  877
513  830  1026
54  55  729
26  645  776
353  514  785
493  647  823
373  606  906
280  662  1014
547  713  975
365  776  970
365  645  776
371  633  887
481  663  835
353  514  801
436  698  873
395  580  714
517  761  991
46  47  724
48  600  745
273  563  966
465  558  912
335  751  837
407  751  837
96  97  805
501  665  902
403  663  954
271  604  1012
74  625  935
428  545  694
75  624  935
355  462  786
501  902  1014
605  815  963
520  630  806
337  621  750
453  621  849
451  732  767
342  586  744
384  572  945
39  40  763
378  583  937
415  656  774
415  656  883
372  491  611
135  657  715
102  650  696
442  713  975
277  846  1024
395  648  891
304  581  958
448  605  963
581  702  972
401  764  1016
67  68  824
358  566  711
130  131  802
421  538  851
96  635  805
277  738  1024
437  562  760
435  788  1006
124  638  1002
326  586  1005
402  548  791
20  21  832
462  864  875
445  804  896
3  27  948
3  28  948
17  18  871
125  642  1002
379  665  902
542  671  990
97  98  814
425  624  701
109  110  812
77  653  701
126  642  1003
393  523  920
47  600  724
83  84  834
372  611  808
320  756  866
81  82  839
482  596  1009
369  609  929
397  641  690
452  888  915
299  525  794
444  654  785
423  592  1033
544  731  1009
395  867  914
18  636  871
282  757  798
98  99  820
108  109  833
12  13  997
393  659  920
317  485  1004
48  49  745
435  635  805
360  521  849
44  45  889
335  787  825
330  791  934
400  684  734
277  632  846
132  654  858
105  651  869
425  653  761
380  769  803
465  905  912
339  667  879
477  627  973
311  649  734
427  677  807
304  530  959
68  69  828
67  646  824
64  648  714
377  790  866
502  887  894
343  607  1013
471  928  982
622  867  953
303  960  972
358  711  757
454  640  881
473  723  1020
332  804  896
10  741  792
110  111  836
319  622  867
315  916  951
370  656  883
133  654  1031
270  974  1027
394  787  825
348  492  808
639  918  972
402  548  706
381  579  832
134  657  1031
551  671  1007
106  107  840
388  681  936
470  587  919
459  766  885
107  108  843
426  799  874
382  636  871
411  529  848
579  832  1008
136  137  845
120  655  961
525  788  817
414  541  1034
280  693  902
442  975  976
551  671  1035
66  646  992
350  703  976
402  547  706
461  677  807
93  626  911
426  652  712
69  70  852
391  664  983
293  723  1020
385  632  989
44  582  889
379  693  807
40  606  763
367  604  1012
522  776  970
323  663  954
409  767  771
131  132  858
408  556  673
310  726  727
65  648  992
392  613  959
58  59  875
433  647  907
105  106  869
303  716  960
111  673  836
348  492  803
418  774  895
326  585  728
325  733  876
405  741  889
386  644  748
396  768  801
336  634  884
366  537  1019
594  726  782
137  138  863
509  779  986
521  651  849
507  748  930
59  60  864
99  676  820
456  784  924
416  666  1028
38  39  1018
416  539  1028
437  760  811
575  913  1012
306  627  940
413  575  793
323  674  835
453  651  849
424  901  962
444  654  858
289  669  897
530  916  951
88  660  957
375  700  934
309  685  848
325  733  797
502  841  984
386  702  932
442  713  745
19  20  1008
484  733  797
60  61  882
405  741  792
289  669  1017
402  547  975
39  763  996
298  764  1016
269  698  873
391  559  676
322  449  907
346  583  810
466  613  958
560  742  1011
339  661  991
419  669  1017
348  769  803
70  679  852
452  800  970
322  658  880
501  665  910
330  791  890
304  958  959
590  678  1004
485  789  809
55  670  729
453  651  869
456  731  909
514  654  785
459  885  904
58  668  875
322  449  658
469  778  1025
361  511  796
439  883  942
409  716  923
487  898  925
282  652  799
357  681  936
353  768  801
331  703  976
360  521  854
479  658  880
432  637  699
562  760  872
393  564  679
360  621  849
361  511  891
452  800  888
486  728  1005
438  738  757
115  116  922
302  750  908
404  670  933
398  856  931
310  722  986
136  715  845
344  778  1025
439  721  847
359  709  964
54  704  729
97  805  814
490  789  809
425  624  829
426  617  939
427  672  693
20  832  1008
478  784  977
74  75  935
297  601  884
409  818  923
400  734  859
350  493  823
401  758  1016
456  909  924
465  898  925
271  607  1030
109  812  833
423  736  850
39  996  1018
360  621  908
279  577  827
441  646  824
579  636  1008
110  812  836
98  814  820
454  711  881
376  817  826
303  716  982
42  609  929
129  130  930
131  802  858
479  658  764
389  813  854
87  88  957
319  867  914
314  664  816
108  833  843
119  120  961
61  708  882
413  550  1032
356  557  971
428  545  904
492  660  808
388  534  936
107  840  843
414  710  1034
354  773  819
466  581  960
324  746  789
475  655  961
68  824  828
129  748  930
106  840  869
45  741  889
368  578  989
500  631  1023
433  720  790
301  628  1023
274  736  1001
454  633  886
566  711  881
0  46  987
426  874  939
282  652  886
466  581  958
341  702  932
466  716  960
437  562  966
424  725  974
464  888  915
345  731  909
130  802  930
23  753  1035
126  127  1003
124  125  1002
65  66  992
283  589  870
347  659  920
441  646  796
441  719  796
69  828  852
316  659  765
280  902  1014
434  674  835
346  554  981
517  653  761
456  740  977
514  657  801
311  734  859
347  719  844
133  134  1031
409  771  818
399  772  914
49  713  745
509  722  986
395  867  891
423  672  850
475  623  961
358  738  1024
472  615  922
451  767  771
411  699  938
472  616  922
472  615  825
725  974  1027
431  589  985
276  666  1028
334  664  983
488  642  1002
406  872  965
137  845  863
269  735  1010
446  591  834
488  638  1002
521  650  854
492  619  803
381  831  832
307  793  913
489  642  1003
446  597  834
420  826  999
381  630  806
492  660  957
467  610  861
326  728  1005
409  767  928
275  773  815
330  700  934
447  597  839
293  767  928
436  771  818
361  867  891
447  599  839
472  616  837
11  739  792
514  654  1031
333  671  990
514  657  1031
344  740  977
431  589  870
59  864  875
296  565  988
399  580  708
320  756  994
307  747  913
310  726  782
277  738  1026
466  716  923
60  864  882
429  755  1021
306  622  953
448  675  730
419  627  940
420  626  911
413  990  1032
369  759  929
305  800  888
19  636  1008
269  618  1010
289  532  1017
406  749  965
360  813  854
492  619  957
300  755  1021
483  625  935
417  725  838
483  624  935
462  668  875
387  584  1022
367  747  913
507  802  930
511  646  796
483  624  829
21  831  832
368  632  989
613  958  959
430  773  819
375  527  842
420  911  998
282  798  799
311  926  927
343  784  924
483  625  868
375  527  933
444  785  918
538  851  978
287  699  938
418  709  964
424  725  838
298  561  1016
425  829  879
430  773  815
420  841  998
524  846  1024
498  892  893
504  723  732
452  969  970
342  589  985
462  668  842
278  710  942
315  691  916
376  826  999
322  857  880
438  757  798
575  793  913
506  733  876
361  719  796
446  591  917
505  783  988
374  841  998
719  844  953
390  763  996
321  433  1011
349  753  1035
361  719  953
511  646  992
359  666  964
331  975  976
418  895  896
46  724  987
284  872  965
352  947  952
473  756  866
511  648  992
376  788  1006
374  885  984
310  727  986
322  560  907
328  838  900
561  758  1016
461  669  897
374  841  984
457  798  799
278  710  1034
447  599  937
487  898  1018
486  749  965
451  771  873
270  721  847
311  859  926
374  567  998
511  648  891
581  960  972
296  783  988
457  947  952
576  626  999
419  940  1017
442  600  745
307  901  962
536  926  927
376  576  1006
462  786  842
327  851  978
522  969  970
292  818  923
312  817  826
376  576  999
443  865  950
424  838  900
527  668  842
404  933  934
346  810  981
532  940  1017
366  916  1019
438  738  1026
500  628  1023
535  736  1001
473  790  866
387  809  993
338  874  939
512  812  836
424  900  901
434  674  955
510  840  843
458  979  1013
355  786  946
434  835  944
576  635  1006
364  662  1033
375  933  934
495  909  924
477  770  973
515  814  820
443  950  1014
436  771  873
339  761  991
471  756  994
457  798  952
458  967  979
445  895  896
420  626  999
38  898  1018
415  895  921
429  865  950
527  670  933
328  838  980
422  735  995
415  847  921
529  810  981
274  878  1000
456  784  977
448  730  997
540  845  863
457  799  874
449  647  907
430  815  968
523  828  852
458  947  967
333  1007  1029
448  675  963
438  798  952
496  979  1013
429  910  950
307  747  962
319  772  914
481  835  944
445  895  921
411  848  938
417  838  980
422  899  995
375  786  842
450  878  1000
469  943  1025
287  685  938
455  900  901
476  859  926
493  724  987
457  947  967
485  746  789
685  848  938
270  847  921
552  864  882
473  756  1020
338  967  979
352  952  1036
565  956  988
518  943  1025
274  1000  1001
438  952  1036
457  874  967
530  916  1019
313  885  984
306  844  953
501  950  1014
505  956  988
501  910  950
449  647  823
487  996  1018
445  921  1027
317  809  993
338  874  967
438  1026  1036
433  907  1011
567  911  998
480  857  880
546  1007  1029
490  735  1010
387  993  1022
270  921  1027
513  1026  1036
528  1000  1001
498  993  1022
560  907  1011
