417  420  920
283  484  942
395  562  695
465  562  695
426  510  939
354  570  664
283  465  942
38  514  770
340  420  920
323  734  888
568  622  764
469  734  885
445  597  927
66  67  507
287  525  659
269  573  799
385  482  694
25  493  734
452  570  664
42  488  829
400  468  969
85  86  538
301  647  648
398  899  976
493  734  888
294  462  722
354  464  912
285  415  825
285  415  519
366  551  601
318  735  794
304  498  564
331  533  995
373  444  573
393  461  701
416  556  723
358  576  661
271  568  622
45  715  736
0  46  549
331  427  513
373  444  898
432  554  743
380  572  607
595  704  969
301  484  648
332  473  953
38  39  770
87  88  512
476  630  645
452  570  844
0  549  850
375  630  645
341  388  546
27  734  885
310  554  743
281  430  553
330  585  592
536  565  663
318  502  735
372  686  812
421  566  689
275  522  702
376  677  776
416  556  961
339  485  933
543  711  819
30  652  896
400  520  704
340  497  920
328  524  759
278  499  788
378  486  716
414  553  835
0  551  601
326  526  564
358  576  749
334  426  939
379  671  792
421  689  972
89  90  520
328  441  590
397  499  788
371  391  567
477  637  646
284  523  597
417  420  791
274  531  545
281  621  664
25  26  734
332  473  924
511  527  800
354  464  570
348  561  986
364  520  704
328  443  590
360  470  575
410  525  784
394  531  866
444  573  799
287  525  863
447  581  605
77  78  536
346  537  725
323  734  902
415  589  825
32  437  606
476  581  810
278  440  617
427  576  749
360  470  552
496  573  577
435  462  722
385  425  752
334  557  648
285  620  716
358  540  661
44  45  715
410  603  784
382  565  663
339  485  711
302  480  593
286  454  665
414  642  778
339  543  711
42  43  829
425  525  659
282  435  582
363  569  602
585  827  930
123  124  529
592  797  910
370  433  822
308  537  669
303  498  564
29  30  652
385  482  746
376  500  776
348  418  579
320  521  636
339  552  933
269  573  867
492  899  976
0  138  551
42  488  840
401  620  738
345  438  973
102  103  643
284  597  834
379  529  905
365  542  756
410  525  863
531  866  968
387  622  764
384  419  621
400  681  733
299  458  616
372  510  812
428  613  979
294  479  833
379  633  671
363  627  758
311  521  636
353  438  508
332  483  953
11  12  495
325  545  877
354  649  912
332  483  714
428  847  979
397  499  753
130  131  540
388  637  646
556  766  961
384  587  604
375  645  655
325  739  877
361  544  658
358  540  785
393  612  701
352  514  861
348  561  921
283  631  775
388  712  845
128  129  544
361  544  794
26  27  734
445  597  834
421  483  714
324  515  803
312  516  673
598  813  927
350  496  577
508  733  1001
408  544  794
326  564  698
481  633  671
364  512  634
273  570  844
352  489  892
389  538  700
294  833  931
369  639  890
348  446  579
455  790  853
370  433  615
405  501  537
296  504  644
313  673  800
360  724  978
408  540  785
423  652  896
328  524  731
572  607  952
295  592  797
352  514  892
12  495  596
329  524  731
320  468  969
597  598  927
354  528  722
562  607  911
355  471  587
353  468  508
295  585  827
294  528  801
319  593  771
533  534  995
304  498  666
303  535  548
13  14  412
359  581  605
365  542  729
278  396  617
274  531  660
326  526  718
359  476  581
32  437  887
345  438  745
329  524  640
279  449  915
339  470  552
310  517  743
400  468  733
279  449  460
577  684  737
379  792  905
313  393  692
384  419  744
102  578  643
301  561  804
25  493  610
281  553  835
415  519  591
420  869  984
399  500  763
355  587  604
346  530  537
293  475  561
280  467  979
385  425  694
14  412  616
320  521  595
334  426  823
346  530  549
407  715  736
324  515  606
337  639  668
556  723  831
319  671  792
385  657  746
365  543  657
434  893  901
432  554  837
471  627  758
300  534  818
68  69  567
291  527  800
360  559  724
441  538  700
352  583  861
389  512  884
523  597  720
333  628  805
407  495  676
341  442  546
332  563  906
272  436  499
318  502  842
381  702  723
283  475  804
414  528  801
399  678  763
296  557  648
304  666  721
385  555  657
282  435  649
417  519  591
423  787  902
284  523  779
283  484  804
314  595  704
354  649  722
325  545  790
365  555  729
331  427  749
273  604  822
350  496  547
34  515  1009
367  578  823
44  715  829
17  614  890
70  71  574
365  748  756
13  412  757
472  561  986
383  565  741
331  533  749
278  440  788
361  481  658
450  729  811
452  621  664
275  522  773
361  671  735
363  492  569
270  580  586
416  522  702
304  564  698
496  573  867
369  571  998
282  607  911
286  454  699
294  462  931
86  538  588
311  521  672
378  486  773
464  570  747
332  614  906
276  575  756
414  553  778
279  450  915
362  477  638
532  796  1006
384  452  621
21  689  972
362  478  638
281  430  789
388  546  845
340  497  719
301  484  804
335  405  501
298  458  878
416  702  723
381  580  586
363  602  758
493  871  888
364  512  884
273  570  747
67  507  688
361  481  671
314  595  935
290  728  876
275  559  724
92  733  1001
360  559  586
367  578  643
51  52  612
274  545  790
331  513  806
418  745  891
34  550  1009
101  102  578
347  464  747
132  133  576
33  34  515
375  630  682
449  460  990
402  772  811
357  506  596
32  33  606
66  507  656
639  707  890
365  543  748
382  565  1003
386  711  819
371  391  718
631  775  965
348  446  611
402  728  811
359  476  645
357  505  989
295  585  592
300  533  534
466  534  818
341  584  740
87  512  588
432  760  787
380  562  607
304  509  721
83  84  590
13  596  757
404  679  742
313  393  727
448  524  759
283  465  631
40  41  541
310  517  873
451  639  668
279  729  752
289  521  595
94  95  579
406  513  808
294  528  722
486  620  716
296  504  695
43  44  829
347  558  641
309  615  898
426  510  765
289  589  624
280  899  979
444  615  898
303  526  564
271  543  657
497  920  956
371  567  688
423  652  902
426  578  823
290  594  876
375  609  682
376  608  677
497  719  779
1  10  736
1  45  736
467  730  847
364  520  634
494  742  1010
315  532  642
519  920  956
370  558  641
507  656  761
341  388  755
302  480  817
96  97  599
389  700  884
339  470  748
356  554  766
34  35  550
604  822  958
404  742  1010
274  790  853
334  557  823
377  620  738
427  513  816
276  542  811
367  494  643
306  598  813
390  656  761
289  624  935
438  745  891
349  447  605
337  424  569
432  487  760
16  17  890
347  558  747
423  517  743
308  511  527
328  441  700
374  813  927
439  662  886
336  454  456
407  495  774
275  559  702
39  40  670
493  610  871
39  670  770
401  589  624
278  499  970
273  558  747
311  591  672
369  473  998
89  520  634
344  482  568
315  645  655
332  563  714
312  516  832
90  520  681
362  673  692
288  439  662
24  25  610
406  709  808
374  531  545
379  633  680
393  461  727
313  673  692
317  683  851
23  684  737
303  498  751
336  434  456
33  515  606
380  572  853
370  558  822
412  506  907
453  754  859
305  535  662
363  492  627
46  549  697
293  472  561
425  525  967
468  508  733
292  730  847
347  464  952
413  871  888
492  569  830
312  673  950
496  547  814
539  869  984
12  13  596
315  532  897
86  87  588
302  532  796
398  613  818
413  487  782
516  673  800
334  647  648
41  840  974
378  497  716
475  561  804
450  728  811
467  730  949
123  529  654
480  593  771
368  597  598
40  541  670
356  554  720
272  499  708
124  529  680
276  772  811
509  565  1003
113  114  608
48  49  623
115  116  609
31  517  896
337  569  602
327  655  833
372  611  647
469  734  902
378  497  779
453  754  994
292  480  771
530  549  850
286  466  665
275  486  981
283  475  999
352  550  936
542  729  811
503  728  876
349  593  792
337  571  639
373  573  577
535  548  662
314  876  935
412  458  616
465  562  631
352  550  836
486  620  981
337  571  602
342  628  740
77  536  663
501  537  669
307  600  1002
78  536  690
299  458  988
385  555  752
361  735  794
405  530  537
130  540  653
81  82  625
79  80  626
373  566  898
131  540  661
365  555  657
399  777  996
457  539  1007
106  107  618
108  109  619
138  551  705
274  572  660
352  583  836
404  767  1010
271  657  746
306  782  814
128  544  658
129  544  653
345  685  791
286  466  726
414  528  835
320  595  969
313  800  955
302  593  796
321  777  996
316  509  565
390  761  841
349  593  796
301  561  921
307  600  995
271  568  746
336  732  780
396  669  918
382  663  696
432  487  837
350  610  684
381  559  586
291  527  617
415  589  854
394  531  660
414  642  985
371  507  688
278  396  894
420  685  791
376  754  859
90  91  681
339  543  748
349  447  905
117  118  630
311  591  717
447  581  954
372  599  686
427  768  816
398  726  818
72  73  635
295  582  797
322  767  1010
74  75  632
430  730  789
289  589  854
503  624  935
451  668  997
285  620  825
368  554  720
11  495  774
310  556  766
341  584  755
125  126  633
321  754  994
395  582  911
413  487  760
302  778  817
410  603  951
447  852  954
56  57  637
584  832  886
482  568  746
54  55  638
366  601  857
405  893  901
330  585  767
305  535  628
290  448  851
275  486  773
398  726  976
485  874  964
496  814  867
319  593  792
308  537  725
414  801  985
384  452  844
272  436  667
436  499  753
316  640  875
323  760  787
399  500  996
293  475  882
296  648  942
319  735  771
41  42  840
276  542  756
383  626  690
555  729  752
364  683  704
31  517  887
508  891  1001
327  655  826
373  566  689
330  592  777
345  560  791
470  575  756
479  655  833
340  420  869
375  655  826
383  536  565
299  616  997
322  585  767
279  450  729
442  546  802
399  619  678
387  764  840
388  637  712
446  611  909
384  604  844
369  571  639
435  649  722
325  457  1007
304  509  962
356  522  982
381  559  702
85  538  783
88  512  634
270  580  691
280  744  991
292  502  771
306  782  856
356  523  982
36  583  836
282  582  911
276  575  738
382  632  696
376  500  754
380  562  631
349  792  905
357  506  989
435  462  797
395  562  911
307  941  995
319  671  735
535  628  805
321  592  777
314  594  683
492  627  899
325  457  947
312  584  832
300  533  629
550  936  1009
401  624  772
295  582  827
63  64  651
515  803  1009
61  62  650
394  660  913
370  641  713
605  796  1006
273  558  822
376  608  824
370  615  799
327  463  824
327  463  826
353  468  881
375  609  826
350  577  684
38  514  861
65  66  656
437  873  887
307  858  1002
350  547  871
368  597  720
271  622  819
404  618  679
482  694  916
714  919  972
88  89  634
94  579  769
438  508  891
403  666  848
521  672  854
360  575  978
397  753  784
409  936  1009
406  806  1002
398  899  979
488  764  840
268  602  758
353  438  973
372  611  909
345  560  973
358  749  855
122  123  654
316  509  721
316  565  741
413  547  871
129  130  653
381  580  932
351  874  925
127  128  658
397  603  860
395  504  827
367  494  815
132  576  661
350  610  871
76  77  663
287  498  666
426  762  765
431  539  869
69  567  687
355  471  900
352  489  936
68  567  688
390  656  710
316  721  875
429  814  867
429  866  968
434  456  857
296  557  644
371  507  761
329  640  741
0  601  850
416  522  961
369  614  924
395  504  695
14  616  904
274  572  853
37  583  861
391  718  983
131  132  661
517  873  887
300  613  971
409  803  1009
133  576  768
394  641  913
390  651  710
328  700  759
406  705  709
21  22  689
417  519  920
560  717  791
411  862  937
324  606  831
320  468  881
101  578  762
402  503  624
318  629  855
397  788  860
504  827  930
368  554  837
377  738  978
433  615  862
70  574  687
71  574  693
279  460  809
336  434  893
30  31  896
403  666  721
318  785  855
35  36  836
337  424  668
310  554  766
345  472  745
324  723  831
318  629  842
547  782  814
330  474  781
46  47  697
311  560  717
377  620  981
330  474  786
282  607  912
91  92  733
422  829  849
344  764  849
10  11  774
15  451  707
396  846  918
288  439  880
479  655  985
307  665  941
303  548  751
667  849  879
355  674  675
408  785  794
488  829  849
305  584  740
379  529  680
412  506  757
345  472  685
93  891  1001
289  521  854
97  98  686
495  596  1011
112  113  677
356  523  720
105  106  679
351  670  925
91  681  733
109  110  678
461  727  993
268  602  998
421  483  872
289  595  935
294  479  801
401  738  772
67  68  688
292  480  903
394  713  866
124  125  680
116  117  682
322  644  870
69  70  687
322  815  870
384  587  744
137  138  705
406  513  806
354  528  664
10  736  774
18  563  906
388  646  755
422  715  829
280  467  949
362  477  646
342  628  841
411  675  862
368  837  856
97  599  686
52  612  703
95  579  828
629  842  971
553  778  817
506  596  757
310  556  873
315  655  985
362  673  950
270  586  959
423  517  896
84  590  783
421  714  972
357  596  1011
271  543  819
502  735  771
487  837  856
51  612  701
52  53  703
351  874  964
103  643  793
277  694  916
78  79  690
419  730  949
113  608  677
293  472  685
116  609  682
300  613  818
308  527  669
83  590  798
428  613  971
71  72  693
93  94  769
96  599  828
287  666  848
290  594  851
37  38  861
312  584  755
433  675  862
373  577  737
50  51  701
453  833  931
368  598  856
3  27  885
3  28  885
23  24  684
317  700  759
297  524  640
331  600  806
273  604  844
328  443  731
75  76  696
451  639  707
106  618  679
372  647  939
448  524  750
109  619  678
311  560  917
399  619  786
281  621  789
277  753  784
280  899  991
136  137  709
430  553  817
14  15  904
104  105  742
418  579  769
413  547  782
458  878  988
18  563  977
332  614  924
322  644  930
431  539  1007
676  820  1011
378  773  982
57  58  712
64  65  710
488  764  849
479  801  985
419  730  789
343  725  955
317  700  884
298  458  907
457  539  882
387  974  980
353  636  881
114  608  883
401  620  825
115  609  883
484  648  942
435  582  797
117  630  682
292  502  1004
35  550  836
522  773  982
485  711  874
303  535  805
575  738  978
100  101  762
362  478  692
366  858  1002
373  689  737
125  633  680
404  618  781
389  538  588
594  683  851
356  766  961
306  598  856
344  482  987
470  748  756
369  614  890
360  552  959
587  744  991
395  582  827
442  795  802
316  640  741
386  622  819
348  418  986
336  454  780
24  610  684
133  134  768
511  800  955
333  761  841
15  16  707
107  618  922
422  849  879
287  659  848
396  527  617
108  619  922
110  111  763
364  683  884
84  85  783
99  100  765
437  556  831
412  458  907
455  775  965
402  503  728
533  749  855
22  23  737
383  536  690
415  591  672
516  706  832
372  510  939
495  676  1011
437  606  831
341  442  923
322  585  930
487  782  856
291  516  706
454  699  780
408  540  653
462  797  910
409  580  691
421  566  872
15  451  904
82  83  798
406  705  908
293  882  984
533  629  855
41  541  974
31  32  887
440  788  860
118  630  963
371  761  944
447  654  905
372  599  909
60  61  795
270  933  959
111  112  776
269  713  866
408  544  653
126  633  975
272  708  820
389  512  588
387  622  980
552  933  959
403  848  938
367  823  870
37  583  992
36  583  992
383  741  929
79  626  690
72  635  693
321  592  910
382  632  895
357  505  708
397  603  784
314  594  876
82  625  798
460  659  848
302  532  778
75  632  696
347  641  913
394  641  713
391  574  983
81  625  914
347  572  952
291  617  1008
600  806  1002
80  626  914
419  621  789
334  647  939
351  670  770
392  574  983
359  645  897
383  626  929
59  60  802
396  527  669
437  556  873
466  534  941
49  623  838
309  615  862
270  691  934
407  736  774
74  632  946
627  899  991
73  635  946
308  511  725
48  623  843
268  674  900
57  637  712
98  99  812
336  732  893
355  674  900
333  628  841
288  860  951
305  662  886
95  96  828
135  136  808
360  586  959
134  135  816
475  882  999
327  833  859
494  643  793
444  615  799
49  50  838
312  646  755
392  635  693
285  519  956
20  919  972
432  743  787
301  611  647
291  516  800
105  679  742
17  18  906
440  617  1008
706  880  1008
47  48  843
371  718  944
305  628  740
272  676  820
122  654  852
268  674  807
119  120  810
103  104  793
344  568  764
476  810  963
380  631  965
349  605  796
288  548  662
272  676  879
374  531  968
56  637  926
411  674  675
55  638  926
54  638  928
329  741  929
64  651  710
557  644  870
110  678  763
732  780  957
127  658  975
287  498  863
65  656  710
466  726  818
433  822  958
307  665  945
335  405  893
20  21  972
390  651  889
290  728  915
112  677  776
532  642  778
424  569  699
338  698  865
338  490  868
466  665  941
76  663  696
439  832  886
315  642  985
286  699  830
269  713  799
58  59  845
61  650  795
121  122  852
489  691  936
28  29  943
290  448  960
137  705  709
325  739  1007
323  787  902
417  591  717
480  817  903
351  770  892
369  473  924
338  490  895
467  847  979
400  520  681
353  636  917
309  862  937
309  872  898
460  659  809
402  624  772
374  545  877
409  580  803
63  651  1000
326  718  983
62  650  1000
19  20  919
277  525  784
342  740  923
98  686  812
392  865  983
276  738  772
534  941  995
464  607  912
447  654  852
114  115  883
541  974  980
356  522  961
436  667  987
563  919  977
459  864  993
331  600  995
348  611  921
418  769  891
450  728  915
318  785  794
100  762  765
431  739  1007
504  644  930
2  18  977
2  19  977
314  683  704
111  763  776
439  706  832
285  716  956
104  742  793
313  727  955
427  576  768
4  36  992
4  37  992
343  725  864
428  842  971
317  683  884
346  725  864
469  652  902
528  664  835
342  839  923
136  709  808
80  81  914
326  698  865
134  768  816
425  659  809
343  727  993
471  587  991
303  526  805
426  578  762
541  670  925
107  108  922
55  56  926
53  54  928
569  699  830
425  752  809
601  850  901
327  824  859
296  695  942
340  719  940
539  882  984
99  765  812
329  491  929
73  74  946
401  589  825
297  524  750
330  767  781
335  878  988
333  805  944
455  790  947
329  491  821
572  660  913
347  572  913
120  121  954
391  574  687
404  767  781
499  708  970
571  602  998
268  758  900
460  848  938
441  538  783
330  777  786
47  697  843
118  119  963
469  652  943
355  675  958
317  759  851
126  127  975
135  808  816
19  919  977
335  501  878
557  823  870
275  724  981
399  777  786
281  664  835
505  708  970
386  622  980
391  567  687
370  713  799
53  703  928
424  668  957
58  712  845
390  841  889
306  813  814
292  730  903
50  701  838
29  652  943
411  674  807
423  743  787
463  608  883
463  609  883
92  93  1001
407  676  1005
320  636  881
60  795  802
410  548  751
442  650  795
277  525  967
514  770  892
392  574  693
377  724  981
335  732  893
425  694  967
474  618  781
22  689  737
474  618  922
62  63  1000
93  769  891
474  619  922
378  779  982
436  916  987
453  833  859
474  619  786
429  813  814
282  649  912
400  704  969
481  658  975
464  607  952
461  701  838
392  635  868
338  698  962
344  667  849
120  810  954
431  739  834
119  810  963
342  518  889
305  584  886
342  518  839
489  691  934
419  744  949
476  630  963
121  852  954
457  882  999
59  802  845
603  860  951
481  633  975
511  725  955
463  608  824
463  609  826
446  579  828
357  708  820
326  865  983
344  667  987
422  715  1005
17  614  906
612  703  966
381  723  932
341  740  923
342  841  889
451  616  997
358  785  855
366  551  908
676  879  1005
355  604  958
359  605  1006
443  625  798
279  752  809
288  860  880
340  869  940
446  599  828
526  805  944
315  645  897
478  692  966
386  711  874
418  745  986
451  616  904
436  753  916
441  590  783
443  731  821
471  758  900
439  706  880
430  730  903
312  646  950
430  817  903
297  640  875
277  753  916
377  724  978
407  715  1005
272  667  879
442  650  839
478  703  928
280  744  949
283  775  999
433  675  958
454  456  945
333  761  944
580  803  932
523  779  982
440  880  1008
482  916  987
566  872  898
529  654  905
367  815  870
284  719  779
284  834  940
413  760  888
443  590  798
494  742  793
459  697  843
284  719  940
309  872  937
411  807  953
301  611  921
417  717  791
335  732  988
299  732  988
288  548  951
311  636  917
366  857  858
443  625  821
353  917  973
406  908  1002
490  632  946
502  842  1004
490  635  946
471  627  991
300  629  971
563  714  919
343  864  993
431  834  940
415  672  854
498  751  863
392  865  868
323  760  888
376  824  859
398  613  979
298  846  918
338  865  868
286  726  976
393  612  966
526  718  944
445  739  834
277  694  967
409  691  936
500  754  996
500  763  776
551  705  908
297  875  938
325  790  947
478  703  966
338  962  1003
446  599  909
321  754  996
396  846  894
362  646  950
410  548  951
290  915  960
491  625  914
503  876  935
477  637  926
477  638  926
491  625  821
491  626  914
324  723  932
374  813  968
478  638  928
490  635  868
497  716  956
453  931  994
434  601  857
490  632  895
465  695  942
518  651  1000
16  707  890
457  775  947
518  650  1000
469  885  943
518  650  839
343  727  955
449  750  960
455  775  947
393  692  966
462  931  994
434  601  901
299  668  957
329  731  821
448  750  960
286  830  976
386  874  925
513  808  816
461  623  838
518  651  889
459  623  843
403  875  938
338  895  1003
510  765  812
322  815  1010
581  810  954
457  775  999
324  803  932
293  685  984
424  699  780
449  750  990
298  846  989
386  925  980
299  668  997
270  933  934
491  626  929
405  530  901
420  685  984
28  885  943
494  815  1010
428  847  1004
485  933  934
501  669  918
459  697  948
387  840  974
269  866  867
485  934  964
268  807  998
278  894  970
445  739  877
346  549  948
429  866  867
411  937  953
428  842  1004
440  860  880
483  872  937
291  706  1008
357  820  1011
292  847  1004
304  698  962
298  907  989
380  853  965
410  751  863
429  813  968
454  665  945
505  846  989
403  721  875
449  915  960
297  938  990
442  839  923
455  853  965
489  892  964
374  877  927
424  780  957
505  894  970
501  878  918
297  750  990
462  910  994
459  864  948
460  938  990
546  802  845
321  910  994
541  925  980
431  869  940
473  807  953
351  892  964
448  759  851
307  858  945
382  895  1003
461  623  993
459  623  993
299  732  957
359  897  1006
445  877  927
422  879  1005
489  934  964
509  962  1003
549  697  948
483  937  953
530  850  901
472  745  986
492  830  976
505  846  894
366  908  1002
560  917  973
473  807  998
346  864  948
532  897  1006
456  857  858
456  858  945
298  878  918
506  907  989
