0  2  1  0  17057.4  0  0  1
1  1  2  2  16588.7  2.0009  -0.344014  1
2  1  2  -2  16564.8  1.89601  -0.229889  1
3  3  -2  -2  17429.8  1.96745  -0.367735  1
4  3  -2  2  18713.8  1.96604  -0.366992  1
10  1  2  1.6  16509.7  1.91327  -0.296984  1
11  1  2  1.2  16509.7  1.7969  -0.261236  1
12  1  2  0.8  16509.7  1.83167  -0.235893  1
13  1  2  0.4  16509.7  1.88957  -0.193124  1
14  1  2  5.50449e-12  16509.7  1.86678  -0.135558  1
15  1  2  -0.4  16509.7  1.78493  -0.121262  1
16  1  2  -0.8  16509.7  1.78291  -0.169844  1
17  1  2  -1.2  16509.7  1.83203  -0.216769  1
18  1  2  -1.6  16509.7  1.87265  -0.232019  1
19  0  1.6  -2  16688  1.90112  -0.219601  1
20  0  1.2  -2  16822.3  1.9091  -0.216757  1
21  0  0.8  -2  16941.7  1.9252  -0.227788  1
22  0  0.4  -2  17053  1.93956  -0.249707  1
23  0  5.50449e-12  -2  17147.4  1.95622  -0.290431  1
24  0  -0.4  -2  17225.9  1.9707  -0.339434  1
25  0  -0.8  -2  17298.7  1.97622  -0.368713  1
26  0  -1.2  -2  17360.3  1.97791  -0.373845  1
27  0  -1.6  -2  17407.4  1.97298  -0.369951  1
28  3  -2  -1.6  17451.2  1.96604  -0.366992  1
29  3  -2  -1.2  17500.7  1.96604  -0.366992  1
30  3  -2  -0.8  17585.6  1.96604  -0.366992  1
31  3  -2  -0.4  17706  1.96604  -0.366992  1
32  3  -2  -5.50449e-12  17850.9  1.96604  -0.366992  1
33  3  -2  0.4  18017.7  1.96604  -0.366992  1
34  3  -2  0.8  18227.1  1.96604  -0.366992  1
35  3  -2  1.2  18438  1.96604  -0.366992  1
36  3  -2  1.6  18606.4  1.96604  -0.366992  1
37  0  -1.6  2  18838.4  1.96604  -0.366992  1
38  0  -1.2  2  19264  1.96604  -0.366992  1
39  0  -0.8  2  19213.6  1.82855  -0.0363839  1
40  0  -0.4  2  18478.8  1.65454  0.238165  1
41  0  -5.50449e-12  2  18007  1.79203  -0.0924429  1
42  0  0.4  2  17657.3  1.96604  -0.366992  1
43  0  0.8  2  17330.6  1.96604  -0.366992  1
44  0  1.2  2  17075.6  1.96604  -0.366992  1
45  0  1.6  2  16793.1  1.96604  -0.366992  1
46  2  0.97832  0.00221671  17113.6  -5.39924e-16  7.26654e-17  1
47  2  0.956691  0.00498412  17110.4  -7.65521e-17  8.80385e-18  1
48  2  0.935064  0.00776985  17132.7  5.35406e-16  -6.8335e-17  1
49  2  0.913442  0.0105851  17139.3  2.5509e-16  -3.34189e-17  1
50  2  0.891832  0.013495  17148  2.9159e-16  -3.87388e-17  1
51  2  0.870238  0.0165211  17152.5  0  0  1
52  2  0.848657  0.0196448  17135.6  1.34424e-16  -2.27369e-17  1
53  2  0.82709  0.0228589  17148.2  -9.74906e-17  1.40995e-17  1
54  2  0.805533  0.0261393  17169.6  3.0859e-16  -4.14432e-17  1
55  2  0.783984  0.0294704  17028.5  8.23851e-16  -9.1249e-17  1
56  2  0.76244  0.0328303  16996.7  1.50405e-16  -1.90922e-17  1
57  2  0.740895  0.0361921  17128.2  0  0  1
58  2  0.719349  0.0395441  17109.9  1.25837e-16  -1.6369e-17  1
59  2  0.697793  0.0428302  17091.2  0  0  1
60  2  0.676229  0.0460606  17075.1  3.17961e-16  -3.99342e-17  1
61  2  0.654649  0.0491885  17059.4  2.46519e-32  -6.16298e-33  1
62  2  0.633056  0.0522221  17048.5  0  0  1
63  2  0.611446  0.05513  17035.4  0  0  1
64  2  0.589818  0.0579043  17023.5  5.2316e-17  -7.64607e-18  1
65  2  0.568172  0.0605379  17018.4  0  3.08149e-33  1
66  2  0.546508  0.0630093  17013.8  3.92799e-16  -3.77299e-17  1
67  2  0.524826  0.0653229  17008.2  1.99796e-16  -1.61115e-17  1
68  2  0.503125  0.0674547  17000.4  0  0  1
69  2  0.481408  0.069407  16990.1  -1.41783e-16  7.55872e-18  1
70  2  0.459673  0.071157  17011.4  -4.19525e-16  2.65984e-17  1
71  2  0.437922  0.0726938  17005.6  3.94055e-16  -2.41005e-17  1
72  2  0.416157  0.0740085  17012.9  -4.01439e-16  1.56925e-17  1
73  2  0.394378  0.0750831  17000.9  1.94785e-16  -5.70669e-18  1
74  2  0.372589  0.0759105  16997.1  -1.46342e-16  1.73516e-18  1
75  2  0.350791  0.0764686  17013.6  2.12968e-16  -3.18604e-18  1
76  2  0.328988  0.0767459  17013  -1.40226e-16  -8.94293e-19  1
77  2  0.307183  0.076721  17035.1  2.93534e-16  3.67541e-18  1
78  2  0.285381  0.0763753  17051.5  -1.39926e-16  -6.64006e-18  1
79  2  0.263587  0.0756814  17089  2.16313e-16  8.39403e-18  1
80  2  0.241809  0.0746091  17084.7  -1.29688e-16  -4.07385e-18  1
81  2  0.220054  0.0731345  17081.7  2.46519e-32  0  1
82  2  0.198334  0.0712168  17166.3  0  0  1
83  2  0.176662  0.0688146  17236.2  0  0  1
84  2  0.155058  0.0658662  17350  -4.75053e-16  -6.14901e-17  1
85  2  0.133547  0.0622984  17437.1  -1.06527e-16  -1.18476e-17  1
86  2  0.112167  0.0580193  17516.3  0  0  1
87  2  0.0909754  0.0528918  17684.3  3.64995e-16  9.14593e-17  1
88  2  0.0700635  0.0467247  17839  -1.93721e-16  -8.97333e-17  1
89  2  0.0495955  0.0392218  18202  -3.46225e-16  -8.29099e-17  1
90  2  0.0299104  0.0298707  18747.8  -5.46921e-16  -1.55858e-17  1
91  2  0.0118797  0.0176768  18934.6  1.02225e-16  -1.25022e-17  1
92  2  -2.77556e-21  2.69197e-12  17846.6  -2.53996e-16  1.60627e-16  1
93  2  0.0118797  -0.0176768  16153.8  2.66917e-16  -1.37189e-16  1
94  2  0.0299104  -0.0298707  15522.3  -4.26491e-16  2.53266e-16  1
95  2  0.0495955  -0.0392218  15596.9  4.98756e-16  -1.9425e-16  1
96  2  0.0700635  -0.0467247  15546.5  0  0  1
97  2  0.0909754  -0.0528918  15502.2  5.26086e-16  -1.6425e-16  1
98  2  0.112167  -0.0580193  15599.3  0  0  1
99  2  0.133547  -0.0622984  15646.1  4.34161e-16  -9.7211e-17  1
100  2  0.155058  -0.0658662  15686.8  -1.77343e-16  3.3057e-17  1
101  2  0.176662  -0.0688146  15736.1  0  0  1
102  2  0.198334  -0.0712168  15755.8  0  0  1
103  2  0.220054  -0.0731345  15757  0  0  1
104  2  0.241809  -0.0746091  15780  -1.35688e-16  2.51836e-17  1
105  2  0.263587  -0.0756814  15880.7  -4.64964e-16  2.74262e-17  1
106  2  0.285381  -0.0763753  15936.1  2.81214e-16  -1.31801e-17  1
107  2  0.307183  -0.076721  15988.8  1.79682e-16  -4.67481e-18  1
108  2  0.328988  -0.0767459  16019.8  2.26293e-16  -7.71664e-18  1
109  2  0.350791  -0.0764686  16075  4.19026e-16  -3.12197e-18  1
110  2  0.372589  -0.0759105  16119.7  1.75223e-16  -6.74813e-19  1
111  2  0.394378  -0.0750831  16150.1  1.5337e-17  1.47369e-18  1
112  2  0.416157  -0.0740085  16206.3  1.82086e-16  3.37289e-18  1
113  2  0.437922  -0.0726938  16239.2  1.73123e-16  9.13791e-18  1
114  2  0.459673  -0.071157  16318.8  -1.7144e-16  -7.68415e-18  1
115  2  0.481408  -0.069407  16339.4  5.63752e-16  2.32664e-17  1
116  2  0.503125  -0.0674547  16374.3  0  0  1
117  2  0.524826  -0.0653229  16404.9  -1.58424e-16  -9.19591e-18  1
118  2  0.546508  -0.0630093  16443.3  -3.2697e-16  -2.17892e-17  1
119  2  0.568172  -0.0605379  16488.4  1.63485e-16  1.08946e-17  1
120  2  0.589818  -0.0579043  16527.7  -1.52381e-16  -1.16902e-17  1
121  2  0.611446  -0.05513  16568.1  0  0  1
122  2  0.633056  -0.0522221  16594.1  -2.79148e-16  -2.10828e-17  1
123  2  0.654649  -0.0491885  16624.4  0  0  1
124  2  0.676229  -0.0460606  16653.7  1.33782e-16  1.60293e-17  1
125  2  0.697793  -0.0428302  16682.7  -2.4572e-16  -1.86979e-17  1
126  2  0.719349  -0.0395441  16676.1  6.10724e-17  1.46573e-18  1
127  2  0.740895  -0.0361921  16694.3  0  0  1
128  2  0.76244  -0.0328303  16685.2  7.36306e-17  7.22479e-18  1
129  2  0.783984  -0.0294704  16718.5  1.47261e-16  1.44496e-17  1
130  2  0.805533  -0.0261393  16796.3  -1.2326e-32  -1.54074e-33  1
131  2  0.82709  -0.0228589  16799.6  -3.32309e-17  9.98072e-19  1
132  2  0.848657  -0.0196448  16791.6  3.03779e-17  -9.33263e-18  1
133  2  0.870238  -0.0165211  16844  2.66675e-16  4.17302e-17  1
134  2  0.891832  -0.013495  16865.9  5.2396e-17  -1.48536e-17  1
135  2  0.913442  -0.0105851  16868.8  0  0  1
136  2  0.935064  -0.00776985  16900.7  1.04128e-16  1.29177e-17  1
137  2  0.956691  -0.00498412  16920.3  0  0  1
138  2  0.97832  -0.00221671  16962  0  0  1
268  0  1.07398  -0.83064  16800.9  1.92629  -0.114907  1
269  0  1.07398  0.83064  17096.6  1.78189  -0.156129  1
270  0  0.176758  -0.979905  17017.8  2.01623  -0.214892  1
271  0  0.176758  0.979905  17691.4  1.7469  -0.0225015  1
272  0  -0.343824  -0.586144  17276.9  2.0195  -0.313442  1
273  0  -0.351109  0.58134  17884.9  1.84995  -0.0553789  1
274  0  0.596923  -0.627374  16823.4  2.03592  -0.1153  1
275  0  0.171015  -0.504585  16871.6  2.10336  -0.235639  1
276  0  0.972369  -0.443542  16833.1  1.93767  -0.021975  1
277  0  0.596923  0.627374  17334.5  1.78957  -0.10845  1
278  0  0.171015  0.504585  17594.3  1.8039  -0.0307863  1
279  0  0.972369  0.443542  17112.8  1.7824  -0.155576  1
280  0  -0.112124  -0.333801  17151.7  2.03513  -0.334957  1
281  0  -0.108203  0.336014  17819.7  1.77101  -0.0268257  1
282  0  -0.588213  1.09776e-11  17698.8  1.92648  -0.355058  1
283  0  0.708057  -0.329972  16744.3  2.04927  0.010521  1
284  0  0.442938  -0.336546  16633.6  2.16596  -0.0944925  1
285  0  0.708057  0.329972  17187.1  1.83454  -0.152604  1
286  0  0.442938  0.336546  17303.3  1.86174  -0.0807435  1
287  0  0.253481  -0.277705  16526.4  2.25298  -0.215904  1
288  0  0.253481  0.277705  17423.6  1.85642  -0.00255383  1
289  0  0.886141  -0.224404  16838.9  1.99741  0.0802693  1
290  0  0.886141  0.224404  17129  1.79974  -0.190651  1
291  0  0.0919445  -0.224973  16622.6  2.2307  -0.395998  1
292  0  0.0870632  0.220384  17703.8  1.75356  0.0638989  1
293  0  -0.169638  -0.126835  17478  1.87014  -0.399004  1
294  0  -0.164401  0.14521  17918.4  1.70776  -0.145815  1
295  0  1.17118  -0.211517  16949.3  1.87339  0.00775134  1
296  0  1.17118  0.211517  17036.3  1.76859  -0.145297  1
297  0  0.573837  -0.229427  16609.3  2.16711  0.0245775  1
298  0  0.716461  -0.172817  16710.3  2.15892  0.0999055  1
299  0  0.573837  0.229427  17170  1.89041  -0.1395  1
300  0  0.716461  0.172817  17131.7  1.85306  -0.199469  1
301  0  1.00024  -0.147876  16949.7  1.94718  0.111692  1
302  0  1.00024  0.147876  17116.2  1.79486  -0.19293  1
303  0  0.360103  -0.212076  16405.7  2.306  -0.102809  1
304  0  0.360103  0.212076  17247.4  1.91851  -0.034324  1
305  0  -0.00998786  -0.143722  16910.5  2.0898  -0.594509  1
306  0  -0.0146726  0.149118  17989.6  1.62105  0.01664  1
307  0  0.824702  -0.144371  16787.1  2.08587  0.13217  1
308  0  0.824702  0.144371  17130.9  1.84414  -0.214688  1
309  0  0.477162  -0.179063  16461  2.30893  0.00642554  1
310  0  0.477162  0.179063  17148.5  1.93777  -0.106658  1
311  0  0.278212  -0.175197  16275.4  2.40755  -0.181238  1
312  0  0.169913  -0.167361  16257.9  2.39751  -0.351798  1
313  0  0.278212  0.175197  17285  1.92546  0.0285044  1
314  0  0.169913  0.167361  17484.9  1.85019  0.114377  1
315  0  -1.17154  0.600004  18063.9  1.98264  -0.439353  1
316  0  -1.16927  -0.607414  17559.4  1.98875  -0.418146  1
317  0  0.893304  -0.102566  16864.4  1.88008  0.154859  1
318  0  0.893304  0.102566  17132  1.89333  -0.225717  1
319  0  -0.083687  -0.0823421  17480.5  1.84871  -0.578075  1
320  0  -0.0830724  0.0686042  18096.5  1.55504  -0.199156  1
321  0  -0.484418  1.27399  18179.3  1.79615  0.0161036  1
322  0  -0.484418  -1.27399  17257.5  2.02364  -0.348719  1
323  0  0.619995  -1.1068  16911.3  1.97424  -0.180272  1
324  0  0.619995  1.1068  17434.8  1.75844  -0.120578  1
325  0  1.37617  -0.628037  16748.3  1.86547  -0.0908909  1
326  0  1.37617  0.628037  16901.1  1.80072  -0.17087  1
327  0  0.63572  -0.143064  16613.9  2.22763  0.105533  1
328  0  0.63572  0.143064  17105.9  1.94889  -0.198221  1
329  0  1.24744  -0.0098312  17036.6  1.65615  -0.0671183  1
330  0  0.109788  -0.14162  16277.1  2.39607  -0.48967  1
331  0  0.110993  0.135173  17654.4  1.77358  0.185302  1
332  0  0.408031  -0.150922  16337.8  2.42045  -0.0221047  1
333  0  0.408031  0.150922  17134.5  1.99875  -0.0654342  1
334  0  0.739534  -0.112419  16713.8  2.02548  0.140117  1
335  0  0.739534  0.112419  17117.4  1.9588  -0.235794  1
336  0  0.545215  -0.140981  16510.7  2.29692  0.0795692  1
337  0  0.545215  0.140981  17100.2  2.00769  -0.162043  1
338  0  0.342296  -0.143976  16228  2.48706  -0.0789414  1
339  0  0.342296  0.143976  17156.7  2.03366  -0.0186968  1
340  0  0.956592  -0.076723  16924.2  1.61447  0.154515  1
341  0  0.956592  0.076723  17125  1.87563  -0.223083  1
342  0  -1.2075  0.00252679  17795.3  1.97068  -0.42419  1
343  0  -0.360857  -0.309958  17413.7  1.97052  -0.332513  1
344  0  -1.24489  -1.29536  17430.1  1.98117  -0.388372  1
345  0  -1.24489  1.29536  18516.2  1.91243  -0.396483  1
346  0  -0.0873132  -0.586103  17107  2.04352  -0.266958  1
347  0  -0.0873132  0.586103  17778.1  1.80762  -0.000697492  1
348  0  -0.333291  0.294515  17839.4  1.84656  -0.138907  1
349  0  1.04565  1.39259  17153.4  1.75134  -0.1596  1
350  0  1.04565  -1.39259  16818.8  1.92056  -0.181635  1
351  0  -0.740091  -0.469636  17501.5  1.99479  -0.434736  1
352  0  -0.772705  0.481137  17952  1.97009  -0.356135  1
353  0  0.38143  -0.583857  16826  2.08255  -0.165631  1
354  0  0.38143  0.583857  17451.4  1.80193  -0.0691685  1
355  0  0.232958  -0.1303  16046.4  2.55129  -0.242158  1
356  0  0.232958  0.1303  17263.9  2.01179  0.10234  1
357  0  0.824992  -0.0815367  16801.2  1.62218  0.144578  1
358  0  0.824992  0.0815367  17133.6  1.91003  -0.244416  1
359  0  0.791016  -0.527888  16809.8  1.99658  -0.055846  1
360  0  0.791016  0.527888  17209.6  1.79316  -0.140204  1
361  0  -0.0145146  -0.0740967  16994.6  1.97691  -0.852009  1
362  0  0.040595  -0.0956805  16343.6  2.3304  -0.788585  1
363  0  1.60512  0.220438  16776.6  1.82179  -0.120717  1
364  0  1.59164  -0.211938  16734.8  1.81235  -0.041665  1
365  0  0.671663  -0.0937249  16637.5  1.72279  0.123227  1
366  0  0.671663  0.0937249  17077.3  1.94189  -0.229942  1
367  0  -0.254417  0.928952  17935.9  1.79217  0.0319193  1
368  0  -0.654225  0.865108  18056.4  1.89117  -0.189736  1
369  0  -0.254417  -0.928952  17191.5  2.02358  -0.28039  1
370  0  -0.652378  -0.858062  17365.9  2.01426  -0.403671  1
371  0  0.0657492  0.0977889  17906.8  1.64243  0.266744  1
372  0  0.786043  -0.797094  16837.7  1.98209  -0.118253  1
373  0  0.786043  0.797094  17259.5  1.78092  -0.138891  1
374  0  0.418539  -0.824506  16907.1  2.03131  -0.179141  1
375  0  0.418539  0.824506  17492.7  1.77142  -0.0703919  1
376  0  0.125375  -0.36151  16783.8  2.15535  -0.28533  1
377  0  0.120108  0.365564  17619.1  1.79247  -0.00367802  1
378  0  1.01781  -0.288176  16883.7  1.90847  0.0310073  1
379  0  1.01781  0.288176  17093.2  1.77951  -0.170899  1
380  0  0.448032  -0.118268  16325.6  2.24119  0.0461701  1
381  0  0.448032  0.118268  17067.6  2.08391  -0.101863  1
382  0  0.57254  -0.361143  16696.6  2.10745  -0.0413099  1
383  0  0.57254  0.361143  17249.5  1.84694  -0.117251  1
384  0  0.0168958  0.0792498  18281.5  1.39999  0.155104  1
385  0  0.58502  -0.108738  16516.8  1.96618  0.115079  1
386  0  0.58502  0.108738  17052.6  2.01134  -0.194926  1
387  0  0.790803  -0.235782  16776  2.03393  0.0673757  1
388  0  0.790803  0.235782  17144.4  1.82204  -0.185595  1
389  0  0.318928  1.49284  17687  1.62992  -0.121787  1
390  0  0.318928  -1.49284  17027.7  1.96887  -0.229513  1
391  0  0.29552  -0.1246  16068.4  2.48145  -0.135024  1
392  0  0.29552  0.1246  17145  2.09373  0.0449951  1
393  0  1.03717  -0.0752721  17054.9  1.58239  0.139729  1
394  0  1.03851  0.0686529  17130.2  1.80076  -0.209218  1
395  0  1.09752  -0.0194673  17152.4  1.32259  -0.0490511  1
396  0  0.847729  -0.361804  16809.7  1.98392  0.0104647  1
397  0  0.847729  0.361804  17152.6  1.80176  -0.161391  1
398  0  0.182416  -0.115862  15943.5  2.58845  -0.377044  1
399  0  0.182416  0.115862  17358.1  1.97508  0.199824  1
400  0  1.50794  1.03442  16827.2  1.77122  -0.20358  1
401  0  1.50794  -1.03442  16680.8  1.87224  -0.154098  1
402  0  0.496175  -0.111904  16390.2  2.12115  0.0820371  1
403  0  0.496175  0.111904  17048.4  2.05503  -0.143867  1
404  0  1.16895  -0.418308  16837.5  1.87827  -0.0323462  1
405  0  1.16895  0.418308  17015  1.77402  -0.153005  1
406  0  0.780016  -0.074778  16733.4  1.49211  0.135155  1
407  0  0.780016  0.074778  17099.3  1.87514  -0.238296  1
408  0  0.863777  -0.0595564  16810.1  1.20117  0.121795  1
409  0  0.863777  0.0595564  17133.9  1.75302  -0.225459  1
410  0  0.311727  -0.408097  16709.5  2.15151  -0.181758  1
411  0  0.311727  0.408097  17440.4  1.8248  -0.0507697  1
412  0  0.910407  -0.0506397  16874.5  1.10019  0.119756  1
413  0  0.910407  0.0506397  17138.2  1.71279  -0.217318  1
414  0  -0.223085  -9.86574e-05  17762.5  1.78707  -0.299889  1
415  0  -0.36996  -0.0917684  17616.5  1.88116  -0.312953  1
416  0  -0.0406307  -1.31238  17116.9  2.00193  -0.251156  1
417  0  -0.0406307  1.31238  17919.9  1.66567  0.0453013  1
418  0  0.119495  0.731469  17662  1.79685  -0.0226269  1
419  0  0.119495  -0.731469  16984.4  2.05418  -0.223794  1
420  0  0.993264  -0.664616  16813.9  1.94297  -0.0806194  1
421  0  0.993264  0.664616  17118.8  1.78915  -0.150857  1
422  0  -0.0304258  -0.0361536  17516.3  1.65123  -0.904361  1
423  0  0.627836  -0.0951838  16591.4  1.74687  0.12122  1
424  0  0.627836  0.0951838  17063.3  1.96201  -0.218175  1
425  0  -0.356976  0.0926255  17765.5  1.84398  -0.243503  1
426  0  0.715911  -0.0789848  16678  1.40572  0.108904  1
427  0  0.715911  0.0789848  17094.3  1.84267  -0.229306  1
428  0  0.387497  -0.113456  16197.6  2.27946  -0.00109381  1
429  0  0.387497  0.113456  17066.5  2.11703  -0.0602815  1
430  0  0.0894905  -0.094782  16026.5  2.52781  -0.651665  1
431  0  0.137598  -0.101107  15919.6  2.59321  -0.502163  1
432  0  0.131429  0.103272  17547.5  1.87181  0.262446  1
433  0  -0.0415481  0.0376677  18368.6  1.34741  -0.263922  1
434  0  0.498394  -0.263457  16577.1  2.17637  -0.0234412  1
435  0  0.498394  0.263457  17210.4  1.89593  -0.105247  1
436  0  0.335774  -0.323722  16601.4  2.20245  -0.157964  1
437  0  0.335774  0.323722  17374.5  1.85748  -0.0449492  1
438  0  -0.00363587  -0.267524  16934.3  2.10184  -0.390965  1
439  0  0.168967  -0.245641  16522.5  2.26645  -0.302726  1
440  0  0.168967  0.245641  17531  1.82136  0.041327  1
441  0  0.759818  -1.48301  16902.4  1.94269  -0.198331  1
442  0  0.759818  1.48301  17367  1.73005  -0.164336  1
443  0  -0.00314563  0.267937  17798  1.73841  0.00323017  1
444  0  0.67754  -0.476746  16779.1  2.03676  -0.0564745  1
445  0  0.67754  0.476746  17247  1.80418  -0.128183  1
446  0  -1.54123  -0.314258  17703  1.97382  -0.41416  1
447  0  -1.59343  0.321302  17976.3  1.97003  -0.415362  1
448  0  -0.0844521  0.0115673  18052.9  1.48958  -0.389525  1
449  0  0.63992  -0.203062  16648.3  2.16442  0.0661848  1
450  0  0.63992  0.203062  17143.1  1.87409  -0.173424  1
451  0  0.4675  -0.472462  16756.9  2.0991  -0.121535  1
452  0  0.4675  0.472462  17366  1.81441  -0.0864427  1
453  0  -0.00906995  -0.456245  17004.2  2.07381  -0.285182  1
454  0  -0.00616725  0.460764  17725.8  1.79106  -0.00579721  1
455  0  -1.52893  0.929886  18273.7  1.97755  -0.432913  1
456  0  -1.52893  -0.929886  17537.8  1.97336  -0.398303  1
457  0  0.539326  -0.0997493  16450.8  1.88403  0.100658  1
458  0  0.539326  0.0997493  17049.5  2.00662  -0.173116  1
459  0  0.433623  -0.208377  16463.8  2.27006  -0.0347796  1
460  0  0.433623  0.208377  17189.4  1.9198  -0.0811012  1
461  0  1.14631  -0.102478  17066.7  1.69953  0.0269751  1
462  0  1.14504  0.127385  17081.1  1.77722  -0.163859  1
463  0  -0.933211  -0.207992  17660.6  1.97301  -0.442299  1
464  0  -0.857856  0.160817  17823.5  1.97105  -0.420006  1
465  0  1.59433  1.49604  16754.3  1.81167  -0.238668  1
466  0  1.59433  -1.49604  16644  1.87881  -0.205982  1
467  0  0.0420559  0.172072  17851.1  1.685  0.0777549  1
468  0  0.0369848  -0.164632  16686  2.19956  -0.537202  1
469  0  0.972097  -0.0394904  16950.7  1.006  0.116341  1
470  0  0.972097  0.0394904  17124  1.66337  -0.209365  1
471  0  0.302844  -0.242038  16450.1  2.28376  -0.165709  1
472  0  0.302844  0.242038  17336  1.89015  -0.0119837  1
473  0  0.588658  -0.14602  16561.4  2.25094  0.0880402  1
474  0  0.588658  0.14602  17104.8  1.96837  -0.178277  1
475  0  0.634654  -0.313078  16700.4  2.08892  0.00195411  1
476  0  0.634654  0.313078  17201.4  1.85483  -0.141241  1
477  0  -0.104981  -0.204528  17242  1.97282  -0.412916  1
478  0  1.41262  0.29608  16870.5  1.79319  -0.137296  1
479  0  1.40892  -0.29544  16803.8  1.84526  -0.0447941  1
480  0  0.959979  1.15191  17191.9  1.75652  -0.149183  1
481  0  0.959979  -1.15191  16829.5  1.93366  -0.159131  1
482  0  0.933044  -0.171235  16886.2  2.00117  0.105713  1
483  0  0.933044  0.171235  17122.6  1.79241  -0.197016  1
484  0  0.25159  -0.106479  15976.3  2.43384  -0.183639  1
485  0  0.25159  0.106479  17208.6  2.08914  0.105849  1
486  0  -1.04921  -0.965837  17447.8  1.99228  -0.408553  1
487  0  -1.05403  0.981007  18257.8  1.93461  -0.399238  1
488  0  0.257007  0.662834  17561.1  1.79864  -0.045892  1
489  0  0.257007  -0.662834  16903.2  2.07129  -0.20291  1
490  0  0.340651  -0.113163  16136  2.35447  -0.0557226  1
491  0  0.340651  0.113163  17093.3  2.12213  -0.00890656  1
492  0  -0.616761  -0.255556  17571.8  1.96579  -0.410331  1
493  0  0.690196  -0.263479  16714.6  2.07497  0.0404565  1
494  0  0.690196  0.263479  17168.2  1.85199  -0.16549  1
495  0  -0.849124  -1.57507  17326.8  1.99173  -0.376116  1
496  0  -0.849124  1.57507  18720.4  1.86435  -0.182294  1
497  0  0.759871  -0.164136  16747.9  2.13766  0.111308  1
498  0  0.759871  0.164136  17131.2  1.8474  -0.206737  1
499  0  -0.616761  0.255556  17825.4  1.93923  -0.325713  1
500  0  0.871095  -0.164769  16834.4  2.05545  0.117556  1
501  0  0.871095  0.164769  17128.8  1.80985  -0.204128  1
502  0  -0.209791  -0.475816  17217  2.02153  -0.29243  1
503  0  -0.209478  0.476093  17829  1.81536  -0.0250517  1
504  0  0.218786  -0.209315  16383.8  2.33459  -0.265799  1
505  0  0.218786  0.209315  17430.8  1.86717  0.051227  1
506  0  0.0203026  -0.0731088  16500.7  2.20787  -0.928797  1
507  0  0.217011  -0.383083  16721.8  2.16446  -0.23425  1
508  0  0.216563  0.383428  17521.2  1.81343  -0.0251562  1
509  0  0.41796  -0.111517  16276.4  2.24471  0.0314103  1
510  0  0.41796  0.111517  17073.5  2.11228  -0.0860726  1
511  0  -0.239415  -0.259083  17367.2  1.96847  -0.336861  1
512  0  -0.0834512  0.193512  17926.2  1.68546  -0.0544358  1
513  0  0.747231  -0.0713283  16697.3  1.35851  0.11448  1
514  0  0.747231  0.0713283  17101.3  1.83948  -0.232667  1
515  0  0.34912  -1.09924  16980.4  1.99381  -0.205768  1
516  0  0.34912  1.09924  17596.1  1.74652  -0.071562  1
517  0  -0.0944214  -0.835948  17120.3  2.02724  -0.243925  1
518  0  -0.0944214  0.835948  17824.7  1.78956  0.023329  1
519  0  1.2426  -1.10495  16762.9  1.90574  -0.153314  1
520  0  1.2426  1.10495  17023.2  1.75399  -0.175202  1
521  0  0.100176  0.101129  17718.7  1.77152  0.272962  1
522  0  0.392749  -0.29795  16567.2  2.20743  -0.108735  1
523  0  0.392749  0.29795  17304.4  1.87989  -0.0622471  1
524  0  0.000388304  0.046803  18609.7  1.23156  0.0350962  1
525  0  -0.030714  0.0782189  18258.2  1.44605  -0.0584757  1
526  0  1.28166  0.139256  16996.7  1.75999  -0.131886  1
527  0  1.49222  -0.0147501  16812.5  1.78503  -0.0587101  1
528  0  1.29376  -0.135665  16918.1  1.78502  -0.019322  1
529  0  0.535637  -0.194448  16550.2  2.2398  0.0327464  1
530  0  0.535637  0.194448  17146.4  1.90429  -0.135462  1
531  0  -0.305488  1.67278  18242.4  1.60005  0.192558  1
532  0  -0.305488  -1.67278  17207.7  1.98693  -0.320676  1
533  0  -0.222459  0.248698  17856.6  1.78613  -0.110747  1
534  0  -0.499937  -0.446608  17416.8  1.99576  -0.371123  1
535  0  0.309033  -0.196691  16338.5  2.3522  -0.148439  1
536  0  0.309033  0.196691  17274.9  1.91974  -0.00060837  1
537  0  1.60919  -0.47904  16684.9  1.8174  -0.0793314  1
538  0  1.6084  0.484625  16754.8  1.82489  -0.169053  1
539  0  -0.550824  0.453995  17908.1  1.91968  -0.222006  1
540  0  0.602021  -0.783217  16863.6  2.01465  -0.142363  1
541  0  0.602021  0.783217  17370.6  1.77842  -0.108749  1
542  0  -1.55678  1.55678  18655.7  1.9384  -0.393558  1
543  0  -1.55678  -1.55678  17428.4  1.97402  -0.379203  1
544  0  -0.76864  -1.14861  17345  2.01027  -0.401962  1
545  0  0.206683  -0.102412  15868.2  2.33627  -0.276414  1
546  0  0.206683  0.102412  17211.1  1.9642  0.176874  1
547  0  -0.775753  1.1552  18244.8  1.85649  -0.201469  1
548  0  0.82033  -0.0515752  16799.2  0.847201  0.0789584  1
549  0  0.82033  0.0515752  17123.2  1.51192  -0.209094  1
550  0  0.0493863  0.0693946  18045.3  1.52185  0.361431  1
551  0  0.0625158  -0.301684  16811.9  2.15197  -0.350669  1
552  0  0.927953  -0.322206  16840.1  1.9473  0.0254763  1
553  0  0.927953  0.322206  17122.4  1.79183  -0.170556  1
554  0  0.704873  -0.13754  16684.5  2.15986  0.119682  1
555  0  0.704873  0.13754  17118.7  1.91904  -0.216623  1
556  0  0.055466  0.298288  17709.9  1.76386  0.0160985  1
557  0  0.939308  -0.0499908  16892.7  1.14325  0.124899  1
558  0  0.939308  0.0499908  17126.1  1.73596  -0.215181  1
559  0  0.756879  -0.406863  16784.8  2.01631  -0.0162747  1
560  0  0.756879  0.406863  17193.6  1.80858  -0.14631  1
561  0  0.472625  -0.0972393  16324.5  1.76681  0.0701763  1
562  0  0.472625  0.0972393  17012  1.88937  -0.119789  1
563  0  1.08097  -0.536631  16822.8  1.91725  -0.0506074  1
564  0  1.08097  0.536631  17067.8  1.78341  -0.153612  1
565  0  1.29511  0.869708  16961.3  1.78762  -0.178015  1
566  0  1.29511  -0.869708  16748.9  1.89155  -0.124662  1
567  0  0.604385  -0.0832867  16547.9  1.40732  0.100686  1
568  0  0.604385  0.0832867  17037.7  1.7459  -0.189619  1
569  0  0.647372  -0.0757595  16621.9  1.25717  0.0949485  1
570  0  0.647372  0.0757595  17072.7  1.67941  -0.200817  1
571  0  0.129824  -0.18184  16395.8  2.33435  -0.404849  1
572  0  0.12936  0.18024  17604.3  1.79657  0.1124  1
573  0  0.054477  -0.579122  16983.4  2.06924  -0.247959  1
574  0  0.054477  0.579122  17683.9  1.80339  -0.0141687  1
575  0  0.859014  -0.122739  16830.1  2.00583  0.146341  1
576  0  0.859014  0.122739  17132.7  1.86466  -0.220376  1
577  0  0.472586  -0.685994  16851.6  2.05159  -0.154107  1
578  0  0.472586  0.685994  17421.8  1.78869  -0.0824351  1
579  0  0.0724357  -0.0751629  15829.4  2.36928  -0.739717  1
580  0  -0.423595  -0.802727  17272.7  2.02276  -0.33348  1
581  0  0.11792  -0.0848259  15807.4  2.3815  -0.532673  1
582  0  -0.419747  0.79768  17966.6  1.84197  -0.039348  1
583  0  0.162469  -0.0921843  15862.1  2.33526  -0.379691  1
584  0  0.161201  0.0940144  17367.7  1.90257  0.25591  1
585  0  0.690626  -0.0685794  16670.3  1.10663  0.0842078  1
586  0  0.690626  0.0685794  17081.1  1.61292  -0.201885  1
587  0  -1.07915  0.264717  17898.6  1.97867  -0.4329  1
588  0  0.215034  1.28531  17727.3  1.67308  -0.0564109  1
589  0  0.215034  -1.28531  17039.2  1.98581  -0.226183  1
590  0  0.992571  -0.214909  16906.8  1.94192  0.0706631  1
591  0  1.0814  -0.195279  16954.1  1.90273  0.0523056  1
592  0  0.992571  0.214909  17108.3  1.78052  -0.183347  1
593  0  1.07359  0.202418  17089  1.77269  -0.172672  1
594  0  0.884848  -0.0404523  16855.9  0.718485  0.0605208  1
595  0  0.884848  0.0404523  17137.4  1.42531  -0.182803  1
596  0  0.00629492  -0.0440216  16472.4  1.92074  -1.14061  1
597  0  0.72975  -0.668036  16828.7  2.00486  -0.0983162  1
598  0  0.72975  0.668036  17272.4  1.7871  -0.130358  1
599  0  -0.0356374  -0.00294897  18150.2  1.1439  -0.723398  1
600  0  -1.13579  -0.270833  17674.1  1.97881  -0.428178  1
601  0  -0.00880131  -1.61945  17134.6  1.98252  -0.272334  1
602  0  -0.00880131  1.61945  17980.4  1.57852  0.0430793  1
603  0  0.780457  -0.118748  16748.5  2.02184  0.140486  1
604  0  0.780457  0.118748  17123.7  1.91451  -0.229492  1
605  0  0.516563  -0.0903724  16403.8  1.56229  0.0808524  1
606  0  0.516563  0.0903724  17024  1.7996  -0.145119  1
607  0  0.559682  -0.0869972  16491.4  1.47254  0.0981296  1
608  0  0.559682  0.0869972  17043.8  1.76901  -0.16992  1
609  0  0.195648  -0.305236  16622.5  2.21775  -0.262365  1
610  0  0.194831  0.305864  17520.8  1.82144  0.00348486  1
611  0  0.270337  -0.145622  16156.7  2.51512  -0.187647  1
612  0  0.270337  0.145622  17253.6  1.98657  0.0516808  1
613  0  0.845325  -0.288756  16812.1  1.98411  0.0469917  1
614  0  0.845325  0.288756  17138.8  1.80917  -0.177324  1
615  0  -0.881708  -0.712328  17467.4  2.0033  -0.433341  1
616  0  -0.0501345  -1.03968  17110.4  2.01692  -0.238725  1
617  0  -0.0501345  1.03968  17853.9  1.74319  0.0345747  1
618  0  -0.881708  0.712328  18055.7  1.96506  -0.371953  1
619  0  -0.0239153  -0.346664  17004.7  2.08185  -0.332518  1
620  0  1.01125  -0.0392845  17026.6  1.02132  0.148766  1
621  0  1.01057  0.0348869  17115  1.4907  -0.205081  1
622  0  -0.0187597  0.348327  17766.8  1.76691  -0.00513662  1
623  0  0.514998  1.31854  17521.7  1.703  -0.129814  1
624  0  0.514998  -1.31854  16960.9  1.9662  -0.205796  1
625  0  0.373135  -0.169287  16329.2  2.39659  -0.0647719  1
626  0  0.373135  0.169287  17177.2  1.95867  -0.0413273  1
627  0  0.83491  -0.196654  16797.1  2.05332  0.0939855  1
628  0  0.83491  0.196654  17134.2  1.81094  -0.197928  1
629  0  0.510137  -0.153794  16465.4  2.31379  0.0498338  1
630  0  0.510137  0.153794  17113.5  1.9813  -0.136325  1
631  0  -0.200572  -0.71688  17177.4  2.02901  -0.272067  1
632  0  -0.201063  0.715472  17848.2  1.82168  0.00837912  1
633  0  0.279357  -0.516626  16822.3  2.10582  -0.20032  1
634  0  0.279357  0.516626  17512.7  1.80867  -0.050418  1
635  0  0.562211  -0.282875  16641.6  2.13272  -0.00674684  1
636  0  0.562211  0.282875  17208.1  1.87785  -0.12599  1
637  0  0.318345  -0.100253  16032.4  2.03827  -0.0695053  1
638  0  0.318345  0.100253  17061.3  1.95348  0.0205801  1
639  0  0.362427  -0.09823  16133.5  1.88713  -0.0140601  1
640  0  0.362427  0.09823  17045.8  1.91825  -0.0286973  1
641  0  0.150475  -0.131382  16112  2.5205  -0.435091  1
642  0  0.154787  0.133978  17486.4  1.86009  0.177114  1
643  0  0.27368  -0.0981547  15983  2.09401  -0.123517  1
644  0  0.27368  0.0981547  17122.8  1.94837  0.0756067  1
645  0  0.938706  -0.118307  16901.3  1.93073  0.146343  1
646  0  0.938706  0.118307  17125.7  1.84931  -0.211926  1
647  0  -0.0816904  -0.138639  17252.9  1.94358  -0.512384  1
648  0  0.405635  -0.4199  16701.7  2.13523  -0.131131  1
649  0  0.405635  0.4199  17367.1  1.83036  -0.075036  1
650  0  0.921767  -0.543613  16818.8  1.95813  -0.0502553  1
651  0  0.921767  0.543613  17145.1  1.78869  -0.148918  1
652  0  1.17844  -0.684215  16789.9  1.90553  -0.0905611  1
653  0  1.17844  0.684215  17021.8  1.79083  -0.159767  1
654  0  0.0335518  0.126516  17977.6  1.60749  0.124638  1
655  0  -0.474844  -1.0357  17269  2.02346  -0.350053  1
656  0  -0.475696  1.03713  18079.3  1.81256  -0.0323418  1
657  0  -0.0738208  0.129273  18050.8  1.59375  -0.0778285  1
658  0  0.0297382  0.0546448  18409.2  1.35394  0.337711  1
659  0  0.776885  -0.30873  16778.1  2.01717  0.0279596  1
660  0  0.776885  0.30873  17165.1  1.82158  -0.16528  1
661  0  0.444305  -0.159385  16388  2.3746  -0.00308859  1
662  0  0.444305  0.159385  17128.7  1.98409  -0.0886052  1
663  0  -1.48623  -0.608504  17602.8  1.97719  -0.407934  1
664  0  -1.46828  0.610979  18107.6  1.97484  -0.425462  1
665  0  0.668385  -0.166743  16662  2.19274  0.0942103  1
666  0  0.668385  0.166743  17126.7  1.87935  -0.193029  1
667  0  0.25241  0.814216  17603.5  1.77379  -0.0387699  1
668  0  0.25241  -0.814216  16958.7  2.04016  -0.204068  1
669  0  1.05162  0.0139323  17141.3  1.2845  -0.160101  1
670  0  -0.651516  -0.629049  17415.6  2.01257  -0.415647  1
671  0  -0.535455  0.655295  17961.7  1.89066  -0.144141  1
672  0  1.72482  -0.000531493  16677  1.83867  -0.0812966  1
673  0  0.0746968  0.0679739  17850.9  1.64379  0.411896  1
674  0  1.06106  0.119289  17106.1  1.81587  -0.183105  1
675  0  1.06822  -0.124328  17030.2  1.85782  0.0949929  1
676  0  0.0491019  -0.062939  15968.5  2.2462  -0.874823  1
677  0  0.231231  -0.0950151  15826  2.13838  -0.197127  1
678  0  0.231231  0.0950151  17126  1.92813  0.134558  1
679  0  0.939155  1.71396  17261.1  1.85604  -0.197918  1
680  0  0.939155  -1.71396  16871.1  1.92224  -0.208319  1
681  0  -1.17039  -1.62214  17376.6  1.98196  -0.381916  1
682  0  -1.17039  1.62214  18796  1.92276  -0.362382  1
683  0  0.794149  -0.0517542  16744.4  0.762898  0.0954887  1
684  0  0.794149  0.0517542  17105.5  1.45918  -0.219707  1
685  0  0.84086  -0.0412908  16800.3  0.624782  0.0565714  1
686  0  0.84086  0.0412908  17146.8  1.34227  -0.18022  1
687  0  0.450212  -0.0919401  16283.3  1.55935  0.082307  1
688  0  0.450212  0.0919401  17034.9  1.77466  -0.108539  1
689  0  0.185313  -0.0900978  15805.9  2.19158  -0.295976  1
690  0  0.185059  0.0904639  17282.2  1.9162  0.226603  1
691  0  -0.0138134  0.021238  18623.8  0.786568  -0.381947  1
692  0  0.668108  -0.0666626  16632.6  0.957788  0.087955  1
693  0  0.668108  0.0666626  17063.7  1.50835  -0.192232  1
694  0  0.296022  -0.0952208  15966.7  1.92261  -0.0755932  1
695  0  0.296022  0.0952208  17068.5  1.87574  0.0442263  1
696  0  0.49401  -0.087827  16356.6  1.45157  0.0743612  1
697  0  0.49401  0.087827  17004.5  1.73123  -0.127454  1
698  0  1.3509  1.66611  16950.5  1.88567  -0.210884  1
699  0  1.3509  -1.66611  16742  1.89969  -0.202877  1
700  0  0.581345  -0.0785339  16495.6  1.23529  0.103797  1
701  0  0.581345  0.0785339  17023.1  1.63564  -0.174322  1
702  0  1.58817  0.762745  16782.2  1.81005  -0.19513  1
703  0  1.5882  -0.762503  16671.2  1.84708  -0.12189  1
704  0  -0.266065  -0.0765767  17624.4  1.84505  -0.329391  1
705  0  0.0747754  -0.129189  16348.6  2.35889  -0.57918  1
706  0  0.241305  -0.170639  16240.9  2.42776  -0.232179  1
707  0  0.241305  0.170639  17335.1  1.91506  0.055176  1
708  0  0.903707  0.944563  17211.3  1.77398  -0.147679  1
709  0  0.903707  -0.944563  16833.5  1.94879  -0.134914  1
710  0  0.308427  -0.154664  16219.9  2.47469  -0.134393  1
711  0  0.308427  0.154664  17211.3  1.98264  0.0121809  1
712  0  0.0874293  -0.456361  16902.8  2.1034  -0.268549  1
713  0  0.0874293  0.456361  17650.9  1.79582  -0.0139107  1
714  0  0.862147  -0.036731  16811.2  0.495631  0.0807404  1
715  0  0.862147  0.036731  17151.5  1.24408  -0.172536  1
716  0  0.270291  -0.334608  16622.7  2.2031  -0.206077  1
717  0  0.270141  0.334723  17443.8  1.83928  -0.0259714  1
718  0  0.564953  -0.455499  16750.1  2.07791  -0.0767998  1
719  0  0.564953  0.455499  17293.7  1.81577  -0.109707  1
720  0  0.746936  -0.212188  16739.1  2.08582  0.0769612  1
721  0  0.746936  0.212188  17143.9  1.83843  -0.189242  1
722  0  0.0314027  -0.218633  16766.2  2.16858  -0.440044  1
723  0  -0.218334  -0.359652  17265.6  2.00592  -0.318354  1
724  0  0.50881  -0.561985  16799.1  2.0675  -0.121731  1
725  0  0.50881  0.561985  17362.6  1.80018  -0.0935372  1
726  0  -1.49039  -0.00995324  17819.8  1.96978  -0.41868  1
727  0  0.570267  1.67798  17523.4  1.7545  -0.215537  1
728  0  0.570267  -1.67798  16976.2  1.94543  -0.22354  1
729  0  -0.261609  1.17769  18040.5  1.74753  0.0731041  1
730  0  -0.261508  -1.17752  17190.6  2.0212  -0.288468  1
731  0  0.624854  -0.0730236  16571.3  1.07949  0.0864063  1
732  0  0.624854  0.0730236  17044.5  1.56417  -0.181845  1
733  0  0.119742  -0.275706  16657.2  2.21033  -0.328504  1
734  0  0.470502  -0.22519  16515  2.22524  -0.0208114  1
735  0  0.470502  0.22519  17192.3  1.90833  -0.0963442  1
736  0  0.119989  0.275831  17620.4  1.78858  0.0294512  1
737  0  0.498076  -0.947365  16915.8  2.00139  -0.178065  1
738  0  0.498076  0.947365  17470  1.76469  -0.0934013  1
739  0  -0.0112516  -0.0206244  17281.1  1.36722  -1.18557  1
740  0  0.501331  -0.317288  16633.1  2.15209  -0.051898  1
741  0  0.501331  0.317288  17253.6  1.87185  -0.100947  1
742  0  -0.110532  -0.430524  17120.4  2.04358  -0.300878  1
743  0  -0.107923  0.430106  17793.8  1.79106  -0.0122296  1
744  0  0.0321392  0.232583  17790  1.7247  0.0321935  1
745  0  -1.63689  -1.23614  17477.9  1.97128  -0.386101  1
746  0  -1.63689  1.23614  18466.9  1.95438  -0.417409  1
747  0  0.994137  -0.0734622  16990.6  1.57618  0.153691  1
748  0  0.994246  0.0716261  17133.3  1.86253  -0.220157  1
749  0  0.921436  -0.0788471  16879.4  1.63412  0.154245  1
750  0  0.921436  0.0788471  17131.6  1.88937  -0.227886  1
751  0  0.860065  -0.666638  16820.7  1.97628  -0.0828011  1
752  0  0.860065  0.666638  17196.5  1.78868  -0.144753  1
753  0  -0.445793  0.16332  17788.6  1.88115  -0.246948  1
754  0  0.868604  -0.444687  16814.1  1.9725  -0.021577  1
755  0  0.868604  0.444687  17157.9  1.79179  -0.151396  1
756  0  0.476732  -0.136645  16389.2  2.32807  0.0444201  1
757  0  0.476732  0.136645  17083.9  2.0423  -0.117676  1
758  0  0.260691  -0.219015  16390  2.32596  -0.208927  1
759  0  0.260691  0.219015  17366  1.88829  0.0212347  1
760  0  0.905312  -0.0297179  16867.8  0.429071  0.0435339  1
761  0  0.905312  0.0297179  17135.1  1.20216  -0.153923  1
762  0  0.688935  -0.567448  16807.3  2.02319  -0.0814884  1
763  0  0.688935  0.567448  17270.3  1.79291  -0.125369  1
764  0  0.991754  -0.021753  16972.9  0.461469  0.0674536  1
765  0  0.986115  0.019302  17113  1.2158  -0.163628  1
766  0  0.119313  0.0800453  17546.4  1.82017  0.329633  1
767  0  0.36232  -0.122755  16185.3  2.4284  -0.0420733  1
768  0  0.36232  0.122755  17101.4  2.11886  -0.0310152  1
769  0  0.651328  -0.389495  16741.6  2.06446  -0.0297754  1
770  0  0.651328  0.389495  17228.4  1.82632  -0.131931  1
771  0  0.384611  -0.0910723  16134.3  1.58478  0.0176073  1
772  0  0.384611  0.0910723  17004.1  1.75447  -0.0514013  1
773  0  1.06514  -0.384188  16855  1.90425  -0.0104632  1
774  0  1.06514  0.384188  17072.5  1.77502  -0.159278  1
775  0  0.711301  -0.0576272  16676.5  0.742594  0.053195  1
776  0  0.711301  0.0576272  17087.2  1.3718  -0.173054  1
777  0  0.40478  -0.0926106  16197.1  1.64008  0.0303803  1
778  0  0.40478  0.0926106  17039.4  1.80792  -0.0706726  1
779  0  -0.624587  -1.75475  17277.2  1.98774  -0.359395  1
780  0  -0.624587  1.75475  18681.8  1.72465  0.128041  1
781  0  0.346538  -0.264431  16503.6  2.24789  -0.133304  1
782  0  0.346538  0.264431  17313.5  1.88952  -0.0383811  1
783  0  -0.142571  -0.0440672  17720.6  1.75689  -0.422467  1
784  0  0.763852  -0.0518466  16706.4  0.663205  0.0650751  1
785  0  0.763852  0.0518466  17074.3  1.35473  -0.171967  1
786  0  0.141318  -0.0812564  15766.2  2.21508  -0.421061  1
787  0  0.14125  0.0824825  17476.6  1.84059  0.30182  1
788  0  -0.295438  0.16988  17830.4  1.80583  -0.178967  1
789  0  0.380526  -0.141698  16261.7  2.46919  -0.0387067  1
790  0  0.380526  0.141698  17128.6  2.05289  -0.0476634  1
791  0  0.927738  -0.785817  16822  1.9565  -0.105289  1
792  0  0.927738  0.785817  17176.3  1.78298  -0.149012  1
793  0  0.0971696  -0.073648  15749  2.28671  -0.607665  1
794  0  0.782075  -1.26184  16881.9  1.94938  -0.180491  1
795  0  0.782075  1.26184  17341.4  1.73818  -0.137524  1
796  0  -0.0197103  -0.714567  17069.1  2.04259  -0.242037  1
797  0  -0.0197688  0.714399  17752.4  1.80491  0.000960444  1
798  0  -0.340048  -0.44071  17323.8  2.00242  -0.318436  1
799  0  -0.210269  0.35624  17835.8  1.80582  -0.0555292  1
800  0  -0.457659  -0.181617  17559.9  1.93047  -0.349302  1
801  0  -1.31224  -0.837707  17523.5  1.98169  -0.40085  1
802  0  -1.31007  0.839755  18214.4  1.9836  -0.437685  1
803  0  0.704524  -0.101551  16671.1  1.86797  0.125294  1
804  0  0.704524  0.101551  17096.5  1.96772  -0.234208  1
805  0  0.614127  -0.116253  16569.6  2.0864  0.115803  1
806  0  0.614127  0.116253  17076.7  2.01965  -0.208127  1
807  0  -0.358141  0.414423  17851  1.85891  -0.101052  1
808  0  -0.955869  -0.437639  17572.4  1.9895  -0.442612  1
809  0  0.321048  -0.127331  16138.9  2.49108  -0.0971556  1
810  0  0.321048  0.127331  17138.1  2.09271  0.0104752  1
811  0  0.622785  -0.174629  16609.1  2.21644  0.0797359  1
812  0  0.622785  0.174629  17120.8  1.88982  -0.177682  1
813  0  1.12035  0.303965  17047.6  1.77226  -0.158626  1
814  0  1.24318  0.300574  16974.2  1.77647  -0.141092  1
815  0  1.1204  -0.302026  16889.6  1.87637  0.0071633  1
816  0  1.24459  -0.299545  16867.2  1.8601  -0.0269272  1
817  0  1.41032  1.32205  16901.6  1.74484  -0.197016  1
818  0  1.41032  -1.32205  16710.8  1.88889  -0.178968  1
819  0  0.0893462  -0.169126  16508.2  2.28241  -0.477964  1
820  0  0.732922  -0.0553447  16680.8  0.744295  0.050143  1
821  0  0.732922  0.0553447  17110.2  1.39232  -0.167291  1
822  0  0.526181  -0.119826  16443.3  2.18994  0.0879244  1
823  0  0.526181  0.119826  17069.4  2.05905  -0.162834  1
824  0  -0.963341  0.471936  17972.3  1.98285  -0.429076  1
825  0  -0.157882  0.0426878  17912.6  1.67939  -0.272933  1
826  0  0.428478  -0.0916127  16267.9  1.62464  0.056997  1
827  0  0.428478  0.0916127  17036.7  1.81141  -0.0925767  1
828  0  0.0938463  0.0763081  17715.9  1.73378  0.369113  1
829  0  0.980585  0.103844  17126.5  1.85608  -0.21049  1
830  0  0.980563  -0.104211  16953.7  1.85679  0.149437  1
831  0  0.0588809  -0.862727  17046.4  2.03139  -0.223552  1
832  0  0.058874  0.862707  17738.1  1.77151  -0.00214342  1
833  0  0.166338  0.604089  17606.8  1.80491  -0.0338157  1
834  0  0.166338  -0.604089  16916.6  2.07952  -0.224657  1
835  0  0.332426  -0.937966  16955.9  2.01586  -0.198432  1
836  0  0.332426  0.937966  17570.6  1.7571  -0.0567493  1
837  0  0.758302  -0.0929272  16726  1.77107  0.149619  1
838  0  0.758302  0.0929272  17117.5  1.95197  -0.247066  1
839  0  -0.250393  0.0751985  17819.8  1.77985  -0.229375  1
840  0  0.198199  -0.141923  16094.1  2.54452  -0.338323  1
841  0  0.196668  0.140622  17364.7  1.92067  0.137059  1
842  0  0.648547  -0.114231  16626.4  2.01557  0.121237  1
843  0  0.648547  0.114231  17092.6  2.0035  -0.218923  1
844  0  1.05208  -0.0345531  17110.9  1.0642  0.0710317  1
845  0  0.168936  -0.201681  16395.5  2.32867  -0.327563  1
846  0  0.168881  0.201491  17514.4  1.83451  0.077401  1
847  0  0.0887204  0.168844  17736.1  1.73719  0.12086  1
848  0  0.673073  -0.128629  16643.5  2.14166  0.117955  1
849  0  0.673073  0.128629  17104.1  1.96502  -0.215824  1
850  0  0.537381  -0.0810902  16427.4  1.24186  0.0819797  1
851  0  0.537381  0.0810902  17030.5  1.62294  -0.145553  1
852  0  0.161573  -0.429211  16814.2  2.12971  -0.250102  1
853  0  0.161573  0.429211  17582.8  1.8023  -0.0227741  1
854  0  1.72051  1.23817  16695.4  1.76345  -0.236762  1
855  0  1.72051  -1.23817  16610.5  1.86014  -0.196723  1
856  0  0.856432  -0.0879246  16818.4  1.73208  0.145507  1
857  0  0.856432  0.0879246  17129  1.92248  -0.235808  1
858  0  0.297472  -0.29039  16540  2.23739  -0.178477  1
859  0  0.297457  0.290402  17380.3  1.86636  -0.0243417  1
860  0  0.703369  -0.944435  16869.3  1.97984  -0.151076  1
861  0  0.703369  0.944435  17340.3  1.7731  -0.129801  1
862  0  0.801843  -0.0923924  16765.7  1.79095  0.148466  1
863  0  0.801843  0.0923924  17123.4  1.93924  -0.244326  1
864  0  0.489719  -0.393523  16695.6  2.12306  -0.086157  1
865  0  0.489719  0.393523  17305  1.8379  -0.0953992  1
866  0  0.534079  -0.235347  16584.3  2.17903  0.00560275  1
867  0  0.534079  0.235347  17182.1  1.89706  -0.12302  1
868  0  1.33714  0.443435  16921.5  1.78749  -0.1547  1
869  0  1.33689  -0.442226  16794.6  1.85154  -0.0583071  1
870  0  0.073541  0.133587  17819  1.69014  0.170275  1
871  0  0.949855  0.0246089  17126.2  1.24031  -0.154821  1
872  0  0.949855  -0.0246089  16915.3  0.468951  0.0581762  1
873  0  -0.0243271  -0.203285  16987.8  2.07023  -0.468131  1
874  0  0.559964  -0.117643  16509.4  2.14812  0.0994304  1
875  0  0.559964  0.117643  17073.2  2.04879  -0.1777  1
876  0  0.00453766  -0.107544  16777.3  2.13401  -0.73301  1
877  0  -0.0387365  -0.101817  17146.3  1.98221  -0.665491  1
878  0  0.742575  -0.27003  16749.8  2.04361  0.045539  1
879  0  0.742575  0.27003  17161.8  1.83678  -0.172037  1
880  0  0.740239  -0.141132  16723  2.15696  0.123525  1
881  0  0.740239  0.141132  17124.7  1.88954  -0.217005  1
882  0  -0.77071  -0.0185788  17714.7  1.95746  -0.422933  1
883  0  0.048467  -0.384493  16904.2  2.11298  -0.303506  1
884  0  0.0487545  0.391162  17695.6  1.78069  -0.00318065  1
885  0  0.925565  -0.0288854  16879.7  0.509849  0.0562837  1
886  0  0.925565  0.0288854  17137.4  1.26963  -0.1596  1
887  0  -0.15557  -0.267673  17247.3  1.99791  -0.356347  1
888  0  0.383795  -0.360102  16646  2.17111  -0.135257  1
889  0  0.383795  0.360102  17358.4  1.84813  -0.0640202  1
890  0  -1.33761  0.397468  17986.2  1.97488  -0.426205  1
891  0  1.08913  0.99339  17097.3  1.77364  -0.16145  1
892  0  1.08913  -0.99339  16795.5  1.91987  -0.138882  1
893  0  1.09279  0.0567753  17122  1.66764  -0.200228  1
894  0  1.71416  1.74515  16697.3  1.97313  -0.281361  1
895  0  1.71416  -1.74515  16620.6  1.89076  -0.220817  1
896  0  0.555657  -0.16773  16537.9  2.27415  0.0590864  1
897  0  0.555657  0.16773  17122  1.92837  -0.150723  1
898  0  0.841278  -0.0643768  16806.1  1.31441  0.131513  1
899  0  0.841278  0.0643768  17136.2  1.80539  -0.239502  1
900  0  1.44664  -0.164448  16802.2  1.814  -0.0201402  1
901  0  0.231469  0.452875  17527.5  1.80987  -0.0381456  1
902  0  0.231502  -0.45285  16785.4  2.13037  -0.220211  1
903  0  -0.290952  -0.177734  17496.8  1.9065  -0.335943  1
904  0  -1.73164  0.0736596  17884.2  1.96936  -0.403515  1
905  0  0.351421  0.720323  17508.2  1.78848  -0.0592587  1
906  0  0.351421  -0.720323  16889.1  2.05847  -0.18404  1
907  0  0.942485  -0.254104  16862.9  1.94992  0.0571251  1
908  0  0.942485  0.254104  17118.9  1.7916  -0.182475  1
909  0  -1.34117  -0.402992  17654.4  1.98042  -0.416244  1
910  0  0.425908  -0.133336  16337.1  2.41411  0.00995992  1
911  0  0.425908  0.133336  17100.7  2.06583  -0.0810179  1
912  0  0.245187  1.72092  17805.4  1.65602  -0.146909  1
913  0  0.245187  -1.72092  17075.2  1.95935  -0.249685  1
914  0  0.88892  -0.0713858  16859.5  1.48658  0.145008  1
915  0  0.88892  0.0713858  17135.4  1.87083  -0.231588  1
916  0  0.98665  -0.36033  16850.9  1.92793  0.00609215  1
917  0  0.98665  0.36033  17105.2  1.7809  -0.164239  1
918  0  1.08297  -0.0763384  17122.1  1.53989  0.110587  1
919  0  0.449095  -0.266889  16553  2.20254  -0.0600863  1
920  0  0.449095  0.266889  17242.6  1.89707  -0.0825032  1
921  0  -0.702046  0.635545  17980.5  1.93648  -0.267696  1
922  0  -0.0189753  0.208954  17877.8  1.69178  0.00522794  1
923  0  0.96967  -0.01925  16932.8  0.352209  0.0578936  1
924  0  0.968616  0.0181204  17119.7  1.09813  -0.147498  1
925  0  0.0624248  -0.105191  16245.3  2.40013  -0.693868  1
926  0  0.625205  -0.243333  16659.6  2.12423  0.0360821  1
927  0  0.625205  0.243333  17168.5  1.87415  -0.155175  1
928  0  -1.32159  0.17895  17892.8  1.97104  -0.422844  1
929  0  1.77145  -0.945171  16593.6  1.8323  -0.169065  1
930  0  1.77144  0.945211  16659  1.79827  -0.223642  1
931  0  0.403455  -0.187562  16403.2  2.32464  -0.0492018  1
932  0  0.403455  0.187562  17186  1.93418  -0.0624073  1
933  0  1.44151  0.156789  16864.3  1.79211  -0.116682  1
934  0  0.920661  -0.386514  16830  1.95458  -0.000400761  1
935  0  0.920661  0.386514  17129.9  1.7882  -0.160686  1
936  0  0.823745  -0.11006  16782.7  1.93632  0.147911  1
937  0  0.823745  0.11006  17124.6  1.92049  -0.231772  1
938  0  0.839295  -0.236399  16804.1  2.00522  0.0718543  1
939  0  0.839295  0.236399  17135.2  1.80901  -0.18766  1
940  0  0.904391  -0.137827  16864.4  2.02193  0.137667  1
941  0  0.904391  0.137827  17125.7  1.82853  -0.210486  1
942  0  0.591554  -0.194321  16599.7  2.20622  0.0525796  1
943  0  0.591554  0.194321  17141.4  1.89054  -0.156885  1
944  0  0.207156  -0.171651  16246.9  2.41605  -0.291165  1
945  0  0.207156  0.171651  17403.6  1.88927  0.0855929  1
946  0  1.8271  0.211777  16637.5  1.87357  -0.139518  1
947  0  1.81676  -0.212542  16615.4  1.81137  -0.0773683  1
948  0  0.340241  -0.0929721  16066  1.73626  -0.0283672  1
949  0  0.340241  0.0929721  17042.2  1.81833  -0.00318642  1
950  0  -0.788151  -0.288736  17593.8  1.9772  -0.442844  1
951  0  0.682006  -0.212218  16690.1  2.12355  0.0695374  1
952  0  0.682006  0.212218  17147.8  1.8592  -0.180239  1
953  0  -0.444813  0.00497345  17691.5  1.88866  -0.301546  1
954  0  0.113412  -0.112486  16079.2  2.52714  -0.547702  1
955  0  -0.494687  -0.660764  17342.3  2.01957  -0.370626  1
956  0  -0.192111  -0.20717  17374  1.93862  -0.362573  1
957  0  1.81205  0.635934  16639.7  1.83708  -0.206691  1
958  0  1.81205  -0.635934  16592.6  1.79836  -0.125462  1
959  0  -1.76335  0.638793  18144.3  1.96856  -0.411429  1
960  0  -1.75403  -0.603731  17630.9  1.96947  -0.395741  1
961  0  0.251989  -0.0895467  15915  1.87834  -0.140863  1
962  0  0.251989  0.0895467  17161  1.81687  0.105554  1
963  0  1.02579  -0.0127081  17101.5  0.747786  -0.00938347  1
964  0  -0.988233  -0.000152576  17764.2  1.96824  -0.435969  1
965  0  0.36913  -0.480188  16761.6  2.11415  -0.159968  1
966  0  0.36913  0.480188  17426  1.81415  -0.0680719  1
967  0  -0.20716  -0.589336  17194.7  2.02841  -0.279052  1
968  0  -0.208493  0.588276  17828.4  1.82077  -0.00482858  1
969  0  -1.80359  -0.189878  17763.6  1.9699  -0.400246  1
970  0  -0.0765925  -0.265695  17092.9  2.04339  -0.382397  1
971  0  -1.80006  0.994038  18315.4  1.97133  -0.413944  1
972  0  -1.80006  -0.994038  17539.2  1.96775  -0.386026  1
973  0  0.120341  -1.45175  17078.6  1.98193  -0.243806  1
974  0  0.120341  1.45175  17821.9  1.60102  -0.0410287  1
975  0  0.214558  -0.251739  16494.8  2.27475  -0.25353  1
976  0  0.215611  0.251721  17460.4  1.84716  0.0224779  1
977  0  -0.959851  -1.34168  17368.2  1.99121  -0.391651  1
978  0  -0.95438  1.34878  18531.8  1.87586  -0.301866  1
979  0  -0.602168  -1.49179  17281.8  2.00638  -0.362065  1
980  0  -0.602229  1.4923  18411.9  1.7639  -0.00297378  1
981  0  0.269681  -0.12007  16053.1  2.54685  -0.182122  1
982  0  0.269681  0.12007  17209.4  2.09227  0.0817025  1
983  0  -1.33566  -0.189108  17731.6  1.97471  -0.420806  1
984  0  0.106245  1.13716  17776.5  1.72198  -0.0158001  1
985  0  0.106245  -1.13716  17056.7  2.00267  -0.22507  1
986  0  -1.76062  1.76062  18714.8  1.95395  -0.377009  1
987  0  -1.76062  -1.76062  17426.5  1.97031  -0.372349  1
988  0  -0.0467762  -0.0660081  17384  1.83341  -0.731439  1
989  0  -0.144229  0.257562  17865.7  1.75198  -0.0652383  1
990  0  1.16297  0.03086  17112.5  1.60837  -0.131942  1
991  0  -1.34675  -1.05982  17483.2  1.97966  -0.393506  1
992  0  -1.34713  1.06228  18358.6  1.95786  -0.432182  1
993  0  -0.0705916  -0.0366588  17780.3  1.62745  -0.613987  1
994  0  0.0348883  -0.124326  16565.5  2.23724  -0.649639  1
995  0  -0.254737  -1.41605  17197.7  2.01138  -0.303611  1
996  0  -0.254737  1.41605  18134.7  1.66631  0.128376  1
997  0  1.21893  0.536318  16986.7  1.78626  -0.157388  1
998  0  1.21892  -0.53623  16798.6  1.88506  -0.0649591  1
999  0  -0.121633  -0.0996983  17512  1.8437  -0.479416  1
1000  0  0.0310411  -0.0498324  16034.3  2.0921  -1.01669  1
1001  0  -0.790351  0.324328  17901.7  1.97198  -0.380896  1
1002  0  0.39858  -0.237106  16479.7  2.25281  -0.0815767  1
1003  0  0.39858  0.237106  17244.4  1.90993  -0.0586456  1
1004  0  -0.470365  0.318645  17839.7  1.9007  -0.200754  1
1005  0  -0.0765925  0.265695  17842.6  1.73601  -0.0240068  1
1006  0  0.793044  -0.174908  16770.7  2.09955  0.103555  1
1007  0  0.793044  0.174908  17132.9  1.83366  -0.204345  1
1008  0  -1.41741  1.79409  18831.6  1.93341  -0.376362  1
1009  0  -1.41741  -1.79409  17401.3  1.97578  -0.375223  1
1010  0  0.0375185  0.0962384  18061.9  1.52088  0.189758  1
1011  0  0.735534  -0.0895504  16687.8  1.72157  0.136326  1
1012  0  0.735534  0.0895504  17104.6  1.95816  -0.241972  1
1013  0  0.132386  -0.228254  16530.3  2.26771  -0.356193  1
1014  0  0.132118  0.227929  17603.2  1.79485  0.063763  1
1015  0  1.35132  0.0271597  16929.7  1.74184  -0.0886107  1
1016  0  0.798553  -1.08353  16865.8  1.95645  -0.160173  1
1017  0  0.798553  1.08353  17302.4  1.76761  -0.141725  1
1018  0  0.502358  -0.20756  16528.5  2.23866  0.00699124  1
1019  0  0.502358  0.20756  17166.1  1.91107  -0.114928  1
1020  0  0.607432  -0.53781  16788.7  2.05001  -0.0897572  1
1021  0  0.607432  0.53781  17300.9  1.79933  -0.112911  1
1022  0  -0.00520688  0.109769  18123.8  1.5241  0.0602076  1
1023  0  0.804266  -0.0704073  16769.5  1.41191  0.140128  1
1024  0  0.804266  0.0704073  17113.8  1.85276  -0.238696  1
1025  0  0.404294  -0.129249  16278.6  2.43707  -0.00168508  1
1026  0  0.404294  0.129249  17102.3  2.09093  -0.0698945  1
1027  0  -0.964682  -1.79201  17331.1  1.98497  -0.375403  1
1028  0  -0.964682  1.79201  19041.7  1.86526  -0.192353  1
1029  0  -0.318549  0.000725614  17711.4  1.84787  -0.280751  1
1030  0  -0.844561  -0.902763  17406.9  2.00565  -0.426083  1
1031  0  1.01314  -0.10469  17006.7  1.84147  0.13783  1
1032  0  1.01493  0.102258  17122.3  1.84577  -0.201558  1
1033  0  -0.835249  0.952996  18135.8  1.91666  -0.311365  1
1034  0  0.340018  -0.17474  16296.5  2.39721  -0.105636  1
1035  0  0.340018  0.17474  17209.2  1.94678  -0.0175178  1
