489  537  1004
312  537  1004
428  572  892
304  539  906
320  598  964
345  466  924
481  539  906
424  774  775
371  837  913
267  572  892
284  417  773
325  607  695
399  749  820
288  469  844
270  532  541
498  651  1015
376  599  778
360  520  580
405  519  663
324  454  739
520  580  808
329  501  756
45  728  755
350  584  754
279  506  507
275  435  605
453  599  648
452  572  680
345  536  924
278  427  820
363  659  691
448  749  820
288  469  646
355  556  701
448  533  916
550  764  897
358  420  582
540  830  975
27  726  745
327  462  696
298  561  1021
334  497  660
348  575  662
382  664  847
43  728  912
319  480  794
400  540  830
329  416  635
356  668  736
444  579  754
366  548  709
416  565  945
337  435  471
305  589  625
284  440  522
399  427  820
344  455  818
356  602  668
334  497  550
379  471  715
362  632  953
16  565  672
456  535  930
425  647  671
445  607  695
329  501  635
583  685  786
428  572  680
359  529  783
266  513  630
343  586  727
26  27  745
373  439  760
360  520  763
280  514  813
287  441  592
44  45  728
344  490  818
333  446  503
301  482  634
275  435  559
279  506  845
594  598  964
334  550  764
92  93  567
481  539  681
266  501  618
271  426  448
433  684  742
365  542  1001
302  569  885
373  453  760
347  450  530
294  509  752
322  599  648
393  532  541
345  607  733
537  561  1021
406  585  617
345  466  546
315  684  742
426  636  979
384  659  691
276  583  685
401  735  909
434  642  822
14  478  729
368  464  700
272  530  644
294  509  584
268  548  709
293  508  970
311  627  733
413  612  636
462  653  696
510  837  913
25  768  875
366  548  804
391  647  671
327  498  880
43  44  728
453  599  778
655  698  987
33  556  701
287  438  592
374  536  595
445  627  733
410  518  855
329  416  565
442  526  982
382  503  847
332  529  783
346  442  526
396  605  784
431  646  805
357  720  926
382  492  765
344  535  930
266  513  618
268  421  573
373  512  876
442  480  794
373  512  751
355  539  681
466  546  806
411  589  994
271  448  916
357  606  926
385  501  756
388  571  606
381  514  813
320  500  598
350  579  754
30  647  651
269  502  931
480  804  926
290  593  980
318  568  699
284  522  773
271  612  636
371  553  554
417  605  784
316  517  640
327  696  793
291  516  730
370  515  542
279  507  600
318  568  846
408  716  857
320  500  916
420  601  811
339  405  519
445  607  733
398  599  762
382  503  861
279  473  561
343  659  727
282  443  675
55  56  545
310  526  574
318  511  846
363  513  618
375  547  761
357  459  571
26  745  768
393  470  541
386  547  761
31  651  1015
120  121  540
312  602  668
545  614  878
292  670  734
343  513  630
396  507  600
439  515  751
266  501  1026
420  582  777
287  581  825
268  421  709
289  616  687
410  717  853
359  529  615
360  492  558
327  498  793
309  468  593
363  513  659
474  569  885
291  457  653
307  497  660
395  633  736
269  481  931
426  448  749
376  599  644
330  624  874
284  417  780
381  506  845
373  439  751
124  125  558
402  728  755
38  39  490
336  447  518
415  541  907
20  596  714
489  537  1021
16  17  672
382  664  765
318  511  981
272  530  626
313  668  682
483  633  736
301  615  634
392  516  730
467  804  926
467  606  926
24  25  875
584  754  1012
533  774  775
484  698  1008
319  548  804
3  28  726
3  27  726
551  713  794
278  427  687
344  490  840
42  491  859
270  541  884
401  546  909
494  510  943
284  440  715
352  652  947
324  454  741
413  728  912
291  653  696
379  788  829
294  534  557
366  467  951
302  520  808
107  108  547
25  26  768
395  710  736
293  524  970
23  691  724
42  491  912
642  822  919
440  563  715
13  14  729
399  427  721
525  531  993
468  593  980
389  545  918
478  589  625
370  542  685
303  568  744
118  119  552
316  520  763
341  639  907
316  517  789
464  759  795
357  571  606
336  518  855
272  510  943
335  449  523
410  766  855
331  828  831
323  839  1009
407  585  722
444  579  814
364  545  614
515  542  1001
564  565  945
0  46  560
333  503  861
346  526  574
313  668  736
384  691  724
412  441  900
361  458  581
78  79  588
337  435  559
276  788  829
463  597  688
379  471  788
358  615  634
374  595  826
343  513  659
460  674  976
350  465  534
344  455  930
303  698  1008
293  528  900
39  490  977
327  462  876
425  647  651
300  497  550
408  523  857
364  545  918
299  549  727
29  30  647
291  516  671
294  534  584
324  531  962
318  699  918
266  551  630
410  518  853
310  452  572
20  21  596
600  632  953
331  595  826
409  759  795
430  517  969
388  469  646
470  639  907
441  528  900
337  559  725
408  739  757
298  525  1009
408  656  757
288  474  695
508  835  921
321  406  858
319  480  804
521  762  996
342  636  979
325  830  841
353  626  732
298  637  1009
349  451  670
382  492  1010
308  437  610
366  562  951
337  471  583
287  438  810
320  533  916
309  589  994
327  512  876
311  536  595
433  684  815
302  569  808
456  535  986
271  612  916
282  680  719
414  555  570
351  472  580
280  514  721
322  599  762
388  646  805
400  830  841
485  614  673
504  656  757
407  585  617
354  553  554
359  578  697
414  555  895
301  522  748
295  511  616
287  441  797
423  687  990
449  527  833
304  515  751
446  503  802
34  35  535
358  420  811
301  522  848
305  625  945
292  563  904
378  731  781
418  670  734
266  551  713
317  643  913
366  562  667
720  926  1024
372  534  557
303  698  744
422  551  630
410  658  766
508  835  970
296  531  993
314  528  624
374  621  703
321  631  706
283  555  895
346  574  635
1  10  755
1  45  755
312  668  867
374  620  703
270  532  1025
297  454  968
344  577  840
403  684  782
372  613  718
412  441  797
87  88  578
371  554  694
282  443  800
288  474  896
416  574  635
291  457  730
310  526  572
350  534  584
375  622  704
356  483  638
348  575  967
396  507  956
39  639  977
383  979  1025
90  91  582
91  582  777
368  464  798
347  450  957
271  426  636
344  535  864
413  636  819
393  532  838
340  463  527
101  102  591
12  594  598
459  731  781
417  605  780
356  486  638
289  616  846
93  567  850
450  530  626
378  488  669
269  481  681
352  587  770
356  483  736
351  569  830
99  100  590
398  599  644
325  569  830
343  944  958
303  568  699
329  672  756
403  685  786
467  606  951
350  465  579
372  590  718
317  575  662
402  500  612
435  471  992
22  23  691
414  570  822
16  564  565
275  700  795
355  681  986
308  610  723
368  506  507
391  726  745
370  515  906
488  517  969
492  558  796
292  482  974
532  979  1025
398  762  832
354  554  1003
419  655  698
308  437  771
371  553  662
310  574  604
409  559  725
377  623  708
326  601  811
528  624  874
470  541  907
358  495  582
53  54  611
505  658  766
30  31  651
509  752  895
294  557  965
531  839  1009
336  772  868
310  603  604
395  633  707
336  447  772
285  576  643
485  597  865
373  453  648
397  824  844
448  533  775
500  612  916
349  576  608
297  655  987
419  655  836
11  598  769
270  538  759
377  591  835
442  480  823
92  661  777
344  577  864
299  549  690
409  759  998
351  569  808
306  754  1012
301  482  848
51  52  619
313  544  710
441  528  908
314  592  641
369  485  597
346  442  713
363  618  952
11  12  598
85  86  609
372  590  891
458  581  825
324  531  741
420  601  661
0  947  966
276  566  829
357  459  720
377  835  921
393  838  859
413  612  728
365  566  737
457  762  996
282  610  680
97  98  613
277  570  822
266  713  1026
370  685  782
447  518  809
363  792  952
402  612  728
307  587  770
308  722  995
309  589  678
422  630  958
509  694  1012
328  835  970
381  514  753
469  824  844
367  505  766
15  16  564
367  766  839
361  562  787
381  506  753
487  668  682
394  587  660
393  470  821
603  604  899
359  495  697
333  446  897
352  543  947
395  609  707
391  516  671
38  490  840
306  694  1012
415  541  884
465  534  882
401  607  841
367  504  757
365  608  737
384  549  727
437  610  946
331  641  828
494  643  913
343  586  944
352  499  652
360  492  763
407  722  995
392  768  875
434  752  822
279  473  845
449  523  803
369  597  688
392  516  768
451  737  829
365  542  971
273  606  951
398  530  644
37  577  840
333  550  897
111  112  620
306  554  1003
429  672  756
109  110  622
511  616  846
113  114  621
348  432  553
408  656  716
121  540  683
120  540  689
103  104  623
385  501  618
389  674  918
440  563  904
278  687  990
366  667  709
105  106  629
312  537  867
323  766  855
442  823  982
276  685  971
390  593  854
313  710  736
361  562  667
295  631  706
313  544  682
282  610  946
272  626  732
377  591  708
309  593  678
362  537  867
34  535  701
356  486  602
307  497  894
301  529  615
83  84  633
361  458  787
355  556  902
317  576  643
436  591  835
297  628  968
400  552  841
439  515  1001
277  649  711
329  565  672
502  684  782
124  558  686
366  467  804
494  510  913
391  516  745
456  681  986
274  514  753
340  527  833
304  539  860
12  13  594
32  33  556
338  705  981
278  775  820
354  553  750
33  34  701
291  671  696
372  557  891
438  592  641
430  517  789
349  451  737
125  558  796
81  82  638
49  50  645
23  24  724
127  128  664
306  554  694
283  509  694
538  759  998
331  475  826
394  660  872
375  547  704
331  475  831
367  505  657
410  658  717
367  504  657
352  499  587
279  561  953
491  838  859
401  552  841
436  590  891
362  785  867
303  673  1008
498  869  880
351  472  975
364  614  673
300  550  939
277  711  919
374  621  924
372  534  882
396  605  956
56  545  878
107  547  702
108  547  704
36  577  864
373  648  876
321  631  980
432  553  750
449  527  870
42  43  912
353  555  570
342  532  979
378  488  781
119  552  689
327  512  880
387  522  748
118  552  735
303  673  699
492  763  1010
465  579  935
374  620  826
330  477  842
353  555  732
375  622  831
404  869  880
463  527  866
354  444  567
334  660  872
131  132  650
298  525  934
384  549  724
268  573  927
316  861  1010
332  710  898
450  573  927
55  545  712
324  739  757
457  762  1005
371  694  837
317  575  576
39  40  639
286  487  682
464  700  795
358  634  811
425  696  793
362  537  561
0  137  652
133  134  654
319  548  883
316  520  789
374  536  924
294  905  965
426  666  979
338  674  976
274  665  666
422  551  883
375  828  831
358  615  961
37  38  840
68  69  656
521  762  832
310  452  603
72  73  658
70  71  657
388  469  873
376  494  643
316  640  861
272  510  732
304  515  906
24  724  875
280  493  655
47  48  663
32  556  869
421  573  779
473  679  845
404  539  860
679  813  942
273  787  951
390  774  854
402  500  769
289  687  740
280  655  836
396  632  784
377  623  842
596  792  952
386  629  812
459  781  941
78  588  677
423  616  687
489  772  868
385  596  714
315  742  998
394  654  747
314  528  908
387  748  898
364  699  918
293  524  973
428  680  719
135  136  692
435  605  780
365  566  971
412  581  711
304  751  860
423  743  887
335  449  833
285  576  608
14  478  625
79  588  693
469  873  955
349  575  576
478  589  678
487  668  867
529  748  898
340  463  688
359  578  783
388  606  873
372  613  882
307  675  770
282  675  946
330  477  812
308  771  995
288  646  896
349  608  737
440  522  848
394  692  747
463  597  922
272  644  943
292  482  904
454  739  968
392  549  690
290  743  887
90  582  1006
292  563  888
404  512  860
283  555  925
386  624  761
465  911  935
321  406  834
278  775  990
386  629  702
459  731  892
287  581  797
387  522  773
452  603  723
121  122  683
345  536  733
305  604  899
471  583  788
361  649  667
35  36  864
406  585  834
339  705  706
77  78  677
340  628  833
333  550  939
387  544  898
269  502  815
293  508  874
123  124  686
436  835  891
353  573  779
386  624  812
404  869  902
339  405  871
396  600  632
425  671  696
119  120  689
462  648  876
343  630  958
87  578  903
276  583  788
268  548  856
346  635  1026
321  834  980
299  586  727
414  752  822
488  517  1014
117  118  735
369  485  673
511  705  981
293  528  874
487  785  867
328  557  891
320  533  774
388  571  805
354  444  1003
442  713  794
296  531  741
335  628  833
314  592  908
538  742  998
79  80  693
385  596  952
102  591  708
297  454  889
353  570  779
412  711  919
332  476  881
448  775  820
336  637  855
450  573  1017
564  625  945
290  593  854
41  821  859
35  535  864
383  665  666
332  529  898
88  578  697
41  42  859
88  89  697
308  722  723
392  549  875
359  615  961
333  640  861
13  594  729
424  774  854
525  531  1009
319  794  883
326  634  811
311  536  733
325  607  841
106  107  702
92  567  776
101  591  799
445  695  1011
332  710  881
361  581  711
369  673  1008
112  113  703
99  590  718
108  109  704
301  529  748
485  614  950
332  476  783
295  511  705
395  710  881
413  819  912
472  580  890
347  530  832
385  714  756
300  497  937
400  552  689
100  590  799
311  627  758
499  587  960
368  507  700
531  839  962
2  18  893
2  19  893
491  819  912
516  745  768
394  587  960
102  103  708
376  494  943
461  791  976
459  720  892
383  665  798
307  587  660
286  487  785
270  538  884
446  802  877
449  851  870
54  55  712
325  569  1002
349  670  1016
274  514  1018
302  520  948
98  99  718
498  651  793
84  85  707
473  561  934
300  669  1014
286  632  785
340  688  915
397  627  758
358  495  961
14  15  625
46  560  746
409  559  795
297  655  889
334  496  764
395  609  881
420  661  777
298  561  934
424  775  990
479  856  958
422  856  958
411  589  899
566  737  829
348  553  662
391  647  949
463  901  922
73  74  717
40  41  983
112  620  703
334  496  872
397  758  810
67  68  716
20  714  914
399  514  721
113  621  703
269  681  827
392  690  730
109  622  704
289  740  744
337  725  786
401  607  940
351  830  975
444  754  1003
282  719  800
400  540  689
106  629  702
281  805  941
286  632  784
477  629  812
364  673  699
562  787  951
401  546  940
365  608  676
98  613  718
419  740  744
326  634  974
275  605  956
85  609  707
379  563  715
296  679  993
126  127  765
471  715  992
412  581  797
103  623  708
469  824  955
383  738  798
91  92  777
276  566  971
512  751  860
360  558  890
331  641  790
54  611  712
415  538  742
404  539  902
86  609  903
292  734  974
500  598  769
447  809  852
274  666  749
97  613  911
323  637  855
411  722  723
472  683  975
361  649  711
444  814  850
556  869  902
404  512  880
393  821  859
411  603  723
414  752  895
335  523  984
295  616  743
293  900  973
32  869  1015
127  664  765
362  632  785
464  738  759
352  543  771
111  620  923
323  766  839
378  719  731
273  606  873
444  567  850
114  621  929
280  493  813
558  686  890
275  559  795
110  622  923
501  635  1026
300  669  937
134  135  747
285  643  778
299  521  920
267  572  982
394  654  872
92  661  776
104  623  928
391  726  949
41  821  983
53  611  849
449  803  851
506  753  879
285  760  778
295  631  743
84  633  707
368  665  879
105  629  928
425  651  793
330  624  812
542  685  971
37  577  1000
36  577  1000
452  610  723
416  574  604
353  626  1017
544  710  898
466  806  929
386  547  702
347  832  920
453  760  778
431  805  917
433  742  886
288  695  1011
585  722  994
336  637  868
402  755  972
333  640  939
486  602  936
509  584  1012
128  664  847
446  650  764
549  724  875
488  781  969
389  611  712
369  688  1008
331  595  790
368  506  879
381  679  813
421  667  709
457  690  730
314  641  828
405  663  746
390  729  964
360  580  890
463  866  901
488  669  1014
338  705  791
348  432  801
421  649  667
52  619  849
384  659  727
100  101  799
438  641  790
432  601  661
363  691  792
405  858  871
83  633  959
307  675  894
351  580  808
326  734  974
342  532  838
525  934  993
318  674  918
277  649  807
82  638  959
485  950  954
125  126  796
380  602  1004
340  628  915
93  94  850
51  619  863
368  665  798
277  570  807
401  552  735
415  538  884
131  650  877
376  644  943
507  700  956
285  608  676
81  638  963
46  47  746
429  714  756
65  66  803
73  658  717
412  642  900
431  646  896
345  607  940
283  509  895
68  656  716
132  650  997
75  76  809
345  546  940
394  692  960
359  495  961
129  130  802
402  769  972
326  734  910
300  939  1013
418  801  910
535  701  986
339  705  791
21  22  792
115  116  806
52  53  849
353  573  1017
473  679  993
284  715  992
134  654  747
427  721  836
133  654  997
280  721  836
398  530  832
290  631  743
50  51  863
335  628  968
337  583  786
432  661  776
496  650  764
318  674  981
64  65  851
289  568  744
330  874  921
460  674  988
76  77  852
94  95  814
588  693  936
459  571  941
421  649  807
408  523  984
422  548  856
429  672  932
279  600  953
370  782  931
341  639  977
137  652  991
135  692  747
69  656  1020
128  129  847
297  628  915
389  674  988
296  679  942
74  75  853
70  657  1020
71  657  1019
72  658  1019
328  835  891
66  67  857
434  524  973
285  676  760
309  468  585
484  688  915
11  769  972
49  645  978
443  669  800
434  524  905
17  18  932
415  742  886
314  624  761
122  683  938
50  645  863
19  20  914
274  665  879
464  738  798
521  832  920
299  586  920
123  686  938
130  131  877
462  653  989
117  735  909
443  669  937
89  697  1006
335  739  968
62  63  866
588  677  999
63  64  870
495  582  1006
422  548  883
493  813  942
77  677  852
571  805  941
59  60  865
31  32  1015
339  706  871
389  545  712
342  819  838
10  11  972
371  662  913
274  753  879
479  944  958
378  719  800
281  781  969
482  848  904
126  765  796
428  719  731
445  627  1011
28  29  949
56  57  878
493  655  889
441  592  908
367  757  962
446  650  877
355  701  986
299  521  996
61  62  901
417  784  862
551  794  883
355  539  902
447  677  852
86  87  903
485  865  954
352  770  771
375  761  828
0  652  947
457  653  1005
474  569  1002
342  636  819
347  920  944
136  692  991
380  588  999
305  604  945
480  926  1024
96  97  911
502  782  931
560  858  966
283  837  925
287  810  825
116  117  909
432  601  801
380  602  936
354  567  750
21  596  792
555  732  925
338  791  976
380  588  936
330  842  921
411  603  899
292  670  888
454  741  843
110  111  923
472  686  938
48  663  978
80  693  963
427  687  740
472  683  938
281  805  917
74  717  853
104  105  928
15  564  625
434  642  973
380  772  1004
4  36  1000
4  37  1000
114  115  929
286  784  862
476  578  903
403  684  1022
476  578  783
299  690  996
484  688  1008
294  752  905
321  858  871
484  698  987
67  716  857
423  616  743
60  61  922
397  810  825
302  767  948
328  557  965
122  123  938
47  663  746
642  900  973
472  686  890
470  639  983
421  779  807
95  96  935
436  591  799
502  684  815
495  697  1006
409  725  998
436  590  799
427  740  836
437  675  770
129  802  847
58  59  954
399  514  1018
390  678  729
283  694  837
323  637  1009
297  915  987
275  700  956
457  690  996
419  740  836
130  802  877
456  681  827
497  894  937
466  621  929
475  620  923
57  58  950
390  593  678
482  634  974
82  83  959
475  622  923
295  705  706
312  602  1004
80  81  963
76  809  852
0  560  966
116  806  909
477  623  928
289  568  846
399  749  1018
65  803  851
75  809  853
475  620  826
115  806  929
270  738  759
325  695  1002
477  629  928
478  678  729
66  803  857
475  622  831
132  133  997
524  905  965
438  758  810
302  767  885
48  49  978
403  685  782
383  666  979
136  137  991
452  610  680
510  732  925
94  814  850
290  854  887
273  873  955
89  90  1006
594  729  964
431  767  885
341  817  818
317  662  913
417  773  862
376  643  778
95  814  935
473  934  993
419  698  744
570  779  807
477  623  842
601  801  910
22  691  792
298  637  868
496  650  997
432  750  776
64  851  870
412  642  919
71  72  1019
69  70  1020
439  676  760
450  626  1017
465  613  911
286  682  933
29  647  949
387  544  933
397  627  844
435  780  992
311  595  985
443  675  894
387  773  862
508  874  921
274  749  1018
431  885  896
385  618  952
96  911  935
326  601  910
476  609  903
496  654  997
567  750  776
63  866  870
17  672  932
433  816  817
62  866  901
268  856  927
362  561  953
447  677  999
28  726  949
405  560  746
447  772  999
466  621  924
455  816  817
315  684  1022
277  822  919
269  816  827
389  611  988
455  817  818
269  815  816
428  731  892
483  638  959
426  666  749
60  865  922
309  585  994
405  560  858
378  669  800
61  901  922
418  670  1016
59  865  954
462  648  989
429  714  914
397  824  825
434  752  905
408  739  984
296  741  843
338  674  981
483  633  959
314  761  828
57  878  950
458  787  955
496  654  872
491  819  838
486  693  963
465  613  882
725  786  1022
455  816  827
305  589  899
486  638  963
270  738  1025
431  767  917
486  693  936
476  609  881
418  734  910
430  767  917
416  604  945
379  563  1023
315  725  998
322  648  989
382  861  1010
446  764  897
267  823  982
586  920  944
58  950  954
341  817  886
381  679  845
418  967  1016
311  758  985
492  765  796
370  906  931
433  817  886
504  656  1020
504  657  1020
505  657  1019
505  658  1019
484  915  987
440  848  904
510  837  925
499  652  991
321  706  871
439  676  1001
322  989  1005
380  772  999
544  682  933
349  575  1016
267  823  1024
474  885  896
517  640  1013
339  519  1007
520  789  948
437  770  771
617  947  966
40  639  983
379  829  1023
284  780  992
460  611  849
443  894  937
267  720  892
429  893  914
489  772  1004
526  572  982
461  645  863
474  695  1002
367  839  962
503  802  847
540  683  975
430  767  948
10  755  972
460  619  849
433  815  816
543  617  947
499  692  991
290  631  980
429  893  932
546  806  909
273  787  955
454  843  889
415  886  907
346  713  1026
365  676  1001
418  801  967
438  758  985
461  645  1007
461  619  863
286  862  933
335  739  984
377  842  921
383  738  1025
315  725  1022
461  791  1007
451  829  1023
437  675  946
406  858  966
281  781  941
341  886  907
267  720  1024
519  645  978
595  790  985
480  823  1024
458  824  955
458  824  825
322  762  1005
19  893  914
470  821  983
518  809  853
407  543  617
296  843  942
423  887  990
499  692  960
579  814  935
519  645  1007
424  854  887
387  862  933
341  818  977
468  585  834
18  893  932
653  989  1005
523  803  857
324  757  962
455  827  930
575  967  1016
390  774  964
347  944  957
451  670  888
519  663  978
460  611  988
479  856  927
450  927  957
430  917  969
627  844  1011
527  866  870
306  754  1003
479  944  957
493  843  889
424  887  990
316  763  1010
460  619  976
438  790  985
597  865  922
430  789  948
456  827  930
461  619  976
498  869  1015
490  818  977
614  878  950
298  868  1021
481  906  931
406  617  966
328  965  970
407  543  995
288  844  1011
403  786  1022
543  771  995
320  774  964
489  868  1021
339  791  1007
563  888  1023
640  939  1013
493  843  942
479  927  957
348  801  967
281  917  969
517  1013  1014
411  722  994
524  965  970
451  888  1023
300  1013  1014
468  834  980
