0  2  1  0  10601.9  -2.44131e-16  1.14454e-18  1
1  1  2  2  10491.9  1.97526  0.134881  1
2  1  2  -2  10496.1  2.03274  0.216657  1
3  3  -2  -2  10489.2  1.98766  0.221791  1
4  3  -2  2  10312.5  1.98748  0.223295  1
10  1  2  1.6  10502.6  1.96544  0.124471  1
11  1  2  1.2  10502.6  1.95423  0.114641  1
12  1  2  0.8  10502.6  1.93815  0.104937  1
13  1  2  0.4  10502.6  1.94828  0.0915552  1
14  1  2  5.50449e-12  10502.6  2.02315  0.105561  1
15  1  2  -0.4  10502.6  2.07163  0.14172  1
16  1  2  -0.8  10502.6  2.056  0.163246  1
17  1  2  -1.2  10502.6  2.0437  0.178848  1
18  1  2  -1.6  10502.6  2.05935  0.19922  1
19  0  1.6  -2  10493.5  1.98766  0.221791  1
20  0  1.2  -2  10497.8  1.98766  0.221791  1
21  0  0.8  -2  10485.7  1.98766  0.221791  1
22  0  0.4  -2  10472.9  1.98766  0.221791  1
23  0  5.50449e-12  -2  10481  1.98766  0.221791  1
24  0  -0.4  -2  10493.4  1.98766  0.221791  1
25  0  -0.8  -2  10497.6  1.98766  0.221791  1
26  0  -1.2  -2  10494.2  1.98766  0.221791  1
27  0  -1.6  -2  10490.3  1.98766  0.221791  1
28  3  -2  -1.6  10487.4  1.98766  0.221791  1
29  3  -2  -1.2  10482.7  1.98766  0.221791  1
30  3  -2  -0.8  10472  1.98766  0.221791  1
31  3  -2  -0.4  10453.8  1.98766  0.221791  1
32  3  -2  -5.50449e-12  10427.8  1.98766  0.221791  1
33  3  -2  0.4  10397.3  1.98766  0.221791  1
34  3  -2  0.8  10368.5  1.98766  0.221791  1
35  3  -2  1.2  10344  1.98766  0.221791  1
36  3  -2  1.6  10323.6  1.98766  0.221791  1
37  0  -1.6  2  10308.6  1.9884  0.222752  1
38  0  -1.2  2  10299.8  1.9933  0.227749  1
39  0  -0.8  2  10278.6  2.00071  0.252268  1
40  0  -0.4  2  10273.6  2.00773  0.251226  1
41  0  -5.50449e-12  2  10305.9  2.01013  0.208936  1
42  0  0.4  2  10358.2  2.00516  0.171197  1
43  0  0.8  2  10403  1.99938  0.147907  1
44  0  1.2  2  10433  1.99365  0.141852  1
45  0  1.6  2  10464.2  1.98479  0.142532  1
46  2  0.978192  0.00186391  10559.7  0  0  1
47  2  0.956414  0.00416658  10529  0  0  1
48  2  0.934623  0.0063303  10494.3  1.89505e-16  -1.54654e-17  1
49  2  0.912826  0.00845231  10472.3  -5.76587e-17  -4.33721e-21  1
50  2  0.891036  0.0106305  10482.9  0  0  1
51  2  0.869258  0.012931  10438.3  0  0  1
52  2  0.847492  0.0153378  10411.8  0  0  1
53  2  0.825737  0.0178536  10410.1  0  0  1
54  2  0.803994  0.0204629  10333.6  0  0  1
55  2  0.782262  0.0231595  10284.9  2.46519e-32  -1.54074e-33  1
56  2  0.760539  0.0259325  10308.3  3.02935e-16  -3.38147e-17  1
57  2  0.738826  0.02878  10258.6  0  0  1
58  2  0.717121  0.0316868  10161.7  0  0  1
59  2  0.695422  0.0346409  10152.9  0  0  1
60  2  0.673729  0.0376382  10114.5  0  0  1
61  2  0.652039  0.0406576  10082.7  1.59468e-16  -1.82477e-17  1
62  2  0.630352  0.0437043  10048  0  0  1
63  2  0.608665  0.0467448  10002.2  0  0  1
64  2  0.586977  0.0497772  9944.92  0  0  1
65  2  0.565286  0.0527878  9900.35  2.46519e-32  3.08149e-33  1
66  2  0.543589  0.0557579  9858.63  0  0  1
67  2  0.521887  0.0586896  9799.16  1.83892e-16  -1.72018e-17  1
68  2  0.500174  0.0615375  9722.82  0  0  1
69  2  0.478451  0.0643066  9658.06  -3.92295e-16  3.00883e-17  1
70  2  0.456714  0.066965  9599.3  0  0  1
71  2  0.434962  0.0695012  9532.89  0  0  1
72  2  0.413194  0.0718932  9467.71  0  0  1
73  2  0.391406  0.0740925  9384.01  1.9717e-16  -5.2113e-18  1
74  2  0.369598  0.0760938  9265.45  0  0  1
75  2  0.347769  0.0778426  9157.77  1.92433e-16  -5.27635e-18  1
76  2  0.325921  0.0793261  9095.47  0  0  1
77  2  0.304051  0.0804581  8945.26  0  0  1
78  2  0.282165  0.0812065  8860.94  0  0  1
79  2  0.260268  0.0814714  8735.2  9.62356e-16  3.46895e-17  1
80  2  0.238371  0.0811958  8596.76  2.86465e-16  1.9527e-17  1
81  2  0.216491  0.0803138  8561.17  0  0  1
82  2  0.194648  0.0787601  8450.66  0  0  1
83  2  0.172869  0.0764781  8360.23  0  0  1
84  2  0.151188  0.0734039  8333.6  0  0  1
85  2  0.129651  0.0694486  8321.85  0  0  1
86  2  0.108305  0.0645659  8335.22  0  0  1
87  2  0.0872294  0.058626  8355.6  0  0  1
88  2  0.066544  0.0514478  8414.24  0  0  1
89  2  0.0464486  0.0427605  8554.29  2.19758e-16  4.81346e-17  1
90  2  0.0273462  0.0320797  8891.88  0  0  1
91  2  0.0102742  0.0184344  9941.44  0  0  1
92  2  5.93396e-05  -0.000333414  11407  0  0  1
93  2  0.0180111  -0.0104968  11534.9  -3.07227e-17  6.93832e-18  1
94  2  0.0394896  -0.0147201  10980.1  -2.68352e-16  2.35431e-17  1
95  2  0.0612109  -0.0174937  10948.7  0  0  1
96  2  0.0830078  -0.0196035  10920.2  1.15257e-16  -5.22759e-18  1
97  2  0.104839  -0.0213227  10838.4  0  0  1
98  2  0.126684  -0.0228633  10749  0  0  1
99  2  0.148537  -0.0242822  10742.8  0  0  1
100  2  0.170395  -0.0256203  10751.5  0  0  1
101  2  0.192258  -0.026888  10700.8  1.36804e-16  -6.69623e-18  1
102  2  0.214123  -0.0281019  10684.1  -3.9062e-16  1.86064e-17  1
103  2  0.235992  -0.0292523  10668.7  -1.39034e-16  7.50926e-18  1
104  2  0.257864  -0.0303385  10608.8  0  0  1
105  2  0.27974  -0.0313549  10581.9  0  0  1
106  2  0.301619  -0.0322901  10565.4  1.38091e-16  -7.05557e-18  1
107  2  0.323501  -0.0331496  10531.7  0  0  1
108  2  0.345386  -0.0339235  10504.4  1.37246e-16  -3.87586e-18  1
109  2  0.367275  -0.0346177  10476.4  0  0  1
110  2  0.389165  -0.0352288  10467.3  2.10145e-16  -5.48591e-18  1
111  2  0.411058  -0.03576  10451.3  0  0  1
112  2  0.432952  -0.0362082  10421.7  2.13991e-16  -4.11626e-18  1
113  2  0.454848  -0.0365703  10392.9  0  0  1
114  2  0.476746  -0.0368486  10400.9  0  0  1
115  2  0.498644  -0.0370414  10370.1  -1.46145e-16  1.60381e-18  1
116  2  0.520543  -0.0371493  10319  0  0  1
117  2  0.542442  -0.0371667  10338.9  0  0  1
118  2  0.564341  -0.0370917  10340.1  1.50995e-16  1.59753e-18  1
119  2  0.586239  -0.0369208  10299.2  0  0  1
120  2  0.608137  -0.0366483  10295.9  -5.77116e-16  -8.58563e-18  1
121  2  0.630033  -0.0362714  10290.1  0  0  1
122  2  0.651926  -0.0357825  10273.9  2.10418e-16  5.42312e-18  1
123  2  0.673817  -0.0351771  10265.1  0  0  1
124  2  0.695704  -0.0344413  10250.4  0  0  1
125  2  0.717585  -0.0335673  10229.3  0  0  1
126  2  0.73946  -0.0325347  10226.7  0  0  1
127  2  0.761326  -0.0313349  10204  0  0  1
128  2  0.783179  -0.0299087  10172.4  0  0  1
129  2  0.805012  -0.0282191  10195.4  5.87938e-17  4.89591e-18  1
130  2  0.826813  -0.0261483  10191.5  0  0  1
131  2  0.848562  -0.0235928  10229.4  0  0  1
132  2  0.870257  -0.0206098  10277.4  0  0  1
133  2  0.891895  -0.017241  10345.2  0  0  1
134  2  0.913505  -0.0136924  10419.7  0  0  1
135  2  0.935103  -0.010077  10460.3  0  0  1
136  2  0.956696  -0.00642842  10543.4  6.40983e-18  4.01469e-18  1
137  2  0.978299  -0.00283981  10605.9  0  0  1
266  0  1.0715  -0.630732  10515.9  2.01042  0.142235  1
267  0  0.148986  -0.998125  10546.9  1.96134  0.132518  1
268  0  0.514919  -0.582087  10534.9  1.97504  0.107814  1
269  0  0.0475517  -0.521063  10620.2  1.92114  0.129809  1
270  0  -0.639005  0.87297  10307  2.02378  0.317042  1
271  0  0.228432  0.99196  10231.4  2.08834  0.165135  1
272  0  1.05779  0.882465  10375.7  2.015  0.0782709  1
273  0  -0.183865  0.598219  10207  2.10054  0.328166  1
274  0  0.271026  0.535278  10018  2.18477  0.140454  1
275  0  0.72159  0.484903  10213.8  2.10183  0.00987172  1
276  0  -0.37011  0.220055  10378  2.00382  0.424888  1
277  0  -0.431824  -0.307156  10581.7  1.92532  0.338849  1
278  0  0.819048  -0.382371  10481.9  2.01857  0.124823  1
279  0  0.327902  -0.338584  10575.6  1.95247  0.0563086  1
280  0  0.583482  -0.287346  10464.2  2.01519  0.0727628  1
281  0  0.0998484  -0.263087  10722.1  1.86619  0.0674598  1
282  0  -0.0912176  -0.180441  10820.9  1.79877  0.198597  1
283  0  0.0542544  0.349963  9922.52  2.20382  0.311059  1
284  0  -0.127531  0.200069  10226.8  2.04329  0.466821  1
285  0  0.47805  0.344502  9942.31  2.23314  0.0123921  1
286  0  1.01114  0.325187  10408.8  2.00843  -0.0364758  1
287  0  1.01625  -0.238896  10515.9  2.00432  0.147587  1
288  0  0.670836  0.253158  10125.5  2.14801  -0.0892028  1
289  0  0.246765  0.284393  9641.12  2.3509  0.162738  1
290  0  0.847933  0.21314  10327.1  2.05153  -0.102911  1
291  0  0.734813  -0.211478  10408.3  2.04312  0.106726  1
292  0  0.879653  -0.169329  10429.6  2.03276  0.158134  1
293  0  0.232218  -0.179247  10658.8  1.90555  -0.00110597  1
294  0  0.396306  -0.192348  10521.4  1.98024  0.0133609  1
295  0  -0.230405  0.000154387  10596.4  1.87986  0.402266  1
296  0  1.00159  0.156707  10487.7  2.02259  -0.087458  1
297  0  0.0311679  0.203678  9728.17  2.25433  0.48761  1
298  0  -1.17275  0.0348421  10438.1  1.98392  0.262982  1
299  0  0.358753  0.220368  9594.26  2.37608  0.0216156  1
300  0  0.496147  0.210016  9830.24  2.27164  -0.0792067  1
301  0  0.618415  -0.162646  10390.3  2.04399  0.0624116  1
302  0  0.505465  -0.151916  10436.1  2.02049  0.0231819  1
303  0  0.133901  -0.146384  10776.5  1.83987  -0.003685  1
304  0  0.976174  -0.116273  10518.4  2.04624  0.183922  1
305  0  1.32857  -0.0801886  10562.7  1.96484  0.0837684  1
306  0  0.785492  -1.15625  10516.3  1.98769  0.163111  1
307  0  0.145461  0.191783  9321.7  2.44037  0.356103  1
308  0  -0.380709  -0.862998  10547.4  1.95382  0.264382  1
309  0  -0.12483  0.075758  10492  1.89561  0.518783  1
310  0  0.042592  -0.114602  10927.8  1.74868  0.0241229  1
311  0  -1.03505  -0.571564  10495.9  1.97819  0.270265  1
312  0  0.27555  0.183093  9331.41  2.47343  0.0971018  1
313  0  0.746982  0.15349  10218.4  2.16845  -0.152955  1
314  0  0.589476  0.147432  9976.4  2.30961  -0.153741  1
315  0  0.307641  -0.126843  10583  1.93818  -0.0271537  1
316  0  0.803501  -0.121718  10346  2.12621  0.145383  1
317  0  0.706034  -0.125041  10337.5  2.10557  0.0895966  1
318  0  0.826368  0.119935  10346.6  2.15107  -0.163356  1
319  0  0.912744  0.114351  10442.4  2.084  -0.142321  1
320  0  1.28946  0.205952  10520.1  1.96142  0.0130023  1
321  0  -0.0135043  0.121097  9934.4  2.12114  0.67473  1
322  0  -0.0256422  -0.0694936  11133.6  1.60492  0.153796  1
323  0  0.194259  -0.107454  10711.3  1.86781  -0.0414726  1
324  0  0.433354  0.155112  9632.56  2.43947  -0.0961315  1
325  0  0.913821  -0.094969  10441.6  2.13091  0.205232  1
326  0  0.442652  -0.111884  10460.6  2.03715  -0.0129148  1
327  0  -0.812258  0.425454  10373.4  2.00492  0.325043  1
328  0  -0.770248  0.00798887  10461.2  1.97209  0.34377  1
329  0  0.376906  -0.103107  10513  2.01821  -0.029783  1
330  0  1.27889  -0.412631  10531.6  2.01797  0.129684  1
331  0  -0.231505  1.05446  10264.7  2.06168  0.275302  1
332  0  0.365093  0.145595  9428.36  2.57287  -0.0552301  1
333  0  0.497938  0.130586  9763.88  2.46526  -0.157229  1
334  0  0.676969  0.123215  10123.3  2.29141  -0.182895  1
335  0  1.37527  -1.17711  10507.8  2.01452  0.166147  1
336  0  0.0775215  0.134376  9261.08  2.42648  0.591931  1
337  0  -1.37593  0.844574  10357.7  1.99248  0.242533  1
338  0  0.532698  0.791975  10205  2.09898  0.101594  1
339  0  0.729298  1.38206  10342  2.02662  0.134538  1
340  0  0.571075  -0.118198  10384.8  2.08204  0.0320704  1
341  0  -0.928312  -1.27701  10503.6  1.97209  0.259829  1
342  0  0.979063  0.0746815  10536.4  1.908  -0.136357  1
343  0  1.0977  0.075384  10616.7  1.85809  -0.0784011  1
344  0  1.13655  -0.0759657  10613.5  1.94857  0.139129  1
345  0  0.198516  0.14731  9053.08  2.61368  0.263139  1
346  0  0.283913  -0.604644  10572.8  1.94633  0.107168  1
347  0  0.797689  -0.655605  10514.4  1.99894  0.13243  1
348  0  -0.189242  -0.422704  10643.6  1.89662  0.222225  1
349  0  -0.503418  0.515325  10317.8  2.04346  0.377705  1
350  0  -0.160627  -1.44254  10515.4  1.94904  0.212156  1
351  0  0.643789  -0.102316  10334.9  2.16253  0.0570143  1
352  0  0.114984  -0.0796283  10820.8  1.81242  -0.0641455  1
353  0  0.84314  -0.07385  10287.2  2.16977  0.189821  1
354  0  0.269047  -0.0845176  10618.3  1.97287  -0.0612732  1
355  0  0.998678  -0.0598115  10593.6  2.04597  0.209318  1
356  0  -0.0845896  -0.00812716  10894.4  1.67011  0.456251  1
357  0  0.749878  -0.0813974  10273.6  2.20458  0.107291  1
358  0  0.0553378  0.582213  10097.2  2.14923  0.230612  1
359  0  -1.05086  1.39362  10312.8  2.00319  0.248864  1
360  0  0.132731  0.122098  8879.65  2.68884  0.505538  1
361  0  -0.243741  0.381032  10242.5  2.06827  0.394417  1
362  0  1.32734  1.39642  10426.9  1.99345  0.119633  1
363  0  0.757508  0.0974555  10239.2  2.11492  -0.189726  1
364  0  0.513872  -0.096741  10387.1  2.12892  0.0031837  1
365  0  0.98723  -0.440534  10508  2.0136  0.137597  1
366  0  -0.462593  -0.00745438  10503  1.9481  0.401347  1
367  0  0.252911  0.121512  8933.62  2.7659  0.118658  1
368  0  0.427072  -1.42312  10512.8  1.97583  0.152065  1
369  0  1.46647  -0.790948  10515.9  2.02895  0.147569  1
370  0  0.0259007  1.43393  10292.2  2.03884  0.20413  1
371  0  0.332784  -0.0804839  10526  2.04146  -0.0644145  1
372  0  1.14584  0.224491  10524.5  1.97712  -0.0260474  1
373  0  1.22951  0.536326  10440.5  1.97633  0.0350378  1
374  0  0.0694259  -0.062274  10953.5  1.76353  -0.0896124  1
375  0  0.0175139  -0.0590533  11185.6  1.599  -0.0149346  1
376  0  0.41587  -0.82651  10540.6  1.96494  0.130667  1
377  0  0.685508  -0.0780942  10283.8  2.18341  0.0688683  1
378  0  0.313788  0.121133  9147.06  2.65777  -0.00970493  1
379  0  0.466408  -0.295254  10510.4  1.98891  0.0536724  1
380  0  -0.0460547  0.036929  10705.6  1.67677  0.700391  1
381  0  0.159561  -0.0625103  10768.7  1.92023  -0.0800135  1
382  0  0.797558  -0.0738072  10249.4  2.19097  0.148854  1
383  0  0.623293  0.094537  10010.7  2.08681  -0.190702  1
384  0  0.864752  0.061487  10418.9  1.70859  -0.155834  1
385  0  0.53837  0.103066  9831.69  2.21193  -0.183975  1
386  0  0.668517  -0.450729  10497  2.00597  0.10647  1
387  0  -0.571996  1.39838  10294.2  2.02127  0.279795  1
388  0  -0.143263  -0.694443  10585.3  1.93453  0.191717  1
389  0  -1.43251  -1.03817  10487.8  1.98521  0.235265  1
390  0  0.175815  -0.398011  10628.7  1.91921  0.0838589  1
391  0  0.102421  -0.734445  10574.5  1.94084  0.126779  1
392  0  0.584406  0.0935866  9954.54  2.09071  -0.194926  1
393  0  0.4987  0.575297  10123.8  2.13955  0.0759857  1
394  0  0.950136  -0.0455362  10501.9  1.93649  0.226987  1
395  0  0.711659  0.075544  10177.5  1.79795  -0.191249  1
396  0  -0.0337799  -0.345015  10702.2  1.86983  0.14092  1
397  0  0.351247  0.340332  9818.48  2.28263  0.0844005  1
398  0  0.798264  0.0656814  10327.2  1.68753  -0.164405  1
399  0  -0.629129  -0.597469  10538.4  1.96162  0.311254  1
400  0  0.90561  -0.293965  10479.1  2.02192  0.139032  1
401  0  -1.46157  -0.397382  10463.1  1.98284  0.240331  1
402  0  0.18095  0.425204  9911.01  2.22402  0.195338  1
403  0  0.969353  -0.929607  10514.7  2.00389  0.15233  1
404  0  -0.276712  -0.178501  10654.8  1.87503  0.317708  1
405  0  0.0372358  0.0916571  9340.09  2.36046  0.869766  1
406  0  -0.0814127  0.855509  10223.4  2.09286  0.257032  1
407  0  -0.229674  0.138462  10407.9  1.96776  0.444231  1
408  0  0.317728  -0.201147  10581.4  1.94701  0.0073978  1
409  0  -0.40567  0.79131  10279.4  2.05339  0.335799  1
410  0  0.406792  0.117495  9457.83  2.4991  -0.122748  1
411  0  0.450834  0.111082  9593.71  2.37253  -0.156274  1
412  0  0.440743  -0.462787  10538.8  1.97546  0.0874514  1
413  0  -0.0517963  0.302968  10036.9  2.14748  0.395244  1
414  0  -0.06479  0.45274  10099.8  2.13582  0.319753  1
415  0  0.212603  0.782846  10170  2.11658  0.161434  1
416  0  -0.60599  0.196284  10412.2  1.98958  0.388053  1
417  0  0.00810169  -0.210511  10815.7  1.80896  0.104175  1
418  0  -0.0136427  0.0562002  10192.8  1.87011  0.926064  1
419  0  0.222291  -0.0689471  10672.1  1.96932  -0.082356  1
420  0  1.53245  0.874157  10456.5  1.96662  0.0848383  1
421  0  0.696159  -0.337366  10469.2  2.01985  0.101926  1
422  0  -0.123834  -0.103426  10838.6  1.76993  0.2785  1
423  0  -1.22704  0.437823  10391.8  1.99041  0.258555  1
424  0  0.888723  -0.057732  10359.4  2.05758  0.225954  1
425  0  0.999863  -1.4893  10503.3  2.00948  0.181904  1
426  0  0.21197  0.225671  9458.27  2.41764  0.214761  1
427  0  0.142602  0.297583  9710.6  2.30695  0.279551  1
428  0  0.419049  -0.0744545  10455.4  2.10216  -0.0420342  1
429  0  0.46777  -0.0748103  10410.4  2.12531  -0.0250038  1
430  0  1.0705  -0.0339753  10685.5  1.66623  0.138562  1
431  0  1.64578  -0.287534  10521.3  2.05273  0.115383  1
432  0  1.60886  0.0661551  10523.5  1.96548  0.0705254  1
433  0  1.64537  0.422192  10493.4  1.94698  0.0630704  1
434  0  0.929333  0.046322  10491.5  1.50255  -0.127731  1
435  0  -0.694191  -0.348957  10525.5  1.9626  0.331654  1
436  0  1.19859  -0.25203  10551.4  2.00117  0.127719  1
437  0  0.789125  0.351889  10250.8  2.08977  -0.0412775  1
438  0  0.937949  0.498311  10343.3  2.03412  0.00855716  1
439  0  0.209218  -0.302634  10643.4  1.91297  0.0544381  1
440  0  0.44309  -1.14908  10525.6  1.97275  0.148351  1
441  0  0.599739  -0.0743907  10322.4  2.16598  0.0285875  1
442  0  0.553521  -0.0749229  10363.7  2.15537  0.00987388  1
443  0  0.6534  -0.246507  10433.2  2.03071  0.0832156  1
444  0  1.0662  -0.0920028  10603.3  2.05058  0.149642  1
445  0  0.837589  -0.24723  10445.2  2.03187  0.134594  1
446  0  0.472886  -0.228972  10489.8  1.99791  0.0364077  1
447  0  0.558761  -0.225151  10448.6  2.01985  0.0548983  1
448  0  -0.727891  -1.05295  10515.5  1.96392  0.284305  1
449  0  0.568808  0.27907  9991.09  2.21154  -0.0571261  1
450  0  -0.375783  0.0540168  10488.8  1.94806  0.41581  1
451  0  -0.132493  -0.994393  10544.9  1.95517  0.189385  1
452  0  -0.411695  -0.587478  10571.8  1.93869  0.287826  1
453  0  0.181066  0.120205  8825.17  2.77431  0.342239  1
454  0  0.0866721  0.10054  8936.21  2.63534  0.722067  1
455  0  -0.00570781  -0.0374337  11412.9  1.44776  0.0838632  1
456  0  0.163681  -0.213717  10710.5  1.87458  0.0271401  1
457  0  -1.65721  0.182771  10414.8  1.98716  0.235672  1
458  0  -0.991732  0.729163  10350.3  2.00123  0.276008  1
459  0  -1.58183  1.24837  10336.1  1.99026  0.230756  1
460  0  0.953816  -0.201634  10488.9  2.00768  0.156383  1
461  0  0.435819  0.230684  9746.91  2.3135  -0.0281561  1
462  0  0.61904  -0.775769  10525.7  1.98303  0.133255  1
463  0  0.668182  0.0767795  10107.1  1.80081  -0.179414  1
464  0  1.03727  0.0537408  10660.9  1.66984  -0.117242  1
465  0  0.586518  1.1227  10297  2.04829  0.128558  1
466  0  0.76586  0.259471  10230.9  2.09818  -0.0870657  1
467  0  0.846008  0.788502  10312  2.04872  0.0714316  1
468  0  -1.35733  -1.52902  10493.6  1.98251  0.22895  1
469  0  0.523337  -0.407013  10514.2  1.99213  0.0841614  1
470  0  -0.0267112  -0.145766  10904.6  1.75761  0.133548  1
471  0  0.610997  0.420043  10116.3  2.1506  0.00289517  1
472  0  -1.07554  -0.281613  10472.1  1.9799  0.265476  1
473  0  1.26349  0.0451971  10617.3  1.86918  0.0300713  1
474  0  -0.246589  0.247629  10309.2  2.03099  0.427418  1
475  0  0.454096  -0.175665  10480.3  2.00068  0.0175625  1
476  0  0.996684  0.0406528  10575.6  1.47419  -0.129558  1
477  0  0.32481  0.180345  9410.69  2.44239  0.0346843  1
478  0  0.423448  0.486111  10020.2  2.18906  0.0758316  1
479  0  -0.483729  -1.20123  10519  1.9542  0.274201  1
480  0  -0.593437  -1.67442  10496.8  1.953  0.256037  1
481  0  -0.0620552  0.181895  10095.9  2.08673  0.517056  1
482  0  0.367223  0.695698  10142.1  2.12824  0.119848  1
483  0  0.288261  -0.0656191  10594.3  2.0215  -0.0769012  1
484  0  0.368511  -0.271961  10557.8  1.9602  0.0392171  1
485  0  0.377345  -0.0712501  10495.4  2.07353  -0.0527306  1
486  0  0.886944  -0.535244  10507.1  2.00772  0.13393  1
487  0  0.361367  0.110461  9324.73  2.51628  -0.0858572  1
488  0  0.730823  -0.0657349  10263.2  2.13697  0.0950553  1
489  0  0.35799  -0.156694  10539.9  1.96728  -0.00554695  1
490  0  0.493911  0.0991577  9728.02  2.19586  -0.175803  1
491  0  0.0677014  -0.171891  10829.3  1.80504  0.0435482  1
492  0  0.246267  -0.140385  10647.2  1.91129  -0.0228304  1
493  0  0.686003  -0.196307  10400.8  2.0444  0.0904787  1
494  0  1.10931  -0.345777  10527  2.01216  0.136126  1
495  0  0.641919  -0.071987  10308.2  2.16351  0.0463845  1
496  0  0.654443  0.192688  10077.7  2.17102  -0.125079  1
497  0  0.0529193  -0.358178  10684.3  1.88286  0.107187  1
498  0  -1.61996  0.594072  10380.6  1.98881  0.235676  1
499  0  0.302855  0.251838  9597.34  2.37543  0.0961818  1
500  0  -0.412922  0.39271  10319.7  2.04208  0.400022  1
501  0  0.0884085  0.242941  9657.78  2.31501  0.378206  1
502  0  -0.320761  0.519855  10259.4  2.07447  0.374577  1
503  0  1.03262  -1.19166  10510.5  2.00148  0.164784  1
504  0  0.190576  -0.0634995  10718.4  1.94818  -0.0816947  1
505  0  -0.977175  1.13629  10321.7  2.00317  0.263584  1
506  0  0.0162946  -1.31789  10522  1.9616  0.164339  1
507  0  -0.049466  0.0877329  10280.4  1.94807  0.683431  1
508  0  1.48655  -1.63752  10500.6  2.048  0.179131  1
509  0  0.844088  1.05426  10339.4  2.0307  0.105662  1
510  0  0.409145  -0.140982  10496.6  1.99222  -0.00667778  1
511  0  0.553177  0.154937  9914.18  2.3344  -0.14276  1
512  0  0.563489  0.204416  9947.57  2.22843  -0.102646  1
513  0  0.9191  -0.0496241  10444.8  2.00356  0.231602  1
514  0  0.280869  0.125144  9068.11  2.72665  0.0557804  1
515  0  0.755273  -0.174407  10379.7  2.05372  0.116463  1
516  0  -0.192949  -0.281238  10682.5  1.8701  0.246635  1
517  0  0.927328  0.171851  10424.3  2.03863  -0.105361  1
518  0  0.239328  1.32295  10290.7  2.04733  0.170905  1
519  0  0.184168  -0.160118  10712  1.87706  -0.00355129  1
520  0  0.113926  -0.0505031  10798.8  1.78954  -0.109623  1
521  0  -0.750227  0.651724  10339.3  2.01327  0.313547  1
522  0  -0.150478  0.30919  10184.4  2.08647  0.414763  1
523  0  -0.318233  -0.0456878  10576.4  1.90448  0.383036  1
524  0  1.24616  -0.844922  10516.4  2.01747  0.1492  1
525  0  0.819834  -0.184416  10412.7  2.0388  0.141128  1
526  0  0.227684  0.107751  8718.61  2.58024  0.175884  1
527  0  0.269001  -0.478191  10589.3  1.94215  0.0908406  1
528  0  -0.2848  1.43047  10288.5  2.03181  0.257812  1
529  0  -0.0443972  -0.00640947  11150.5  1.45576  0.479382  1
530  0  -0.915268  0.12924  10431  1.98148  0.306742  1
531  0  0.883271  0.041357  10453.6  1.1733  -0.10993  1
532  0  0.840031  0.0461376  10401.5  1.21904  -0.122796  1
533  0  0.753569  0.0573882  10268.4  1.3643  -0.152288  1
534  0  0.711788  -1.49257  10504.2  1.99012  0.180362  1
535  0  0.875218  -0.120143  10404  2.09711  0.179935  1
536  0  0.109618  1.18809  10270.5  2.06315  0.18939  1
537  0  0.995961  -0.0286499  10588.7  1.61099  0.189521  1
538  0  0.0224266  0.060407  9299.29  2.16327  1.08025  1
539  0  0.563707  -0.166262  10414.5  2.03309  0.0433556  1
540  0  1.04776  -0.182216  10542.4  1.98725  0.148544  1
541  0  0.046866  -0.043394  11042.1  1.63611  -0.126917  1
542  0  0.265092  -0.253935  10623.2  1.92367  0.0332863  1
543  0  0.818443  -0.0538187  10239  1.92584  0.153348  1
544  0  0.995191  -0.340316  10506.3  2.01475  0.140398  1
545  0  0.774153  -0.0583872  10205.5  1.96897  0.114509  1
546  0  0.941722  -0.146249  10482  2.01943  0.173255  1
547  0  -1.06902  -0.948656  10498  1.97801  0.260059  1
548  0  0.269763  0.376365  9825.03  2.26993  0.143402  1
549  0  0.0890335  -0.125886  10852.1  1.7963  -0.00409926  1
550  0  0.463905  1.6259  10339.4  2.02067  0.159025  1
551  0  1.05451  1.66196  10405.9  2.00229  0.132448  1
552  0  0.176439  -0.519887  10605.2  1.93092  0.106205  1
553  0  0.0928313  0.470301  9997  2.18467  0.237761  1
554  0  0.510168  -0.0639355  10342.1  1.96965  -0.0140613  1
555  0  0.158139  0.150255  9090.23  2.56765  0.364762  1
556  0  0.925325  0.267239  10375.8  2.02589  -0.0676769  1
557  0  0.497523  0.271658  9896.66  2.25336  -0.0319383  1
558  0  0.960662  0.0477274  10523.1  1.5706  -0.127233  1
559  0  0.243146  -0.0519214  10641.8  1.84604  -0.0912295  1
560  0  0.426902  0.0963974  9513.8  1.99968  -0.130333  1
561  0  0.862831  -0.0469841  10284.2  1.8382  0.189315  1
562  0  0.0406522  -1.59201  10500.9  1.96278  0.180349  1
563  0  -0.0950252  -0.551471  10618.6  1.91699  0.174758  1
564  0  0.0685369  0.0788497  8803.08  2.48381  0.852146  1
565  0  0.443493  -0.0610268  10413.5  1.92746  -0.037076  1
566  0  -0.0173844  0.0208402  10802.2  1.40109  0.940978  1
567  0  0.557917  0.0796859  9884.07  1.64887  -0.157318  1
568  0  0.601206  0.072704  9977.9  1.45068  -0.15864  1
569  0  -0.578521  -0.217943  10536  1.94479  0.361221  1
570  0  0.113349  0.0918078  8636.96  2.60298  0.626724  1
571  0  1.13708  -0.50041  10519.5  2.0144  0.137381  1
572  0  0.7594  -0.2862  10450.2  2.02937  0.116447  1
573  0  -0.442929  0.995285  10284.3  2.03987  0.309646  1
574  0  0.634538  0.140334  10042.2  2.28077  -0.169263  1
575  0  -1.36899  1.72497  10310.6  1.99222  0.225998  1
576  0  1.03213  -0.0234578  10701.7  1.51788  0.190711  1
577  0  -0.0937496  0.134293  10268.1  1.99343  0.543502  1
578  0  0.158332  -0.111475  10759  1.8404  -0.035928  1
579  0  1.50328  -0.515459  10522  2.03256  0.131015  1
580  0  -1.3454  -0.70592  10481.6  1.98182  0.242001  1
581  0  1.37405  -0.256488  10549.8  2.02163  0.113595  1
582  0  1.14426  1.13423  10394.3  2.00541  0.102543  1
583  0  0.0325264  0.135457  9577.37  2.27312  0.646766  1
584  0  0.647471  -0.591966  10517.3  1.99038  0.116654  1
585  0  0.868405  0.146869  10377.4  2.10049  -0.133872  1
586  0  0.603963  -1.00226  10524.5  1.98127  0.150065  1
587  0  0.953857  -0.0925629  10486.6  2.10863  0.203262  1
588  0  -0.458008  0.13266  10436.1  1.97752  0.416186  1
589  0  0.575475  -0.0607391  10321.7  1.92731  0.00975104  1
590  0  1.25517  -0.638482  10519.1  2.01845  0.139595  1
591  0  0.4053  -0.677281  10549.4  1.96006  0.115526  1
592  0  0.259853  -0.723973  10562.4  1.94867  0.119248  1
593  0  0.158944  0.100408  8593.95  2.62862  0.41976  1
594  0  1.14888  0.017837  10654.5  1.69621  0.0359301  1
595  0  0.806289  0.160077  10300  2.11449  -0.138774  1
596  0  0.687924  0.367009  10170  2.12749  -0.0288575  1
597  0  0.476407  -0.105597  10427.7  2.08303  -0.00531629  1
598  0  1.65565  -0.99964  10509.2  2.03327  0.163257  1
599  0  0.392937  0.286372  9768.13  2.308  0.0318917  1
600  0  0.772345  -0.488541  10501  2.00682  0.121839  1
601  0  0.666172  -0.143137  10362.3  2.0683  0.0753511  1
602  0  0.53542  -0.124283  10401.7  2.05494  0.0224821  1
603  0  0.657668  0.650053  10224.5  2.09138  0.0622131  1
604  0  -0.794752  1.62639  10292.5  2.00973  0.26125  1
605  0  -0.467828  1.6682  10283.7  2.01414  0.267107  1
606  0  0.0234612  0.269666  9865.73  2.22578  0.395488  1
607  0  0.173626  0.52265  10014.3  2.18296  0.185088  1
608  0  0.959625  0.120276  10492.7  2.06393  -0.123296  1
609  0  -0.156549  0.0127036  10672.4  1.82051  0.431676  1
610  0  0.28155  -0.162605  10611.5  1.93256  -0.0114129  1
611  0  0.687848  0.0598258  10147.2  1.3062  -0.137401  1
612  0  0.113753  0.157256  9237.71  2.46182  0.46227  1
613  0  0.644934  0.0680706  10065.2  1.44842  -0.141488  1
614  0  0.902261  -0.369334  10491.1  2.01804  0.134736  1
615  0  0.790609  -0.837108  10519.2  1.99582  0.144763  1
616  0  -0.216312  0.760424  10233.4  2.08643  0.311589  1
617  0  -0.956043  -0.0772448  10462.4  1.97775  0.293532  1
618  0  0.0195714  -0.0307091  11289.9  1.45978  -0.169512  1
619  0  -0.60893  0.361734  10367.7  2.01493  0.377624  1
620  0  -0.169382  -0.178317  10741.1  1.83459  0.262665  1
621  0  -1.01706  -1.62989  10497.3  1.97207  0.24008  1
622  0  0.338071  0.100755  9165.01  2.18658  -0.0568486  1
623  0  0.382313  0.0977129  9372.4  2.05322  -0.111989  1
624  0  0.355905  -0.0574745  10489.4  1.89609  -0.0625279  1
625  0  0.399032  -0.0574642  10470.2  1.89282  -0.0494127  1
626  0  0.021171  -0.277302  10742.1  1.85181  0.106931  1
627  0  0.311716  -0.0541983  10559.6  1.86769  -0.0702137  1
628  0  -1.67687  0.959934  10353.9  1.98994  0.231707  1
629  0  0.470267  0.0875912  9649.04  1.76674  -0.135506  1
630  0  0.513777  0.0828502  9786.12  1.66514  -0.15425  1
631  0  0.663465  -0.05695  10289.9  1.89528  0.0488471  1
632  0  0.620041  -0.0580923  10307  1.89536  0.0283075  1
633  0  0.707502  -0.0554826  10246.5  1.88474  0.0690317  1
634  0  1.1134  -0.150883  10578  2.00169  0.135116  1
635  0  1.42205  0.0586107  10541.8  1.9398  0.051131  1
636  0  1.50835  -0.109555  10539.1  2.00128  0.0901764  1
637  0  0.343204  -0.114808  10547.9  1.97365  -0.033173  1
638  0  0.235172  0.168935  9239.89  2.51313  0.179129  1
639  0  1.02943  0.0123784  10702.7  1.09947  -0.00515453  1
640  0  0.0482384  0.0650244  8889.15  2.34522  1.01403  1
641  0  0.609271  -0.37403  10487.8  2.00781  0.089292  1
642  0  -0.470068  0.267203  10376  2.00885  0.410541  1
643  0  -0.0689332  0.679522  10179.8  2.11384  0.271368  1
644  0  0.0922793  -0.0413426  10912.5  1.70947  -0.120752  1
645  0  0.139703  -0.0454086  10755.4  1.77696  -0.0977404  1
646  0  0.204058  0.100787  8690.24  2.53309  0.246828  1
647  0  0.398348  0.180709  9590.48  2.39132  -0.0495077  1
648  0  0.344686  0.864234  10200.1  2.10104  0.133217  1
649  0  0.94272  -0.741022  10515.6  2.00486  0.144085  1
650  0  0.606325  -0.104976  10354.6  2.1388  0.0421975  1
651  0  0.249825  0.0995239  8729.86  2.31044  0.0930366  1
652  0  1.0167  0.102358  10571.5  2.00185  -0.112074  1
653  0  1.07657  0.14705  10546.9  2.0038  -0.0580972  1
654  0  1.05165  0.238854  10479  1.97843  -0.0491487  1
655  0  -1.4459  -0.0832591  10438.7  1.98578  0.244129  1
656  0  -1.70636  -0.603904  10467.5  1.98534  0.229002  1
657  0  0.303881  -0.0924657  10574.4  1.98906  -0.0559834  1
658  0  0.135696  -0.330221  10671.6  1.89529  0.0768156  1
659  0  0.412056  -0.103445  10482.5  2.05248  -0.0244173  1
660  0  -1.62908  -1.32057  10488.2  1.98685  0.226539  1
661  0  0.795662  -0.0493122  10210  1.80215  0.125488  1
662  0  -0.510083  -0.462563  10561  1.94529  0.325794  1
663  0  0.748621  -0.0525393  10258.1  1.84294  0.0901659  1
664  0  0.533318  -0.0577527  10340.3  1.86816  -0.00249303  1
665  0  0.485436  -0.0578449  10416.4  1.87858  -0.0253782  1
666  0  0.839958  -0.0448788  10225.8  1.75258  0.166388  1
667  0  0.137172  0.0914332  8513.78  2.54047  0.507522  1
668  0  0.475342  0.168381  9739.27  2.36503  -0.107206  1
669  0  0.902717  -0.227666  10462.8  2.02274  0.148109  1
670  0  1.17032  0.119318  10620  1.92452  -0.0319044  1
671  0  0.298415  0.153167  9250.91  2.59224  0.0496311  1
672  0  -0.0568665  -0.258374  10758.3  1.83754  0.153186  1
673  0  0.730782  0.0512077  10207.5  1.16207  -0.145284  1
674  0  0.774079  0.0455244  10299.6  1.1244  -0.10936  1
675  0  0.198028  0.343341  9777.25  2.28557  0.205591  1
676  0  1.07787  0.487014  10399.9  2.00181  0.0117547  1
677  0  -0.347459  -0.438101  10602.8  1.91897  0.287551  1
678  0  0.784492  0.12707  10281.5  2.18654  -0.167186  1
679  0  0.267797  -0.0518121  10597.3  1.86336  -0.0821927  1
680  0  0.119456  0.370643  9871.54  2.23281  0.258934  1
681  0  0.232771  -0.10229  10661.3  1.90276  -0.0477841  1
682  0  1.6341  1.6341  10467.3  1.97975  0.131501  1
683  0  1.66414  1.23914  10467.5  1.97025  0.11163  1
684  0  0.715781  0.111383  10191.8  2.20952  -0.18835  1
685  0  0.815565  0.0446858  10358.9  1.18415  -0.136537  1
686  0  0.0702365  -0.037897  10944.5  1.65445  -0.126577  1
687  0  0.860663  0.034832  10415.1  1.01744  -0.101627  1
688  0  0.906286  0.0323058  10471.6  1.07538  -0.080818  1
689  0  0.400533  -0.382351  10551.3  1.96861  0.0697486  1
690  0  0.967806  -0.0263058  10554.4  1.47236  0.183312  1
691  0  0.333858  -0.051846  10513  1.80536  -0.0640154  1
692  0  0.685199  -0.052029  10257.1  1.76503  0.0568976  1
693  0  0.159305  -0.0413008  10769.7  1.6838  -0.0906063  1
694  0  0.315366  0.0971199  9062.38  2.06442  -0.0395034  1
695  0  -0.0278714  0.37467  10026.8  2.15307  0.339225  1
696  0  0.71262  0.203706  10176.9  2.1224  -0.122415  1
697  0  0.0721609  0.180621  9489.84  2.34399  0.494756  1
698  0  0.117147  -0.191309  10760.3  1.84636  0.0343701  1
699  0  0.837687  -0.144229  10383.7  2.06331  0.153307  1
700  0  0.715445  -0.0922595  10291.7  2.20144  0.0921005  1
701  0  1.22868  -0.145104  10573.7  2.01059  0.118347  1
702  0  0.00874428  -0.639407  10592.8  1.93174  0.145493  1
703  0  -1.28039  1.128  10334.8  1.99524  0.242976  1
704  0  0.404249  0.0923045  9412.39  1.82844  -0.12572  1
705  0  0.579073  0.070062  9925.39  1.31516  -0.148346  1
706  0  -0.201099  -0.0760381  10706.7  1.83212  0.343071  1
707  0  0.214982  0.638758  10095.3  2.15046  0.16097  1
708  0  0.691069  0.160697  10131.3  2.19917  -0.152856  1
709  0  0.447936  0.0863073  9555.83  1.65482  -0.124981  1
710  0  0.375516  0.573541  10061  2.16774  0.108832  1
711  0  0.947851  -0.0244052  10505  1.32467  0.186519  1
712  0  0.535317  0.076316  9816  1.42622  -0.153786  1
713  0  -0.0642055  -0.0467244  11038.2  1.63185  0.305563  1
714  0  0.521259  -0.263546  10478.5  2.00515  0.0546871  1
715  0  1.08991  -0.245464  10537  1.99836  0.138782  1
716  0  -0.260485  -1.68934  10497.4  1.94923  0.237644  1
717  0  0.62169  0.0651522  10004.4  1.27795  -0.137099  1
718  0  0.267705  -0.372266  10604.4  1.93553  0.0689929  1
719  0  0.419427  -0.245079  10525.3  1.97864  0.0342685  1
720  0  1.64053  -1.38996  10502  2.0284  0.1775  1
721  0  0.00507437  -0.102046  11027.4  1.68492  0.0767039  1
722  0  0.708566  0.050581  10155.9  1.02239  -0.121938  1
723  0  -1.74281  -0.210159  10445  1.98659  0.231401  1
724  0  -0.556124  0.683046  10310.4  2.03606  0.347523  1
725  0  -0.41248  -0.167466  10571.8  1.91853  0.364262  1
726  0  0.553702  -1.72896  10493.8  1.99798  0.177622  1
727  0  0.795463  0.0406323  10320.5  0.968028  -0.123943  1
728  0  0.925808  0.0246157  10488.5  0.853456  -0.0696501  1
729  0  0.905  0.37271  10336.1  2.04611  -0.0302709  1
730  0  -0.67174  1.12184  10304.9  2.01775  0.291122  1
731  0  -1.22373  -1.26827  10496.1  1.98105  0.239411  1
732  0  1.30495  0.748611  10423.7  1.98455  0.063704  1
733  0  -0.159885  0.124329  10383.5  1.96258  0.474177  1
734  0  0.15304  0.233017  9515.81  2.38257  0.301903  1
735  0  0.0725222  0.739811  10162.5  2.12198  0.209965  1
736  0  0.226846  -1.19711  10527.7  1.96899  0.138466  1
737  0  0.608624  -0.213966  10426  2.03156  0.06573  1
738  0  0.0791085  0.878304  10205.2  2.10306  0.199433  1
739  0  0.214379  -0.231313  10661.6  1.90162  0.0267372  1
740  0  -0.810322  -0.518002  10513.8  1.97519  0.302611  1
741  0  -0.00995993  0.165227  9882.42  2.16235  0.570763  1
742  0  -0.245234  -0.567351  10600.7  1.92263  0.235244  1
743  0  -0.161631  1.69758  10292.6  2.01965  0.231038  1
744  0  1.67704  -0.717934  10514  2.04275  0.148907  1
745  0  -0.0675903  -0.110171  10944.8  1.71997  0.209082  1
746  0  -0.0207316  0.231674  9953.93  2.16824  0.462171  1
747  0  0.223927  -0.0468949  10679.5  1.7592  -0.0837956  1
748  0  -0.0439973  -0.453283  10655.5  1.89618  0.150323  1
749  0  -0.0130154  -0.852494  10564.9  1.94809  0.152048  1
750  0  0.021435  -0.158035  10898.3  1.76518  0.0762804  1
751  0  1.14787  0.358972  10459.5  1.98027  -0.00586929  1
752  0  -0.58906  -0.818278  10534.9  1.96034  0.294259  1
753  0  -0.810077  -0.751153  10517.9  1.97156  0.292144  1
754  0  0.955985  -0.258159  10492.9  2.01554  0.146206  1
755  0  0.593849  -0.138622  10380.8  2.05714  0.0471623  1
756  0  -0.0656783  0.562214  10141  2.12822  0.293932  1
757  0  0.273526  -0.118184  10617.8  1.92277  -0.0351532  1
758  0  0.749107  1.6757  10373.4  2.01038  0.144019  1
759  0  1.03049  0.65055  10369.3  2.0157  0.0436893  1
760  0  -1.23585  -0.453291  10477.2  1.97917  0.251387  1
761  0  0.883909  -0.0362746  10311  1.56715  0.182386  1
762  0  0.752692  -0.126504  10336.1  2.12039  0.116281  1
763  0  -1.03461  0.307753  10403.5  1.98941  0.283174  1
764  0  -0.601092  0.0644858  10456.9  1.97131  0.388339  1
765  0  0.176393  -0.644247  10582.4  1.93886  0.114859  1
766  0  0.506918  0.440948  10042.8  2.18194  0.0380029  1
767  0  0.512725  -0.199502  10455  2.01494  0.037254  1
768  0  0.876717  -0.0821839  10359.8  2.17206  0.206953  1
769  0  -1.66797  -1.66137  10490  1.98645  0.223408  1
770  0  0.421262  -0.0534418  10443.4  1.80017  -0.0427418  1
771  0  -0.234456  -1.20024  10527.2  1.95356  0.21768  1
772  0  0.465631  -0.0539619  10395.4  1.78626  -0.0275606  1
773  0  0.335642  0.452504  9948.43  2.21803  0.107491  1
774  0  -0.0172318  1.02932  10245.5  2.08051  0.220399  1
775  0  0.565064  0.117997  9911.34  2.3507  -0.182647  1
776  0  0.176907  1.74228  10316.1  2.01993  0.186169  1
777  0  0.397158  -0.0818002  10485.9  2.08412  -0.0431846  1
778  0  0.849474  0.292769  10308.2  2.06318  -0.0670297  1
779  0  -0.170181  0.480545  10184.7  2.10414  0.349035  1
780  0  0.829766  0.0769924  10371.9  1.90455  -0.171926  1
781  0  0.260798  0.222797  9456.9  2.42618  0.139603  1
782  0  0.183716  0.186162  9280.77  2.47791  0.278584  1
783  0  0.294613  0.100775  8969.64  2.2612  -0.00226364  1
784  0  0.683351  0.899327  10273.5  2.06479  0.0997042  1
785  0  -0.331812  0.308487  10321.3  2.03252  0.415862  1
786  0  0.00639664  0.040788  9816.39  1.82979  1.23817  1
787  0  0.989712  -0.552194  10512.2  2.01002  0.139462  1
788  0  -0.308444  -0.299194  10629.9  1.89668  0.29803  1
789  0  1.50883  0.242532  10523.2  1.95237  0.0482167  1
790  0  0.568526  -0.490438  10515.6  1.99192  0.0992749  1
791  0  0.319911  -0.160131  10570.5  1.9508  -0.0123512  1
792  0  -1.67488  1.5748  10321.9  1.98881  0.226107  1
793  0  0.840565  -0.313034  10468.3  2.02471  0.129967  1
794  0  -0.778831  0.244966  10402.8  1.99208  0.340328  1
795  0  0.0604986  0.108176  9221.15  2.45342  0.736229  1
796  0  0.270109  0.101605  8900.52  2.32774  0.0491035  1
797  0  -1.33223  0.213982  10414.2  1.98681  0.251237  1
798  0  0.914638  -1.74016  10496.4  2.01633  0.200498  1
799  0  0.661768  -0.0836496  10312.1  2.20391  0.0577023  1
800  0  0.526325  -0.333724  10496.6  1.99967  0.0709705  1
801  0  0.20392  -0.0462534  10696.1  1.78853  -0.0842326  1
802  0  -1.73779  -0.970406  10480.1  1.98672  0.226379  1
803  0  0.303969  0.306123  9716.53  2.32372  0.111086  1
804  0  0.741977  -0.399773  10480.6  2.01675  0.113771  1
805  0  0.983406  0.231968  10434.9  1.99675  -0.068032  1
806  0  0.67703  -0.106443  10324.9  2.16934  0.0719005  1
807  0  0.621928  -0.0832174  10326  2.19317  0.0405648  1
808  0  0.708252  -0.261407  10435.5  2.03214  0.0986554  1
809  0  0.639676  -0.308893  10459.6  2.02061  0.08908  1
810  0  0.375032  -0.536406  10557.6  1.9594  0.0985384  1
811  0  0.357229  -0.0854247  10515.8  2.04794  -0.0506035  1
812  0  0.601327  0.118458  9977.48  2.34045  -0.187279  1
813  0  0.17668  -0.0861108  10738.6  1.86766  -0.0597353  1
814  0  0.71765  -0.163464  10372.1  2.05838  0.0996386  1
815  0  0.934849  -0.0707326  10479.6  2.12751  0.223926  1
816  0  0.553451  -0.05444  10369.2  1.76763  0.00151329  1
817  0  0.597926  -0.0533583  10303.2  1.76885  0.0165031  1
818  0  0.8171  -0.0940281  10305.2  2.20715  0.161091  1
819  0  0.90404  -0.0338683  10394  1.55271  0.186693  1
820  0  0.180344  -0.0431892  10739.1  1.75388  -0.0904633  1
821  0  0.78248  -0.0926402  10294.5  2.20662  0.134958  1
822  0  1.03288  -0.0576924  10667.7  2.00647  0.18672  1
823  0  1.01218  -0.0887371  10576.3  2.07063  0.188935  1
824  0  0.0928184  0.0788778  8596.57  2.49818  0.737175  1
825  0  1.35575  1.72551  10438.7  1.99216  0.136123  1
826  0  0.335663  -1.00497  10535.7  1.96859  0.137361  1
827  0  0.92711  -0.0286458  10463.5  1.46194  0.186989  1
828  0  -0.305303  0.656606  10252.2  2.07712  0.348755  1
829  0  0.977368  -0.0467294  10548.4  1.97409  0.222382  1
830  0  -0.19651  0.0701206  10515  1.90874  0.447012  1
831  0  0.940432  0.0781778  10485.2  1.93483  -0.150919  1
832  0  -0.048333  0.13315  10091.8  2.057  0.603043  1
833  0  0.133256  -0.0664289  10788.4  1.88712  -0.0809838  1
834  0  0.0826237  -0.0912282  10906.7  1.75568  -0.03624  1
835  0  0.279426  -1.73307  10495.5  1.9818  0.159912  1
836  0  0.994987  1.37136  10379.1  2.01283  0.121412  1
837  0  1.74056  0.675232  10486.3  1.94328  0.0826372  1
838  0  0.665325  0.0566835  10089.9  1.08355  -0.112761  1
839  0  0.104805  0.121215  9002.45  2.59564  0.59238  1
840  0  0.093999  -0.065621  10884.3  1.80635  -0.0892755  1
841  0  0.182213  0.0951874  8530.47  2.46464  0.312227  1
842  0  -0.126055  -0.0443224  10829.8  1.7444  0.35189  1
843  0  0.156732  -0.268391  10688.1  1.88823  0.0504525  1
844  0  -0.202762  -0.85497  10561.5  1.94937  0.211027  1
845  0  0.314924  -0.256753  10587.7  1.94261  0.0314236  1
846  0  0.821652  0.593927  10286  2.06029  0.0347673  1
847  0  0.630601  -0.130832  10356.3  2.07826  0.0571055  1
848  0  -0.659104  0.50874  10342.9  2.0236  0.352268  1
849  0  -0.0922979  0.0409993  10656.3  1.79435  0.552401  1
850  0  -0.394019  1.2045  10286  2.03697  0.284821  1
851  0  -0.305149  -0.71663  10571.5  1.94112  0.247349  1
852  0  1.29288  -1.43595  10503.3  2.01821  0.173061  1
853  0  0.971598  0.0222142  10552.9  0.929831  -0.0812679  1
854  0  0.47513  0.113663  9688.76  2.41731  -0.166393  1
855  0  0.461928  0.13796  9675.6  2.51382  -0.135175  1
856  0  -0.315223  0.142039  10422.7  1.97541  0.429215  1
857  0  0.419371  0.37525  9916.04  2.24003  0.0515118  1
858  0  0.901167  0.065709  10457.4  1.80248  -0.152424  1
859  0  0.383061  0.123852  9422.42  2.59875  -0.0940351  1
860  0  0.402015  0.143644  9526.15  2.56413  -0.0912336  1
861  0  -0.5553  -0.329585  10551.8  1.94496  0.347624  1
862  0  0.443103  -0.0844563  10438.6  2.11067  -0.0259579  1
863  0  0.461861  -0.139187  10454.5  2.01262  0.00387641  1
864  0  0.342282  0.126127  9277.46  2.6521  -0.0462761  1
865  0  1.76122  -0.499386  10513.6  2.05215  0.139966  1
866  0  0.531705  -0.078418  10356.2  2.16945  0.00568337  1
867  0  -1.07504  1.67512  10301.7  1.99989  0.237803  1
868  0  0.156909  0.123786  8880.4  2.73297  0.419735  1
869  0  0.456247  0.966981  10246.8  2.07644  0.127999  1
870  0  -0.188158  0.191322  10313.5  2.01107  0.449219  1
871  0  0.843558  -0.110609  10349.6  2.15332  0.172243  1
872  0  0.623224  -1.26831  10517.4  1.97704  0.164184  1
873  0  0.341952  0.281007  9692.64  2.33789  0.0690482  1
874  0  0.00300723  0.0905303  9756.75  2.14128  0.820902  1
875  0  1.38059  0.388148  10491.3  1.95527  0.0359276  1
876  0  1.47224  0.607445  10465.2  1.9585  0.0594324  1
877  0  1.07737  0.0271722  10664.4  1.45921  -0.0138639  1
878  0  0.551742  0.356097  10017.3  2.20061  -0.0108076  1
879  0  0.442147  1.3505  10309.3  2.03937  0.152327  1
880  0  0.0414247  -0.0806192  11011.7  1.69401  -0.0262276  1
881  0  -0.746935  -0.170245  10495.9  1.96572  0.336869  1
882  0  0.868994  0.0992664  10404.2  2.07679  -0.164967  1
883  0  -1.27832  -0.236141  10457.6  1.9828  0.251199  1
884  0  0.490731  -0.0797857  10403.1  2.14311  -0.0182989  1
885  0  0.0832753  0.299318  9809.76  2.25743  0.32731  1
886  0  1.1623  -0.993313  10513.7  2.01062  0.156909  1
887  0  -0.425836  0.624614  10284.6  2.05875  0.364654  1
888  0  0.866998  -1.31759  10510.5  1.9895  0.173154  1
889  0  0.360927  -0.224655  10553.1  1.96215  0.0202984  1
890  0  0.859948  -0.20716  10434.7  2.03141  0.145227  1
891  0  0.0584833  -0.226523  10773.8  1.83574  0.0718994  1
892  0  0.120177  -0.10751  10813.9  1.80945  -0.0321647  1
893  0  0.359864  0.180475  9470.53  2.42946  -0.0132437  1
894  0  0.609547  0.535181  10148.5  2.1302  0.0395669  1
895  0  -0.516014  -0.999359  10530.4  1.95697  0.282124  1
896  0  0.514543  0.108961  9784.96  2.35211  -0.179614  1
897  0  0.616499  0.238171  10044.1  2.18464  -0.0903282  1
898  0  -0.975337  0.537552  10373.8  1.99716  0.282785  1
899  0  0.717836  0.304952  10174.1  2.1292  -0.0620737  1
900  0  0.211931  -0.136185  10685.2  1.89025  -0.0230259  1
901  0  0.736385  0.0747786  10217.2  1.8854  -0.198452  1
902  0  0.784569  -0.218664  10415.4  2.04078  0.123637  1
903  0  -0.277717  0.0693166  10502.7  1.93175  0.421974  1
904  0  0.52052  -0.690722  10534.5  1.97294  0.121653  1
905  0  -0.118143  0.383524  10135.2  2.1095  0.367475  1
906  0  0.00247839  -0.0180003  11727.8  1.05216  -0.0156739  1
907  0  -0.018679  -0.0113407  11548.8  1.1892  0.416313  1
908  0  1.737  -1.72684  10494.2  2.06108  0.192435  1
909  0  0.946406  0.0252294  10512  0.954808  -0.0834297  1
910  0  0.774664  0.072706  10282.4  1.83099  -0.180169  1
911  0  0.792593  0.0953512  10298.6  2.10162  -0.17921  1
912  0  -0.0825185  0.245159  10104.6  2.10935  0.447163  1
913  0  1.76773  0.195021  10509.6  1.96732  0.0717955  1
914  0  0.633047  0.314963  10091.8  2.1691  -0.0480098  1
915  0  1.39825  1.10984  10434.1  1.98502  0.101034  1
916  0  0.920383  -0.629168  10513.7  2.006  0.139165  1
917  0  0.993435  -0.169761  10519.8  1.99786  0.163103  1
918  0  0.24701  -0.0718977  10639.8  1.98685  -0.0790674  1
919  0  -1.11774  0.897763  10343.4  1.99739  0.256941  1
920  0  0.192118  0.28162  9623.93  2.35152  0.231052  1
921  0  -1.25195  0.634987  10370.8  1.99328  0.253411  1
922  0  -0.813305  1.3353  10304.9  2.01143  0.268963  1
923  0  0.508707  0.162676  9832.99  2.33152  -0.122286  1
924  0  0.831831  0.456487  10284.3  2.06651  -0.00381811  1
925  0  -0.275566  0.891397  10257.9  2.06672  0.304668  1
926  0  0.208296  -0.856753  10553.3  1.95342  0.127776  1
927  0  0.273603  -0.209317  10619.1  1.92508  0.0135525  1
928  0  1.00684  0.0661235  10596.1  1.85228  -0.135431  1
929  0  0.207342  0.124136  8871.05  2.78542  0.262677  1
930  0  -0.857936  0.901625  10326.1  2.00725  0.284699  1
931  0  0.910042  -0.133174  10447  2.05094  0.178336  1
932  0  0.990492  0.0172684  10555.8  0.768941  -0.0653068  1
933  0  0.607378  0.186776  10007.3  2.21172  -0.122664  1
934  0  0.333575  0.1519  9333.16  2.56965  -0.00765485  1
935  0  0.106576  -0.438214  10642.9  1.9085  0.107408  1
936  0  0.184125  -1.41993  10510.9  1.97108  0.144087  1
937  0  0.110816  0.202902  9461.57  2.38083  0.396713  1
938  0  -0.669005  -1.36397  10507.1  1.95863  0.270689  1
939  0  0.359883  0.0919363  9245.14  1.83774  -0.0874559  1
940  0  0.689893  0.0944981  10157.6  2.10388  -0.194398  1
941  0  1.0956  -0.785534  10515.8  2.01058  0.147551  1
942  0  1.22938  -1.72675  10499.4  2.03881  0.190384  1
943  0  0.491316  0.0790886  9694.7  1.43178  -0.134541  1
944  0  0.464423  -0.370979  10526.1  1.98325  0.0702307  1
945  0  0.53191  0.240747  9918.62  2.23801  -0.0679686  1
946  0  0.346819  -0.428431  10569  1.95642  0.0791508  1
947  0  0.57563  -0.0886607  10349.8  2.17489  0.0223117  1
948  0  0.377744  -0.0512071  10484.8  1.77859  -0.0558565  1
949  0  0.00582839  0.497992  10069.5  2.15487  0.274675  1
950  0  -0.40029  -1.42862  10511.2  1.94614  0.257906  1
951  0  -0.312602  -1.01363  10536  1.95544  0.244883  1
952  0  1.24194  0.956724  10414.4  1.99256  0.0857165  1
953  0  0.498605  -0.123545  10419.1  2.04279  0.010494  1
954  0  0.199047  -0.196338  10685.7  1.88876  0.0114935  1
955  0  0.0184462  -1.08988  10540.8  1.95968  0.154728  1
956  0  0.343715  1.1572  10272.4  2.06198  0.153029  1
957  0  0.871382  -0.443941  10498.3  2.01285  0.13151  1
958  0  -0.595327  -0.0764703  10499.6  1.9555  0.378093  1
959  0  0.430476  0.127436  9577.33  2.55177  -0.128949  1
960  0  1.38117  -0.961187  10513.6  2.02242  0.157197  1
961  0  0.102973  -0.603304  10595.9  1.93221  0.121462  1
962  0  0.202778  -0.0834756  10698.2  1.89198  -0.0614969  1
963  0  0.276968  -0.304834  10607.7  1.93361  0.0482292  1
964  0  0.829886  -1.00731  10517.4  1.99479  0.155462  1
965  0  0.44474  0.301693  9852.52  2.27397  0.0064276  1
966  0  0.289956  -0.0463459  10600.8  1.73829  -0.0761606  1
967  0  0.446103  0.189533  9706.79  2.32151  -0.0739835  1
968  0  -0.0294823  -0.107961  11011.7  1.68776  0.144429  1
969  0  0.91871  -0.178972  10461.1  2.01679  0.162512  1
970  0  0.792685  -0.155152  10377.1  2.05811  0.132214  1
971  0  -0.128621  -0.250507  10738.3  1.84407  0.207747  1
972  0  1.77518  -0.0933094  10511.6  2.02704  0.0994672  1
973  0  1.78688  0.967301  10482.1  1.95353  0.0990964  1
974  0  0.547647  -0.0987377  10378.6  2.1432  0.0157731  1
975  0  -0.177393  0.243759  10251.8  2.05503  0.435184  1
976  0  -0.886346  -0.327938  10495.1  1.97511  0.295605  1
977  0  0.644702  -0.193517  10403.2  2.04233  0.0761715  1
978  0  0.641477  -0.0518166  10286.8  1.73844  0.034595  1
979  0  0.143362  -0.0869964  10789.7  1.83187  -0.0554479  1
980  0  -0.734286  0.128593  10432.8  1.97961  0.35526  1
981  0  0.246201  0.4624  9944.01  2.21327  0.153646  1
982  0  -0.0416734  -0.198773  10827.4  1.79883  0.146558  1
983  0  0.149724  -0.177882  10739.3  1.85993  0.0103283  1
984  0  0.974261  -0.0733435  10533.2  2.10019  0.215585  1
985  0  0.772672  0.19813  10246.5  2.08724  -0.119915  1
986  0  0.728979  -0.0473532  10242.2  1.67609  0.0716456  1
987  0  -1.3262  1.43389  10320.4  1.99495  0.233857  1
988  0  0.0284351  0.414808  10000.3  2.17405  0.289073  1
989  0  0.655397  0.0995845  10089.1  2.17009  -0.195399  1
990  0  1.01515  -0.0426073  10641.7  1.93476  0.223788  1
991  0  0.991175  0.427044  10387.3  2.01587  -0.0113577  1
992  0  -0.119878  -0.344481  10690.6  1.87091  0.185723  1
993  0  -0.0319209  -0.0336367  11295.8  1.46758  0.273028  1
994  0  -0.447228  -0.732541  10552.3  1.95126  0.286146  1
995  0  0.00205997  0.323927  9937.85  2.19553  0.354841  1
996  0  0.435679  -0.210516  10503.5  1.99133  0.023882  1
997  0  0.229259  0.139173  8998.99  2.70608  0.189267  1
998  0  0.400328  -0.321032  10542.3  1.97187  0.0540477  1
999  0  1.22102  -0.0523617  10648  1.87425  0.101983  1
1000  0  1.03486  -0.133312  10561.2  2.00382  0.163222  1
1001  0  0.90836  -0.0690684  10419.4  2.15424  0.228198  1
1002  0  0.271415  1.51183  10309.7  2.03287  0.17116  1
1003  0  0.262029  0.148504  9154.73  2.63154  0.114052  1
1004  0  1.0534  -0.297691  10522.4  2.01016  0.140505  1
1005  0  -1.39179  -1.79437  10492.3  1.98277  0.224314  1
1006  0  0.303325  0.21064  9474.44  2.42281  0.0769501  1
1007  0  0.937178  -0.114462  10471.9  2.06894  0.189736  1
1008  0  0.529633  0.129704  9830.86  2.44308  -0.163323  1
1009  0  -0.150526  1.22545  10275.4  2.0528  0.241692  1
1010  0  0.179155  -0.130019  10729.9  1.867  -0.0230935  1
1011  0  -1.4286  0.410223  10395.3  1.98878  0.245241  1
