0  2  1  0  17064.6  3.53946e-16  1.42049e-17  1
1  1  2  2  16932.6  1.85841  0.00260535  1
2  1  2  -2  16932.2  2.01297  0.0634898  1
3  3  -2  -2  17049.1  1.99897  0.0642937  1
4  3  -2  2  16914.2  1.99703  0.0675701  1
10  1  2  1.6  16928.5  1.86053  0.000369001  1
11  1  2  1.2  16928.5  1.85841  -0.000299204  1
12  1  2  0.8  16928.5  1.85455  -0.0142782  1
13  1  2  0.4  16928.5  1.84599  -0.0390169  1
14  1  2  5.50449e-12  16928.5  1.92664  -0.0462283  1
15  1  2  -0.4  16928.5  2.01324  -0.0141909  1
16  1  2  -0.8  16928.5  2.00042  0.0284643  1
17  1  2  -1.2  16928.5  1.97928  0.0482329  1
18  1  2  -1.6  16928.5  1.99803  0.0574017  1
19  0  1.6  -2  16945.7  1.99897  0.0642937  1
20  0  1.2  -2  16992.1  1.99897  0.0642937  1
21  0  0.8  -2  17033  2.00255  0.0177271  1
22  0  0.4  -2  17078.2  2.00255  0.0177271  1
23  0  5.50449e-12  -2  17065.2  1.99897  0.0642937  1
24  0  -0.4  -2  17037.6  1.99897  0.0642937  1
25  0  -0.8  -2  17061.4  1.99897  0.0642937  1
26  0  -1.2  -2  17054.5  1.99897  0.0642937  1
27  0  -1.6  -2  17049.7  1.99897  0.0642937  1
28  3  -2  -1.6  17048.9  1.99897  0.0642937  1
29  3  -2  -1.2  17045.5  1.99897  0.0642937  1
30  3  -2  -0.8  17037.4  1.99897  0.0642937  1
31  3  -2  -0.4  17023.4  1.99897  0.0642937  1
32  3  -2  -5.50449e-12  17002.5  1.99897  0.0642937  1
33  3  -2  0.4  16978.9  1.99897  0.0642937  1
34  3  -2  0.8  16955.9  1.99897  0.0642937  1
35  3  -2  1.2  16937.6  1.99897  0.0642937  1
36  3  -2  1.6  16922.5  1.99897  0.0642937  1
37  0  -1.6  2  16918.1  1.98758  0.0752554  1
38  0  -1.2  2  16912.6  1.97397  0.0833263  1
39  0  -0.8  2  16878.6  1.9571  0.144482  1
40  0  -0.4  2  16851.9  1.93707  0.217896  1
41  0  -5.50449e-12  2  16861.3  1.92977  0.197401  1
42  0  0.4  2  16860.5  1.92845  0.141197  1
43  0  0.8  2  16872.6  1.9195  0.105016  1
44  0  1.2  2  16897.1  1.9074  0.0910808  1
45  0  1.6  2  16916.8  1.87913  0.0497155  1
46  2  0.979067  0.00652977  16993.6  1.52033e-16  -2.84165e-17  1
47  2  0.958171  0.0132185  16956.3  0  0  1
48  2  0.937104  0.0193488  16915  0  0  1
49  2  0.915943  0.0251486  16906  0  0  1
50  2  0.894749  0.030827  16840.7  0  0  1
51  2  0.873551  0.0364894  16783.4  0  0  1
52  2  0.852349  0.0421365  16787.4  0  0  1
53  2  0.831145  0.0477769  16731.5  0  0  1
54  2  0.809936  0.0533994  16609.5  0  0  1
55  2  0.788724  0.0590071  16557.7  0  0  1
56  2  0.7675  0.0645708  16582.8  0  0  1
57  2  0.746265  0.0700948  16517.4  0  0  1
58  2  0.725011  0.0755426  16380.9  0  0  1
59  2  0.703739  0.0809208  16311.4  2.9317e-16  -5.29374e-17  1
60  2  0.682437  0.0861803  16280.5  0  0  1
61  2  0.661107  0.0913211  16212.8  -7.49645e-17  1.29324e-17  1
62  2  0.639737  0.0962957  16109.5  0  0  1
63  2  0.618326  0.101089  16050.7  4.26248e-16  -6.36744e-17  1
64  2  0.596864  0.10565  15955  0  0  1
65  2  0.57534  0.10991  15814.4  -8.4585e-17  9.14474e-18  1
66  2  0.553754  0.113839  15754.2  0  0  1
67  2  0.532086  0.117286  15660.8  0  0  1
68  2  0.510347  0.120261  15569.4  0  0  1
69  2  0.488542  0.122694  15480.7  0  0  1
70  2  0.466683  0.124586  15405.5  0  0  1
71  2  0.444788  0.126008  15401.2  0  0  1
72  2  0.422867  0.126943  15338.6  0  0  1
73  2  0.400931  0.127401  15295.3  5.07632e-16  6.47194e-18  1
74  2  0.37899  0.127386  15235.2  0  0  1
75  2  0.357055  0.126907  15242.9  -1.82578e-16  -1.89097e-18  1
76  2  0.335135  0.125939  15186.4  0  0  1
77  2  0.313243  0.12448  15128  -3.77518e-16  -4.01911e-17  1
78  2  0.291391  0.12251  15209.1  0  0  1
79  2  0.269589  0.12004  15169.6  0  0  1
80  2  0.247854  0.117045  15242  0  0  1
81  2  0.2262  0.113513  15318.4  0  0  1
82  2  0.204646  0.109408  15308.7  -6.96568e-16  -1.52244e-16  1
83  2  0.183218  0.104694  15350.9  0  0  1
84  2  0.161945  0.0993258  15394.9  0  0  1
85  2  0.140865  0.0932415  15471.7  0  0  1
86  2  0.120027  0.0863771  15560.9  2.5064e-16  9.0373e-17  1
87  2  0.0995002  0.0786313  15662  0  0  1
88  2  0.0793846  0.0698752  15795  2.26871e-16  1.02774e-16  1
89  2  0.0598318  0.0599293  16053.8  0  0  1
90  2  0.0410799  0.0485501  16368  9.71608e-17  2.06393e-17  1
91  2  0.0236048  0.035306  16864.9  0  0  1
92  2  0.00848123  0.0194649  17805.1  1.07796e-16  5.33985e-17  1
93  2  1.83078e-05  -0.000376998  18371.8  0  0  1
94  2  0.0165954  -0.0128249  17549.5  4.93038e-32  -2.46519e-32  1
95  2  0.0377242  -0.0186784  16829.8  0  0  1
96  2  0.0593216  -0.0225297  16925.3  0  0  1
97  2  0.0810753  -0.0253847  16929.4  0  0  1
98  2  0.102904  -0.0276017  16931.7  0  0  1
99  2  0.12477  -0.0294099  16927.2  0  0  1
100  2  0.14666  -0.0309121  16912.2  1.34711e-16  -9.52624e-18  1
101  2  0.168564  -0.0321798  16892.4  0  0  1
102  2  0.190479  -0.0332573  16886.3  -1.40877e-16  6.14028e-18  1
103  2  0.212401  -0.0341756  16882.3  0  0  1
104  2  0.234329  -0.0349592  16881.6  -4.24745e-16  1.49361e-17  1
105  2  0.25626  -0.0356247  16869.9  0  0  1
106  2  0.278194  -0.0361833  16873.9  0  0  1
107  2  0.30013  -0.036645  16874.7  0  0  1
108  2  0.322068  -0.0370144  16866.3  -1.50684e-16  4.07762e-18  1
109  2  0.344008  -0.0372948  16886.7  -7.75442e-17  1.7772e-18  1
110  2  0.365948  -0.0374902  16835.6  0  0  1
111  2  0.387889  -0.037599  16811.8  0  0  1
112  2  0.409831  -0.0376254  16831.2  0  0  1
113  2  0.431772  -0.0375633  16829.2  4.13483e-16  4.27213e-19  1
114  2  0.453713  -0.0374117  16813.2  0  0  1
115  2  0.475653  -0.0371688  16804.2  -1.47911e-31  -1.54074e-33  1
116  2  0.497591  -0.0368251  16806.6  0  0  1
117  2  0.519528  -0.0363837  16791.8  0  0  1
118  2  0.541462  -0.0358194  16769.8  0  0  1
119  2  0.563393  -0.0351384  16766.1  2.06379e-16  6.23835e-18  1
120  2  0.585318  -0.0343026  16760.6  0  0  1
121  2  0.607235  -0.0332787  16765.9  4.83123e-17  2.32902e-18  1
122  2  0.629142  -0.032052  16767.7  0  0  1
123  2  0.651029  -0.0305108  16773.1  0  0  1
124  2  0.672891  -0.028649  16796.7  0  0  1
125  2  0.694725  -0.0264819  16832.7  0  0  1
126  2  0.716522  -0.0239742  16871  0  0  1
127  2  0.738292  -0.0212358  16909.2  -9.86076e-32  0  1
128  2  0.760032  -0.0182714  16966.6  9.86076e-32  0  1
129  2  0.781755  -0.0151869  17027.2  -3.3097e-16  -3.1451e-17  1
130  2  0.80347  -0.0120387  17069.1  0  0  1
131  2  0.82519  -0.0089346  17113.9  0  0  1
132  2  0.846936  -0.00601633  17159.5  0  0  1
133  2  0.868714  -0.00334164  17186.6  1.38759e-16  1.52945e-17  1
134  2  0.890533  -0.00103178  17200.5  0  0  1
135  2  0.912395  0.000826711  17214.9  -2.71761e-16  -1.62551e-17  1
136  2  0.934299  0.00208797  17230.4  0  0  1
137  2  0.956234  0.00255445  17225.5  0  0  1
138  2  0.978165  0.00200313  17189.5  0  0  1
268  0  0.976865  -0.942429  17015.8  1.96502  0.0217629  1
269  0  0.957008  -0.409481  17041.1  1.94903  0.0460004  1
270  0  0.377039  -0.686816  17041.7  1.96911  0.0293996  1
271  0  -0.552773  -0.669216  17086.9  1.97243  0.0370321  1
272  0  -0.808428  0.836895  16910.7  2.01976  0.139888  1
273  0  0.0629762  0.996457  16760.1  2.03772  0.160866  1
274  0  1.03029  0.942461  16811.8  1.9663  -0.00383088  1
275  0  0.608199  -0.382305  16994  1.99061  0.0446454  1
276  0  -0.0251433  -0.459947  17120  1.94679  0.0415171  1
277  0  -0.26722  0.539928  16839.4  2.01354  0.231141  1
278  0  0.194577  0.572099  16556.5  2.1427  0.165818  1
279  0  0.660158  0.574087  16589.6  2.09984  -0.0202729  1
280  0  0.303113  -0.34889  17023.4  1.98862  0.00536332  1
281  0  1.13612  0.420488  16864.4  1.94554  -0.122052  1
282  0  -0.380081  0.1646  17059.1  1.9266  0.210491  1
283  0  0.013308  0.351697  16588.1  2.1108  0.345084  1
284  0  0.0950102  -0.256175  17126.5  1.94006  -0.0160986  1
285  0  -0.136129  -0.191867  17273.2  1.84845  0.0605134  1
286  0  0.419074  0.394822  16254.9  2.28054  0.0404085  1
287  0  0.626281  0.326866  16347.4  2.23226  -0.133769  1
288  0  0.889071  0.30604  16716.1  2.03029  -0.184897  1
289  0  0.778592  -0.235587  17011.1  1.95399  0.0909057  1
290  0  0.971129  -0.194701  17084.1  1.91314  0.0680751  1
291  0  0.209528  0.319229  16193  2.28928  0.271713  1
292  0  0.461773  -0.229692  16938.5  2.00334  0.0223766  1
293  0  0.625471  -0.190219  16929.8  1.99541  0.0746519  1
294  0  -0.0827451  0.189086  16950.1  1.91392  0.421348  1
295  0  0.242569  -0.193892  16999.4  1.98304  -0.0257236  1
296  0  1.0556  0.186013  16957.6  1.93914  -0.22343  1
297  0  0.329146  0.272556  15948  2.40085  0.149286  1
298  0  0.461365  0.247826  15916.6  2.43011  -0.0501055  1
299  0  0.35392  -0.156219  16924.4  2.01076  -0.00504682  1
300  0  -0.0498639  -1.04107  17063.9  1.99439  0.044084  1
301  0  0.875133  -0.125117  17083.8  1.96559  0.105026  1
302  0  0.76208  -0.121492  16984.9  2.02534  0.130883  1
303  0  0.0860073  0.22899  16334.6  2.18769  0.469712  1
304  0  0.0288325  -0.147351  17244.3  1.85681  -0.0714989  1
305  0  -1.15135  -0.153602  17031  1.99143  0.0922286  1
306  0  0.729218  0.226625  16457.6  2.18688  -0.261342  1
307  0  1.5  -0.173633  17044.3  1.93952  -0.0452844  1
308  0  0.962473  -0.0922479  17131.4  1.98873  0.0783934  1
309  0  1.2029  -0.129578  17141.7  1.92313  0.0158749  1
310  0  0.532365  -0.140306  16877  2.05105  0.0429612  1
311  0  -0.117488  0.061467  17337.3  1.71836  0.338829  1
312  0  0.149301  -0.136657  17046.8  1.95132  -0.0737302  1
313  0  0.833699  0.177794  16664.8  2.13726  -0.309684  1
314  0  0.933517  0.135878  16854.3  2.06388  -0.320004  1
315  0  0.439397  -0.129266  16885.4  2.06057  0.0121655  1
316  0  -0.62465  -0.254798  17093.5  1.96326  0.0814871  1
317  0  0.55623  0.215506  16014.6  2.41378  -0.190538  1
318  0  0.442975  -1.25753  17044.7  1.98096  0.0212882  1
319  0  0.0268014  0.14972  16587  2.03794  0.641729  1
320  0  -0.04853  -0.0875292  17456.9  1.72865  -0.019711  1
321  0  0.169921  0.196303  15913.7  2.37088  0.462709  1
322  0  1.41776  -0.641088  16999.7  1.96406  0.00973298  1
323  0  1.01723  0.0969637  17007.9  1.88368  -0.286035  1
324  0  0.666436  -0.118451  16900.6  2.07747  0.10941  1
325  0  0.26818  0.212128  15745.8  2.4742  0.278905  1
326  0  0.286526  -0.118742  16936.8  2.03783  -0.0354903  1
327  0  0.599533  -0.103485  16855.4  2.13619  0.0812019  1
328  0  0.771751  -0.676588  17024  1.96807  0.0368527  1
329  0  -1.27382  -0.864887  17050.3  1.9937  0.07716  1
330  0  0.221332  -0.102758  16961.6  2.04846  -0.0620323  1
331  0  0.655612  0.190026  16243.9  2.34278  -0.293484  1
332  0  1.21188  0.103542  17078.4  1.79389  -0.152987  1
333  0  -0.406695  1.02373  16846.4  2.03422  0.185818  1
334  0  0.425529  0.887052  16694.6  2.04855  0.089571  1
335  0  -0.599485  -1.41305  17059.7  2.00211  0.0491207  1
336  0  0.906907  -0.0641311  17155.6  1.96075  0.112231  1
337  0  0.390021  0.2136  15705.9  2.54808  0.0508772  1
338  0  -0.886574  0.302631  16989.3  1.99252  0.118862  1
339  0  0.823825  -0.0769251  17074.9  2.0332  0.152952  1
340  0  0.709902  0.151135  16383  2.28587  -0.350598  1
341  0  0.108749  0.154834  16038.6  2.2789  0.636582  1
342  0  -0.353835  -0.446278  17121.5  1.94832  0.0535925  1
343  0  0.0840796  -0.0965207  17120.5  1.90001  -0.138385  1
344  0  1.14501  -0.308862  17066.5  1.92002  0.0223899  1
345  0  -0.0407772  0.081632  17271.4  1.68171  0.593751  1
346  0  0.498326  1.44372  16822.8  1.95259  0.111777  1
347  0  -1.31087  0.605652  16959.2  2.00276  0.0881979  1
348  0  -1.36893  1.30117  16919.3  2.00504  0.069645  1
349  0  0.376692  -0.0993911  16873.2  2.12849  -0.014442  1
350  0  0.78177  -0.407872  17016.7  1.97092  0.0593761  1
351  0  -0.166056  0.355178  16845.9  2.00254  0.302507  1
352  0  -0.199933  -0.692658  17093.1  1.956  0.0498054  1
353  0  0.0580613  -0.756384  17070.1  1.96118  0.0490472  1
354  0  0.485907  -0.0911011  16840.6  2.17027  0.0224082  1
355  0  1.0899  -0.0878458  17131.8  1.93873  0.0491914  1
356  0  1.11425  0.0374304  17134.5  1.43554  -0.142156  1
357  0  0.454336  -0.379153  16994.7  1.99577  0.0222401  1
358  0  0.710182  -0.0764092  16900.5  2.11413  0.151087  1
359  0  0.14977  -0.434406  17076.1  1.9686  0.0163626  1
360  0  0.488218  0.187732  15763.4  2.5698  -0.137817  1
361  0  -0.0195138  0.591246  16693  2.08141  0.22393  1
362  0  1.42762  -1.26604  16975.3  1.95509  0.0286483  1
363  0  0.923733  -1.40075  17014.4  1.95528  0.0101964  1
364  0  -0.300678  -0.0482247  17200.4  1.86359  0.1472  1
365  0  0.22536  0.164511  15577.3  2.60305  0.453379  1
366  0  0.320428  0.181664  15507.7  2.65947  0.203382  1
367  0  -0.927986  -0.583958  17063.1  1.98684  0.0840739  1
368  0  -0.71234  1.38456  16879.8  2.01707  0.144847  1
369  0  0.773357  0.130662  16549.2  2.13354  -0.361568  1
370  0  0.855494  0.117115  16726.3  2.01924  -0.353778  1
371  0  -0.152066  1.43166  16833.1  1.98684  0.200842  1
372  0  0.55393  -0.0838703  16794.5  2.15204  0.0524646  1
373  0  0.556016  -0.573134  17020.3  1.97991  0.0316572  1
374  0  0.773011  -0.0590107  16989.8  1.95059  0.170397  1
375  0  0.0393674  -0.0719474  17272.2  1.87206  -0.228374  1
376  0  -0.558904  0.433145  16946.9  1.98208  0.177084  1
377  0  0.59677  0.161686  16003.8  2.42092  -0.305693  1
378  0  1.00871  -0.655859  17024.6  1.9578  0.0275163  1
379  0  0.177192  -0.0800996  16942.6  2.08216  -0.106225  1
380  0  0.987989  -0.0436317  17148.6  1.81278  0.0734237  1
381  0  1.57571  0.357009  16940.4  1.85913  -0.080071  1
382  0  0.33007  -0.0748279  16887.7  2.12984  -0.0374892  1
383  0  0.419905  -0.0801774  16854.9  2.13897  -0.0018844  1
384  0  0.713952  -0.182283  16966.2  1.9742  0.0996815  1
385  0  0.526723  0.163503  15760.3  2.5282  -0.220977  1
386  0  0.861802  -0.047989  17139.1  1.80337  0.139448  1
387  0  0.433679  0.172848  15555.1  2.62882  -0.0478009  1
388  0  0.968936  0.0668058  16961.1  1.46514  -0.264219  1
389  0  0.88348  -0.228235  17052  1.93181  0.0816141  1
390  0  0.132732  -0.0736277  16997.2  2.06563  -0.149004  1
391  0  0.563555  -0.92495  17033.9  1.97702  0.0291581  1
392  0  0.42873  0.629988  16548.7  2.12903  0.0656035  1
393  0  0.160831  0.145791  15690.3  2.51166  0.614662  1
394  0  -1.20739  -1.39515  17052.7  1.9938  0.080867  1
395  0  0.0223689  0.100685  16682.2  1.92315  0.818924  1
396  0  0.0746656  0.113975  16140.5  2.23693  0.826117  1
397  0  -0.15899  0.817616  16787.4  2.04032  0.19298  1
398  0  0.641012  -0.0723753  16815.5  2.10805  0.111766  1
399  0  1.41398  0.768608  16885.7  1.90665  -0.0468317  1
400  0  0.0548179  -1.46617  17056.2  1.99908  0.0303341  1
401  0  -0.0437089  0.0345066  17702.3  1.4215  0.457524  1
402  0  0.203609  -0.299566  17053  1.97496  -0.00785314  1
403  0  -0.867833  -1.02931  17063.6  1.99965  0.0765144  1
404  0  0.127372  0.437392  16494  2.17258  0.248432  1
405  0  0.367462  -0.261037  16974.7  1.99716  0.00547684  1
406  0  0.807444  0.094471  16607.6  1.62484  -0.324286  1
407  0  0.896157  0.0786085  16829.4  1.49254  -0.277749  1
408  0  0.107857  0.794562  16700.3  2.07015  0.161013  1
409  0  1.00296  0.0463151  17043  1.19208  -0.236524  1
410  0  0.679281  -0.287348  16982.1  1.98043  0.0690692  1
411  0  0.554997  -0.270202  16955.9  1.99673  0.0444625  1
412  0  0.285433  -0.941178  17049.3  1.98048  0.0376734  1
413  0  1.43217  1.43217  16893.1  1.87589  0.028871  1
414  0  0.275476  0.442027  16357.1  2.23577  0.149449  1
415  0  0.946089  -0.0363475  17190.4  1.69201  0.077946  1
416  0  0.899182  0.529136  16725.2  2.02691  -0.0852473  1
417  0  0.26803  -0.0747411  16900.3  2.12811  -0.0554056  1
418  0  0.335349  -0.510682  17036.6  1.98023  0.0193283  1
419  0  -0.673538  0.0656813  17043.9  1.97047  0.122206  1
420  0  0.767229  0.356697  16586.9  2.10412  -0.151614  1
421  0  -0.452988  0.788016  16864.8  2.02018  0.188728  1
422  0  -0.371375  -1.00092  17072.5  2.00332  0.0228069  1
423  0  0.661404  0.132072  16213.7  2.12308  -0.340082  1
424  0  0.275524  0.165115  15445.7  2.67784  0.333168  1
425  0  -0.109454  -0.0233855  17485.5  1.68072  0.158453  1
426  0  0.372947  0.172505  15480.8  2.66705  0.0714088  1
427  0  -1.53571  -0.488606  17032.7  1.99649  0.0737242  1
428  0  -0.0351544  -0.247988  17217.7  1.88982  0.0151599  1
429  0  -0.157436  -0.340867  17173.6  1.9196  0.0558469  1
430  0  0.953383  -0.315485  17053  1.93811  0.0562669  1
431  0  0.546481  0.315786  16222.4  2.29285  -0.0970241  1
432  0  0.544769  0.458645  16421.5  2.19705  -0.0185576  1
433  0  -1.52103  0.167134  16995.2  1.99856  0.0799677  1
434  0  0.960157  1.4827  16859.1  1.92001  0.0678491  1
435  0  0.815583  -0.176269  17029.2  1.93941  0.10513  1
436  0  -0.0231102  -0.049326  17658.4  1.60933  -0.0965391  1
437  0  0.00165812  0.240088  16643.9  2.05633  0.457513  1
438  0  -0.0957989  0.302248  16805.1  2.01611  0.355487  1
439  0  1.04457  -0.0504766  17164.9  1.83451  0.0615573  1
440  0  0.10125  0.324185  16424.8  2.18194  0.353041  1
441  0  0.870894  -0.559293  17025.8  1.96215  0.0392302  1
442  0  1.09324  -0.544522  17032.3  1.95154  0.0237904  1
443  0  -0.0151578  0.0541221  17440.5  1.47281  0.730926  1
444  0  0.755388  0.928497  16755.2  2.00462  0.031017  1
445  0  1.22448  0.277137  16963.7  1.90544  -0.134726  1
446  0  -0.231763  0.169713  17067.3  1.89679  0.286752  1
447  0  0.411484  -0.19286  16929.7  2.00557  0.0107309  1
448  0  0.16302  -0.213521  17062.8  1.95986  -0.0354337  1
449  0  0.837701  -0.336665  17027.1  1.9572  0.0687102  1
450  0  1.04432  -0.13618  17117.6  1.93786  0.0512938  1
451  0  0.788631  -1.19701  17021.7  1.96336  0.0162699  1
452  0  0.186231  -0.605247  17064.2  1.95871  0.0320242  1
453  0  0.083342  -0.17246  17147  1.91664  -0.0618655  1
454  0  0.676346  -0.504812  17014.7  1.97938  0.0447494  1
455  0  -0.25387  -1.38186  17061  2.00617  0.0210214  1
456  0  0.118424  0.125898  15848.3  2.42791  0.749606  1
457  0  -0.327198  -0.246956  17167.6  1.9135  0.0790956  1
458  0  -0.236132  -0.520148  17120.5  1.9435  0.0557571  1
459  0  0.598031  -0.07088  16810.7  2.11513  0.0823636  1
460  0  0.721046  0.117152  16390.7  1.94253  -0.34351  1
461  0  1.32988  -0.470088  17030.1  1.94744  0.00815948  1
462  0  0.819345  -0.0461169  17091.1  1.80179  0.162681  1
463  0  -0.610027  -0.457731  17093.1  1.97092  0.0555887  1
464  0  0.194804  -1.18053  17053.1  1.99214  0.0362731  1
465  0  0.928959  -0.148982  17094  1.92827  0.0852312  1
466  0  0.0878227  -0.0645835  17060.1  2.04284  -0.199197  1
467  0  0.309694  -0.215992  16977.1  1.99428  -0.00887233  1
468  0  0.242939  0.750826  16649.9  2.09042  0.12964  1
469  0  -0.105184  0.436418  16758  2.04367  0.284377  1
470  0  -1.55428  -1.22267  17049.3  1.99682  0.0673162  1
471  0  0.0348479  -0.363962  17129.4  1.94597  0.0216016  1
472  0  0.686561  -0.0662479  16854.5  2.07081  0.143576  1
473  0  0.466108  -0.0711502  16831.8  2.10923  0.0126311  1
474  0  0.508064  -0.0727184  16814.8  2.1314  0.0273124  1
475  0  0.736596  -0.0655928  16931.7  2.02407  0.1671  1
476  0  0.904358  -0.0347178  17191.8  1.63551  0.108177  1
477  0  0.222146  -0.0710238  16923.5  2.10967  -0.0805761  1
478  0  0.563928  -0.204489  16924.2  1.99924  0.054255  1
479  0  -1.19128  0.996602  16927.8  2.01189  0.084993  1
480  0  -1.6624  1.02271  16939.7  2.00146  0.0705479  1
481  0  -1.05325  0.592835  16955.3  2.00437  0.109105  1
482  0  0.209796  0.144411  15512  2.60954  0.507387  1
483  0  0.424805  0.324226  16104  2.34504  0.0225274  1
484  0  0.329817  0.373738  16215.1  2.29628  0.119253  1
485  0  0.429613  1.19657  16783.5  1.99166  0.107855  1
486  0  0.483444  -0.176869  16908  2.00977  0.0287267  1
487  0  0.709611  -0.133177  16944.7  2.02772  0.11887  1
488  0  0.147223  0.271198  16218.5  2.25987  0.373346  1
489  0  1.20011  -0.863337  17007.9  1.96107  0.0198088  1
490  0  0.612335  -1.67502  17040.4  1.98583  -0.00983485  1
491  0  -0.38574  0.452197  16910.8  1.98568  0.216938  1
492  0  0.0154867  -0.0430998  17317.3  1.73393  -0.351276  1
493  0  0.229614  0.224279  15861.8  2.41346  0.33315  1
494  0  0.299155  -0.073253  16901.6  2.13559  -0.0429395  1
495  0  1.13157  0.745141  16825.5  1.95159  -0.0434867  1
496  0  1.51943  0.0882896  17000.5  1.85555  -0.0833067  1
497  0  0.270455  0.284515  16020.9  2.36588  0.222155  1
498  0  0.103617  1.40408  16816.8  1.97671  0.170776  1
499  0  0.587484  -0.155125  16892  2.03049  0.066922  1
500  0  -0.854045  -0.122275  17050.8  1.98275  0.0961431  1
501  0  0.376792  -0.0652828  16825.2  1.96997  -0.0224734  1
502  0  0.631075  0.262907  16267.9  2.26916  -0.196065  1
503  0  0.673156  0.437212  16504.6  2.15247  -0.0844199  1
504  0  0.570103  0.142401  15822.8  2.10091  -0.268215  1
505  0  0.613482  0.132434  16025.9  1.91965  -0.286764  1
506  0  0.481583  0.159471  15618.3  2.56945  -0.151666  1
507  0  1.08409  -0.252047  17077.7  1.91204  0.0374846  1
508  0  -1.2597  0.284438  16987.2  1.99922  0.0909947  1
509  0  0.403606  0.164399  15490.7  2.6671  0.00654161  1
510  0  1.00872  0.333184  16823.9  1.97092  -0.165873  1
511  0  0.0567487  0.0902171  16194.7  2.04347  0.925708  1
512  0  -0.023722  -0.664401  17086  1.95002  0.0516377  1
513  0  0.936324  0.0477127  16921  0.884363  -0.166536  1
514  0  0.206321  -0.152972  16999.3  1.98015  -0.0464955  1
515  0  0.761607  -0.307579  17007  1.96743  0.0741631  1
516  0  -0.0346782  -0.0089196  17977.5  1.39028  0.125127  1
517  0  0.975077  0.236106  16841.2  1.97165  -0.221624  1
518  0  -0.22323  0.0136536  17253.8  1.81368  0.204203  1
519  0  0.398119  -0.140309  16902  2.03137  0.00318435  1
520  0  1.09062  0.118595  17063.2  1.90727  -0.236437  1
521  0  0.604544  -0.743197  17027.9  1.97321  0.032144  1
522  0  1.37323  -1.64428  16970.1  1.98573  0.0380427  1
523  0  0.0122998  0.461965  16640  2.10043  0.27461  1
524  0  0.764043  0.0951796  16544.4  1.39821  -0.275615  1
525  0  0.525504  -0.100108  16835.9  2.15428  0.0366792  1
526  0  1.67614  -0.449964  16972.3  1.9847  -0.00653653  1
527  0  0.84991  0.075645  16750.7  1.21051  -0.247736  1
528  0  0.629389  -0.13962  16895.8  2.04443  0.0861727  1
529  0  -0.223219  1.20141  16827.7  2.02405  0.191462  1
530  0  -0.438405  1.29796  16849.3  2.02359  0.188176  1
531  0  1.16141  -1.13925  17000.4  1.95923  0.0202589  1
532  0  0.00515188  -0.0915509  17385.1  1.76004  -0.119878  1
533  0  0.810539  0.254362  16607.7  2.10026  -0.239254  1
534  0  1.0263  -0.0920793  17133  1.98224  0.0569145  1
535  0  0.665802  1.18482  16793.9  1.97779  0.0710465  1
536  0  0.248174  -0.139389  16966.5  2.00118  -0.0400391  1
537  0  0.81339  -0.125446  17035.1  1.99416  0.125768  1
538  0  0.4278  -0.288303  16971.2  1.99819  0.0170132  1
539  0  1.062  0.0154415  17155.9  0.966037  -0.0842063  1
540  0  1.65247  -0.925093  16963.5  1.97404  0.0258007  1
541  0  0.579871  0.748189  16654.3  2.06473  0.0407927  1
542  0  0.747961  -0.883417  17024.9  1.9713  0.0285452  1
543  0  0.349026  0.52236  16451.5  2.18823  0.0949789  1
544  0  0.690986  0.128284  16306.4  2.09426  -0.345224  1
545  0  -0.371027  -0.618033  17101.9  1.95592  0.0416322  1
546  0  0.254941  0.146445  15327.1  2.48734  0.375182  1
547  0  0.299073  0.152968  15331.1  2.50693  0.259517  1
548  0  -0.677527  1.09085  16877.5  2.03297  0.156803  1
549  0  -1.09864  1.65317  16898.5  1.98873  0.0784389  1
550  0  0.257563  -0.259495  17016.2  1.98511  -0.0108995  1
551  0  -0.814882  0.561039  16949.6  1.99923  0.134329  1
552  0  0.708591  -0.0506582  16872.2  1.74987  0.144294  1
553  0  0.290172  -0.162111  16960.2  1.99739  -0.0225424  1
554  0  0.120065  -0.340513  17096.6  1.95933  0.00281043  1
555  0  -0.188085  -0.0669586  17321.1  1.79531  0.137172  1
556  0  -0.753672  -0.789514  17071.7  1.98944  0.0574869  1
557  0  -0.620987  1.70395  16869.8  1.97649  0.175299  1
558  0  0.0433995  -0.214979  17178.9  1.90436  -0.0272566  1
559  0  0.156103  -0.0576197  16936.3  1.95363  -0.124595  1
560  0  1.32591  -0.0186009  17088.7  1.8411  -0.0661381  1
561  0  0.346253  0.151295  15335.5  2.40015  0.121594  1
562  0  0.0152022  0.0625792  16856  1.64425  0.965002  1
563  0  -0.541698  -0.0620391  17094.5  1.94493  0.114594  1
564  0  1.60496  1.03249  16900.3  1.88101  -0.00992045  1
565  0  -0.0182462  0.123334  16936.3  1.86255  0.625183  1
566  0  0.326059  -0.129546  16923.4  2.03064  -0.0206039  1
567  0  0.25449  -0.440723  17046.1  1.98184  0.0123162  1
568  0  -1.57941  -0.844661  17043  1.99654  0.0693401  1
569  0  -1.45856  -1.64883  17050.8  1.99709  0.0657097  1
570  0  -0.544631  0.230233  17011.8  1.96344  0.168346  1
571  0  0.534901  -0.439338  17003.6  1.99167  0.0321014  1
572  0  0.876977  -0.0814553  17117.2  2.0063  0.122102  1
573  0  0.912223  -0.1029  17114.6  1.98863  0.0986009  1
574  0  0.242487  1.68393  16844.8  1.94201  0.155753  1
575  0  -0.653626  -1.00081  17072.5  2.00407  0.044233  1
576  0  0.0466024  0.278511  16507.2  2.13338  0.414266  1
577  0  -0.381088  -1.65629  17048.9  1.99814  0.0256713  1
578  0  0.0740571  -0.538697  17087.7  1.95357  0.0370022  1
579  0  0.758647  -0.0887797  16977.2  2.08861  0.155009  1
580  0  0.507794  0.227555  15937.2  2.43253  -0.122772  1
581  0  1.3616  0.462887  16916.4  1.90758  -0.0880472  1
582  0  0.136843  0.216537  16112.5  2.28727  0.469797  1
583  0  0.976673  0.0350361  16980.9  0.684694  -0.127976  1
584  0  0.101907  0.10464  15822  2.25756  0.814007  1
585  0  0.059303  0.188697  16410.6  2.13705  0.563995  1
586  0  0.966098  -0.023435  17188.3  1.38496  0.0492246  1
587  0  0.144915  0.11877  15607.1  2.3672  0.679105  1
588  0  -1.61147  1.61221  16919.7  1.99814  0.0673715  1
589  0  1.29937  -0.281827  17061.3  1.92311  -0.00357218  1
590  0  -0.860214  -1.64031  17059.6  1.98268  0.0859445  1
591  0  -1.04044  0.0995538  17010.2  1.99394  0.101118  1
592  0  -0.0592461  -0.154468  17328.4  1.81175  0.0118513  1
593  0  1.10591  -0.172131  17100  1.91613  0.0375733  1
594  0  0.226019  0.918523  16715.6  2.04961  0.128959  1
595  0  0.775697  0.181556  16543.2  2.20061  -0.317303  1
596  0  0.22833  -0.750177  17055  1.96603  0.0370675  1
597  0  0.764629  -0.182179  16995.1  1.95632  0.103357  1
598  0  0.56146  -0.119023  16858.5  2.10484  0.0574377  1
599  0  0.883505  0.157821  16757.7  2.10614  -0.317886  1
600  0  -1.26447  -0.411333  17038.2  1.99239  0.0835582  1
601  0  0.619007  -0.0553987  16791  1.81575  0.0847413  1
602  0  0.57549  -0.0580484  16778  1.8589  0.0561901  1
603  0  0.497192  -0.131654  16876.6  2.0644  0.0310155  1
604  0  0.351449  0.201651  15643.9  2.58473  0.123265  1
605  0  0.308233  0.22769  15776.9  2.47713  0.196569  1
606  0  0.0668242  -0.0487034  17048.5  1.91988  -0.244034  1
607  0  0.086188  0.652156  16652.4  2.09988  0.186066  1
608  0  -0.0264743  0.72561  16728.1  2.06465  0.192261  1
609  0  -0.794198  -0.401957  17071.5  1.98347  0.0797349  1
610  0  0.410933  0.262711  15925.7  2.41987  0.0232959  1
611  0  0.111644  -0.0519778  16987.5  1.94787  -0.173493  1
612  0  0.7955  -0.0359301  17047.4  1.49055  0.141643  1
613  0  0.427525  0.21465  15755  2.53439  -0.0126529  1
614  0  0.83895  -0.0289848  17143.8  1.36559  0.129311  1
615  0  0.100032  0.532856  16587.5  2.13059  0.216103  1
616  0  0.850777  0.698097  16727.1  2.01732  -0.0285337  1
617  0  -0.943019  1.07751  16905.1  2.02395  0.1124  1
618  0  -1.45386  -0.163421  17019.2  1.9955  0.0799899  1
619  0  0.530037  -0.0615887  16796  1.89885  0.036987  1
620  0  0.20074  -0.0570754  16904.4  1.92774  -0.092296  1
621  0  0.669083  -0.16557  16935  1.99901  0.094865  1
622  0  0.244623  -0.0574351  16898  1.91288  -0.0672663  1
623  0  0.684236  0.28132  16402.5  2.20412  -0.198403  1
624  0  0.189169  0.128704  15471  2.39378  0.535555  1
625  0  0.92981  0.0866773  16887.3  1.72075  -0.304514  1
626  0  -0.292889  0.708558  16828.9  2.02342  0.20432  1
627  0  0.486957  -0.0584139  16819.1  1.84037  0.018582  1
628  0  0.44289  -0.0589021  16821.4  1.86216  0.001924  1
629  0  -0.0887352  0.12288  17127.3  1.80931  0.450777  1
630  0  0.940551  -0.0700579  17149.7  1.96991  0.0895676  1
631  0  0.890344  -0.770653  17021.1  1.96383  0.0289325  1
632  0  0.441184  -0.492286  17017.7  1.98804  0.0230136  1
633  0  0.985962  -0.524654  17033.3  1.95421  0.0348278  1
634  0  0.881942  -0.0236864  17176.7  1.28194  0.0944884  1
635  0  0.183447  -0.117352  16999.7  1.99711  -0.0733147  1
636  0  0.501868  0.143189  15618.5  2.18125  -0.181843  1
637  0  0.924548  -0.0193985  17219.1  1.2239  0.0732066  1
638  0  0.789928  -0.0904637  17024.6  2.05948  0.154299  1
639  0  0.457325  0.148  15462.3  2.29361  -0.0943242  1
640  0  0.351243  -0.0589884  16876.5  1.88927  -0.0329855  1
641  0  0.398835  -0.0585566  16837  1.85769  -0.011141  1
642  0  0.0388696  0.0733329  16455.3  1.85037  1.0085  1
643  0  0.535276  -0.352415  16982.5  1.99473  0.0368465  1
644  0  0.359618  -0.416238  17018.9  1.99127  0.0143082  1
645  0  0.205462  0.397167  16348.1  2.23458  0.222324  1
646  0  1.01064  -0.0292492  17152.7  1.59403  0.0639731  1
647  0  0.490198  0.350631  16222.8  2.29458  -0.0317285  1
648  0  -0.43139  0.588547  16886.1  2.00066  0.199599  1
649  0  1.65673  -1.49467  16953.8  1.97049  0.0451808  1
650  0  -0.0564836  -0.832459  17074.2  1.9699  0.0519348  1
651  0  0.876628  -0.175317  17062.2  1.92439  0.0936527  1
652  0  0.494646  -0.290593  16964.1  1.99816  0.0295221  1
653  0  0.54484  0.142264  15759.2  2.1227  -0.244982  1
654  0  -0.0158258  0.0211035  18002.3  1.08178  0.590619  1
655  0  0.436326  -0.82754  17040.9  1.97443  0.0317128  1
656  0  0.0815764  0.0926184  15924.2  2.1279  0.892663  1
657  0  0.683387  -0.380325  17000.6  1.98232  0.0561027  1
658  0  1.05128  -0.347008  17057.8  1.93399  0.0367516  1
659  0  0.590512  0.130416  15916.4  1.86372  -0.269146  1
660  0  1.67502  0.640826  16914.1  1.87954  -0.0459062  1
661  0  0.637188  0.12175  16102  1.73828  -0.273664  1
662  0  0.670917  -0.218578  16958.6  1.98122  0.0800142  1
663  0  0.988718  0.155452  16914.6  2.00643  -0.273054  1
664  0  0.230697  0.135314  15427.7  2.38833  0.429978  1
665  0  0.739915  1.63479  16849.9  1.92712  0.0889567  1
666  0  -1.10804  -1.0824  17057  1.99666  0.0856934  1
667  0  0.27818  0.141671  15309.2  2.35983  0.298732  1
668  0  0.448572  -0.095129  16852.9  2.16177  0.0106399  1
669  0  -0.890312  -1.29947  17059.8  1.99796  0.0837386  1
670  0  -0.444971  -0.33708  17124.1  1.94687  0.064736  1
671  0  0.741012  0.0937841  16442.9  1.2527  -0.262164  1
672  0  0.0437448  -0.0409917  17149.5  1.83065  -0.327814  1
673  0  0.640753  -0.0477697  16776.6  1.6423  0.094639  1
674  0  0.785733  0.0825041  16572.5  1.10267  -0.20962  1
675  0  0.540112  0.581406  16539.5  2.1309  0.0198558  1
676  0  0.168016  0.119457  15470.7  2.30953  0.595123  1
677  0  0.326354  0.152102  15260  2.46399  0.17444  1
678  0  -0.149297  0.242734  16928.7  1.95629  0.348779  1
679  0  -0.267302  0.273127  16968.4  1.95361  0.272708  1
680  0  0.823761  0.0728168  16656.2  1.01829  -0.231468  1
681  0  0.868501  0.060155  16796.2  0.919167  -0.164934  1
682  0  0.986335  -0.13179  17113.6  1.94561  0.0688513  1
683  0  0.36583  -0.205104  16948.3  2.00133  0.00133838  1
684  0  0.910347  0.0535254  16865.2  0.910964  -0.182841  1
685  0  0.772744  -0.0340611  16992.2  1.38147  0.14069  1
686  0  0.871441  0.22031  16726.1  2.04349  -0.255553  1
687  0  0.420646  -0.054565  16851.6  1.74161  -0.00486713  1
688  0  0.33197  -0.0535231  16890.8  1.74695  -0.0248179  1
689  0  -0.0245628  0.181363  16807.1  1.96277  0.512671  1
690  0  0.116881  -0.109092  17070.1  1.93698  -0.107255  1
691  0  0.559947  0.17598  15906.3  2.5036  -0.246721  1
692  0  0.434665  0.146104  15413.6  2.18152  -0.0630433  1
693  0  0.262842  0.349909  16205.1  2.29459  0.192873  1
694  0  0.178572  -0.0520428  16897.3  1.85955  -0.104305  1
695  0  0.608115  0.207484  16141.9  2.37082  -0.2486  1
696  0  0.61724  -0.246386  16953.4  1.9906  0.062391  1
697  0  1.17175  -0.0328014  17153.1  1.68163  -0.0143987  1
698  0  0.864395  0.420393  16685.4  2.05085  -0.125928  1
699  0  0.347426  -1.48648  17048.6  1.98851  0.0126278  1
700  0  0.859669  -0.0220036  17153.9  1.15663  0.110426  1
701  0  0.523878  0.138226  15656.8  1.99164  -0.219412  1
702  0  0.134366  -0.0498234  16947.7  1.88219  -0.143227  1
703  0  0.955442  0.0364244  16936.3  0.645856  -0.134129  1
704  0  1.18426  -0.628469  17021.6  1.95514  0.0182657  1
705  0  0.300954  0.621814  16558.1  2.1346  0.116313  1
706  0  0.868043  -0.402168  17028.9  1.96013  0.0561122  1
707  0  -0.00558157  -0.0250964  17920.8  1.43404  -0.290192  1
708  0  0.103308  -0.92856  17059.3  1.97913  0.0470505  1
709  0  1.77591  0.177945  16962.1  1.85103  -0.0728564  1
710  0  -0.381106  -0.787108  17084.2  1.97842  0.0307928  1
711  0  -1.67938  0.448776  16973.1  1.99947  0.0745721  1
712  0  1.25889  1.1422  16864.6  1.91513  0.013081  1
713  0  0.654887  0.111425  16186.4  1.40137  -0.23626  1
714  0  -1.01955  -0.358611  17050.7  1.9889  0.0925026  1
715  0  0.187429  0.166911  15716.4  2.50076  0.50474  1
716  0  0.723775  -0.238899  16986.9  1.96825  0.0862569  1
717  0  -0.147176  0.651919  16774.8  2.04474  0.216702  1
718  0  0.936371  -0.24421  17062.9  1.92679  0.0686808  1
719  0  -1.02216  -0.813953  17059.5  1.99181  0.084371  1
720  0  0.995459  0.02226  16998.4  0.438623  -0.0863747  1
721  0  1.26517  1.67474  16889.5  1.89234  0.0703487  1
722  0  0.80312  0.0724397  16597.9  0.840636  -0.186304  1
723  0  0.889097  0.0521783  16816.8  0.723647  -0.16451  1
724  0  0.988578  -0.0188626  17118.1  1.31214  0.0324801  1
725  0  1.00384  -0.258273  17072.1  1.92155  0.0535079  1
726  0  1.78462  -0.186513  16967.9  1.98099  -0.0442882  1
727  0  -0.056481  -0.347635  17159.6  1.9282  0.0352665  1
728  0  0.66335  -0.0520998  16809  1.78279  0.117457  1
729  0  0.751718  -0.0397483  16951.7  1.53309  0.150098  1
730  0  0.635021  -1.36676  17034.7  1.96885  0.00855456  1
731  0  0.445926  0.498606  16432.8  2.19507  0.041345  1
732  0  0.267054  -0.0525716  16864.2  1.77374  -0.0504668  1
733  0  -0.216745  -0.911789  17075.3  1.98759  0.0381412  1
734  0  -0.508574  0.084914  17068.6  1.94355  0.15249  1
735  0  0.670422  -0.605759  17021.7  1.9739  0.0376991  1
736  0  0.635405  -0.101675  16860.8  2.14512  0.102087  1
737  0  0.846397  -0.104372  17080.9  2.00884  0.123499  1
738  0  0.212789  -1.75279  17065.6  2.00441  0.016212  1
739  0  -0.0659286  -0.0417378  17625.2  1.61627  0.0689934  1
740  0  0.370775  -0.326999  16996.6  1.99465  0.0101044  1
741  0  -0.10309  -0.0904317  17412  1.75165  0.0693722  1
742  0  0.783972  -0.513203  17022  1.96925  0.0472975  1
743  0  0.257097  -0.102944  16937.3  2.07407  -0.050113  1
744  0  0.368332  0.145712  15294.3  2.23723  0.078398  1
745  0  -0.1495  0.997488  16800  2.03566  0.182546  1
746  0  1.67046  1.67046  16911.9  1.86345  0.0181956  1
747  0  1.19145  -0.220586  17089.8  1.90633  0.0178035  1
748  0  0.152346  -0.0967771  16999.6  2.01491  -0.10759  1
749  0  0.412237  -0.239454  16953.3  2.00116  0.0122446  1
750  0  0.779775  0.50976  16640.4  2.07431  -0.0770881  1
751  0  0.0706691  0.390335  16519.4  2.15215  0.300488  1
752  0  -0.472525  -1.13945  17067.1  2.01096  0.0252765  1
753  0  0.890113  -0.287284  17044.1  1.94232  0.0704157  1
754  0  0.195728  0.484703  16468.8  2.18731  0.190184  1
755  0  0.695453  0.190384  16360.3  2.28252  -0.302194  1
756  0  0.0493872  -0.10266  17231.1  1.83009  -0.131802  1
757  0  0.209231  -0.237528  17040.1  1.97439  -0.021785  1
758  0  -0.727731  -0.580475  17076.2  1.979  0.0613777  1
759  0  0.729635  -0.0403181  16888.8  1.51368  0.143876  1
760  0  0.512354  -0.221377  16931.9  2.00334  0.036398  1
761  0  0.408211  -0.108082  16874.1  2.12703  -0.00171822  1
762  0  0.685573  -0.0453489  16827.2  1.60623  0.128299  1
763  0  0.214096  -0.363378  17054.5  1.97837  0.00319126  1
764  0  0.945644  -0.0154579  17221.5  1.09936  0.0613883  1
765  0  0.89518  0.110012  16793.5  1.99476  -0.337596  1
766  0  -0.187789  0.455114  16820.2  2.01693  0.264695  1
767  0  0.310356  -0.288097  17002.2  1.99144  -0.000332072  1
768  0  0.830644  -0.268777  17027.5  1.94981  0.0805418  1
769  0  0.242646  -0.0817803  16924.9  2.12102  -0.0676557  1
770  0  0.0949083  0.130109  16044.3  2.29131  0.743401  1
771  0  1.36983  0.21171  16971.8  1.85313  -0.116599  1
772  0  0.363864  0.446311  16342.8  2.24321  0.0852836  1
773  0  0.287229  -0.0545461  16888.2  1.82516  -0.0457875  1
774  0  -0.175216  0.097971  17198.7  1.81523  0.302632  1
775  0  -1.28528  0.0468205  17009.4  1.99595  0.0891238  1
776  0  0.389726  0.146322  15360.7  2.28617  0.029147  1
777  0  0.428564  -1.0624  17042.2  1.9821  0.029785  1
778  0  0.1347  0.14389  15842.2  2.41396  0.656609  1
779  0  0.694369  -0.0967042  16901.8  2.12207  0.133693  1
780  0  0.800322  -0.0616893  17057.7  1.97665  0.16999  1
781  0  0.36519  0.243324  15841.1  2.45308  0.100238  1
782  0  0.618598  -0.0807628  16825.9  2.16279  0.0949981  1
783  0  0.61412  -0.31578  16978.1  1.98993  0.0525003  1
784  0  -0.0441838  -1.24397  17060.2  2.002  0.0359404  1
785  0  0.310156  -0.0975944  16909.8  2.10306  -0.0352515  1
786  0  -1.03425  1.33432  16903.4  2.01285  0.0879338  1
787  0  0.662367  0.22909  16308.1  2.25772  -0.247708  1
788  0  0.141373  0.173721  15955.6  2.34506  0.545828  1
789  0  0.943607  -1.13688  17015  1.96117  0.0180359  1
790  0  1.03972  -0.0132511  17153.8  1.11021  0.0564302  1
791  0  -0.00783665  0.0866852  17019.6  1.74913  0.759923  1
792  0  0.463569  0.173969  15622.3  2.62543  -0.108098  1
793  0  0.552862  -0.054893  16757.5  1.76243  0.0455146  1
794  0  0.744011  0.146696  16466  2.24396  -0.358518  1
795  0  0.502882  0.170044  15726.1  2.58785  -0.176393  1
796  0  -0.41113  -0.155688  17146.3  1.91687  0.101739  1
797  0  0.310812  -0.0538827  16883.1  1.81466  -0.0351118  1
798  0  0.395932  -0.0824686  16848.1  2.16185  -0.00935188  1
799  0  0.356902  -0.0816213  16870.2  2.15652  -0.0329144  1
800  0  -1.72856  1.34722  16927.3  2.00151  0.0672657  1
801  0  0.150066  -0.267262  17080.1  1.96016  -0.0185474  1
802  0  0.744595  0.288137  16505.8  2.14754  -0.200943  1
803  0  0.886397  -0.0503959  17155.2  1.84811  0.128052  1
804  0  -0.613637  0.880629  16885.4  2.02514  0.169597  1
805  0  -0.292371  0.0774689  17151.6  1.87052  0.21907  1
806  0  0.135519  -0.179293  17084.5  1.9475  -0.0544774  1
807  0  0.838837  -0.0553375  17119.3  1.91441  0.153942  1
808  0  0.924491  -0.0449306  17181  1.79538  0.0986743  1
809  0  0.577689  -0.0870614  16826.2  2.16441  0.0696376  1
810  0  -0.710809  0.330149  16990.1  1.98282  0.137792  1
811  0  0.414246  0.147336  15401.8  2.28062  -0.0261016  1
812  0  1.04842  0.0561694  17108.6  1.43251  -0.239003  1
813  0  0.267216  0.527657  16473.1  2.18205  0.140315  1
814  0  0.967103  0.108932  16925.4  1.97326  -0.316926  1
815  0  0.57039  0.374947  16349.2  2.23284  -0.0744884  1
816  0  -0.613371  0.681378  16910.3  2.00582  0.169125  1
817  0  0.184335  0.22845  15999.8  2.34746  0.392997  1
818  0  0.568346  0.261788  16151.5  2.32515  -0.154186  1
819  0  0.430208  -0.596973  17032.1  1.9749  0.0256851  1
820  0  1.13309  0.190732  16996.6  1.91034  -0.17557  1
821  0  0.942355  1.20725  16824.5  1.94947  0.038923  1
822  0  1.4371  -0.971159  16984.7  1.96522  0.0225556  1
823  0  0.556675  0.998149  16737.7  2.01928  0.0746272  1
824  0  -0.678354  -0.097241  17071.6  1.96642  0.0991944  1
825  0  1.74152  1.38702  16910.1  1.86369  0.00411686  1
826  0  0.730856  0.179279  16436.5  2.25647  -0.320088  1
827  0  0.0617974  -0.444456  17101  1.95784  0.0251629  1
828  0  1.01407  -1.70907  17010.6  1.9819  0.0125486  1
829  0  -1.74461  -0.278252  17019.2  1.99804  0.0710491  1
830  0  0.200971  -0.0856618  16951.2  2.08459  -0.0861444  1
831  0  0.520057  0.195132  15864.6  2.52569  -0.178423  1
832  0  1.18827  -1.42078  16992.3  1.95051  0.0205227  1
833  0  0.444191  -0.167309  16908.6  2.01151  0.016873  1
834  0  0.919313  -0.198289  17072.1  1.91803  0.0792763  1
835  0  0.698747  0.102073  16319.9  1.32032  -0.238409  1
836  0  -0.0864121  0.0133596  17595.5  1.56844  0.258683  1
837  0  0.0337022  -0.290876  17152.8  1.92977  0.00408851  1
838  0  0.198738  -0.514457  17060.8  1.96883  0.022532  1
839  0  -0.398739  0.309967  16971  1.96327  0.217456  1
840  0  0.0212564  0.197651  16584.8  2.06212  0.532747  1
841  0  0.467663  -0.118678  16868.2  2.0983  0.0196275  1
842  0  -1.35571  -0.65068  17042.6  1.99428  0.0756155  1
843  0  -1.61453  0.748629  16955.1  1.99956  0.075309  1
844  0  -0.113448  -1.72827  17044.2  2.00124  0.0239298  1
845  0  1.71849  -1.19876  16953.5  1.96945  0.0375451  1
846  0  -0.0753757  0.0610628  17405.1  1.65113  0.425856  1
847  0  -0.0234553  0.296934  16683.6  2.06337  0.387183  1
848  0  0.0721626  0.148634  16272.4  2.16749  0.665309  1
849  0  1.22264  0.592706  16859.8  1.93514  -0.0768123  1
850  0  0.635377  0.155979  16146.2  2.3601  -0.329973  1
851  0  0.292649  -0.610725  17047.2  1.96741  0.0262569  1
852  0  1.08703  -0.0219172  17128.1  1.43448  0.0413924  1
853  0  0.741987  -0.154833  16979.6  1.9757  0.114617  1
854  0  -0.0269195  0.860957  16756.7  2.04861  0.176312  1
855  0  1.63183  -0.711898  16972.7  1.97562  0.0151172  1
856  0  0.35958  -0.125317  16900.8  2.04863  -0.0111893  1
857  0  0.674928  0.108559  16255.2  1.4323  -0.245889  1
858  0  0.786851  -0.152994  17006.2  1.96245  0.116976  1
859  0  0.0980427  0.275807  16366.1  2.19678  0.403627  1
860  0  -0.23476  -1.11984  17068.5  2.00675  0.0274093  1
861  0  -1.78302  -0.58241  17031.9  1.99843  0.0688452  1
862  0  -0.117971  0.528555  16757.1  2.04927  0.250046  1
863  0  0.125227  0.105785  15655.5  2.23589  0.735738  1
864  0  0.90125  -0.350217  17038.7  1.94986  0.0604957  1
865  0  0.717911  0.0938945  16355.7  1.083  -0.222687  1
866  0  -1.12422  -1.72675  17055.2  1.98786  0.0764563  1
867  0  0.155578  0.354586  16354.4  2.22069  0.292323  1
868  0  0.310713  0.318589  16083.9  2.34787  0.156476  1
869  0  -0.114034  -0.278328  17205.7  1.89998  0.0455496  1
870  0  0.21584  0.263969  16035.6  2.3446  0.312054  1
871  0  0.84441  -0.144012  17061.4  1.95088  0.110199  1
872  0  0.633856  -1.10157  17033.2  1.97382  0.0224606  1
873  0  0.505334  0.283921  16092.7  2.35018  -0.0802517  1
874  0  0.458527  0.293863  16051.8  2.36271  -0.0227018  1
875  0  0.090054  -0.0436502  16992.3  1.86285  -0.204602  1
876  0  -0.846818  0.123037  17018.9  1.98655  0.112831  1
877  0  0.0654962  -0.0768831  17147.7  1.93078  -0.191796  1
878  0  -1.75162  -1.44147  17049  1.99832  0.0644021  1
879  0  -0.195433  1.76998  16848.7  1.94472  0.224996  1
880  0  0.207712  0.194277  15793.8  2.4427  0.409769  1
881  0  1.16345  -0.432979  17045.1  1.93953  0.0183464  1
882  0  0.849909  -0.0749085  17110  2.02181  0.137286  1
883  0  0.250463  0.185229  15628.8  2.56751  0.355219  1
884  0  0.96318  -0.0565984  17153.3  1.90469  0.0753749  1
885  0  0.809423  0.131273  16620.2  2.11416  -0.356612  1
886  0  0.978402  0.440667  16772.5  2.00288  -0.125571  1
887  0  1.03645  0.571039  16796.6  1.98089  -0.0809944  1
888  0  0.597016  -0.0503817  16778  1.66962  0.0648014  1
889  0  0.405556  0.1876  15605.1  2.62931  0.0116135  1
890  0  -1.0337  0.795618  16932.6  2.01313  0.108279  1
891  0  0.74158  1.4042  16829.5  1.94382  0.0749318  1
892  0  -0.136507  -0.449777  17138.4  1.93805  0.0553159  1
893  0  -0.214049  -0.260773  17200.4  1.89785  0.0675152  1
894  0  -0.26816  -0.358345  17151.7  1.92998  0.0638965  1
895  0  0.106632  -0.0791604  17051.5  2.00975  -0.161379  1
896  0  0.482725  -0.700731  17031.6  1.97284  0.0297289  1
897  0  0.00348688  0.0393729  17415.2  1.27007  0.950805  1
898  0  0.288391  0.188147  15572.4  2.61665  0.279264  1
899  0  -1.36864  1.72408  16915.4  1.99036  0.0706964  1
900  0  -0.616768  -1.77375  17059.2  1.981  0.0671924  1
901  0  0.893176  -0.48176  17030  1.95919  0.0460366  1
902  0  -0.0159977  -0.133983  17351  1.79797  -0.0392063  1
903  0  1.03067  -0.798575  17018.1  1.95952  0.0219556  1
904  0  1.05019  -0.451729  17042.4  1.946  0.0303935  1
905  0  0.728581  -0.0970259  16944.6  2.10013  0.14415  1
906  0  0.254547  0.244657  15893.3  2.40492  0.267493  1
907  0  0.199195  -0.194227  17028.8  1.97087  -0.0352298  1
908  0  0.816491  -0.026401  17089  1.21191  0.125004  1
909  0  1.02832  -0.194798  17093  1.90736  0.0530231  1
910  0  0.51985  -0.176523  16901.8  2.00904  0.0403613  1
911  0  0.188091  0.670092  16622.1  2.11078  0.151468  1
912  0  -1.7791  0.196167  16990.6  1.99908  0.0716165  1
913  0  -0.0635742  0.248913  16797.4  2.0012  0.415311  1
914  0  0.0505494  0.120646  16395  2.08461  0.773017  1
915  0  0.69365  0.353103  16481.1  2.1624  -0.149006  1
916  0  -1.44274  0.3765  16979  2.00006  0.0824585  1
917  0  1.04388  0.137168  16990.9  1.98556  -0.255916  1
918  0  0.361303  0.312228  16055.6  2.36278  0.0893982  1
919  0  0.457038  0.201795  15748.1  2.54487  -0.0805823  1
920  0  0.61177  -0.455983  17008.2  1.9863  0.0411582  1
921  0  0.930452  0.181113  16813  2.03373  -0.27621  1
922  0  -0.696756  -1.17642  17063.5  2.00647  0.0563378  1
923  0  -0.405755  0.0101719  17126.3  1.90982  0.154838  1
924  0  1.01142  -0.058401  17158.6  1.92491  0.0689536  1
925  0  0.989617  -0.0791246  17133.6  1.97827  0.0716681  1
926  0  0.885424  -0.665598  17023.1  1.9631  0.034275  1
927  0  1.02294  0.0194949  17118.6  0.700935  -0.0979137  1
928  0  0.818184  -1.05226  17020.7  1.96861  0.021366  1
929  0  0.222848  -0.0509338  16899.3  1.79683  -0.0767832  1
930  0  0.0800548  -0.128991  17145.8  1.89532  -0.0971396  1
931  0  1.71599  -0.0187823  16979.5  1.92907  -0.0670826  1
932  0  0.553577  -0.169172  16890.9  2.0155  0.0519531  1
933  0  0.787593  0.106604  16586.5  1.85785  -0.349339  1
934  0  1.72599  -1.74779  16942.6  2.01367  0.0573158  1
935  0  -0.462927  -0.511163  17105.1  1.95897  0.0445189  1
936  0  0.344195  -0.102861  16893.1  2.10618  -0.0232514  1
937  0  1.32101  -0.154199  17107.3  1.92388  -0.0194793  1
938  0  0.106842  -0.213811  17116.1  1.93593  -0.0359137  1
939  0  -0.295781  0.872856  16825.7  2.03188  0.19189  1
940  0  0.833018  0.0952297  16681.8  1.75968  -0.345096  1
941  0  1.28794  0.92618  16861.5  1.92804  -0.0190295  1
942  0  0.343735  0.174011  15473  2.69953  0.140173  1
943  0  -1.76928  -1.05673  17045.4  1.99779  0.0664792  1
944  0  0.284723  -0.0925786  16918  2.11152  -0.0430554  1
945  0  -1.76154  -1.76154  17049.4  1.99895  0.0638127  1
946  0  0.902755  -0.0156016  17206.8  1.02325  0.0745425  1
947  0  0.0964693  0.188842  16191.2  2.23468  0.562282  1
948  0  -0.0622367  0.366597  16719  2.0573  0.32656  1
949  0  0.873049  0.0883069  16775.2  1.67301  -0.31678  1
950  0  -0.278808  0.397585  16895.5  1.98706  0.252819  1
951  0  -0.838473  1.61303  16879.3  1.99454  0.111818  1
952  0  0.326232  -0.180681  16945.3  2.00152  -0.010908  1
953  0  -0.154091  0.0154161  17367.1  1.7246  0.237899  1
954  0  0.943858  -0.115244  17121.6  1.96907  0.0832184  1
955  0  -0.268052  -0.159239  17216.9  1.87369  0.0976009  1
956  0  1.18945  1.36582  16869.9  1.90255  0.0483981  1
957  0  0.382338  -0.173623  16927.3  2.00656  0.00340861  1
958  0  -1.05882  0.394765  16976.7  1.99792  0.106843  1
959  0  0.748984  0.117847  16483.9  1.98252  -0.361477  1
960  0  -1.69972  -0.0156745  17005.3  1.99799  0.0735948  1
961  0  0.464951  -0.0517592  16820.7  1.67205  0.00674437  1
962  0  0.508436  -0.053186  16812.4  1.70615  0.0277793  1
963  0  -0.505389  -0.89153  17077.3  1.99695  0.027462  1
964  0  0.0996412  -0.657578  17073.3  1.95349  0.0423906  1
965  0  -1.42489  0.901182  16941.1  2.00383  0.077035  1
966  0  0.536146  1.75249  16845.2  1.93179  0.120909  1
967  0  0.212435  0.125808  15392  2.25154  0.451742  1
968  0  1.08885  0.273943  16909.5  1.92668  -0.172579  1
969  0  0.212113  1.15203  16776.5  2.01136  0.142644  1
970  0  0.664522  -0.0845922  16854.3  2.14331  0.123956  1
971  0  -0.000278866  1.65793  16843.5  1.94616  0.19218  1
972  0  -1.80287  1.80305  16917  1.9964  0.0676273  1
973  0  0.36999  1.03047  16740.3  2.02363  0.109934  1
974  0  0.171099  -0.167014  17036.3  1.96367  -0.0509158  1
975  0  0.297231  1.37607  16810.3  1.97285  0.14105  1
976  0  -0.145551  0.164477  17059.2  1.87329  0.361422  1
977  0  0.0419455  0.231727  16497  2.11063  0.485388  1
978  0  0.466377  -0.144755  16888.4  2.03136  0.0222235  1
979  0  -1.34459  -1.08195  17051.2  1.99583  0.0730169  1
980  0  1.51002  -0.361583  17008.6  1.95696  -0.0186536  1
981  0  0.836985  -0.216837  17034.5  1.93844  0.0914854  1
982  0  0.993049  1.75845  16880  1.91379  0.0843608  1
983  0  -0.400437  1.56134  16858.2  1.98187  0.210095  1
984  0  -0.00184808  1.19577  16803.1  2.01491  0.174816  1
985  0  0.678445  0.161553  16272.5  2.34241  -0.340249  1
986  0  -0.00619685  -0.189015  17255.8  1.85913  -0.0219821  1
987  0  0.377557  0.757366  16636.4  2.0868  0.0928868  1
988  0  0.4792  0.139588  15499.9  2.02235  -0.131387  1
989  0  -1.14395  -0.613904  17050.5  1.9908  0.086579  1
990  0  0.11302  -0.145299  17096.8  1.93164  -0.0777464  1
991  0  0.253531  -0.31617  17030  1.9845  -0.00229789  1
992  0  -0.090367  -0.552549  17107.6  1.944  0.0534698  1
