271  556  963
308  682  925
286  432  647
347  481  958
426  509  889
565  629  689
347  508  958
344  658  881
347  481  890
352  458  992
350  454  657
410  657  783
412  464  708
352  512  992
328  521  542
368  530  983
94  95  492
381  581  660
286  483  918
322  461  980
56  57  524
110  111  501
442  704  881
52  53  527
274  495  616
65  66  504
556  575  963
358  475  905
16  526  855
63  64  505
48  49  513
461  704  881
416  616  887
293  478  499
309  560  697
301  465  573
348  479  965
303  488  582
411  478  760
412  464  777
377  695  850
279  432  503
274  444  616
333  529  530
347  479  890
268  489  531
326  553  566
383  668  761
316  500  609
360  580  919
295  467  553
474  525  619
400  455  844
658  881  904
45  721  746
402  554  763
289  515  768
288  510  517
295  467  550
321  582  817
378  441  633
391  542  872
300  464  708
399  581  660
327  499  528
458  892  894
333  530  548
286  484  918
324  487  621
288  420  533
399  564  660
372  525  598
323  388  409
350  706  742
363  531  789
454  735  742
411  652  760
12  564  660
88  89  511
475  579  905
403  666  719
297  497  605
279  541  616
333  421  939
117  118  619
16  540  845
376  491  839
370  885  940
378  441  926
292  447  833
332  560  697
330  514  536
534  682  925
328  441  742
286  432  731
326  536  553
435  651  871
273  408  854
327  499  598
292  486  833
394  470  569
504  653  691
455  577  844
445  581  771
374  475  729
271  463  758
348  480  965
399  564  941
363  451  789
13  381  660
542  872  928
564  712  941
44  45  721
372  525  619
328  735  742
316  500  824
304  532  756
336  573  630
18  649  845
270  596  655
275  657  783
313  370  885
335  455  577
333  421  804
382  688  797
271  463  935
374  475  579
320  592  741
357  538  652
706  742  901
383  628  668
293  478  696
313  533  595
301  465  651
277  491  950
384  487  621
385  653  691
479  617  786
406  885  940
272  804  816
273  408  594
363  490  828
284  554  837
305  600  618
295  536  553
272  551  890
495  616  887
337  426  889
279  432  675
359  554  763
316  463  670
271  545  935
322  526  980
374  685  729
419  500  824
357  538  740
435  651  981
368  557  983
376  570  839
394  470  979
393  715  788
350  454  742
342  458  894
26  569  866
117  619  962
473  628  668
15  16  526
386  572  803
513  625  684
26  27  569
283  523  948
125  126  552
13  381  709
280  567  644
419  570  810
373  521  735
325  605  906
444  535  821
371  529  984
34  711  843
410  515  657
351  438  948
289  515  716
358  475  552
288  510  886
358  472  552
289  435  597
488  582  817
468  594  987
93  516  654
342  458  545
497  605  906
293  621  662
410  515  716
336  572  573
382  494  797
272  551  816
315  668  761
348  479  786
363  828  832
281  510  968
429  892  894
93  516  707
418  567  838
330  514  635
363  490  730
339  537  638
387  692  811
39  549  951
331  695  850
287  503  815
316  670  796
347  508  916
345  565  629
79  80  546
350  449  515
376  551  810
38  39  549
11  12  564
283  440  576
294  629  689
77  78  547
471  554  827
318  464  777
365  880  883
357  644  740
273  594  969
393  624  715
274  712  821
319  395  914
322  822  855
268  489  903
35  36  800
316  563  796
332  445  820
19  20  522
333  529  745
336  572  803
391  521  542
335  455  752
553  566  952
316  463  609
94  492  707
297  781  918
388  409  583
329  666  719
271  556  758
610  781  918
323  520  812
425  555  953
291  488  867
298  580  919
100  101  559
324  487  779
384  621  662
306  533  595
318  464  699
17  18  845
296  517  968
274  444  821
411  643  783
561  677  942
449  515  768
365  546  664
377  691  695
372  602  793
357  643  652
309  355  593
412  596  655
363  531  832
352  458  545
339  537  737
281  445  968
16  17  845
36  588  800
277  491  648
355  450  534
313  370  599
419  810  876
346  485  535
310  525  598
353  596  708
317  580  818
481  551  890
413  721  746
439  790  852
371  529  530
292  652  760
43  665  966
457  670  894
366  547  677
347  479  965
355  439  534
19  522  934
379  559  748
276  578  992
354  474  525
363  451  730
75  76  561
287  431  818
373  454  920
292  538  749
34  35  480
407  625  684
333  745  939
482  624  715
338  551  958
354  473  668
348  549  899
315  519  833
594  969  973
286  731  772
397  626  717
419  500  876
349  519  761
371  498  984
368  530  548
111  501  641
110  501  640
384  597  716
277  626  717
304  453  930
398  673  728
275  571  643
288  698  886
33  34  711
281  445  581
369  595  885
90  91  562
420  503  750
304  453  558
373  521  896
390  559  748
299  566  952
469  523  862
358  779  905
21  22  490
518  774  805
417  494  773
381  581  771
288  420  698
604  605  781
387  509  811
46  47  583
418  819  851
285  592  741
345  401  443
319  395  565
440  488  867
357  571  643
522  828  832
384  487  853
472  728  970
421  804  816
295  514  536
351  469  948
362  522  649
328  521  735
427  600  618
328  542  631
348  588  899
507  658  725
359  554  827
322  461  704
418  838  851
420  533  802
432  647  815
311  774  953
573  630  954
414  543  772
403  556  719
398  728  970
276  471  727
351  438  678
712  821  956
269  430  864
21  490  828
475  552  759
362  522  832
580  818  873
374  579  638
472  552  762
518  774  953
394  666  979
342  670  894
375  532  756
372  598  809
269  430  658
302  537  638
349  519  856
439  534  924
289  435  981
322  489  822
412  596  708
487  779  905
376  551  816
354  473  627
354  474  627
500  609  714
452  596  964
425  555  741
471  554  837
385  691  831
408  468  594
369  595  794
292  538  652
318  699  730
374  612  685
365  546  883
293  499  528
405  538  749
338  551  810
392  543  731
471  727  837
332  560  771
323  520  917
463  670  935
378  704  903
337  610  613
66  504  653
333  548  804
488  817  870
324  528  621
376  491  648
303  488  859
327  598  809
414  484  693
42  43  966
400  455  784
57  524  671
335  577  900
335  590  900
283  523  751
396  848  914
392  541  675
283  440  751
287  503  915
322  526  855
65  504  659
56  524  674
329  568  979
279  616  750
522  649  934
137  138  586
307  496  560
365  482  715
268  531  789
423  713  857
64  505  659
323  388  814
405  467  683
366  547  898
380  586  884
317  695  818
63  505  661
95  492  672
334  541  823
272  548  617
489  531  822
53  527  680
422  752  963
393  624  676
415  586  884
478  499  932
52  527  681
92  93  654
300  464  784
1  10  746
1  45  746
48  513  703
40  557  983
41  574  971
365  482  664
296  517  663
338  591  958
325  493  883
378  442  633
424  546  883
512  578  992
0  646  724
485  535  823
285  428  592
84  85  587
49  513  684
40  879  983
321  715  788
277  626  648
400  464  699
470  568  979
327  528  736
305  500  591
421  626  939
424  547  898
420  698  750
361  607  608
444  535  823
86  87  584
361  523  862
334  594  987
307  589  937
315  519  761
411  478  696
493  880  883
373  571  920
285  555  955
481  551  958
444  541  616
320  592  902
308  630  954
313  533  686
383  641  687
490  699  738
382  640  688
398  736  970
345  629  846
412  655  777
354  525  603
417  732  773
88  511  656
575  752  963
309  355  697
22  490  738
426  509  776
368  548  617
275  643  783
430  658  725
404  615  754
373  571  632
389  651  981
403  556  575
416  616  750
393  587  676
353  650  708
337  426  604
348  480  800
357  571  632
428  727  837
386  634  700
287  502  818
378  442  704
302  487  905
330  536  743
423  544  985
374  638  780
121  122  601
355  450  593
279  541  675
96  97  606
119  120  602
98  99  611
380  586  724
301  572  573
383  628  687
539  790  852
392  541  987
404  523  615
280  567  763
392  675  731
440  751  867
498  574  975
291  488  870
290  465  682
293  528  621
454  657  920
332  520  820
326  536  743
375  606  672
302  579  638
391  655  777
329  568  842
397  608  717
447  519  833
324  528  736
455  752  860
408  468  911
346  574  975
272  548  804
339  638  780
350  449  706
432  503  815
282  570  839
366  677  942
292  447  749
332  356  697
335  590  669
379  620  694
324  736  970
448  801  938
386  614  700
304  532  902
35  480  800
89  511  642
310  603  910
343  690  930
379  635  830
289  597  716
25  590  866
284  554  801
436  492  532
404  523  751
129  130  612
418  632  819
319  848  914
540  822  855
300  650  708
131  132  614
442  881  904
328  441  926
342  670  935
446  774  805
357  632  644
396  584  656
381  496  771
414  543  813
41  879  971
469  523  948
332  356  520
510  517  968
41  42  574
307  589  980
418  567  644
340  460  544
394  569  866
423  544  857
104  105  622
387  639  692
512  578  964
366  604  605
278  607  615
126  552  759
125  552  762
451  730  872
679  839  950
93  94  707
285  893  955
414  645  693
373  454  735
280  644  740
388  583  703
404  751  867
444  541  823
359  567  763
82  83  624
102  103  620
311  836  953
317  691  695
375  492  532
431  647  815
403  666  669
422  752  860
486  603  910
330  635  830
115  116  627
113  114  628
276  727  892
385  636  701
398  601  673
380  646  724
361  607  615
362  822  845
307  726  980
271  545  710
285  555  741
436  492  707
344  589  747
133  134  634
543  731  772
361  523  615
399  581  849
310  525  603
405  538  740
358  472  779
385  653  701
356  520  812
282  570  734
34  480  843
135  136  637
397  745  939
25  26  866
647  873  874
350  515  657
310  598  932
348  549  786
318  730  872
39  40  557
374  612  780
353  596  964
367  714  989
288  517  686
70  71  639
423  850  985
508  591  958
68  69  636
413  564  712
399  495  849
352  512  650
470  568  943
337  610  781
92  654  897
109  110  640
111  112  641
309  560  937
372  602  809
402  554  801
400  464  784
276  471  827
305  500  714
474  619  962
401  443  654
372  619  793
291  645  693
16  540  855
268  542  631
80  546  664
427  568  842
405  740  767
426  744  776
286  483  647
290  682  909
360  580  831
377  504  691
79  546  667
359  578  838
452  596  851
405  467  767
420  503  915
297  497  868
295  550  757
297  605  781
78  547  667
485  823  973
376  648  816
66  67  653
290  465  834
77  547  677
386  572  882
317  691  831
461  589  980
411  643  652
89  90  642
351  678  679
332  445  771
327  459  809
431  647  873
327  459  782
367  556  719
507  593  747
415  630  808
286  484  772
540  822  845
353  512  650
383  641  798
382  640  799
339  462  807
447  683  749
101  559  694
287  431  815
298  610  613
311  836  846
280  740  767
64  65  659
313  595  885
12  13  660
381  496  709
20  522  828
518  555  953
300  650  733
394  590  669
306  533  802
339  462  780
298  610  874
314  663  921
499  598  932
340  544  985
62  63  661
275  657  920
302  579  905
291  497  693
341  788  947
301  651  871
500  591  876
278  615  754
57  58  671
364  796  923
423  661  850
100  559  702
387  613  889
450  534  682
272  617  890
379  635  748
490  699  730
498  574  971
55  56  674
517  686  921
323  663  814
303  576  977
382  494  785
294  678  913
341  456  778
331  695  787
386  634  803
417  743  944
299  519  856
293  662  696
53  54  680
450  593  909
408  607  608
433  508  775
49  50  684
326  566  785
344  589  881
417  494  944
51  52  681
270  819  851
270  596  851
306  623  787
76  561  677
75  561  744
432  675  731
336  630  808
690  930  990
80  81  664
359  578  827
443  654  897
489  704  903
78  79  667
505  661  850
441  742  901
377  505  850
348  588  800
341  456  770
303  576  859
356  539  812
502  695  818
24  577  844
91  562  897
305  618  775
321  582  788
344  507  658
395  565  791
460  544  835
302  537  858
87  88  656
284  801  938
391  521  655
321  817  880
292  486  760
90  562  642
282  446  679
118  619  793
76  77  677
122  123  673
517  663  921
351  469  766
366  605  898
425  836  953
312  635  974
351  679  950
362  531  822
23  24  844
410  662  696
345  401  846
393  587  778
352  545  710
291  497  870
0  646  790
336  476  808
373  632  819
336  476  803
128  129  685
83  84  676
386  614  807
275  571  920
361  608  717
453  558  938
514  635  974
409  812  927
273  745  854
467  550  767
367  556  758
287  502  623
341  848  947
319  565  689
382  785  936
368  557  951
285  428  869
112  113  687
108  109  688
322  489  704
39  557  951
302  487  853
105  106  732
305  600  714
353  512  964
379  620  830
373  819  896
311  629  846
384  597  853
377  504  659
84  587  676
388  513  703
600  714  989
379  559  694
123  124  728
95  96  672
132  133  700
377  505  659
122  601  673
396  584  770
127  128  729
410  662  716
354  668  841
137  586  764
99  100  702
71  72  692
74  75  744
437  689  913
375  492  672
87  584  656
387  613  919
47  48  703
85  587  863
101  102  694
31  32  829
368  786  951
364  518  555
433  618  775
346  485  975
448  757  801
418  632  644
457  670  796
86  584  863
352  710  733
375  756  877
338  810  876
395  562  642
269  633  901
375  606  877
398  601  782
450  682  909
390  690  895
483  610  918
440  488  859
368  617  786
419  563  734
67  68  701
320  436  532
447  519  957
47  583  703
308  630  884
319  585  848
129  612  685
413  564  825
389  718  834
414  484  772
463  609  758
491  839  950
563  796  923
423  661  713
384  662  716
387  639  792
280  767  991
394  666  669
367  609  714
408  607  911
422  710  733
343  756  877
313  599  686
46  583  720
132  614  700
401  516  654
370  599  765
404  645  867
290  718  725
119  602  793
407  625  765
291  645  867
433  508  916
0  46  720
121  601  888
120  602  888
276  578  827
595  794  826
302  853  858
385  636  795
306  755  787
10  11  825
435  597  858
303  585  977
362  531  832
392  705  987
37  588  899
105  622  732
278  607  911
429  727  892
308  682  954
396  511  656
61  62  713
338  591  876
493  817  880
364  518  805
470  569  878
417  622  732
113  628  687
451  872  928
427  568  861
346  574  966
83  624  676
136  137  764
330  477  769
406  674  722
376  570  810
334  541  987
99  611  702
436  516  707
133  634  700
126  127  759
326  743  944
419  570  734
406  680  722
296  520  917
130  612  908
124  125  762
307  496  931
325  493  906
389  651  834
13  14  709
328  631  926
96  606  672
502  623  787
131  614  908
109  640  688
112  641  687
365  715  880
14  15  726
343  690  895
54  55  722
300  733  860
317  580  831
138  586  724
102  620  694
330  477  830
399  495  941
388  513  625
407  681  723
50  51  723
329  719  989
309  747  937
550  767  991
438  678  913
311  629  774
97  606  875
496  560  771
415  630  884
537  737  871
344  507  747
299  683  952
11  564  825
549  786  951
98  611  875
342  545  935
362  649  845
378  631  926
402  550  757
337  613  889
407  684  723
73  74  776
277  717  862
526  726  980
106  107  773
294  689  913
414  645  754
343  466  895
486  603  978
421  626  648
402  757  801
104  622  929
359  567  838
428  592  986
115  627  961
116  627  962
114  628  961
136  637  764
341  778  788
277  766  950
316  563  824
395  511  642
22  23  738
278  705  911
485  969  973
314  663  814
468  705  987
103  620  929
82  624  967
404  645  754
434  665  982
352  650  733
483  647  874
426  604  942
390  690  748
452  838  851
37  38  899
295  514  907
71  639  692
479  617  890
394  590  866
28  29  878
395  562  791
335  669  922
134  634  946
405  683  749
400  699  738
123  673  728
0  138  724
298  613  919
401  836  846
296  520  820
392  543  705
470  878  943
107  108  797
387  509  889
308  884  925
331  850  985
582  788  947
128  685  729
343  466  877
623  802  915
72  73  811
371  530  983
566  785  936
68  636  701
135  637  946
29  30  943
341  770  848
327  736  782
282  446  805
415  637  764
277  766  862
20  21  828
38  549  899
452  578  838
270  655  896
299  683  957
424  883  898
346  665  891
30  568  943
421  648  816
325  605  898
14  709  931
407  765  949
354  603  841
419  563  824
29  878  943
312  635  748
118  119  793
346  535  891
281  581  849
67  653  701
281  510  886
269  633  904
389  718  753
24  25  900
69  636  988
446  678  679
398  736  782
70  639  988
284  558  938
410  696  783
40  41  879
417  622  769
483  610  874
435  537  871
30  31  861
14  726  931
268  542  928
288  533  686
403  669  922
435  537  858
334  823  973
434  721  982
349  501  798
349  501  799
127  729  759
59  60  835
124  728  762
32  829  960
401  516  836
431  818  873
329  842  989
599  686  921
390  611  702
437  576  977
508  591  775
32  33  912
37  588  972
36  588  972
290  718  834
299  519  957
43  44  982
340  460  794
3  27  945
3  28  945
301  572  737
279  503  750
422  733  860
106  732  773
2  18  934
2  19  934
497  693  868
371  498  971
305  591  775
108  688  797
301  737  871
58  59  865
400  738  844
543  705  813
30  568  861
85  86  863
62  661  713
427  618  829
60  61  857
467  683  952
81  664  967
15  526  726
91  92  897
27  569  945
97  98  875
319  585  840
502  695  787
585  840  977
366  604  942
417  743  769
337  604  781
441  633  901
415  637  808
516  739  836
434  665  891
434  721  956
460  835  865
42  574  966
345  565  791
74  744  776
120  121  888
294  678  976
465  651  834
323  409  812
306  623  802
334  594  973
436  516  739
397  745  854
383  761  798
521  655  896
367  609  758
448  806  938
72  692  811
284  558  837
389  753  768
370  765  949
55  674  722
299  566  856
438  847  948
465  682  954
54  680  722
309  593  747
4  36  972
4  37  972
434  821  956
58  671  865
303  585  947
496  709  931
107  773  797
51  681  723
355  697  852
130  131  908
597  853  858
50  684  723
422  710  963
274  712  941
346  665  966
278  705  813
447  683  957
424  546  667
440  576  859
323  663  917
443  562  791
437  576  847
290  725  909
535  821  891
427  600  842
507  593  909
449  706  864
424  547  667
283  847  948
415  586  764
585  848  947
24  577  900
307  726  931
25  590  900
456  584  770
430  718  753
386  807  882
347  711  843
10  746  825
103  104  929
320  532  902
390  559  702
73  776  811
134  135  946
501  641  798
501  640  799
298  580  873
456  587  863
361  717  862
456  587  778
413  721  956
467  553  952
456  584  863
462  612  780
303  582  947
371  879  971
430  718  725
116  117  962
114  115  961
340  755  826
462  612  908
459  601  888
304  558  986
330  743  769
459  602  888
269  658  904
380  646  924
409  720  927
347  711  916
355  439  852
81  82  967
314  599  765
273  745  984
459  601  782
360  506  792
462  614  908
380  884  925
331  755  787
426  561  744
378  631  903
360  506  795
282  734  923
393  778  788
320  436  739
459  602  809
300  784  860
319  689  840
406  674  933
61  713  857
312  690  748
69  70  988
428  558  986
462  614  807
413  746  825
406  680  940
397  626  939
408  608  854
476  634  803
314  625  765
465  573  954
476  634  946
349  761  798
360  795  831
433  711  916
478  760  910
477  622  769
473  627  961
474  627  962
473  628  961
289  768  981
269  706  864
364  555  955
476  637  946
388  625  814
407  681  949
364  805  923
349  799  936
414  754  813
387  792  919
283  576  847
445  820  968
345  443  791
329  666  979
339  807  882
306  595  826
402  550  991
282  679  839
476  637  808
478  910  932
452  578  964
274  495  941
428  558  837
433  711  912
281  849  887
411  696  783
563  734  923
340  755  985
390  611  895
468  705  911
477  622  929
406  885  933
307  560  937
427  829  861
539  812  927
314  599  921
371  879  983
403  575  922
477  620  929
339  737  882
506  636  795
482  664  967
59  835  865
433  618  960
428  727  869
60  835  857
506  639  792
420  802  915
430  753  864
477  620  830
461  589  881
589  747  937
385  795  831
484  693  868
439  646  924
23  738  844
395  511  914
282  805  923
349  856  936
268  631  903
482  624  967
438  847  913
443  562  897
493  817  870
439  646  790
446  678  976
391  777  872
269  706  901
434  821  891
18  649  934
325  883  898
396  511  914
304  756  930
469  766  862
335  752  922
449  753  864
295  757  907
315  668  841
396  770  848
475  729  759
331  755  985
340  794  826
416  698  750
486  760  910
472  728  762
413  712  956
466  606  875
497  870  906
506  636  988
506  639  988
268  789  928
356  697  852
466  611  875
369  885  933
572  737  882
364  796  955
397  608  854
429  869  893
44  721  982
409  583  720
402  763  991
457  796  955
281  886  887
437  847  913
304  902  986
343  756  930
460  671  865
367  719  989
449  753  768
389  768  981
347  843  965
298  873  874
426  561  942
369  524  959
429  893  894
466  606  877
369  524  933
324  779  970
529  745  984
351  766  950
287  623  915
575  752  922
494  785  944
460  671  959
280  763  991
356  539  852
494  773  797
0  790  927
569  878  945
457  893  955
43  665  982
370  527  940
312  806  990
314  625  814
320  739  741
370  527  949
296  820  968
271  710  963
321  715  880
472  779  970
493  870  906
455  784  860
278  754  813
448  757  907
33  711  912
448  806  974
312  806  974
0  720  927
466  611  895
495  849  887
285  869  893
31  829  861
429  727  869
312  690  990
448  907  974
297  868  918
382  799  936
270  819  896
315  833  978
28  878  945
453  806  938
460  794  959
446  774  976
442  633  904
524  671  959
603  841  978
425  739  836
480  843  965
484  868  918
32  912  960
425  739  741
629  774  976
600  842  989
509  776  811
294  629  976
318  777  872
380  924  925
437  689  840
618  829  960
310  910  932
514  907  974
276  892  992
416  698  886
451  789  928
416  886  887
360  792  919
453  930  990
306  755  826
524  674  933
433  912  960
315  841  978
527  680  940
453  806  990
566  856  936
527  681  949
296  663  917
507  725  909
273  969  984
458  892  992
457  893  894
486  833  978
544  835  857
326  785  944
369  794  959
485  969  975
592  902  986
437  840  977
498  969  984
498  969  975
534  924  925
539  790  927
