399  613  879
270  406  682
487  548  910
458  463  903
372  439  657
366  419  765
81  82  508
19  441  712
438  549  932
79  80  509
458  498  825
305  529  596
328  439  543
286  436  677
380  799  873
135  136  520
331  556  859
501  572  616
347  463  903
455  676  982
303  364  631
283  568  638
315  483  484
342  473  743
278  680  813
337  518  556
24  476  594
341  493  632
296  362  491
343  565  807
295  748  989
376  669  808
341  425  770
101  102  510
328  439  775
380  489  799
417  594  842
374  648  678
356  634  817
288  630  894
363  482  558
382  416  731
45  707  735
287  437  596
393  804  813
565  807  871
374  600  676
401  522  653
393  550  804
291  461  805
425  576  770
280  576  607
341  425  571
500  799  873
277  538  983
298  548  910
468  556  859
270  406  822
291  462  805
343  413  486
275  498  825
304  483  484
25  717  865
301  468  556
362  451  491
285  404  567
319  563  694
336  443  502
369  537  689
294  629  768
382  568  615
392  746  760
380  489  855
368  715  725
319  395  863
51  52  530
372  439  700
366  501  760
333  445  505
303  525  768
342  473  727
322  588  601
383  639  726
44  667  707
493  603  951
272  541  657
500  724  873
311  532  732
0  660  879
484  769  935
354  429  511
689  795  995
390  555  691
19  441  868
578  916  987
387  561  839
322  394  584
340  521  583
351  566  821
476  594  842
394  465  897
299  540  588
377  555  691
376  502  820
366  746  760
376  502  808
474  596  744
463  888  966
307  608  634
324  554  705
356  608  634
442  616  734
296  492  750
374  676  982
30  489  799
296  362  617
348  506  850
359  542  729
342  389  782
313  456  943
297  618  861
397  514  723
500  724  787
427  575  809
62  63  536
44  45  707
372  657  999
353  621  638
367  616  734
362  451  513
348  506  631
320  466  514
449  600  919
29  30  489
382  416  752
286  677  745
363  482  829
369  509  965
517  613  879
344  562  840
273  423  796
99  100  534
341  632  770
313  724  873
379  544  605
512  896  911
332  561  839
286  579  755
272  503  844
498  562  840
341  493  603
310  529  542
352  538  581
312  468  859
349  552  678
355  493  951
352  495  894
337  518  598
292  659  818
365  469  663
368  479  715
403  472  690
11  12  494
436  547  971
367  572  616
291  484  769
516  630  894
25  26  717
21  692  734
287  596  744
284  511  666
352  495  540
43  44  667
92  93  605
371  480  989
349  552  736
388  405  590
310  473  743
343  413  565
362  513  560
366  419  757
398  545  920
407  602  892
451  491  694
288  440  591
425  576  607
519  888  966
285  404  635
271  501  760
371  480  755
296  444  546
274  410  703
296  546  750
293  515  649
340  535  583
334  449  504
348  401  522
336  502  820
295  480  547
272  475  844
273  423  773
437  549  947
274  703  740
456  503  999
465  945  948
271  501  572
274  410  612
533  768  934
20  692  712
289  435  551
278  527  615
621  741  954
315  689  795
299  540  898
557  650  874
397  723  817
300  554  852
450  568  638
396  516  630
31  32  500
381  537  922
305  529  542
395  434  774
375  450  568
12  494  566
302  648  678
378  535  967
356  467  650
306  431  563
418  717  865
498  562  893
340  521  773
435  540  832
413  486  686
113  114  553
317  547  723
317  547  828
318  531  649
19  20  712
352  540  832
282  562  893
363  639  726
353  448  592
128  129  555
119  120  569
289  753  832
366  501  757
318  531  622
374  600  919
284  511  824
407  892  904
304  474  633
290  549  947
402  496  620
270  682  772
358  772  884
326  533  979
378  519  574
375  568  615
289  435  832
296  492  896
305  474  596
560  680  813
93  605  945
286  436  971
285  525  629
290  457  732
430  659  970
302  523  648
84  85  557
276  573  765
525  629  768
412  526  860
355  699  951
274  612  966
272  503  657
292  659  970
393  513  701
385  670  811
496  612  1000
365  663  796
523  916  987
95  96  570
72  73  564
402  438  611
290  473  719
419  481  884
347  463  888
300  578  916
365  469  778
387  561  926
450  621  638
312  862  918
285  629  751
0  660  737
538  539  983
463  840  921
326  533  674
472  690  825
385  505  811
303  364  585
388  674  875
359  542  900
296  444  617
492  512  896
273  521  773
459  659  818
312  575  859
285  697  751
458  463  840
304  483  902
35  482  699
335  563  827
335  364  434
345  379  544
445  504  756
317  634  817
346  545  920
315  483  537
336  443  582
403  707  735
383  521  726
450  621  741
442  692  734
278  527  680
313  571  943
23  24  594
477  554  852
352  516  894
312  468  702
313  456  845
307  608  713
396  511  792
494  690  777
415  592  661
355  493  990
280  464  478
428  730  809
366  559  746
384  453  604
331  575  809
278  804  813
402  438  562
296  491  896
452  528  729
135  520  652
308  531  622
375  527  615
18  725  868
441  725  868
284  666  696
312  862  883
287  611  794
435  540  588
356  650  874
136  520  651
395  434  517
483  537  922
339  452  526
302  552  678
20  21  692
573  765  884
479  823  848
37  38  558
403  690  777
443  502  767
352  538  789
441  715  725
81  508  644
378  519  967
82  508  640
480  547  971
79  509  645
399  613  882
80  509  644
301  518  556
270  823  848
102  510  628
435  588  601
122  123  580
396  511  666
274  740  967
21  22  734
24  476  865
291  462  872
464  478  618
435  551  601
305  474  994
376  553  788
612  921  966
354  746  749
333  445  756
101  510  641
384  666  696
462  677  745
303  506  768
439  541  775
287  437  794
290  473  732
586  748  989
55  56  589
479  848  940
582  862  918
1  10  735
1  45  735
282  438  932
439  541  657
53  54  590
392  647  760
400  724  787
517  660  879
487  548  883
315  537  689
354  429  749
309  552  736
476  776  865
138  139  593
454  848  940
385  553  788
437  529  596
409  462  872
407  548  904
323  501  616
468  702  857
342  389  743
445  505  791
456  845  999
319  515  863
397  654  655
378  535  583
393  459  818
587  699  951
340  535  740
13  566  821
486  570  742
332  646  747
477  554  705
273  521  944
393  513  813
293  701  869
366  559  765
32  500  787
306  896  911
303  525  635
337  556  730
311  473  727
377  609  687
322  394  897
581  753  832
440  604  803
319  563  774
329  422  718
481  772  884
35  482  833
310  529  719
403  472  707
461  795  995
389  536  782
352  581  832
312  575  918
322  584  588
31  500  799
356  467  817
445  504  816
38  39  639
409  462  745
294  532  973
319  395  774
353  592  661
412  681  838
329  422  608
339  526  860
363  507  829
383  521  583
423  773  964
288  440  803
279  662  675
405  589  843
272  541  673
449  504  815
438  611  794
282  438  562
495  540  898
331  556  730
353  448  638
281  620  938
384  453  696
287  485  744
410  496  612
432  807  871
348  401  631
350  692  712
351  566  949
87  88  595
477  705  834
448  548  904
314  598  924
292  731  818
448  638  904
361  499  579
298  705  834
398  589  843
105  106  600
324  554  643
315  484  795
457  532  973
279  663  800
369  537  965
381  645  688
437  549  794
365  576  778
311  532  979
360  673  915
277  606  792
413  565  802
275  498  997
38  639  914
344  612  1000
412  526  838
334  504  756
11  494  777
442  692  956
457  532  732
418  776  865
478  618  861
393  459  701
291  484  795
316  379  785
17  18  725
100  534  641
277  792  952
317  723  817
12  13  566
375  450  741
277  538  789
436  547  828
476  776  842
331  730  809
303  506  631
286  579  745
419  481  928
323  501  757
276  559  749
52  530  709
305  683  994
542  729  762
280  478  607
333  578  756
515  649  863
359  471  528
513  560  813
99  534  706
394  486  570
297  721  847
321  543  700
316  618  721
333  643  923
38  558  914
306  563  694
130  131  609
439  543  700
297  601  847
425  571  943
364  434  660
546  750  759
322  601  847
320  514  723
29  489  790
51  530  684
390  598  761
132  133  610
465  544  945
376  788  820
335  563  774
280  576  778
420  457  973
690  886  978
518  598  924
294  533  768
387  652  695
377  646  831
276  741  954
381  614  688
384  630  666
372  636  637
289  551  784
496  620  938
332  646  831
344  562  1000
499  579  755
64  65  623
76  77  614
74  75  619
474  633  994
324  788  820
281  624  708
355  699  829
415  477  852
63  536  704
291  461  795
336  597  862
301  798  857
386  593  882
316  618  748
283  638  904
377  646  691
544  605  945
62  536  679
397  514  655
472  667  707
397  595  817
321  637  700
456  503  980
402  562  1000
271  647  760
359  528  729
327  674  875
487  862  883
404  720  827
328  776  842
429  511  824
320  466  785
392  539  647
467  595  817
388  405  931
382  550  731
559  746  749
124  125  626
126  127  627
431  563  827
408  662  675
310  473  719
423  663  796
360  647  953
377  555  687
368  479  969
375  573  741
327  850  934
290  549  766
41  42  574
519  574  888
300  577  916
365  632  770
394  584  836
360  915  953
350  692  956
506  768  934
410  496  938
302  523  905
308  531  810
448  548  930
389  623  704
33  34  587
420  457  766
452  526  819
343  584  836
354  511  792
297  551  601
114  553  669
102  103  628
113  553  670
363  558  914
337  598  761
347  667  903
301  468  857
384  604  803
285  525  635
120  569  672
119  569  671
375  527  849
290  457  766
94  945  948
304  474  744
283  568  752
343  584  807
416  798  925
34  35  699
82  83  640
300  554  923
386  651  698
128  555  685
407  702  857
444  546  969
349  455  975
129  555  687
310  542  900
24  25  865
399  593  882
361  624  625
3  28  801
3  27  801
100  101  641
391  538  581
80  81  644
387  610  695
334  449  919
485  769  935
538  539  739
97  98  686
397  595  654
388  590  709
393  550  818
469  663  800
78  79  645
333  505  917
426  485  769
311  473  732
318  613  649
308  810  991
350  712  715
376  553  669
426  611  620
92  605  901
541  673  915
415  477  834
357  622  885
306  491  694
409  579  745
357  622  797
332  470  831
335  364  585
464  586  748
370  534  641
318  613  882
363  507  726
646  747  968
409  579  708
276  559  765
349  455  982
307  713  805
461  713  805
453  577  696
134  135  652
406  617  822
279  662  663
48  49  658
560  680  835
332  470  839
452  528  853
392  539  983
285  567  697
272  475  912
377  609  831
372  637  700
136  137  651
270  772  848
338  830  902
10  735  777
398  545  843
390  598  691
332  561  747
324  597  820
446  798  925
432  591  779
532  533  979
59  60  665
465  544  897
288  591  779
84  557  738
316  379  899
378  583  656
57  58  664
98  99  706
10  11  777
340  773  964
417  594  959
371  586  668
471  528  846
396  630  666
445  814  816
46  47  653
472  667  903
367  826  959
96  570  742
275  690  825
427  575  856
391  673  912
402  496  1000
72  564  681
369  508  644
276  573  741
494  566  978
299  584  588
378  574  907
95  570  948
482  699  829
291  599  769
370  510  641
423  662  964
369  509  644
73  564  693
390  627  685
85  557  650
375  573  849
361  499  998
32  787  950
336  597  820
417  497  889
494  690  978
431  720  827
300  577  852
328  543  776
32  33  950
287  611  864
85  86  650
123  580  763
481  772  848
122  580  764
466  514  758
382  568  752
42  43  728
364  401  631
306  431  911
324  597  705
404  567  720
445  791  814
114  115  669
421  697  751
359  471  642
112  113  670
120  121  672
118  119  671
273  632  937
371  755  988
293  515  869
311  545  979
358  527  682
309  871  936
373  575  918
334  756  987
281  708  939
323  616  754
413  686  706
293  531  649
506  850  934
380  636  637
381  645  965
302  552  929
400  603  876
345  721  847
297  618  721
313  636  845
291  599  872
407  548  702
294  532  533
88  89  654
433  684  875
458  498  840
330  633  994
382  615  804
61  62  679
28  29  790
364  401  660
360  539  647
50  51  684
433  850  875
424  790  858
385  643  788
554  643  923
371  586  989
400  587  951
443  582  837
482  558  833
460  551  784
40  656  907
387  652  771
550  731  818
104  105  676
354  606  792
385  505  917
71  72  681
333  578  923
443  767  812
28  790  801
35  36  833
426  485  864
339  452  729
530  684  875
453  577  916
313  571  724
417  497  986
389  642  743
321  543  981
408  625  675
411  619  693
295  480  989
83  84  738
426  611  864
129  130  687
337  490  806
337  490  761
365  576  770
499  755  988
271  572  889
391  581  753
298  592  834
127  128  685
138  593  698
425  607  780
96  97  742
105  600  676
361  625  675
352  516  789
449  815  851
401  660  737
15  492  750
535  740  967
43  667  728
319  694  927
373  575  856
513  701  869
34  587  699
668  778  854
398  664  714
307  677  805
602  798  857
344  840  921
396  516  952
133  134  695
362  617  835
659  810  991
325  607  780
77  78  688
427  672  764
73  74  693
302  905  929
406  617  835
365  632  796
16  750  759
90  91  758
288  630  803
388  530  709
139  593  711
441  712  715
309  552  936
298  592  930
400  724  876
354  606  746
391  673  739
381  537  965
360  539  739
386  651  783
130  609  687
369  508  955
89  90  655
384  630  803
345  379  899
137  138  698
106  600  851
527  680  682
383  583  656
339  683  762
303  585  635
56  589  714
40  41  907
371  668  800
54  55  710
55  589  710
368  725  759
381  614  866
52  53  709
343  486  836
361  624  708
2  18  868
2  19  868
0  139  711
54  590  710
419  765  884
63  64  704
304  484  935
53  590  709
410  624  625
383  639  793
133  610  695
392  606  983
396  792  952
390  627  761
411  830  960
15  492  962
452  841  853
372  636  845
594  826  959
318  622  797
127  627  685
392  606  746
41  574  907
329  608  713
489  790  858
314  646  691
98  686  706
373  582  837
88  595  654
272  673  912
37  558  961
387  610  839
305  542  762
416  602  798
487  597  862
327  674  934
407  602  857
389  536  704
361  579  708
368  546  969
123  124  763
13  14  821
121  122  764
273  632  796
131  609  890
347  667  728
87  595  887
386  593  698
286  755  971
56  57  714
455  628  975
124  626  763
132  610  890
287  485  864
382  550  804
406  680  835
309  565  908
341  603  876
330  633  830
388  530  875
15  16  750
493  632  937
16  17  759
433  684  722
411  564  960
422  640  738
60  61  781
400  587  950
523  905  916
403  735  777
14  15  962
578  756  987
77  614  688
277  606  983
389  623  957
508  718  955
49  50  722
452  819  841
74  619  693
460  861  958
492  512  962
409  599  872
380  637  855
294  629  973
438  549  794
83  640  738
116  117  767
368  546  759
420  629  751
22  23  826
310  642  743
374  648  919
283  892  904
125  626  942
126  627  942
412  564  960
446  925  970
428  626  763
380  636  873
298  705  910
103  628  878
301  518  984
341  571  876
424  790  801
134  652  695
311  545  996
281  624  938
97  686  742
385  643  917
443  671  812
278  615  804
390  555  685
353  621  946
478  861  958
316  785  786
334  648  919
370  534  802
422  608  874
76  614  913
298  548  930
410  624  938
460  909  958
394  486  836
422  640  718
633  830  902
358  527  849
75  619  913
64  623  704
427  672  856
14  512  821
409  708  939
478  607  958
338  488  867
415  661  976
447  782  895
418  716  717
280  778  854
78  645  688
428  626  806
460  551  861
338  488  866
30  31  799
110  111  791
308  622  885
426  599  769
569  671  837
386  797  882
410  625  703
395  517  613
137  651  698
65  623  891
109  110  814
117  118  812
415  592  834
334  648  987
321  716  981
385  553  670
339  683  860
121  672  764
115  116  808
300  578  923
360  673  739
415  577  852
400  603  951
411  564  693
308  561  991
111  112  811
424  716  717
433  658  722
391  538  739
426  620  963
40  656  793
280  464  854
345  721  899
107  108  815
108  109  816
0  46  737
413  534  706
402  611  620
69  70  819
569  672  856
306  491  896
451  694  927
349  678  982
17  725  759
344  612  921
39  40  793
479  715  940
394  465  570
118  671  812
577  696  976
408  625  703
115  669  808
68  69  841
471  846  891
561  747  991
521  726  944
112  670  811
480  755  971
408  703  740
314  598  691
373  569  837
430  659  991
443  671  837
42  574  728
70  71  838
399  711  879
374  678  982
309  565  871
412  860  960
432  807  898
295  547  972
106  107  851
358  573  849
451  513  869
297  551  861
388  674  931
335  434  774
330  683  860
455  676  878
373  569  856
591  871  936
66  67  846
357  520  771
26  27  993
361  675  998
346  545  996
299  584  807
60  665  781
398  589  714
67  68  853
444  617  822
373  582  918
358  682  772
104  676  878
313  636  873
411  619  867
320  785  786
307  677  877
4  36  961
4  37  961
57  664  714
434  517  660
339  729  762
357  520  783
428  580  763
427  580  764
331  575  859
326  545  843
275  690  886
314  646  968
49  658  722
324  643  788
103  104  878
604  905  929
446  733  970
336  582  862
91  92  901
429  621  946
86  650  887
86  87  887
471  642  957
432  591  871
379  466  605
89  654  655
442  616  754
428  730  806
363  639  914
346  727  895
317  634  828
59  665  992
314  733  968
318  797  882
414  949  978
48  658  974
65  66  891
58  664  992
61  679  781
131  132  890
39  639  793
284  661  824
566  949  978
370  510  977
448  592  930
440  604  929
424  716  858
417  572  889
440  591  936
71  681  838
469  668  778
447  679  781
316  748  786
455  628  878
440  552  936
508  640  718
330  830  960
567  720  949
327  850  875
408  740  964
117  767  812
358  573  884
440  552  929
333  643  917
398  664  920
47  653  974
116  767  808
350  715  940
461  713  995
453  604  905
490  626  806
383  656  793
437  529  947
50  684  722
293  531  906
75  76  913
464  618  748
281  620  963
481  848  881
367  572  959
321  637  855
33  587  950
406  680  682
308  561  885
299  807  898
404  585  635
419  757  928
90  655  758
110  791  814
369  689  955
0  711  879
111  791  811
409  599  939
401  653  737
413  534  802
94  95  948
109  814  816
462  677  805
414  697  880
320  786  972
323  754  881
289  753  784
423  662  663
490  627  761
347  728  888
312  702  883
453  905  916
125  126  942
108  815  816
357  783  797
310  642  900
93  94  945
284  661  976
271  647  953
422  557  738
91  758  901
469  668  800
295  786  972
107  815  851
449  600  851
447  665  781
412  564  681
270  822  823
416  731  925
497  915  953
512  821  985
463  921  966
330  860  960
428  580  809
427  580  809
337  730  806
459  701  906
414  567  697
379  466  785
516  789  952
46  653  737
533  674  934
372  845  999
321  716  858
23  594  826
416  602  892
470  609  890
351  821  985
447  679  782
421  893  933
426  599  963
490  626  942
470  610  890
490  627  942
47  48  974
432  779  898
411  830  867
295  748  786
356  608  874
338  830  867
442  754  956
547  723  972
389  642  957
69  819  841
520  652  771
464  586  854
391  753  912
58  59  992
386  783  797
571  724  876
367  734  826
70  819  838
342  782  895
349  736  977
370  736  908
454  754  881
362  560  835
586  668  854
346  870  895
342  727  895
436  677  877
314  733  924
415  577  976
558  833  961
431  720  985
467  650  887
520  651  783
292  731  925
68  841  853
451  515  869
416  752  892
470  609  831
420  629  973
378  656  907
325  607  958
405  843  931
422  557  874
293  701  906
67  846  853
370  736  977
495  779  894
548  702  883
487  597  910
565  802  908
549  766  932
325  909  958
304  633  902
340  740  964
346  524  870
417  842  986
470  610  839
421  751  933
351  720  949
429  749  954
346  524  920
66  846  891
22  734  826
292  925  970
399  593  711
304  744  935
466  605  901
305  683  762
279  675  998
523  648  987
345  544  897
284  696  976
326  545  979
330  683  994
319  515  927
357  771  926
456  780  980
408  662  964
466  758  901
307  634  877
574  728  888
459  659  810
507  829  990
329  689  955
338  902  922
503  657  999
316  721  899
433  658  941
282  893  933
355  829  990
404  585  827
429  621  954
424  717  993
26  717  993
348  522  941
488  614  913
488  619  913
421  697  880
417  572  959
447  665  870
507  726  944
326  674  931
613  649  863
446  924  984
446  733  924
288  779  894
359  642  900
597  705  910
458  825  903
357  885  926
465  570  948
430  747  991
541  775  915
346  727  996
290  719  947
335  585  827
536  679  782
405  589  710
14  512  962
338  866  922
405  590  710
418  716  981
283  752  892
488  614  866
424  801  993
323  757  928
454  848  881
414  880  886
322  847  897
467  595  887
276  749  954
471  623  891
488  619  867
277  789  952
430  733  968
400  787  950
430  747  968
329  713  995
444  822  823
433  850  941
502  767  808
518  924  984
497  775  915
345  847  897
510  628  975
325  780  980
479  823  969
454  754  956
321  855  858
430  733  970
459  810  906
279  800  988
353  661  946
505  791  811
371  800  988
451  515  927
531  810  906
504  815  816
475  844  909
370  802  908
329  689  995
509  645  965
420  751  933
543  776  981
456  780  943
634  828  877
425  780  943
524  665  992
454  940  956
524  664  992
348  850  941
486  686  742
279  988  998
301  798  984
349  975  977
429  824  946
524  665  870
522  658  974
387  771  926
497  775  986
472  825  903
351  720  985
328  842  986
481  881  928
273  937  944
381  866  922
495  779  898
309  736  908
446  798  984
471  623  957
522  653  974
499  988  998
271  889  953
524  664  920
325  844  909
529  719  947
436  828  877
661  824  946
444  823  969
483  902  922
414  567  949
489  855  858
395  613  863
420  766  932
475  753  784
27  801  993
447  870  895
526  819  838
36  833  961
485  744  935
522  658  941
528  846  853
274  966  967
460  784  909
599  939  963
325  844  980
431  911  985
326  843  931
323  881  928
418  776  981
328  775  986
414  886  978
329  718  955
275  880  886
475  753  912
512  911  985
420  932  933
320  723  972
561  885  926
350  940  956
421  893  997
475  784  909
421  880  997
497  889  953
493  937  990
510  975  977
498  893  997
503  844  980
514  655  758
311  727  996
507  937  944
281  939  963
507  937  990
282  932  933
275  880  997
519  966  967
