0  2  1  0  14910.3  0  0  1
1  1  2  2  14929.1  1.82026  0.365585  1
2  1  2  -2  14955.3  1.97559  0.504518  1
3  3  -2  -2  15102.9  1.93385  0.510115  1
4  3  -2  2  14589.4  1.93598  0.508888  1
10  1  2  1.6  14930.1  1.80258  0.35381  1
11  1  2  1.2  14930.1  1.76911  0.312183  1
12  1  2  0.8  14930.1  1.72648  0.2191  1
13  1  2  0.4  14930.1  1.80338  0.148265  1
14  1  2  5.50449e-12  14930.1  2.04011  0.193986  1
15  1  2  -0.4  14930.1  2.16352  0.2897  1
16  1  2  -0.8  14930.1  2.1358  0.372395  1
17  1  2  -1.2  14930.1  2.1043  0.4355  1
18  1  2  -1.6  14930.1  2.05398  0.480295  1
19  0  1.6  -2  15031  1.93385  0.510115  1
20  0  1.2  -2  15109.1  1.93385  0.510115  1
21  0  0.8  -2  15166.2  1.93385  0.510115  1
22  0  0.4  -2  15205.7  1.93385  0.510115  1
23  0  5.50449e-12  -2  15211.2  1.93385  0.510115  1
24  0  -0.4  -2  15192.9  1.93385  0.510115  1
25  0  -0.8  -2  15165.3  1.93385  0.510115  1
26  0  -1.2  -2  15136.9  1.93385  0.510115  1
27  0  -1.6  -2  15114.7  1.93385  0.510115  1
28  3  -2  -1.6  15089.3  1.93385  0.510115  1
29  3  -2  -1.2  15061.3  1.93385  0.510115  1
30  3  -2  -0.8  15009.3  1.93385  0.510115  1
31  3  -2  -0.4  14935.3  1.93385  0.510115  1
32  3  -2  -5.50449e-12  14853.6  1.93385  0.510115  1
33  3  -2  0.4  14772.2  1.93385  0.510115  1
34  3  -2  0.8  14694.2  1.93385  0.510115  1
35  3  -2  1.2  14637.9  1.93385  0.510115  1
36  3  -2  1.6  14605.7  1.93385  0.510115  1
37  0  -1.6  2  14567.8  1.94413  0.513477  1
38  0  -1.2  2  14532  1.95737  0.530177  1
39  0  -0.8  2  14514.5  1.96535  0.542324  1
40  0  -0.4  2  14516.4  1.9628  0.54795  1
41  0  -5.50449e-12  2  14552.3  1.95173  0.54268  1
42  0  0.4  2  14621.7  1.92766  0.512473  1
43  0  0.8  2  14701.8  1.89711  0.469139  1
44  0  1.2  2  14811.4  1.85602  0.419262  1
45  0  1.6  2  14902.2  1.82486  0.377179  1
46  2  0.978523  0.00428139  14651.9  1.31732e-17  -4.14363e-18  1
47  2  0.95708  0.00878201  14569.7  0  0  1
48  2  0.935554  0.0128705  14479.9  2.88889e-17  9.12596e-19  1
49  2  0.913985  0.0167254  14397.1  8.76688e-17  -2.0537e-17  1
50  2  0.892406  0.0205265  14356.3  -2.40193e-17  -1.66466e-19  1
51  2  0.870836  0.0243711  14332.3  0  0  1
52  2  0.849272  0.0282587  14271.1  0  0  1
53  2  0.827719  0.0322012  14211  -3.15743e-17  1.37827e-17  1
54  2  0.806175  0.0361914  14117.2  -1.51191e-17  1.26448e-17  1
55  2  0.784639  0.04023  13967.5  4.49565e-17  3.56255e-18  1
56  2  0.763111  0.0443063  13825  -1.51455e-17  2.13629e-17  1
57  2  0.74159  0.0484199  13698.8  0  0  1
58  2  0.720073  0.0525564  13611.2  -9.89322e-17  7.83227e-18  1
59  2  0.698557  0.056698  13514.9  -1.6352e-17  3.52939e-18  1
60  2  0.677042  0.0608451  13431.1  -4.90561e-17  1.05882e-17  1
61  2  0.655524  0.0649762  13425.6  1.75134e-17  -1.82377e-17  1
62  2  0.634004  0.0690983  13429.6  0  0  1
63  2  0.612476  0.0731759  13352  1.18133e-17  5.99042e-18  1
64  2  0.590939  0.0772052  13254.1  4.41842e-17  2.9818e-18  1
65  2  0.56939  0.0811724  13206.8  4.24696e-17  -4.7561e-19  1
66  2  0.547826  0.0850523  13200.7  -4.87251e-17  2.35276e-18  1
67  2  0.526247  0.0888491  13202.6  0  0  1
68  2  0.504644  0.0925147  13194.3  0  0  1
69  2  0.483021  0.0960532  13205.9  1.15653e-16  -1.81198e-18  1
70  2  0.461372  0.0994275  13202.3  0  0  1
71  2  0.439694  0.102617  13165.2  -4.93038e-32  -1.54074e-33  1
72  2  0.417988  0.105604  13166.4  0  0  1
73  2  0.39625  0.108346  13059.7  0  0  1
74  2  0.37448  0.110831  12938.5  0  -7.70372e-34  1
75  2  0.352677  0.112994  12765.1  0  0  1
76  2  0.330842  0.114816  12585.3  2.40968e-16  1.00762e-17  1
77  2  0.308978  0.116238  12397.3  2.40968e-16  1.00762e-17  1
78  2  0.287089  0.117224  12108.3  0  0  1
79  2  0.265184  0.117696  11903.6  5.21087e-16  4.70114e-17  1
80  2  0.243274  0.117595  11528.5  -5.88865e-16  -4.84428e-17  1
81  2  0.221378  0.116817  11157.5  -9.12808e-16  -1.36562e-16  1
82  2  0.199523  0.115272  10890  0  0  1
83  2  0.177751  0.112826  10479.9  0  0  1
84  2  0.156117  0.109368  9925.04  3.64034e-16  9.51131e-17  1
85  2  0.134703  0.104743  9596.56  1.48217e-16  4.82719e-17  1
86  2  0.113642  0.0987184  9270.94  2.65502e-16  8.9155e-17  1
87  2  0.0931013  0.0911095  8955.88  -1.14365e-17  3.91622e-17  1
88  2  0.0732797  0.0817864  8952.64  -6.70213e-17  -3.59361e-17  1
89  2  0.0543787  0.0707189  8780.23  -6.24874e-16  -3.78014e-16  1
90  2  0.036722  0.0577647  8741.26  4.27734e-16  3.6062e-16  1
91  2  0.0208868  0.0426496  8886.37  0  0  1
92  2  0.00797629  0.0249969  8838.6  0  0  1
93  2  0.000534975  0.00451986  11425.1  1.79276e-16  5.92327e-16  1
94  2  0.00578096  -0.015853  15343.2  0  0  1
95  2  0.0222083  -0.0302129  16744.5  -1.2326e-32  0  1
96  2  0.0414022  -0.0407317  16862.2  1.52594e-16  1.05871e-16  1
97  2  0.0618353  -0.0486075  16661.9  -7.94982e-17  1.40118e-17  1
98  2  0.0829603  -0.0543942  16389.5  1.58996e-16  -2.80236e-17  1
99  2  0.10449  -0.0584392  16169.2  6.6718e-17  1.37429e-17  1
100  2  0.126245  -0.0610205  15989.3  -2.2286e-16  1.95354e-17  1
101  2  0.148112  -0.0623546  15877.2  0  0  1
102  2  0.17002  -0.0626033  15775.1  2.46645e-16  -2.69875e-18  1
103  2  0.191923  -0.0620604  15764.8  3.3901e-16  1.29706e-17  1
104  2  0.213803  -0.0609095  15747.9  1.01233e-16  7.54409e-18  1
105  2  0.235665  -0.0594386  15664.5  0  0  1
106  2  0.257506  -0.0576982  15652.5  0  0  1
107  2  0.279337  -0.0558278  15696.8  0  0  1
108  2  0.301156  -0.0538293  15678.7  0  0  1
109  2  0.32297  -0.0517642  15666.1  3.31325e-16  3.27531e-17  1
110  2  0.344777  -0.0496308  15671.3  1.73611e-16  1.69348e-17  1
111  2  0.36658  -0.047465  15651.7  -3.47222e-16  -3.38697e-17  1
112  2  0.388381  -0.0452734  15640.7  -1.17257e-16  -9.7677e-18  1
113  2  0.41018  -0.0430654  15627.3  1.16638e-16  1.10532e-17  1
114  2  0.43198  -0.04086  15597.2  0  0  1
115  2  0.453779  -0.0386515  15605.6  2.94325e-16  3.01244e-17  1
116  2  0.47558  -0.0364614  15603.8  0  0  1
117  2  0.497384  -0.0342922  15595  1.74881e-16  1.7353e-17  1
118  2  0.519189  -0.0321451  15596.9  3.08078e-16  2.76429e-17  1
119  2  0.540997  -0.030028  15581  0  0  1
120  2  0.562808  -0.0279375  15559  0  0  1
121  2  0.584623  -0.0258864  15562  -1.12597e-16  -9.60067e-18  1
122  2  0.606442  -0.023881  15569.4  0  0  1
123  2  0.628265  -0.0219195  15537.4  1.27157e-16  1.09071e-17  1
124  2  0.650092  -0.0200063  15538.9  0  0  1
125  2  0.671923  -0.018142  15536.7  -5.83722e-16  -4.87275e-17  1
126  2  0.693759  -0.0163329  15522.9  0  0  1
127  2  0.7156  -0.0145845  15518.6  0  0  1
128  2  0.737446  -0.0128989  15503.7  1.33506e-16  9.3048e-18  1
129  2  0.759297  -0.0112827  15482.3  0  0  1
130  2  0.781154  -0.00974091  15469.7  1.32749e-16  1.00703e-17  1
131  2  0.803016  -0.00827384  15453.6  -3.65306e-16  -2.39782e-17  1
132  2  0.824883  -0.00689114  15438.6  0  0  1
133  2  0.846755  -0.00559769  15429.8  5.50182e-16  3.47509e-17  1
134  2  0.868634  -0.00440901  15408.3  -5.0895e-16  -2.78448e-17  1
135  2  0.890518  -0.00332429  15381.3  0  0  1
136  2  0.912408  -0.00235809  15344.3  -7.73272e-16  -4.12367e-17  1
137  2  0.934302  -0.00150679  15308.9  -5.98595e-16  -2.57557e-17  1
138  2  0.956199  -0.000734559  15263.1  -1.38366e-16  -1.01858e-17  1
139  2  0.9781  -8.50307e-05  15182.2  3.35919e-16  2.05745e-17  1
270  0  0.994066  -0.816879  15243.5  1.93232  0.349812  1
271  0  0.0780195  -1.01444  15325.8  1.82852  0.481292  1
272  0  -0.459021  -0.506101  15237.9  1.79316  0.622067  1
273  0  -0.71095  0.87376  14524.3  2.01038  0.620724  1
274  0  0.125588  1.00857  14320.1  2.12926  0.529002  1
275  0  1.06322  0.927046  14649.7  1.97899  0.245119  1
276  0  0.489021  -0.609349  15436.5  1.80499  0.357034  1
277  0  0.0628918  -0.501975  15549  1.68792  0.466095  1
278  0  0.864862  -0.453432  15338  1.88923  0.273484  1
279  0  -0.234505  0.591184  14227.2  2.16613  0.720546  1
280  0  -0.425775  0.167555  14651.3  1.94749  0.84959  1
281  0  0.206654  0.568706  13863.2  2.37127  0.537449  1
282  0  0.704226  0.566127  14254.2  2.22122  0.183275  1
283  0  0.630209  -0.316565  15473.9  1.80424  0.251913  1
284  0  0.338816  -0.335391  15614  1.69679  0.30757  1
285  0  1.07213  0.372601  14678.8  1.9661  -0.0123957  1
286  0  0.00548234  0.365143  13490.7  2.45942  0.852475  1
287  0  0.442918  0.383344  13642.2  2.50761  0.255649  1
288  0  0.128831  -0.277695  15802.1  1.54183  0.359499  1
289  0  -0.204252  -0.255054  15472.2  1.60653  0.707319  1
290  0  0.682456  0.297892  13911.8  2.39103  -0.0356484  1
291  0  0.216082  0.337604  13142.7  2.67788  0.56154  1
292  0  0.807707  -0.216877  15402.5  1.85627  0.201189  1
293  0  0.989772  -0.185838  15292  1.9218  0.189203  1
294  0  0.876374  0.253884  14361.2  2.16864  -0.170485  1
295  0  -0.0981724  0.201299  13629.2  2.28265  1.20801  1
296  0  1.42465  -0.492934  15124.6  2.03127  0.278925  1
297  0  -0.187939  -0.0647707  15219.4  1.59589  1.00171  1
298  0  0.481584  -0.217037  15573.4  1.73676  0.230112  1
299  0  -0.0114331  -0.191324  15967.4  1.33655  0.528363  1
300  0  0.352132  -0.186414  15657.3  1.68128  0.224715  1
301  0  0.673067  -0.159111  15492  1.79667  0.191098  1
302  0  0.232435  -0.174632  15780.7  1.59866  0.216682  1
303  0  1.02148  0.163737  14774  1.94917  -0.221021  1
304  0  0.352187  0.262619  13128.6  2.72378  0.265941  1
305  0  0.489202  0.24092  13399  2.66666  0.100645  1
306  0  1.38548  -0.114417  15129.3  1.97795  0.190079  1
307  0  0.113163  0.246449  12530.9  2.83232  0.868966  1
308  0  0.890627  -0.122993  15355.8  1.88442  0.157387  1
309  0  0.130997  -0.163011  15983.7  1.43914  0.222493  1
310  0  0.59864  0.200284  13507.8  2.68487  -0.0608899  1
311  0  0.742101  0.18411  13864.3  2.44745  -0.243687  1
312  0  0.562139  -0.135777  15545.2  1.75843  0.192804  1
313  0  -1.08829  -0.180689  14933.1  1.90901  0.619549  1
314  0  0.755526  -0.108825  15456.1  1.83767  0.162139  1
315  0  0.258746  0.229947  12691.7  2.88592  0.401934  1
316  0  -0.122998  0.0611016  14338.2  1.78519  1.39247  1
317  0  0.0369611  0.181354  12348.6  2.7506  1.25781  1
318  0  0.965894  -0.0999672  15289.4  1.95124  0.151612  1
319  0  1.14696  -0.109292  15207.1  1.96875  0.170701  1
320  0  -0.0378873  0.120076  12909  2.27777  1.64523  1
321  0  -1.10787  -1.05391  15109  1.90469  0.549579  1
322  0  -0.0535764  -0.100333  15992.3  1.15642  0.816029  1
323  0  0.545016  -1.10062  15287.1  1.87719  0.432955  1
324  0  0.431589  -0.133398  15612.6  1.70919  0.201539  1
325  0  -0.54586  -0.161312  15031.3  1.8335  0.727095  1
326  0  0.812848  0.131217  14091.4  1.95614  -0.331479  1
327  0  0.894762  0.112432  14366.9  1.72665  -0.307279  1
328  0  -0.556895  -1.12169  15205.8  1.86714  0.539092  1
329  0  0.178684  0.193301  11927  3.11254  0.653689  1
330  0  0.418521  0.194603  13170.3  2.87392  0.127007  1
331  0  0.623879  -0.0955035  15528.9  1.80345  0.175191  1
332  0  0.818807  -0.0761558  15427.5  1.91689  0.14408  1
333  0  0.361331  -0.116118  15658.8  1.68853  0.188808  1
334  0  0.291153  -0.118065  15710.1  1.64698  0.183825  1
335  0  1.15236  0.0632936  15151.7  1.43178  -0.0268693  1
336  0  0.493256  -0.103465  15588.8  1.75898  0.187563  1
337  0  0.688194  -0.0818459  15508.2  1.85022  0.164428  1
338  0  0.346014  0.177939  12856.7  2.98173  0.163658  1
339  0  0.482893  0.16637  13245.7  2.60145  0.0505396  1
340  0  -0.325333  1.09746  14434.7  2.04991  0.584642  1
341  0  -0.955219  0.344552  14717.6  1.95616  0.646775  1
342  0  0.659131  0.14204  13462.1  2.06359  -0.17548  1
343  0  0.0507723  -0.130448  16268.4  1.14218  0.307801  1
344  0  0.462314  0.843072  14287.5  2.1756  0.392712  1
345  0  -0.0744059  -0.0220533  15159.3  1.29653  1.42795  1
346  0  0.719318  0.12333  13589.2  1.61348  -0.206229  1
347  0  0.588883  1.45708  14581.7  1.98412  0.438209  1
348  0  0.96226  0.0820631  14564.2  1.31369  -0.307546  1
349  0  0.185374  -0.127097  15865.4  1.51959  0.143759  1
350  0  1.05383  -1.46299  15153.5  1.969  0.458338  1
351  0  1.56193  0.377217  14899.5  1.80368  0.0972411  1
352  0  -0.0272243  -0.357711  15650.9  1.59001  0.520665  1
353  0  0.48338  -0.353352  15533.1  1.75824  0.280224  1
354  0  0.279233  -0.545974  15515.4  1.74181  0.390904  1
355  0  -1.35949  0.812953  14658.5  1.95024  0.571675  1
356  0  0.104349  0.161482  11292.3  3.2125  1.15292  1
357  0  0.904385  -0.0650539  15341.1  1.97056  0.127263  1
358  0  0.768341  -0.668405  15334.4  1.87709  0.33416  1
359  0  0.549346  0.153037  13281.3  2.30339  -0.0237434  1
360  0  -0.158055  -0.752408  15360  1.78376  0.526664  1
361  0  -0.017865  0.589556  13994.2  2.28418  0.67428  1
362  0  1.1493  -0.403185  15218  1.96739  0.253592  1
363  0  -1.17016  1.36337  14573.7  1.95654  0.55293  1
364  0  1.05759  0.078746  15052.6  1.27987  -0.22207  1
365  0  -0.585913  0.48484  14535.8  2.02246  0.714826  1
366  0  0.358212  -0.832214  15379.2  1.81934  0.417271  1
367  0  0.235953  -1.48743  15245.3  1.89025  0.485997  1
368  0  1.48334  -1.04918  15081  2.03023  0.398019  1
369  0  0.236556  0.16788  11954.7  3.24515  0.394329  1
370  0  0.13418  -0.110845  16021.1  1.41768  0.0782462  1
371  0  -0.189354  0.356585  14069.9  2.19162  0.893578  1
372  0  -0.901662  -0.627228  15092.7  1.87802  0.591791  1
373  0  0.556525  -0.0830423  15559.7  1.81482  0.177665  1
374  0  0.239075  -0.113844  15744.5  1.62979  0.155112  1
375  0  0.693214  -0.494106  15402  1.84136  0.300589  1
376  0  0.450468  -0.0778308  15606.8  1.79115  0.183867  1
377  0  0.773565  -0.0578453  15448.2  1.8861  0.13919  1
378  0  -0.0544036  1.44579  14482.9  2.01087  0.537767  1
379  0  -0.057851  0.0324204  14062.2  1.57324  1.80529  1
380  0  -1.41871  -0.661475  15017.7  1.91927  0.5587  1
381  0  0.300258  0.166071  12396.2  2.99583  0.201754  1
382  0  0.754501  -0.335483  15408.7  1.84763  0.244951  1
383  0  -0.614945  1.46656  14513  1.98483  0.559753  1
384  0  0.236536  -0.287496  15705.7  1.62414  0.308369  1
385  0  0.40039  -0.0862514  15632.1  1.75501  0.175879  1
386  0  0.945943  -0.0446062  15292.1  1.96789  0.111535  1
387  0  0.861301  -0.0487572  15389.4  1.91516  0.119571  1
388  0  0.846117  0.0814431  14226.2  0.768042  -0.153918  1
389  0  0.613269  0.123806  13328  1.2703  -0.0805157  1
390  0  0.729787  -0.0560394  15489.9  1.87084  0.144342  1
391  0  -0.206474  -0.486482  15420.3  1.71244  0.583302  1
392  0  0.102967  -0.698867  15434.9  1.76333  0.466094  1
393  0  0.912385  -0.293526  15336  1.89591  0.223406  1
394  0  -0.00161029  -0.0867813  16403.1  0.886405  0.598703  1
395  0  1.08002  -0.0587559  15221.7  1.95169  0.163575  1
396  0  0.176362  -0.413859  15630.1  1.66076  0.393658  1
397  0  0.0370779  0.117923  11230.4  2.99816  1.7523  1
398  0  0.761084  0.0920541  13759.9  0.715753  -0.168397  1
399  0  0.98921  -0.0412641  15222.5  2.00634  0.141827  1
400  0  -1.46972  0.315916  14775.2  1.93978  0.573687  1
401  0  0.997161  0.0541108  14749.7  0.786764  -0.282961  1
402  0  0.436158  0.615831  14041.2  2.31369  0.355999  1
403  0  1.41953  1.41953  14808.4  1.8667  0.33784  1
404  0  1.18641  0.273544  14865.4  1.88155  -0.0219265  1
405  0  0.804929  0.0798416  14098.6  0.560989  -0.170541  1
406  0  1.03682  -0.62609  15251  1.9385  0.310299  1
407  0  0.612193  -0.222642  15506.9  1.78513  0.219691  1
408  0  -0.131481  0.826928  14275.3  2.14444  0.616983  1
409  0  0.125655  0.446338  13573.8  2.48521  0.647411  1
410  0  0.146858  0.796612  14165.6  2.21815  0.540245  1
411  0  0.39057  0.155179  12994.7  2.50173  0.0661381  1
412  0  0.437956  0.141597  13170  1.95251  0.0391561  1
413  0  0.0807821  -0.101593  16303.1  1.16657  0.0994697  1
414  0  1.28938  0.656408  14762.9  1.92626  0.15004  1
415  0  0.403049  -0.257299  15608.4  1.70766  0.25438  1
416  0  0.711838  -0.256719  15444.7  1.8258  0.223301  1
417  0  -0.142777  -1.31281  15252.3  1.863  0.505089  1
418  0  -0.954757  -1.46482  15149.9  1.90239  0.527302  1
419  0  0.569905  -0.833118  15345.3  1.85219  0.393436  1
420  0  0.819701  0.398093  14296.3  2.18698  0.00884146  1
421  0  0.958366  0.620468  14537.6  2.06901  0.138371  1
422  0  0.161011  0.157972  11271.7  3.38897  0.767682  1
423  0  -0.46906  0.80053  14434.4  2.0601  0.64525  1
424  0  -1.43937  -1.48899  15107.9  1.92282  0.523299  1
425  0  -0.784067  0.141615  14788.8  1.93137  0.696305  1
426  0  0.312972  0.455931  13645.1  2.4902  0.425667  1
427  0  0.597269  -0.0626177  15557.2  1.82991  0.169291  1
428  0  0.644825  -0.0579963  15530.4  1.84525  0.159892  1
429  0  0.389522  -0.472282  15524.2  1.7518  0.340549  1
430  0  0.816248  -0.144326  15407.9  1.84505  0.171882  1
431  0  1.37942  0.0800666  15061.8  1.80408  0.0956654  1
432  0  0.0706248  -0.211689  15957.4  1.42389  0.376167  1
433  0  0.911055  0.0632438  14388.9  0.609014  -0.136746  1
434  0  1.08654  0.00968507  15201.3  1.2958  0.0766384  1
435  0  -0.133215  -0.207825  15634.9  1.49725  0.716193  1
436  0  0.0221301  0.273089  13125.1  2.57206  0.998113  1
437  0  0.547602  0.348898  13732.1  2.46573  0.129053  1
438  0  0.577495  0.52326  14056.3  2.31961  0.225043  1
439  0  -0.656548  -0.84394  15180.7  1.85981  0.567948  1
440  0  0.174035  -0.225555  15824.9  1.54811  0.288884  1
441  0  1.50493  -1.56775  15054.7  2.0114  0.472203  1
442  0  0.653749  -1.46048  15217.9  1.92211  0.466439  1
443  0  0.509128  -0.0717387  15588.2  1.79976  0.179524  1
444  0  1.30083  -0.739073  15151.7  1.99681  0.329176  1
445  0  0.337471  -0.087477  15670.5  1.73245  0.178336  1
446  0  0.744387  -0.177023  15447  1.82734  0.188826  1
447  0  0.673992  0.100882  13422.3  0.536291  -0.0250077  1
448  0  0.533359  -0.280062  15531.2  1.76358  0.250319  1
449  0  0.276403  -0.0915526  15708.5  1.70139  0.170971  1
450  0  0.591612  -0.433382  15456.7  1.80732  0.292716  1
451  0  1.13242  -0.251971  15226.8  1.96571  0.214895  1
452  0  0.499881  0.131242  13212.7  1.45219  0.0426532  1
453  0  0.281632  -0.238995  15701.4  1.63694  0.264146  1
454  0  0.846548  -1.18058  15225.8  1.92407  0.424553  1
455  0  0.197878  -0.0985036  15834.8  1.617  0.106745  1
456  0  -0.821267  -0.26375  15004.3  1.87756  0.650985  1
457  0  0.77101  0.300299  14125  2.27545  -0.075737  1
458  0  0.732159  1.08587  14525.4  2.04413  0.35441  1
459  0  0.899862  -0.215499  15345.1  1.89143  0.19804  1
460  0  -0.347853  -0.161424  15181.4  1.7329  0.795235  1
461  0  0.189698  0.270831  12746.8  2.81627  0.614226  1
462  0  0.129679  0.350213  13251.8  2.60179  0.69588  1
463  0  0.507928  1.18778  14490.1  2.04763  0.423032  1
464  0  -0.287402  0.13973  14548.8  1.94689  0.977432  1
465  0  -0.0128916  -0.0445342  16293.9  0.473214  1.01512  1
466  0  -0.0220107  0.0655578  12534.6  2.1033  2.16153  1
467  0  0.0906362  0.130591  10630  3.44285  1.39621  1
468  0  0.616807  -0.152124  15519.2  1.77707  0.193941  1
469  0  -0.412681  0.447  14408.8  2.07481  0.769021  1
470  0  0.816178  -0.0423889  15445.6  1.87335  0.126386  1
471  0  0.562654  0.12181  13210.4  1.10746  0.00358267  1
472  0  1.08531  1.39257  14721.1  1.91882  0.352707  1
473  0  0.669089  0.204903  13660.4  2.56337  -0.143692  1
474  0  0.426915  0.26566  13311.7  2.65651  0.181891  1
475  0  -0.380374  -0.357824  15268.3  1.74498  0.669649  1
476  0  -0.464997  -1.61243  15198.4  1.89473  0.515289  1
477  0  0.412844  -0.200058  15613.6  1.70777  0.230196  1
478  0  -0.366181  0.0328747  14833.5  1.84496  0.891171  1
479  0  1.18887  -1.09388  15157.6  1.98032  0.398917  1
480  0  -0.0850893  0.297848  13696.4  2.31702  1.0068  1
481  0  0.760348  -0.897916  15293.2  1.88933  0.385735  1
482  0  -1.54623  1.22906  14613.5  1.94161  0.536824  1
483  0  0.303958  0.229303  12825.3  2.86844  0.308931  1
484  0  0.283741  0.29024  13038.6  2.73847  0.400164  1
485  0  0.353879  0.370393  13485.2  2.57051  0.345184  1
486  0  0.0419699  -0.0889631  16513.8  0.935675  0.23578  1
487  0  0.509686  -0.158019  15568.5  1.74217  0.207444  1
488  0  0.344572  0.150227  12772.5  2.62392  0.0934503  1
489  0  -1.66015  -0.951805  15045.2  1.92876  0.532236  1
490  0  0.685739  -0.0525938  15520.7  1.84603  0.152359  1
491  0  1.31943  -0.301367  15157.1  2.01555  0.222254  1
492  0  1.68179  -0.311057  15025.6  2.09705  0.254679  1
493  0  -1.10735  0.657174  14660  1.96296  0.605731  1
494  0  1.69793  0.98296  14870.1  1.81285  0.255103  1
495  0  0.0176329  -0.283712  15782.9  1.51039  0.484096  1
496  0  0.29543  0.723175  14103.9  2.2681  0.461261  1
497  0  -0.202465  -1.03795  15276.2  1.83967  0.518282  1
498  0  0.813276  0.868973  14497.4  2.07104  0.278256  1
499  0  -0.0877577  0.484733  13940.7  2.2893  0.761685  1
500  0  -1.6508  -0.207497  14905.1  1.92855  0.54826  1
501  0  0.31079  -1.04289  15319  1.84614  0.450716  1
502  0  0.47868  -0.0784972  15603.1  1.79739  0.184192  1
503  0  -0.657621  -0.393745  15115.2  1.83697  0.644061  1
504  0  0.306139  -0.0922848  15695  1.71455  0.175332  1
505  0  0.370199  -0.0837432  15654.2  1.74499  0.179405  1
506  0  0.962804  0.13545  14577.4  1.95212  -0.320787  1
507  0  -1.06087  1.05206  14583  1.96676  0.57765  1
508  0  0.20955  0.146072  11336.2  3.08362  0.442393  1
509  0  0.254295  0.142936  11868.1  2.65201  0.218167  1
510  0  0.157758  -0.0895235  15886.7  1.49334  0.0298118  1
511  0  0.286062  -0.434332  15581.6  1.70628  0.357383  1
512  0  1.68849  -0.0431869  14999.8  2.0163  0.173837  1
513  0  1.02355  -0.29176  15279.5  1.9315  0.226137  1
514  0  0.00361444  0.100739  11776.3  2.60965  1.96081  1
515  0  1.07541  -0.171793  15256.8  1.9422  0.186734  1
516  0  0.0873468  -0.383851  15666.2  1.62194  0.440007  1
517  0  1.04683  -0.0249162  15226.1  1.66693  0.186439  1
518  0  0.699256  -0.125191  15486.4  1.80552  0.174991  1
519  0  0.178054  1.3766  14481.1  2.02573  0.510859  1
520  0  0.902715  -0.0305788  15346.3  1.74125  0.0928568  1
521  0  -0.615981  1.15971  14499.8  2.00649  0.584626  1
522  0  0.95742  0.0477642  14558  0.507244  -0.178523  1
523  0  0.27828  -0.174055  15725.2  1.63634  0.217923  1
524  0  0.715634  0.0904377  13547.9  0.446365  -0.0697958  1
525  0  0.995018  0.284494  14636.4  2.00961  -0.114501  1
526  0  0.466684  0.141169  13168.3  1.87217  0.043795  1
527  0  0.812073  -0.547115  15343.6  1.87983  0.302599  1
528  0  0.531013  0.129557  13210.1  1.37566  0.00713207  1
529  0  0.562651  0.265275  13594.3  2.56451  0.0476559  1
530  0  0.86539  0.0559109  14307.6  0.171045  0.0118827  1
531  0  0.943028  -0.145808  15315.4  1.90456  0.170325  1
532  0  0.803306  0.234591  14144.1  2.30233  -0.191884  1
533  0  0.857757  0.184162  14278.2  2.2415  -0.278111  1
534  0  0.111591  -0.0866253  16125.4  1.30414  -0.026087  1
535  0  -0.132151  1.21197  14429.1  2.04995  0.557584  1
536  0  0.628128  0.0971819  13409  0.106405  0.0539569  1
537  0  0.27222  0.193718  12454.9  3.07408  0.338487  1
538  0  -0.0575043  -0.497035  15510.5  1.68616  0.522903  1
539  0  -0.0348275  -0.659643  15432  1.7493  0.506072  1
540  0  -0.0444058  -0.247968  15781.7  1.46713  0.580114  1
541  0  -0.433939  -0.760121  15249.7  1.82148  0.571707  1
542  0  0.544347  0.207422  13400.4  2.7245  0.0153621  1
543  0  -0.816254  -1.07587  15157.4  1.88423  0.549812  1
544  0  -0.0388237  -0.0131317  15128  0.941616  1.69928  1
545  0  0.761288  0.131954  13827.6  1.88498  -0.288774  1
546  0  1.51305  -0.789831  15081.7  2.04093  0.345099  1
547  0  -0.0238782  0.22296  13083.3  2.51628  1.19133  1
548  0  0.537543  -0.211791  15544.7  1.75796  0.223285  1
549  0  0.629427  0.389885  13955.5  2.36406  0.0962258  1
550  0  0.826699  -0.297746  15379.5  1.86855  0.228978  1
551  0  -0.216407  -0.161357  15367  1.61413  0.824309  1
552  0  0.180623  -0.170836  15860  1.53385  0.214513  1
553  0  0.423531  -0.0679658  15602.1  1.6572  0.161186  1
554  0  0.394304  -0.164775  15630.7  1.69928  0.214071  1
555  0  0.750245  -0.0374215  15476.7  1.6738  0.124161  1
556  0  0.655159  -0.117718  15509.6  1.79233  0.177647  1
557  0  0.14316  0.131534  10319.2  3.27893  0.856702  1
558  0  -1.4533  1.64082  14572.7  1.94829  0.529439  1
559  0  0.381936  -0.681331  15430.9  1.79735  0.390708  1
560  0  1.03297  -0.421487  15271.9  1.93319  0.258684  1
561  0  0.856387  -0.0889068  15389.3  1.91184  0.142476  1
562  0  0.602955  0.704186  14258.6  2.20433  0.294833  1
563  0  1.24991  -0.0203325  15151.1  1.78146  0.133468  1
564  0  0.411048  0.132897  13101.4  1.50721  0.0400801  1
565  0  0.0896014  -0.142362  16124.6  1.30998  0.229065  1
566  0  1.71317  0.591227  14902.2  1.78931  0.153115  1
567  0  1.2566  0.444107  14813.8  1.89543  0.0702849  1
568  0  0.67146  -0.385625  15438.2  1.82568  0.268909  1
569  0  0.554327  -0.0542776  15560.1  1.67026  0.153249  1
570  0  0.0188641  -0.0584866  16729.2  0.48074  0.420664  1
571  0  -1.02502  0.100239  14829  1.92865  0.641872  1
572  0  0.0982306  -1.23859  15278.1  1.85966  0.482779  1
573  0  0.635068  -0.622762  15388  1.84121  0.339778  1
574  0  0.186349  1.68424  14546.9  1.97302  0.516662  1
575  0  0.588659  -0.0972917  15548.6  1.79875  0.179071  1
576  0  -0.617491  0.279468  14662.9  1.96792  0.749526  1
577  0  0.342475  -0.244259  15654.5  1.67358  0.254545  1
578  0  0.334337  -0.150882  15674.1  1.66699  0.205581  1
579  0  0.0154597  0.460104  13741  2.38514  0.737225  1
580  0  0.619505  -0.0468352  15538.2  1.64765  0.140938  1
581  0  -0.135049  -0.400544  15520.1  1.64936  0.583147  1
582  0  0.526755  -0.0948227  15574.3  1.78022  0.184957  1
583  0  -0.347338  1.33529  14476.9  2.01206  0.561568  1
584  0  -0.00123584  -0.138855  16175.8  1.15121  0.518329  1
585  0  1.11166  0.145757  14971.1  1.81144  -0.152326  1
586  0  -0.24155  0.244298  14252.3  2.07966  0.969819  1
587  0  -1.72344  0.558235  14730.3  1.93941  0.541773  1
588  0  -0.0632217  -0.166327  15880.5  1.32781  0.681018  1
589  0  0.778608  0.0672649  13888.4  0.0682091  -0.09621  1
590  0  0.821578  0.0592034  14178  0.0680904  -0.0569472  1
591  0  0.118207  -0.22087  15890  1.49157  0.33248  1
592  0  0.469678  -0.273279  15565.8  1.73908  0.254212  1
593  0  0.967841  -0.0259188  15225.2  1.7794  0.0935729  1
594  0  -0.170422  -1.63978  15221.6  1.89438  0.505995  1
595  0  0.0724189  0.109604  10043.6  3.25393  1.60873  1
596  0  0.478992  0.30542  13532.4  2.55537  0.157752  1
597  0  0.472952  -0.13968  15589.8  1.72478  0.201083  1
598  0  0.723236  -0.0919022  15481.1  1.8508  0.160052  1
599  0  0.22073  0.432161  13506.8  2.53292  0.540097  1
600  0  0.252772  -0.0846013  15673.4  1.60859  0.140489  1
601  0  -0.125615  -0.128639  15615.2  1.41797  0.874163  1
602  0  0.663582  -0.223336  15478.4  1.8044  0.215537  1
603  0  -1.23851  0.44778  14729.2  1.95022  0.603748  1
604  0  0.223104  -0.23919  15760.1  1.59451  0.277873  1
605  0  -0.0177987  0.0213264  12406.1  1.29208  2.62736  1
606  0  0.155326  -0.599392  15498.3  1.73636  0.441678  1
607  0  -0.545377  0.0321301  14843.3  1.88887  0.773438  1
608  0  0.135757  0.191282  11859.7  3.06969  0.870437  1
609  0  0.793859  -0.0321251  15449.7  1.64519  0.107988  1
610  0  0.837102  -0.0288487  15434.2  1.65187  0.104336  1
611  0  0.420736  0.497985  13829.7  2.41785  0.326349  1
612  0  0.280516  0.896879  14266.6  2.17386  0.470986  1
613  0  1.01465  -0.06964  15238.4  2.01776  0.166346  1
614  0  0.321617  0.139373  12520.5  2.17045  0.0907582  1
615  0  0.77643  -0.438845  15382.3  1.86038  0.274032  1
616  0  0.433  -1.31474  15258.7  1.88758  0.464112  1
617  0  1.21573  -0.580576  15200.7  1.97552  0.294977  1
618  0  -0.223407  0.0283221  14793.2  1.77643  1.0644  1
619  0  0.365628  0.135193  12894.9  1.77298  0.0325661  1
620  0  0.316204  0.570667  13894.4  2.37422  0.445383  1
621  0  0.501824  -0.436892  15494.9  1.77872  0.308176  1
622  0  0.925224  -0.102733  15328.5  1.92241  0.147312  1
623  0  0.584341  0.102792  13211.2  0.191266  -0.00214196  1
624  0  0.106622  0.651003  14008.9  2.29118  0.586106  1
625  0  -0.000916529  0.737057  14149.5  2.21733  0.610063  1
626  0  0.663451  -0.0404471  15536.1  1.61394  0.133149  1
627  0  0.706388  -0.0368013  15521.3  1.62285  0.129816  1
628  0  0.182482  -0.0828071  15810.1  1.52676  0.0584144  1
629  0  0.916783  0.342395  14471.6  2.08343  -0.0672314  1
630  0  0.169983  -0.334969  15713.6  1.60917  0.371375  1
631  0  1.00026  0.102821  14765.2  1.65372  -0.318405  1
632  0  -0.816681  0.615756  14598.8  1.99125  0.649764  1
633  0  0.392182  0.226392  13144.5  2.78442  0.178808  1
634  0  0.0794704  0.201379  12101.9  2.89048  1.0708  1
635  0  1.07915  0.245918  14763.2  1.95299  -0.0988285  1
636  0  -1.17446  -0.475604  15010.8  1.90483  0.588479  1
637  0  -1.14446  -0.762145  15067.5  1.90405  0.568646  1
638  0  0.562686  -0.352129  15492.7  1.78819  0.270523  1
639  0  -0.904903  1.66212  14532.7  1.96679  0.549298  1
640  0  0.186171  0.13601  11027.5  3.06831  0.538085  1
641  0  0.135577  -0.0820738  15993.3  1.39994  -0.0293293  1
642  0  0.585824  0.151143  13312.4  2.19719  -0.0689067  1
643  0  0.397146  -0.120968  15630.9  1.70121  0.193497  1
644  0  0.232593  0.13849  11501.1  2.69513  0.278146  1
645  0  0.276606  0.139236  12127.9  2.4265  0.151551  1
646  0  0.787713  -0.087215  15442.2  1.88608  0.151939  1
647  0  0.0174845  -0.82563  15375  1.79247  0.490705  1
648  0  0.263145  -0.142159  15738.2  1.61836  0.192288  1
649  0  1.00336  -0.133194  15266  1.93693  0.173824  1
650  0  0.117177  0.126583  10277.7  3.35823  1.13438  1
651  0  0.924164  -0.0227516  15314.9  1.66744  0.083254  1
652  0  0.880607  -0.0246729  15399.4  1.64098  0.0890695  1
653  0  0.972397  0.0284294  14618.4  0.135557  -0.0771439  1
654  0  0.052906  0.0949071  9893.8  3.09593  1.89504  1
655  0  0.0330536  0.0846941  10063.1  2.92132  2.14945  1
656  0  -0.353733  1.63031  14504.5  1.98567  0.548946  1
657  0  -0.639571  -0.60803  15166.1  1.83986  0.602788  1
658  0  0.929246  0.0371508  14436  0.0897451  -0.0671404  1
659  0  0.846471  -0.18593  15381.2  1.86859  0.186667  1
660  0  1.02787  0.0168296  15055.8  0.748791  -0.080411  1
661  0  0.409884  -0.329173  15580  1.72508  0.28529  1
662  0  -0.270313  0.733602  14311.9  2.12356  0.662123  1
663  0  -0.395095  0.619135  14386.2  2.08986  0.705175  1
664  0  0.734837  0.0727993  13655.9  -0.0923254  -0.0247057  1
665  0  0.691889  0.079989  13458  -0.147286  0.0317899  1
666  0  0.251048  -0.349188  15649.8  1.66375  0.337009  1
667  0  0.85262  1.66039  14693.7  1.91764  0.420761  1
668  0  -0.320751  0.345076  14332.5  2.08999  0.851239  1
669  0  0.445053  -0.0576509  15593.7  1.54389  0.151336  1
670  0  0.401278  -0.0638889  15642.8  1.5609  0.153925  1
671  0  0.532003  -0.0507606  15593.2  1.59348  0.149512  1
672  0  0.577892  -0.0470175  15551.2  1.59799  0.14761  1
673  0  -0.28469  -0.633856  15330.6  1.77496  0.572151  1
674  0  0.858436  0.124038  14257.5  1.78607  -0.311915  1
675  0  -0.131248  0.674306  14180.7  2.19408  0.667898  1
676  0  0.223519  -0.08533  15748.8  1.5847  0.106916  1
677  0  0.0797033  0.304413  13085.6  2.63413  0.848126  1
678  0  0.216775  -0.142144  15804.1  1.57147  0.180031  1
679  0  0.651023  0.0876265  13413.6  -0.0788735  0.0821353  1
680  0  0.95736  -0.512321  15293.9  1.91486  0.285436  1
681  0  0.431837  0.121234  13167.9  0.797991  0.0463495  1
682  0  0.904736  -0.659465  15289.7  1.908  0.32334  1
683  0  0.462354  0.203505  13270.6  2.82117  0.100126  1
684  0  0.888538  0.0467978  14344.3  0.108173  0.000749697  1
685  0  0.727989  -0.0327395  15505.6  1.54253  0.121541  1
686  0  0.0667955  -0.072644  16495.4  0.972036  -0.0388894  1
687  0  0.771573  -0.0296037  15459.8  1.55352  0.107915  1
688  0  0.298909  0.135628  12293  2.07644  0.0842465  1
689  0  0.225674  0.209464  12325.8  3.02056  0.484476  1
690  0  1.32998  1.11362  14769.7  1.89562  0.277836  1
691  0  0.752094  -0.0757539  15466.2  1.88962  0.149183  1
692  0  0.889934  -1.66501  15167.2  1.95201  0.481653  1
693  0  0.387595  0.128489  12970  1.31158  -0.00464505  1
694  0  1.24121  -0.186844  15182.1  1.99478  0.192937  1
695  0  0.858723  -0.0239342  15401.1  1.55433  0.0927624  1
696  0  0.298527  -0.289084  15662.7  1.6623  0.289068  1
697  0  1.10018  0.553217  14672.1  1.99071  0.0957616  1
698  0  0.94592  -0.0200917  15302.1  1.61396  0.0787662  1
699  0  -1.62815  0.892855  14665.8  1.93855  0.542132  1
700  0  -0.925359  -0.872618  15121.4  1.88741  0.567118  1
701  0  0.960213  -0.236936  15309.9  1.91335  0.204543  1
702  0  0.582485  -0.178751  15529.1  1.77015  0.20659  1
703  0  0.00695552  0.881829  14260.3  2.15818  0.572897  1
704  0  0.605831  0.0948322  13352.9  -0.0307008  -0.00888407  1
705  0  0.445007  -0.180376  15599.8  1.71955  0.217325  1
706  0  0.0896586  -0.0761998  16319.3  1.15003  -0.0838966  1
707  0  1.23849  1.67618  14799.7  1.86432  0.380768  1
708  0  0.102809  0.535854  13823.6  2.37352  0.625134  1
709  0  0.84205  0.0496596  14245.7  0.0122391  -0.0297  1
710  0  0.799146  0.0568541  14063.2  -0.124766  -0.0756956  1
711  0  0.989832  -0.0175772  15137.9  1.68944  0.0966745  1
712  0  1.22688  -1.68359  15104.6  1.97954  0.47944  1
713  0  0.157887  0.236772  12402.9  2.91186  0.720576  1
714  0  0.755939  0.0651371  13752.2  -0.223137  0.0147003  1
715  0  1.28781  -1.3527  15110.3  2.00013  0.441026  1
716  0  -1.17215  -1.34852  15122.2  1.91147  0.532735  1
717  0  -1.10471  -1.68657  15139.4  1.91548  0.519037  1
718  0  0.188204  0.163373  11462.3  3.37928  0.62903  1
719  0  0.623843  0.250185  13690.9  2.52976  -0.0317243  1
720  0  1.35991  0.290423  14942.1  1.81831  0.048234  1
721  0  -0.140635  -0.00918227  14971.1  1.57913  1.23592  1
722  0  0.906697  0.0371928  14366.5  -0.0569069  0.021135  1
723  0  -0.00196965  0.153216  12412.9  2.60672  1.48615  1
724  0  -1.31702  0.0499411  14855.6  1.92854  0.592024  1
725  0  1.68057  -1.35009  15014.8  2.05318  0.446846  1
726  0  -0.876856  1.25719  14543  1.97585  0.569422  1
727  0  0.701062  0.156307  13581.9  2.32333  -0.228999  1
728  0  0.53193  1.71551  14615.9  1.94474  0.475508  1
729  0  0.516034  0.160725  13269.5  2.46423  0.0120877  1
730  0  0.653678  -0.0841789  15525  1.8422  0.169366  1
731  0  0.776155  -0.265895  15409.2  1.85044  0.219166  1
732  0  0.730425  0.245888  13946.9  2.40082  -0.142851  1
733  0  0.771346  -0.148277  15436.3  1.82838  0.174783  1
734  0  0.475673  -1.68665  15214.5  1.92175  0.489168  1
735  0  1.66233  1.66233  14881.4  1.83112  0.358256  1
736  0  0.1517  -0.136913  15945.4  1.458  0.159823  1
737  0  0.995191  0.0207302  14663.3  0.125283  -0.136185  1
738  0  0.164842  0.129542  10636.9  3.03109  0.63868  1
739  0  -0.14831  -0.605885  15408.4  1.74274  0.543988  1
740  0  -0.0991117  1.01701  14356.2  2.0988  0.572551  1
741  0  0.571319  -0.52282  15440  1.81051  0.322046  1
742  0  0.0461734  -0.0618866  16720.6  0.718356  0.0446519  1
743  0  0.62519  0.164435  13398  2.42766  -0.134824  1
744  0  0.39806  0.316483  13383.8  2.60975  0.257871  1
745  0  0.0714941  0.390624  13451.7  2.50518  0.755362  1
746  0  0.255809  -0.669609  15448.2  1.77376  0.420312  1
747  0  0.822538  -0.109997  15410.1  1.86369  0.155257  1
748  0  -0.174879  0.14725  14211  2.02557  1.15899  1
749  0  0.386547  -0.574987  15475.5  1.77314  0.370499  1
750  0  1.7409  -0.608065  15016.9  2.09823  0.321265  1
751  0  0.948163  0.467609  14508  2.07848  0.0436821  1
752  0  0.687902  -0.319286  15446  1.82297  0.245638  1
753  0  -0.239299  -0.359825  15415.3  1.67394  0.645591  1
754  0  0.680436  -1.25217  15242.4  1.90736  0.441737  1
755  0  -0.0786495  0.39311  13804.2  2.32433  0.852746  1
756  0  0.325265  -0.11667  15682.7  1.66725  0.186593  1
757  0  0.470384  -0.944948  15329.7  1.85224  0.419283  1
758  0  0.0136226  0.0661121  10476.1  2.56049  2.44731  1
759  0  1.76128  -0.954382  15005.7  2.08076  0.389325  1
760  0  0.187647  -0.862111  15379  1.80498  0.456205  1
761  0  0.706669  -0.0638365  15504.3  1.88074  0.152233  1
762  0  0.498966  0.195788  13324.3  2.80019  0.065391  1
763  0  0.641228  -0.0374409  15534  1.51006  0.125864  1
764  0  0.597158  -0.0419626  15578.9  1.51299  0.135958  1
765  0  0.490235  -0.721083  15391.6  1.82517  0.378784  1
766  0  0.726256  0.370197  14087.1  2.29042  0.0168535  1
767  0  0.489509  -0.0541793  15593.8  1.57519  0.156302  1
768  0  0.946225  0.22127  14518.9  2.10881  -0.21133  1
769  0  0.286812  0.366298  13350.9  2.61253  0.440783  1
770  0  -0.751874  0.373246  14659.5  1.97553  0.691329  1
771  0  0.884509  -0.04876  15375.2  1.94049  0.114488  1
772  0  0.85038  -0.789611  15285.3  1.902  0.35769  1
773  0  -0.518616  0.974536  14460.3  2.0389  0.610758  1
774  0  1.1512  -0.020593  15195.6  1.68508  0.160445  1
775  0  -0.411409  -0.966856  15244.3  1.84285  0.542447  1
776  0  -0.715577  -1.33946  15178.9  1.88748  0.529781  1
777  0  1.70132  1.3097  14868.9  1.82223  0.317775  1
778  0  -0.467658  0.32267  14516.7  2.01971  0.800483  1
779  0  0.0720493  -0.259021  15856.6  1.49207  0.407954  1
780  0  -0.705481  -0.0900576  14935.3  1.88098  0.700609  1
781  0  0.669894  0.0788638  13411.9  -0.331571  0.0978667  1
782  0  0.650359  0.112968  13421.7  0.958297  -0.0675944  1
783  0  0.922594  -0.0475119  15313  1.97038  0.114854  1
784  0  -0.301219  -0.257666  15316.3  1.69166  0.728204  1
785  0  -0.0692897  0.0812425  13609.8  1.94416  1.66503  1
786  0  -0.0958733  0.12898  13719.3  2.11012  1.4034  1
787  0  -1.70504  0.0661852  14839.9  1.93283  0.5504  1
788  0  0.427965  -0.0995677  15613.4  1.74772  0.186667  1
789  0  0.0243232  -0.434959  15600.6  1.64344  0.479727  1
790  0  -1.69902  -1.34155  15083.8  1.93008  0.521448  1
791  0  0.355615  -0.0664542  15660.6  1.56375  0.152535  1
792  0  0.181941  -0.495537  15562.7  1.69931  0.416058  1
793  0  -0.607358  1.76498  14516.3  1.97194  0.5486  1
794  0  0.523733  0.425689  13851.3  2.41582  0.208973  1
795  0  0.236645  0.26941  12776.1  2.82499  0.501143  1
796  0  -0.623127  0.686587  14506.6  2.03068  0.663975  1
797  0  0.936954  -0.0730259  15307.1  1.98658  0.132922  1
798  0  0.700288  -0.198188  15465.9  1.81462  0.202073  1
799  0  -1.68536  -0.555345  14981.2  1.92763  0.540097  1
800  0  -0.28734  0.471566  14252.3  2.14139  0.788556  1
801  0  -1.69287  -1.69287  15102.9  1.93  0.515348  1
802  0  0.107968  -0.114787  16134.2  1.30613  0.106576  1
803  0  0.181517  -0.27933  15763.5  1.5807  0.324165  1
804  0  0.847486  -0.365043  15360.7  1.87824  0.248784  1
805  0  0.142159  0.293399  12882.3  2.74869  0.723577  1
806  0  0.667086  -0.0637434  15526.6  1.87039  0.1607  1
807  0  0.046131  -0.174985  16073.2  1.31519  0.386505  1
808  0  0.465512  -0.0572118  15613.6  1.58069  0.156232  1
809  0  0.621601  -0.070196  15534.9  1.85219  0.168986  1
810  0  0.895582  -0.166473  15352  1.88591  0.177184  1
811  0  0.379146  -0.0629381  15651.2  1.56798  0.154668  1
812  0  0.509443  -0.0486232  15603  1.49449  0.144772  1
813  0  0.942704  -0.384346  15312.8  1.90772  0.250947  1
814  0  0.33507  -0.0656589  15673.8  1.49216  0.147507  1
815  0  0.291077  -0.0726057  15705.4  1.5444  0.14355  1
816  0  0.314659  -0.0699866  15673.2  1.55416  0.152206  1
817  0  0.0603089  0.149741  11458.8  3.02961  1.37924  1
818  0  0.85083  -0.247492  15374.1  1.87324  0.210001  1
819  0  0.476758  0.116134  13203  0.571296  0.0588794  1
820  0  0.459152  -0.105407  15607.2  1.7439  0.191287  1
821  0  1.76535  0.251873  14942.7  1.84755  0.119745  1
822  0  1.12597  -0.741303  15208.2  1.96095  0.331767  1
823  0  1.14794  -0.896204  15189.8  1.96532  0.363732  1
824  0  0.374225  -0.39789  15569.6  1.72694  0.319643  1
825  0  0.972455  1.15626  14636.4  1.982  0.316739  1
826  0  0.161505  -1.70787  15225.9  1.90811  0.498548  1
827  0  1.23994  0.138792  15044.8  1.74374  -0.0294573  1
828  0  0.0370649  0.226477  12709.3  2.70545  1.11654  1
829  0  -1.3244  1.05262  14621.5  1.9495  0.559898  1
830  0  0.381709  0.185507  13012.1  2.92764  0.148793  1
831  0  0.798024  -0.059146  15443  1.91157  0.139609  1
832  0  -0.125202  -0.303687  15593.4  1.57509  0.621518  1
833  0  -1.72967  1.48531  14602.9  1.93926  0.522321  1
834  0  0.442636  -0.229925  15591.2  1.72243  0.237242  1
835  0  1.07844  -0.508732  15249.4  1.94521  0.280824  1
836  0  0.022474  -0.111262  16363.9  1.02029  0.393196  1
837  0  0.535141  -0.0731804  15574.2  1.8217  0.173519  1
838  0  0.452383  0.120363  13175.9  0.780754  0.0434991  1
839  0  0.837955  -0.0570115  15414.4  1.92851  0.129041  1
840  0  0.600333  0.941686  14407.2  2.1151  0.361597  1
841  0  0.496533  0.109344  13203.8  0.204958  0.0651827  1
842  0  -0.392568  -1.36215  15218.2  1.87471  0.518671  1
843  0  0.790027  0.103204  13948.8  1.16038  -0.253287  1
844  0  -0.518794  -0.319337  15153.3  1.80151  0.678089  1
845  0  -0.963248  -0.405159  15023.1  1.88822  0.615343  1
846  0  0.541241  0.105234  13197.9  0.146297  0.0574144  1
847  0  -0.10153  -0.0686278  15526.6  1.33159  1.08529  1
848  0  0.91269  -0.992714  15232.4  1.92929  0.391253  1
849  0  0.727174  -0.583097  15369.2  1.86036  0.319157  1
850  0  0.928167  0.093218  14446.6  1.47614  -0.300865  1
851  0  0.271419  -0.0724571  15696.2  1.50397  0.133282  1
852  0  0.37568  -0.218445  15633.8  1.69291  0.23632  1
853  0  0.516593  0.109457  13193.5  0.263522  0.0638494  1
854  0  -0.337164  0.237599  14464.9  2.0187  0.889921  1
855  0  -1.35575  -0.915211  15063.6  1.91772  0.549377  1
856  0  0.574934  -0.0688494  15551.8  1.83861  0.173884  1
857  0  0.640649  -0.187255  15499.6  1.79184  0.204545  1
858  0  -1.40572  -1.18333  15087.3  1.92121  0.535603  1
859  0  0.609329  -0.119683  15529.5  1.7713  0.183551  1
860  0  0.447301  0.168943  13189.1  2.71896  0.0830012  1
861  0  -0.296824  -0.0678582  15069.5  1.73007  0.896919  1
862  0  0.520283  -0.12911  15570.6  1.74152  0.193499  1
863  0  1.05608  -0.112322  15253.1  1.97152  0.174271  1
864  0  0.381878  0.427019  13646.4  2.49392  0.342112  1
865  0  -0.732627  -1.72146  15173.1  1.90636  0.517974  1
866  0  0.325441  0.164292  12658.3  2.96402  0.159768  1
867  0  0.366188  0.159561  12910.6  2.78495  0.107024  1
868  0  1.74839  -1.71015  14990.4  2.01648  0.486986  1
869  0  1.04768  -0.225719  15275.6  1.9353  0.203059  1
870  0  0.697217  0.104814  13472.9  0.867387  -0.0979565  1
871  0  0.100759  -0.184513  15996  1.4094  0.300226  1
872  0  0.173037  0.391579  13378.9  2.57259  0.612181  1
873  0  -1.38249  -0.311291  14949.5  1.91997  0.576222  1
874  0  0.13319  0.160073  11082.7  3.39465  0.990696  1
875  0  0.885045  0.0793672  14330.1  0.988085  -0.170617  1
876  0  -1.17653  0.249783  14782.8  1.94024  0.614884  1
877  0  0.0663064  0.250361  12701.2  2.74397  0.989723  1
878  0  0.202786  -0.0775426  15809.3  1.4869  0.0768538  1
879  0  1.01306  -0.0213992  15131.2  1.6969  0.169036  1
880  0  1.10592  0.733336  14659.7  1.98763  0.176266  1
881  0  0.72954  -1.06332  15263.3  1.90033  0.413921  1
882  0  0.970145  -0.062137  15262.7  2.01231  0.13316  1
883  0  0.544641  -0.167482  15551.7  1.7536  0.205181  1
884  0  0.679046  -0.755483  15342.5  1.86356  0.363757  1
885  0  0.890006  -0.0903017  15358.2  1.9257  0.140833  1
886  0  1.27287  0.867003  14740  1.92535  0.21214  1
887  0  0.097395  0.111321  9791.57  3.26972  1.34668  1
888  0  0.36929  1.46073  14525.9  2.00768  0.478705  1
889  0  -0.038582  -1.11798  15289.3  1.84276  0.498296  1
890  0  0.814979  -0.0234298  15453.2  1.49264  0.0931532  1
891  0  0.56109  0.0992121  13171.9  -0.105564  0.100293  1
892  0  0.652589  -0.269416  15476.7  1.8038  0.231902  1
893  0  0.820681  0.673951  14423.7  2.12758  0.198162  1
894  0  0.0747698  -0.31616  15749  1.55247  0.429294  1
895  0  0.68401  0.125117  13450.3  1.56809  -0.170602  1
896  0  1.48906  -0.237598  15071.5  2.04766  0.216181  1
897  0  -0.0492779  -0.0587002  15947.1  0.963664  1.10321  1
898  0  0.0258685  -0.229167  15901.5  1.42706  0.463959  1
899  0  -0.0998293  0.0159687  14692.1  1.57344  1.47885  1
900  0  0.569006  0.179734  13406.8  2.68339  -0.0368266  1
901  0  0.000535266  0.0441285  10824.9  2.04139  2.76738  1
902  0  0.348709  0.212143  12943.3  2.8812  0.216905  1
903  0  0.794238  1.31267  14607.6  1.98028  0.385381  1
904  0  0.588096  -0.275434  15504.8  1.78269  0.239977  1
905  0  0.255798  -0.205137  15741.2  1.61856  0.242428  1
906  0  0.940473  -0.193324  15323.6  1.90453  0.187937  1
907  0  -0.119117  1.75306  14519.3  1.97545  0.540929  1
908  0  0.122889  -0.133584  16051  1.37666  0.164602  1
909  0  -0.41913  -0.250512  15169.6  1.77092  0.727171  1
910  0  0.489354  -0.181381  15577.2  1.7361  0.215382  1
911  0  1.49881  -0.0190043  15073.2  1.94098  0.171051  1
912  0  -0.318258  -0.454597  15333  1.7406  0.622082  1
913  0  0.343067  0.130521  12686  1.56068  0.0297477  1
914  0  -1.18209  1.66658  14552.2  1.95798  0.540151  1
915  0  -0.273243  -0.871784  15298.6  1.81403  0.53816  1
916  0  0.306601  -0.192633  15691.8  1.65565  0.230296  1
917  0  0.383145  -0.101268  15643.8  1.70964  0.182867  1
918  0  0.550872  -0.108009  15558.3  1.76128  0.185241  1
919  0  0.264809  -0.115323  15721.9  1.64621  0.174154  1
920  0  0.738432  0.102115  13670.9  0.961004  -0.182292  1
921  0  0.421146  1.00722  14372.5  2.11788  0.432245  1
922  0  0.316205  0.191098  12687.4  3.01566  0.234913  1
923  0  0.365795  -0.147533  15651.9  1.68316  0.20465  1
924  0  0.733723  -0.135601  15462.2  1.81486  0.175211  1
925  0  0.75868  -0.219958  15431.4  1.83733  0.203684  1
926  0  0.879318  -0.0683559  15372.5  1.95769  0.133463  1
927  0  1.149  -0.179975  15213  1.96726  0.190396  1
928  0  0.615039  -0.967985  15304.5  1.87429  0.407415  1
929  0  0.206548  -0.200971  15801.4  1.57649  0.248097  1
930  0  0.505541  -0.245542  15555.1  1.74998  0.238729  1
931  0  0.824307  0.102532  14142.9  1.29792  -0.278514  1
932  0  0.713154  0.461073  14167.1  2.26311  0.10413  1
933  0  0.824658  0.525175  14368.9  2.16206  0.110228  1
934  0  0.909113  0.150964  14420.7  2.08626  -0.314965  1
935  0  0.334516  0.318423  13259.2  2.65774  0.342354  1
936  0  0.148995  -0.194159  15902.9  1.49505  0.266643  1
937  0  -0.953077  0.852035  14591.4  1.97912  0.605553  1
938  0  0.214354  0.662033  14018.2  2.30022  0.517424  1
939  0  0.182051  0.496858  13701.7  2.44355  0.570595  1
940  0  1.03169  -1.2391  15183.3  1.95479  0.427818  1
941  0  0.93763  0.064688  14462.6  0.829195  -0.224059  1
942  0  0.684252  -0.0328634  15527.3  1.48128  0.120045  1
943  0  -0.884825  -0.0585285  14900.5  1.90538  0.66177  1
944  0  -0.86045  1.0384  14548.8  1.98641  0.592013  1
945  0  -0.0100409  -0.0138896  14978  0.159037  1.86153  1
946  0  0.434677  -0.395496  15539.4  1.74964  0.307879  1
947  0  0.609196  0.310427  13788.8  2.44301  0.0386562  1
948  0  0.00426084  -0.0334723  16475.6  -0.0894561  0.879758  1
949  0  1.44606  0.528381  14847.4  1.85733  0.124326  1
950  0  -1.76149  0.299  14794.8  1.93686  0.538339  1
951  0  -1.43938  0.577575  14707.6  1.94626  0.572114  1
952  0  0.106819  -0.443234  15606  1.65611  0.440177  1
953  0  -0.09614  -0.936699  15321.4  1.81722  0.508294  1
954  0  0.467647  -0.523266  15476.7  1.78208  0.337854  1
955  0  0.207734  0.176018  11830.3  3.26816  0.54734  1
956  0  0.857543  -1.34366  15198.9  1.9386  0.449486  1
957  0  0.587431  0.125082  13235.9  1.31946  -0.0566556  1
958  0  -0.432248  -0.0863414  15018.7  1.80405  0.800226  1
959  0  0.0340207  -1.46475  15244.9  1.88046  0.495472  1
960  0  0.415396  0.166414  13102.9  2.70381  0.0899674  1
961  0  -1.76651  1.76651  14585.8  1.93889  0.515545  1
962  0  1.84257  -0.188561  14970.7  2.13257  0.22863  1
963  0  0.249632  0.503826  13718.3  2.44675  0.503935  1
964  0  -0.292626  0.90511  14378.8  2.0858  0.615461  1
965  0  0.267987  0.161968  12183.7  3.15405  0.272048  1
966  0  0.281235  1.16036  14415.7  2.07876  0.484696  1
967  0  0.0766862  1.18957  14414.8  2.06638  0.530462  1
968  0  0.790674  -0.119728  15429.4  1.83914  0.162641  1
969  0  1.32681  -0.913633  15133  2.0031  0.367582  1
970  0  0.794311  -0.178429  15417.2  1.84702  0.187033  1
971  0  -0.0251127  0.31237  13488.9  2.42432  0.962825  1
972  0  -0.0515561  0.165306  13155.1  2.38302  1.39336  1
973  0  0.845727  0.311555  14298.3  2.18371  -0.0923275  1
974  0  0.949979  0.0265294  14531.3  -0.0509673  -0.0695923  1
975  0  0.175879  -0.102254  15863  1.57075  0.0938073  1
976  0  0.363694  -0.292893  15626.7  1.69264  0.276992  1
977  0  0.157753  -0.113333  15922.3  1.48637  0.10207  1
978  0  1.49538  0.810902  14821.7  1.87105  0.199059  1
979  0  0.79546  0.173207  14044.9  2.33816  -0.293262  1
980  0  -0.649805  -0.24564  15046.3  1.84787  0.683002  1
981  0  -0.95332  -1.25651  15142.1  1.89883  0.538756  1
982  0  0.213578  -0.115953  15797.4  1.58821  0.135198  1
983  0  0.0457707  -0.591382  15488.7  1.72615  0.481263  1
984  0  0.709699  -0.159984  15470.5  1.8108  0.186876  1
985  0  1.53524  0.167255  14999  1.83866  0.0988336  1
986  0  -0.341223  -1.16029  15240.5  1.857  0.524135  1
987  0  0.299797  -0.149077  15701.5  1.647  0.202516  1
988  0  -0.179943  0.475449  14078.2  2.22139  0.793843  1
989  0  -0.154492  0.253678  13963.1  2.17966  1.04314  1
990  0  -1.16104  0.885368  14623.6  1.96118  0.583946  1
991  0  0.854642  -0.136438  15382.6  1.86496  0.164959  1
992  0  0.712198  0.0704961  13550.7  -0.389887  0.0470188  1
993  0  -1.40739  -1.77369  15118.5  1.92496  0.515534  1
994  0  0.437835  0.226216  13255.3  2.73698  0.136808  1
995  0  0.197718  0.235956  12440.4  2.92536  0.590147  1
996  0  0.730942  0.148925  13731.7  2.25878  -0.270221  1
997  0  0.952292  0.764755  14559  2.04152  0.206322  1
998  0  -0.132407  0.567508  14094.3  2.23246  0.722871  1
999  0  -0.791102  -0.475031  15083.4  1.86336  0.621286  1
1000  0  0.414129  0.732871  14174.9  2.23711  0.395711  1
