0  2  1  0  16710.5  2.68678e-16  -1.01189e-17  1
1  1  2  2  16596.8  1.97341  0.103699  1
2  1  2  -2  16601.4  2.02853  0.14721  1
3  3  -2  -2  16739.2  1.99387  0.156505  1
4  3  -2  2  16561.4  1.99507  0.155523  1
10  1  2  1.6  16590.8  1.96167  0.0941336  1
11  1  2  1.2  16590.8  1.94029  0.0728646  1
12  1  2  0.8  16590.8  1.91768  0.0433593  1
13  1  2  0.4  16590.8  1.91195  0.0070187  1
14  1  2  5.50449e-12  16590.8  1.99674  0.0097054  1
15  1  2  -0.4  16590.8  2.08339  0.0507445  1
16  1  2  -0.8  16590.8  2.08188  0.0888464  1
17  1  2  -1.2  16590.8  2.07036  0.116256  1
18  1  2  -1.6  16590.8  2.06558  0.131243  1
19  0  1.6  -2  16625.9  1.99387  0.156505  1
20  0  1.2  -2  16669.7  1.99387  0.156505  1
21  0  0.8  -2  16719.6  1.99387  0.156505  1
22  0  0.4  -2  16749.9  1.99387  0.156505  1
23  0  5.50449e-12  -2  16762  1.99387  0.156505  1
24  0  -0.4  -2  16759.3  1.99387  0.156505  1
25  0  -0.8  -2  16751.1  1.99387  0.156505  1
26  0  -1.2  -2  16745.5  1.99387  0.156505  1
27  0  -1.6  -2  16741.9  1.99387  0.156505  1
28  3  -2  -1.6  16737.2  1.99387  0.156505  1
29  3  -2  -1.2  16731.2  1.99387  0.156505  1
30  3  -2  -0.8  16719.2  1.99387  0.156505  1
31  3  -2  -0.4  16697.5  1.99387  0.156505  1
32  3  -2  -5.50449e-12  16667.3  1.99387  0.156505  1
33  3  -2  0.4  16635.2  1.99387  0.156505  1
34  3  -2  0.8  16603.5  1.99387  0.156505  1
35  3  -2  1.2  16580.4  1.99387  0.156505  1
36  3  -2  1.6  16567.7  1.99387  0.156505  1
37  0  -1.6  2  16550.4  2.00035  0.156416  1
38  0  -1.2  2  16534.6  2.00631  0.161672  1
39  0  -0.8  2  16525.4  2.0103  0.168643  1
40  0  -0.4  2  16520.7  2.01345  0.175129  1
41  0  -5.50449e-12  2  16533.8  2.01268  0.167788  1
42  0  0.4  2  16572.2  2.00243  0.142258  1
43  0  0.8  2  16596  1.98972  0.114015  1
44  0  1.2  2  16582.8  1.98976  0.105232  1
45  0  1.6  2  16586  1.98447  0.106952  1
46  2  0.979058  0.00476624  16691.7  -4.37808e-17  6.72188e-18  1
47  2  0.957581  0.00866976  16646.5  0  0  1
48  2  0.93611  0.0126087  16538.8  0  0  1
49  2  0.914639  0.0165408  16469.5  1.19898e-16  -4.04002e-17  1
50  2  0.893173  0.0205029  16417  0  0  1
51  2  0.871698  0.0244194  16367.4  0  0  1
52  2  0.850224  0.0283408  16339.7  0  0  1
53  2  0.82876  0.0323095  16302  0  0  1
54  2  0.807304  0.0363287  16257.3  0  0  1
55  2  0.785856  0.0403879  16238.2  0  0  1
56  2  0.764419  0.044506  16255.3  0  0  1
57  2  0.742998  0.0487064  16239.5  0  0  1
58  2  0.721596  0.0529983  16181.4  0  0  1
59  2  0.7002  0.0573228  16180.7  1.14487e-16  -1.84371e-17  1
60  2  0.678816  0.0617096  16146.3  0  0  1
61  2  0.657441  0.0661382  16030.9  0  0  1
62  2  0.636065  0.0705612  16006.1  -4.64198e-17  5.68615e-18  1
63  2  0.614704  0.0750561  15970.8  0  0  1
64  2  0.593348  0.0795727  15960.8  -7.15734e-17  9.50659e-18  1
65  2  0.571981  0.0840405  15939.1  0  0  1
66  2  0.550623  0.0885454  15774.2  0  0  1
67  2  0.52926  0.0930339  15679.2  -5.76221e-17  -1.14887e-18  1
68  2  0.507877  0.0974199  15718.7  0  0  1
69  2  0.486494  0.101808  15623.1  0  0  1
70  2  0.465101  0.106147  15413.3  0  0  1
71  2  0.443676  0.11033  15319.8  0  0  1
72  2  0.422226  0.114378  15284.6  0  0  1
73  2  0.400743  0.118246  15188.5  1.84233e-16  -2.33927e-17  1
74  2  0.379209  0.121822  15032.9  3.43378e-16  -2.81745e-17  1
75  2  0.357631  0.125119  14909.6  0  0  1
76  2  0.336002  0.128063  14756.6  2.42369e-16  -1.27226e-17  1
77  2  0.314312  0.130515  14474.8  -2.04317e-16  7.83257e-18  1
78  2  0.292573  0.132481  14242.8  3.0165e-16  2.14196e-18  1
79  2  0.270781  0.133734  14032.1  0  0  1
80  2  0.248957  0.134052  13810.9  1.1564e-16  6.95445e-18  1
81  2  0.227142  0.13336  13626  0  0  1
82  2  0.20543  0.131157  13525.5  8.34018e-16  1.41784e-16  1
83  2  0.183894  0.127611  13549.8  0  0  1
84  2  0.162634  0.122682  13675.2  6.17844e-16  1.78039e-16  1
85  2  0.141735  0.116384  13882.4  0  0  1
86  2  0.121159  0.109111  13969.2  2.87628e-16  1.13579e-16  1
87  2  0.101181  0.100321  14123.3  2.72935e-16  1.25654e-16  1
88  2  0.0816325  0.0906203  14557.9  0  0  1
89  2  0.0629836  0.0792792  14945.7  -2.30855e-16  -7.74867e-17  1
90  2  0.0451514  0.0667195  15449  0  0  1
91  2  0.0285817  0.0525121  15998  0  0  1
92  2  0.0134863  0.0367765  16706.2  0  0  1
93  2  0.00249676  0.018005  17705.3  2.37424e-16  1.75591e-16  1
94  2  0.000903677  -0.00332988  17884.6  -4.03227e-16  5.73516e-17  1
95  2  0.0196437  -0.0132542  17259.3  0  0  1
96  2  0.0410237  -0.0175762  16888.1  0  0  1
97  2  0.0626816  -0.020292  16860.6  0  0  1
98  2  0.084405  -0.022419  16798.6  9.88518e-17  -5.12015e-18  1
99  2  0.106213  -0.0233529  16799.2  0  0  1
100  2  0.128011  -0.0244749  16779.6  0  0  1
101  2  0.149835  -0.0249433  16720.8  0  0  1
102  2  0.171652  -0.025645  16750.8  0  0  1
103  2  0.19348  -0.0258156  16781  0  0  1
104  2  0.215305  -0.0261993  16771.8  0  0  1
105  2  0.237133  -0.02632  16757.4  0  0  1
106  2  0.258962  -0.0263757  16754  0  0  1
107  2  0.28079  -0.0265006  16748.9  0  0  1
108  2  0.302619  -0.0264044  16748.3  0  0  1
109  2  0.324447  -0.0263641  16757  0  0  1
110  2  0.346276  -0.0262835  16753  0  0  1
111  2  0.368104  -0.0260809  16755.7  -1.49469e-16  2.15219e-18  1
112  2  0.389932  -0.025927  16733.4  0  0  1
113  2  0.41176  -0.025706  16723.9  0  0  1
114  2  0.433586  -0.0253951  16781.6  0  0  1
115  2  0.455413  -0.0251381  16786.1  0  0  1
116  2  0.47724  -0.0248129  16505.2  0  0  1
117  2  0.499065  -0.0244063  16540.4  0  0  1
118  2  0.520891  -0.0240571  16760.5  1.45181e-16  4.09378e-18  1
119  2  0.542715  -0.0236386  16707.5  0  0  1
120  2  0.564538  -0.0231359  16711.4  0  0  1
121  2  0.586362  -0.0226802  16696.6  0  0  1
122  2  0.608185  -0.022158  16676.9  0  0  1
123  2  0.630005  -0.0215644  16678.4  3.40275e-16  4.12417e-18  1
124  2  0.651827  -0.0210145  16662.6  0  0  1
125  2  0.673646  -0.0203622  16635.3  0  0  1
126  2  0.695463  -0.0196381  16651.6  5.11496e-17  2.1283e-18  1
127  2  0.717281  -0.0189441  16626.1  0  0  1
128  2  0.739094  -0.0181209  16622.2  1.44792e-16  3.83847e-18  1
129  2  0.760905  -0.0172435  16612.9  0  0  1
130  2  0.782713  -0.0163035  16600.1  0  0  1
131  2  0.804514  -0.0152026  16628.9  3.40942e-16  1.8333e-17  1
132  2  0.826303  -0.0138788  16620.6  0  0  1
133  2  0.848081  -0.0123986  16639.3  -1.54261e-16  -7.85006e-18  1
134  2  0.869847  -0.010736  16658.8  0  0  1
135  2  0.891597  -0.00888841  16682.2  1.85588e-16  1.27665e-17  1
136  2  0.91334  -0.00695505  16710.7  1.86114e-16  1.23836e-17  1
137  2  0.935079  -0.00498076  16713  0  0  1
138  2  0.956821  -0.00303487  16745.9  1.45922e-16  1.01746e-17  1
139  2  0.978586  -0.00137907  16748.1  0  0  1
270  0  -0.824141  0.88944  16547.2  2.01929  0.210271  1
271  0  0.0569182  0.986234  16373.8  2.11205  0.184555  1
272  0  1.0145  0.976871  16472.2  2.04652  0.0364856  1
273  0  -0.785257  0.0691055  16694.1  1.97607  0.237748  1
274  0  -0.483357  -0.881314  16784.9  1.96885  0.189484  1
275  0  0.492504  -1.04024  16749.9  1.9856  0.104008  1
276  0  1.03041  -0.63912  16715.5  2.00696  0.0834765  1
277  0  -0.351942  0.441023  16505.5  2.04912  0.326716  1
278  0  0.0301724  0.517606  16161.1  2.20301  0.290178  1
279  0  0.548737  0.605267  16189.8  2.18797  0.027974  1
280  0  0.0725797  -0.608607  16825.9  1.95008  0.104171  1
281  0  0.541051  -0.506108  16757.5  1.98335  0.0765742  1
282  0  -0.386149  0.0323324  16793.6  1.92003  0.310996  1
283  0  1.02114  0.489577  16465.9  2.03918  -0.0738483  1
284  0  0.832244  -0.341855  16728.1  2.00056  0.0759823  1
285  0  0.265148  -0.343164  16820.4  1.95053  0.0569847  1
286  0  -0.0238842  -0.296261  16942.4  1.8838  0.101238  1
287  0  0.297891  0.41517  15780.8  2.3877  0.126444  1
288  0  0.563645  0.337364  15985.1  2.28733  -0.112165  1
289  0  0.807429  0.28215  16299.8  2.12328  -0.187326  1
290  0  0.490535  -0.257406  16746  1.98982  0.0512277  1
291  0  -0.0958914  0.298119  16310.7  2.10922  0.469151  1
292  0  0.663197  -0.202021  16709.2  2.00485  0.0629853  1
293  0  0.0951852  0.298634  15689.9  2.38412  0.448231  1
294  0  1.00377  0.224499  16541.7  2.03303  -0.188497  1
295  0  0.824405  -0.178114  16709.3  2.00399  0.0846119  1
296  0  1.00055  -0.175471  16762.1  1.97708  0.083776  1
297  0  -0.141213  0.114715  16791.9  1.86633  0.522535  1
298  0  0.13541  -0.213937  16894.9  1.90913  0.0271396  1
299  0  0.297777  -0.170528  16794.8  1.95926  0.0198539  1
300  0  0.241676  0.266899  15234.3  2.59892  0.213328  1
301  0  0.391746  0.287806  15580.8  2.46618  -0.0363035  1
302  0  0.00184816  -0.156325  17074.8  1.80254  0.0436171  1
303  0  -0.185341  -0.0809803  17045.6  1.78994  0.262044  1
304  0  0.402032  -0.142971  16750.3  1.98313  0.0239409  1
305  0  0.51173  -0.13376  16710.6  2.01237  0.0396593  1
306  0  0.668251  0.227794  16098.8  2.28067  -0.227226  1
307  0  -0.538139  -0.413107  16804.5  1.94754  0.215143  1
308  0  0.0362475  0.201088  15761.9  2.2916  0.71303  1
309  0  0.496231  0.216456  15695.1  2.48947  -0.198756  1
310  0  0.204499  -0.133798  16833.5  1.93236  -0.00224158  1
311  0  0.885413  0.160275  16417.1  2.20937  -0.27545  1
312  0  0.769744  0.160249  16235  2.29664  -0.287047  1
313  0  0.598846  -0.114404  16694.3  2.04764  0.0489513  1
314  0  -0.0262462  0.130384  16376.3  1.97069  0.824508  1
315  0  0.682102  -0.114574  16685.7  2.06034  0.0605988  1
316  0  1.53135  -0.0774265  16678.3  1.96675  -0.00403355  1
317  0  -0.108203  0.00712319  17238.5  1.6258  0.384089  1
318  0  0.112755  -0.119029  16918.2  1.88034  -0.0304872  1
319  0  0.911804  -0.112913  16724.9  2.04577  0.102219  1
320  0  0.128829  0.199686  15034.8  2.64455  0.629015  1
321  0  -1.27196  -0.494784  16723.2  1.98469  0.176646  1
322  0  0.984761  -0.0976668  16780.7  2.04855  0.105621  1
323  0  0.576878  0.176996  15900  2.47817  -0.276096  1
324  0  0.962629  0.108514  16582.9  2.04133  -0.296072  1
325  0  1.13949  0.097291  16788  1.83128  -0.136628  1
326  0  1.21976  -0.0876411  16764.1  1.86336  0.0274251  1
327  0  0.313252  0.227421  15103.8  2.69135  0.0172642  1
328  0  0.335645  -0.103028  16764  1.99258  0.00698241  1
329  0  1.16257  -1.35132  16679.2  2.02193  0.121289  1
330  0  -0.224433  0.748085  16405.1  2.09568  0.260619  1
331  0  -0.384167  1.37896  16493  2.04104  0.191113  1
332  0  0.0491818  -0.0990645  17036.7  1.80366  -0.0517298  1
333  0  -0.0180801  -1.11762  16779.5  1.97612  0.13239  1
334  0  0.775798  -0.107604  16671.4  2.07898  0.0807344  1
335  0  0.269498  -0.0925185  16788.7  2.00555  -0.00177386  1
336  0  -0.0105342  -0.0728943  17296.1  1.6485  -0.0277042  1
337  0  -1.39054  0.426402  16631.3  1.9954  0.184203  1
338  0  0.841852  -0.0817015  16685.1  2.10945  0.101844  1
339  0  0.379372  0.195137  15263.3  2.74574  -0.136802  1
340  0  0.244081  0.730222  16228.3  2.17518  0.153182  1
341  0  -1.17383  -1.24521  16745.1  1.98914  0.166078  1
342  0  0.44415  0.183323  15465.8  2.66147  -0.220929  1
343  0  0.549601  1.11741  16410  2.09085  0.0942726  1
344  0  0.681593  0.152706  16114  2.36128  -0.294154  1
345  0  0.831568  0.106579  16296.9  1.93697  -0.281597  1
346  0  0.893544  0.0869944  16427.2  1.79412  -0.286349  1
347  0  0.44528  -0.0915558  16716.3  2.06249  0.0149263  1
348  0  -0.0527872  0.0629727  17110.6  1.58454  0.694196  1
349  0  1.56755  0.447618  16603.5  1.94129  -0.0232706  1
350  0  1.21528  0.344948  16598.1  1.96513  -0.0766441  1
351  0  -0.734126  0.436119  16600.9  2.00822  0.24893  1
352  0  -0.294872  0.255183  16593  1.99961  0.383633  1
353  0  -0.49856  0.211354  16662.9  1.98124  0.306084  1
354  0  0.208645  0.203692  14732.5  2.83637  0.357759  1
355  0  1.42462  -0.489982  16676.6  2.03482  0.0560999  1
356  0  0.0872296  0.156528  15042.4  2.58343  0.916146  1
357  0  -0.231138  -0.516003  16849  1.93642  0.167373  1
358  0  0.305232  -0.58393  16793.6  1.96485  0.0846473  1
359  0  -0.408668  -0.234891  16849.9  1.91786  0.23378  1
360  0  -1.34593  1.38126  16557.6  2.00123  0.169743  1
361  0  -0.156996  0.493389  16336.2  2.12355  0.33472  1
362  0  0.531157  -0.0765186  16665.3  2.11096  0.041597  1
363  0  0.633948  -0.36578  16737.5  1.99314  0.0691902  1
364  0  0.0457479  0.129836  15530.2  2.2983  1.05706  1
365  0  0.375402  -0.262343  16778.3  1.97265  0.0443064  1
366  0  0.164311  -0.0780572  16818.8  1.99907  -0.0400639  1
367  0  0.639376  -0.069888  16676.6  2.09147  0.0423644  1
368  0  0.259844  0.186463  14560  2.99589  0.14989  1
369  0  1.00405  0.0581921  16720.5  1.35935  -0.249246  1
370  0  0.74221  -0.519866  16736.8  1.99576  0.0794686  1
371  0  1.09141  -0.402116  16726  2.00768  0.0696083  1
372  0  0.733451  -0.0661698  16637.9  2.09884  0.0649516  1
373  0  0.510281  0.167212  15704.2  2.54293  -0.275786  1
374  0  0.379372  -0.0761534  16744.1  2.07662  0.00207278  1
375  0  0.574301  -0.200945  16718.3  1.99957  0.0537991  1
376  0  0.221975  -0.871116  16781.2  1.97379  0.103311  1
377  0  0.616876  0.123977  15973.5  1.94099  -0.262745  1
378  0  0.423394  -0.402694  16775.3  1.97318  0.0656573  1
379  0  1.11703  -0.0639526  16857.1  1.83789  0.0556998  1
380  0  -0.536423  0.677276  16518.1  2.04114  0.258991  1
381  0  -1.22872  -0.015336  16683.7  1.98619  0.191538  1
382  0  0.947741  -0.0529144  16732.8  1.99523  0.124498  1
383  0  -0.843746  -0.745222  16761.2  1.97548  0.191291  1
384  0  0.721438  0.10731  16171.5  1.72276  -0.256167  1
385  0  0.11233  -0.344399  16874.7  1.92173  0.0697883  1
386  0  -0.894761  -0.291183  16740.2  1.97044  0.206248  1
387  0  0.224317  -0.0710478  16783.3  2.04564  -0.0269462  1
388  0  1.3485  -0.934735  16671  2.02527  0.0926762  1
389  0  0.186714  1.43972  16474.1  2.05222  0.151125  1
390  0  -0.0500752  0.0128875  17561.7  1.35709  0.477195  1
391  0  -0.366247  -1.43537  16763.2  1.9755  0.173672  1
392  0  0.574874  -0.0629674  16698.3  2.04474  0.0421876  1
393  0  0.884784  -0.0576329  16687.6  2.0328  0.116131  1
394  0  0.488561  -0.0712097  16666.3  2.1092  0.00632355  1
395  0  -0.206921  -0.240234  16952.2  1.86907  0.188429  1
396  0  0.311489  -1.48171  16752.3  1.99202  0.115881  1
397  0  0.778101  -0.876028  16728.6  1.99538  0.096786  1
398  0  -0.216677  0.0305543  16925.2  1.82788  0.373325  1
399  0  0.114817  -0.0685065  16856.7  1.97328  -0.0920391  1
400  0  0.784334  0.0903189  16262.8  1.58334  -0.224985  1
401  0  -0.581528  -0.0687206  16764.5  1.94401  0.260196  1
402  0  0.68982  0.512136  16233.4  2.16549  -0.0437909  1
403  0  0.16267  0.17084  14474.3  2.92448  0.643486  1
404  0  0.933702  0.0600485  16522.5  1.24909  -0.243706  1
405  0  0.548434  0.133612  15778.1  2.0364  -0.271386  1
406  0  1.09392  0.01854  16916.2  1.41279  -0.0402156  1
407  0  0.997288  -0.0398538  16781.9  1.88473  0.143594  1
408  0  0.654317  0.110709  16036  1.67214  -0.238519  1
409  0  1.39713  1.40655  16549  1.99521  0.0793868  1
410  0  -0.104767  -0.143719  17100.4  1.77571  0.150909  1
411  0  0.894295  1.47451  16514.3  2.02676  0.0917161  1
412  0  0.507134  -0.739973  16759.4  1.98236  0.0926256  1
413  0  0.331462  0.170546  14878.3  2.85296  -0.113817  1
414  0  0.796111  -0.0594917  16641.5  2.05763  0.0902434  1
415  0  0.00672596  0.0947677  16266.7  1.88295  1.0945  1
416  0  -0.00997093  0.391726  16114.3  2.22217  0.385269  1
417  0  -0.116982  -0.854195  16800.6  1.96427  0.137072  1
418  0  0.157086  0.431372  15884.3  2.3302  0.264056  1
419  0  1.49192  0.890258  16558.3  1.97731  0.0267418  1
420  0  0.685983  -0.0630363  16649.9  2.07182  0.0532633  1
421  0  0.00218942  0.288468  16006.5  2.23137  0.513359  1
422  0  0.314536  -0.0659252  16757.2  2.07757  -0.00242213  1
423  0  0.909109  -0.21907  16730.6  1.99214  0.0830074  1
424  0  -0.0464279  0.212763  16250.5  2.10413  0.614708  1
425  0  1.27732  0.672017  16535  1.99586  -0.0103713  1
426  0  1.05264  0.142064  16693  2.04742  -0.213913  1
427  0  0.740512  -0.171262  16694.5  2.00931  0.072018  1
428  0  -1.2925  0.892923  16583.2  2.00108  0.182381  1
429  0  0.577452  0.264377  15931.3  2.3199  -0.178107  1
430  0  0.015926  0.775204  16312.5  2.13957  0.219334  1
431  0  0.425392  0.41491  15880.4  2.34745  0.0149632  1
432  0  -1.01905  0.286142  16643.7  1.99341  0.212894  1
433  0  0.0202313  -0.0560695  17226  1.73579  -0.153652  1
434  0  0.323618  0.315302  15556.9  2.4765  0.0679536  1
435  0  -0.945255  1.29173  16538.1  2.01303  0.18249  1
436  0  -0.471949  1.00504  16486.2  2.05001  0.221635  1
437  0  0.38137  0.573157  16079.4  2.2393  0.0879684  1
438  0  0.459887  -0.194739  16740.1  1.98749  0.0406503  1
439  0  0.168096  0.261604  15294.9  2.55703  0.395105  1
440  0  0.720463  -1.34025  16723.5  1.996  0.113516  1
441  0  1.06179  -0.031378  16922.8  1.60512  0.100543  1
442  0  0.752865  -0.282888  16721.3  2.00309  0.0725136  1
443  0  0.0698301  -0.0577002  16952.8  1.94168  -0.149046  1
444  0  0.218463  -0.211055  16839.4  1.93874  0.0249012  1
445  0  -0.249281  0.13613  16738  1.92616  0.406749  1
446  0  0.84233  0.760413  16393.7  2.08647  0.00867463  1
447  0  0.426153  -0.0642441  16733.8  2.06702  0.00745776  1
448  0  -0.0881321  -0.0474391  17305.6  1.64064  0.220231  1
449  0  1.41674  0.0882931  16676.6  1.87898  -0.0491129  1
450  0  -1.50711  -0.903026  16729.6  1.99168  0.164788  1
451  0  -0.328598  -0.0549476  16877.4  1.88032  0.289536  1
452  0  0.396354  0.158441  15191.8  2.5912  -0.210133  1
453  0  0.842891  0.0699886  16306.9  1.21913  -0.184833  1
454  0  1.13195  -0.282457  16740.1  1.99343  0.058722  1
455  0  -0.390991  0.146858  16707.2  1.95451  0.336618  1
456  0  1.12258  0.2113  16655.9  2.00024  -0.133266  1
457  0  -0.0103412  -0.487117  16858.7  1.93168  0.111818  1
458  0  0.654206  0.342729  16118.2  2.21986  -0.133003  1
459  0  -0.179201  0.216077  16559.1  1.99466  0.461987  1
460  0  -0.205209  0.34108  16444.7  2.06773  0.394754  1
461  0  1.63874  -1.38223  16627.7  2.05379  0.122236  1
462  0  -1.05357  0.603637  16597.7  2.00518  0.205687  1
463  0  0.117626  0.149427  14673.4  2.80268  0.902188  1
464  0  0.905304  0.269187  16411.1  2.06193  -0.185094  1
465  0  0.458801  0.147189  15446.9  2.34539  -0.262833  1
466  0  0.218325  -0.478783  16820.2  1.95103  0.0785664  1
467  0  -0.765538  -1.19355  16759.9  1.98134  0.183344  1
468  0  1.07284  -0.134097  16811.8  1.99225  0.0671205  1
469  0  0.212248  0.171303  14280.5  3.07664  0.389273  1
470  0  -0.0939984  0.651426  16319.6  2.13512  0.27009  1
471  0  -0.036424  -1.51294  16760.8  1.98145  0.141973  1
472  0  -1.70831  -0.208514  16689  1.99164  0.166988  1
473  0  0.18203  0.356731  15681.4  2.41639  0.277518  1
474  0  -0.333438  0.608522  16460.8  2.06905  0.288404  1
475  0  1.02114  -0.30196  16739.4  1.99654  0.0724206  1
476  0  -0.00218342  -0.0340622  17484.6  1.5475  -0.188766  1
477  0  0.059878  -0.171031  16988.9  1.85395  0.0187957  1
478  0  -0.148538  -0.40709  16886.7  1.9132  0.149577  1
479  0  0.724225  0.203936  16177.7  2.27835  -0.246112  1
480  0  0.182496  -0.0561327  16826.7  2.03105  -0.0453197  1
481  0  0.481674  0.907108  16340.3  2.12289  0.0928871  1
482  0  -0.109825  1.30078  16461.8  2.05988  0.185481  1
483  0  1.07497  -0.941046  16699.1  2.00997  0.0966715  1
484  0  0.269767  -0.0622933  16775.8  2.06717  -0.0133722  1
485  0  0.839687  -0.0497575  16669.7  2.00472  0.105296  1
486  0  0.354758  -0.162344  16768.6  1.96965  0.0241853  1
487  0  0.179486  0.618152  16138.5  2.21683  0.19024  1
488  0  0.057456  -0.284024  16923.3  1.89514  0.0693564  1
489  0  -0.174303  1.06264  16436.6  2.07931  0.207072  1
490  0  -0.576713  0.440036  16580.9  2.01747  0.276634  1
491  0  -0.0815027  0.162232  16506.3  1.98043  0.629641  1
492  0  0.620664  -0.0540693  16684.7  1.99525  0.0414169  1
493  0  -1.53207  -1.53207  16740.3  1.99177  0.159607  1
494  0  0.454476  -0.0622089  16709.6  2.08781  -0.00337613  1
495  0  0.349049  -0.0623408  16757.8  2.07703  -0.00133125  1
496  0  0.0777646  0.121486  14827  2.45838  1.13179  1
497  0  -0.0257676  0.0447596  17295.3  1.38472  0.863377  1
498  0  0.751033  -0.0462642  16622.3  1.79097  0.0615708  1
499  0  -1.54821  0.10781  16664.3  1.99164  0.176202  1
500  0  0.261156  -1.1177  16764.1  1.98235  0.10855  1
501  0  0.283446  0.163874  14359.6  2.71702  0.0192931  1
502  0  0.0819857  0.245039  15597.3  2.40229  0.555035  1
503  0  0.56443  1.49059  16494.7  2.04037  0.11333  1
504  0  0.589038  0.112284  15941.3  1.32287  -0.191458  1
505  0  0.641095  -0.14898  16699.1  2.01457  0.0571577  1
506  0  -0.436442  -0.0902685  16823.2  1.91463  0.268475  1
507  0  -0.547184  0.0719968  16723.7  1.95944  0.28288  1
508  0  -0.916797  -1.70388  16749.9  1.98426  0.166666  1
509  0  0.183981  -0.307756  16855.2  1.93248  0.0530043  1
510  0  0.0374783  0.0965527  15569.6  2.05834  1.24583  1
511  0  0.619499  -0.657374  16749.1  1.98832  0.087547  1
512  0  0.887408  0.422932  16378  2.08709  -0.102234  1
513  0  0.981772  0.348079  16473.6  2.02935  -0.132897  1
514  0  0.50798  -0.367009  16756.9  1.98274  0.0642469  1
515  0  0.623895  -0.293475  16729.9  1.99844  0.0642568  1
516  0  0.926893  -0.0355133  16697.1  1.67637  0.111542  1
517  0  -0.359619  -0.384391  16851.7  1.92571  0.205161  1
518  0  0.852758  0.215107  16358.3  2.1452  -0.234521  1
519  0  0.254809  -0.143172  16806.6  1.94904  0.00742987  1
520  0  -0.466682  -0.685303  16797.2  1.96237  0.194467  1
521  0  0.495177  0.324774  15839.7  2.35003  -0.0877401  1
522  0  0.878047  -0.548216  16728.4  2.00135  0.081809  1
523  0  0.888678  0.057497  16392.5  1.08212  -0.200448  1
524  0  -0.0595936  -0.233721  16998.7  1.84952  0.112097  1
525  0  0.735723  0.0766589  16205.3  0.925507  -0.136354  1
526  0  0.695519  0.088817  16173.2  1.03121  -0.166067  1
527  0  -0.382094  0.282978  16602.3  2.0034  0.34453  1
528  0  -1.61748  0.703962  16609.9  1.99636  0.172527  1
529  0  0.362395  0.169656  15059.9  2.77699  -0.161642  1
530  0  0.731391  -0.384658  16732.2  1.99686  0.0737503  1
531  0  -0.249232  1.65081  16504  2.0293  0.180211  1
532  0  0.97422  0.0391828  16675.3  0.840031  -0.168751  1
533  0  0.00202366  0.0607033  16573  1.5394  1.20257  1
534  0  -0.744686  0.253736  16649.7  1.9912  0.249808  1
535  0  0.303107  -0.271925  16804.3  1.95854  0.0431339  1
536  0  0.427363  0.153901  15339.6  2.51726  -0.242098  1
537  0  0.462438  -0.142769  16724.8  1.99608  0.0332539  1
538  0  0.196139  -0.0956064  16834.9  1.96268  -0.0186992  1
539  0  0.50285  0.127984  15673  1.66693  -0.231628  1
540  0  -0.726889  1.62433  16523  2.01614  0.177264  1
541  0  0.732019  -0.121627  16678.3  2.05042  0.0701377  1
542  0  0.554602  -0.127068  16704.4  2.02181  0.0449994  1
543  0  0.415283  0.224921  15468  2.5672  -0.131129  1
544  0  -0.700288  -0.308498  16770  1.9581  0.220207  1
545  0  0.533986  -0.0484406  16655.5  1.80133  0.0473513  1
546  0  0.974722  -1.74028  16697  2.02582  0.136068  1
547  0  0.355438  -0.336256  16790.3  1.96591  0.0557857  1
548  0  0.320403  -0.439908  16798.9  1.96106  0.0699655  1
549  0  0.137847  -0.0538688  16780.5  1.92009  -0.0792986  1
550  0  0.810565  0.0722987  16267.2  1.17373  -0.177008  1
551  0  0.551937  0.493171  16110.3  2.23472  -0.0156989  1
552  0  -0.256594  -0.137889  16951.8  1.85342  0.243095  1
553  0  1.69676  0.168946  16626.7  1.92227  -0.0283042  1
554  0  0.244756  1.19454  16414.8  2.08916  0.146245  1
555  0  1.24343  0.0243156  16749.9  1.7664  -0.0432821  1
556  0  0.0123654  0.161515  15924.3  2.18908  0.830952  1
557  0  0.297701  -0.128427  16785  1.96141  0.00859052  1
558  0  0.663687  -0.0480641  16641.2  1.83123  0.0420508  1
559  0  1.39897  -0.258806  16712.8  2.03111  0.0324595  1
560  0  0.70725  -0.046574  16646  1.81593  0.0502896  1
561  0  -0.115729  0.377438  16302  2.13161  0.400429  1
562  0  0.158276  -0.122648  16868.3  1.91391  -0.0154077  1
563  0  0.409496  -0.0951894  16740.7  2.03887  0.0113115  1
564  0  0.265922  0.931096  16331.2  2.13165  0.140207  1
565  0  0.167812  0.212383  14949  2.70321  0.471374  1
566  0  -0.282465  -1.18609  16773.3  1.97493  0.164946  1
567  0  -0.975094  -0.0847505  16708.1  1.97638  0.209566  1
568  0  0.840178  -0.244522  16721  2.00061  0.0788084  1
569  0  0.720296  0.952594  16400.5  2.0899  0.0577833  1
570  0  0.848303  -0.69966  16727.1  1.99961  0.0880099  1
571  0  0.0942306  -0.0480669  16865.3  1.90399  -0.125795  1
572  0  1.31305  -1.59728  16658.1  2.0378  0.134571  1
573  0  0.518945  -0.196583  16728.7  1.99449  0.0479046  1
574  0  0.861005  -0.132771  16707  2.02874  0.0937604  1
575  0  -0.7678  -0.478366  16766.9  1.96642  0.205121  1
576  0  0.630499  0.0966377  16005  0.999927  -0.141099  1
577  0  -0.0295566  -0.0150793  17811.6  1.29991  0.116443  1
578  0  -1.19798  -0.84394  16740.3  1.98592  0.172197  1
579  0  -1.56749  1.05963  16581.9  1.99642  0.168973  1
580  0  0.949801  0.17419  16503.3  2.13842  -0.24826  1
581  0  1.65601  -0.7357  16644.3  2.04665  0.0766213  1
582  0  -1.06523  1.62698  16536.9  2.0076  0.169268  1
583  0  0.864659  -1.09925  16713.4  2.0005  0.105604  1
584  0  0.970431  -0.0288279  16750.3  1.61423  0.108749  1
585  0  1.57764  -0.289096  16678.8  2.05497  0.0296729  1
586  0  0.048782  -0.0434218  16985.6  1.85098  -0.202707  1
587  0  0.445066  -0.311079  16765  1.97959  0.0553788  1
588  0  0.479202  -0.106699  16709.1  2.04212  0.0278497  1
589  0  0.0794878  0.391349  15960.6  2.29234  0.340162  1
590  0  0.647178  0.181824  16050.6  2.38796  -0.271507  1
591  0  0.236679  0.158912  14078.2  2.86463  0.230622  1
592  0  0.914413  -0.0684235  16707.2  2.0745  0.117258  1
593  0  -0.103764  0.0648426  17029.9  1.70419  0.551406  1
594  0  0.829922  0.162074  16320.7  2.25843  -0.28656  1
595  0  0.190787  0.153169  13953.6  2.89308  0.515642  1
596  0  -0.482217  0.517552  16531.9  2.03742  0.286849  1
597  0  -1.60043  1.60043  16557.4  1.99816  0.161278  1
598  0  0.403715  -0.0473311  16717.7  1.80526  0.00600289  1
599  0  0.426118  -0.516838  16775.9  1.97363  0.0770542  1
600  0  0.145407  0.141878  14150.8  2.78252  0.801816  1
601  0  -0.0898705  -0.616271  16829.6  1.94863  0.132557  1
602  0  -1.63041  -0.584292  16714.3  1.99122  0.166189  1
603  0  0.202341  -0.708273  16798.2  1.96396  0.0972876  1
604  0  0.0603602  -0.770441  16803.5  1.96242  0.112853  1
605  0  0.369884  -0.114837  16754.3  1.99395  0.0132649  1
606  0  0.71565  0.274995  16181  2.18922  -0.189529  1
607  0  0.755985  0.38217  16249.9  2.15715  -0.122722  1
608  0  -0.0719419  0.103306  16767.8  1.80864  0.687296  1
609  0  0.963817  -0.133354  16749.9  2.00541  0.0953298  1
610  0  0.400071  -0.198277  16760.7  1.97795  0.0351865  1
611  0  0.275398  0.225951  15009.3  2.73615  0.117726  1
612  0  0.0835802  0.201644  15398.8  2.45828  0.686303  1
613  0  -0.733483  -0.12451  16742  1.96099  0.232689  1
614  0  -0.0477358  0.466878  16209.8  2.1793  0.341574  1
615  0  0.176122  -0.175963  16863.8  1.92334  0.011482  1
616  0  0.233174  -0.101307  16807.3  1.97222  -0.00791025  1
617  0  0.0611214  0.103555  15119.7  2.23519  1.24673  1
618  0  0.105229  0.127311  14419  2.59072  1.02303  1
619  0  0.291801  -0.0482682  16763.1  1.85945  -0.00807536  1
620  0  0.251344  0.332299  15554  2.47529  0.187564  1
621  0  0.815274  -0.123473  16685.8  2.04834  0.0876072  1
622  0  1.20607  -0.560451  16704.4  2.01795  0.0724904  1
623  0  0.755868  0.109852  16214.2  1.88974  -0.265201  1
624  0  0.860525  -0.0350304  16671.9  1.68549  0.10332  1
625  0  1.06719  0.689764  16471.9  2.03939  -0.0184328  1
626  0  0.816756  -0.0367125  16640.6  1.69986  0.0775517  1
627  0  0.243059  0.507777  15983.5  2.28995  0.16575  1
628  0  0.247981  -0.0491111  16760  1.87532  -0.023197  1
629  0  -0.106879  0.229509  16415.9  2.04607  0.523871  1
630  0  -1.12858  -0.269711  16715.5  1.98075  0.18989  1
631  0  0.855553  0.567147  16369.8  2.09231  -0.0462548  1
632  0  0.169078  0.143236  13894.8  2.77076  0.66051  1
633  0  0.597779  -0.0435444  16680.6  1.74382  0.0334899  1
634  0  -0.945637  -1.04679  16753.1  1.9839  0.178047  1
635  0  0.30833  0.156383  14519.3  2.53933  -0.0700641  1
636  0  0.332451  -0.215561  16787.2  1.96681  0.0322146  1
637  0  0.20368  -0.0478175  16793.8  1.86789  -0.0360031  1
638  0  0.725588  0.150478  16171.4  2.28824  -0.28857  1
639  0  -1.01948  1.02338  16555.8  2.01094  0.19135  1
640  0  0.661849  -1.56623  16727.2  2.00707  0.119855  1
641  0  0.507317  -0.0522395  16672.2  1.89419  0.0475021  1
642  0  0.775565  -0.0412312  16604.4  1.74938  0.0659993  1
643  0  0.713716  0.649641  16297.2  2.13185  -0.00158736  1
644  0  0.585294  -0.156186  16705.2  2.00348  0.051548  1
645  0  0.504557  -1.25521  16742.9  1.98999  0.109053  1
646  0  -0.159142  0.0504132  16991.6  1.7765  0.426791  1
647  0  0.780233  -0.150824  16689.6  2.01759  0.0787894  1
648  0  0.776914  -0.210813  16708.6  2.00396  0.0760754  1
649  0  -0.290443  0.0656323  16816.2  1.89641  0.355464  1
650  0  0.748093  1.229  16466.4  2.0579  0.0827236  1
651  0  0.554964  -0.0438585  16713.5  1.71693  0.0350539  1
652  0  -0.0178925  0.015408  17902.1  0.873376  0.549835  1
653  0  -0.140182  -0.0383578  17154.2  1.71461  0.284998  1
654  0  0.356759  0.243477  15345.4  2.58615  -0.0323302  1
655  0  0.999155  0.0247061  16675.3  0.64746  -0.120647  1
656  0  1.03391  0.0170736  16861.6  0.976114  -0.055376  1
657  0  0.90772  0.0406643  16454.9  0.626703  -0.119128  1
658  0  0.0517  0.165439  15504.9  2.36737  0.850899  1
659  0  0.864808  0.0474465  16353.5  0.579759  -0.0779994  1
660  0  0.781652  0.0632004  16249.4  0.658437  -0.0622446  1
661  0  0.543299  0.20468  15829.6  2.44597  -0.232033  1
662  0  0.902227  -0.034373  16694.6  1.67163  0.11499  1
663  0  1.19239  -0.765993  16695.9  2.01386  0.0861285  1
664  0  0.56413  0.111965  15843.4  1.30749  -0.215578  1
665  0  0.949232  -0.0906436  16747  2.06998  0.113597  1
666  0  0.260167  0.154306  14127.8  2.66493  0.0961942  1
667  0  0.925173  0.126854  16491.8  2.14811  -0.295649  1
668  0  -0.00168752  -0.109436  17159.7  1.7489  0.0125377  1
669  0  0.0856522  -0.0853026  16945  1.87055  -0.0770165  1
670  0  0.0737732  -0.12792  16980.8  1.85323  -0.0233133  1
671  0  0.47998  0.124597  15515.8  1.47771  -0.22373  1
672  0  1.29001  1.13322  16531.6  2.00626  0.0514976  1
673  0  0.522787  0.115794  15706.6  1.30205  -0.165579  1
674  0  0.37703  -0.0505527  16744  1.87407  -0.00105107  1
675  0  -0.74537  1.06692  16525.2  2.02598  0.204514  1
676  0  0.114451  -0.16512  16921.9  1.89038  0.00345246  1
677  0  1.66602  -1.04273  16632  2.04982  0.101428  1
678  0  0.670355  0.0886548  16089  0.961808  -0.163451  1
679  0  0.714895  0.0766214  16159.4  0.780918  -0.115812  1
680  0  0.638621  -0.0414915  16694.1  1.69987  0.036293  1
681  0  -0.0261381  0.0846867  16714.4  1.70992  0.912094  1
682  0  0.729622  -0.0392146  16626.1  1.673  0.0552044  1
683  0  0.0233266  0.0752132  16019.8  1.78946  1.31951  1
684  0  -0.17468  -0.160833  17027.9  1.81467  0.20226  1
685  0  0.51851  -0.600169  16761.2  1.98167  0.0838496  1
686  0  0.68521  -0.0397552  16653  1.66175  0.0436007  1
687  0  0.604861  -0.079841  16686  2.10113  0.0453829  1
688  0  0.641219  -0.463679  16743.4  1.99063  0.0752174  1
689  0  1.72534  0.648584  16585.7  1.93664  0.0117034  1
690  0  -0.115855  0.87529  16389  2.10356  0.225415  1
691  0  0.161803  -0.0456106  16757.1  1.85641  -0.0577082  1
692  0  0.372535  0.364165  15742.4  2.40358  0.0402955  1
693  0  0.347919  -0.727133  16778.3  1.97325  0.0939059  1
694  0  0.225683  -0.0440992  16755.7  1.787  -0.0267472  1
695  0  0.575704  -0.0392373  16708.3  1.60728  0.0305916  1
696  0  0.327356  0.148732  14719.3  2.18306  -0.114595  1
697  0  0.794782  -0.0344933  16629.6  1.5863  0.064578  1
698  0  0.558905  -0.259849  16733  1.99675  0.0573233  1
699  0  0.949262  0.0375256  16582  0.7632  -0.179416  1
700  0  0.878701  -0.0880995  16697.8  2.10147  0.105811  1
701  0  0.116224  -0.043654  16833  1.86518  -0.102223  1
702  0  0.00977565  -0.218729  16991.2  1.8553  0.0669283  1
703  0  0.608328  0.0969204  15947.3  0.960024  -0.127495  1
704  0  -0.767829  0.659097  16565.6  2.01812  0.229274  1
705  0  0.991437  -0.0196634  16730.1  1.40509  0.103082  1
706  0  0.882196  -0.028957  16673.3  1.53166  0.11217  1
707  0  0.398566  -0.888689  16763.4  1.98072  0.100155  1
708  0  -0.260905  0.42208  16443  2.0777  0.354641  1
709  0  0.947393  -0.0250543  16729.1  1.49608  0.101054  1
710  0  0.0510935  0.621161  16212.2  2.18338  0.24348  1
711  0  -0.123973  -0.299652  16943.7  1.88077  0.143152  1
712  0  1.17698  1.68336  16556.8  1.99764  0.0964207  1
713  0  0.685959  -0.317248  16728.2  1.99908  0.0689405  1
714  0  0.543859  0.109435  15744.5  1.04733  -0.185205  1
715  0  0.649735  0.0865401  16007.5  0.75237  -0.117483  1
716  0  0.760832  0.0722071  16247.6  0.872852  -0.112717  1
717  0  -0.0524603  -0.107244  17216.4  1.71221  0.0972191  1
718  0  0.928802  0.033291  16493.6  0.49581  -0.158723  1
719  0  0.114973  -0.467184  16846.8  1.93738  0.087647  1
720  0  -0.645498  -0.77859  16778.2  1.97008  0.198282  1
721  0  -0.208363  0.0905967  16830.9  1.87155  0.423666  1
722  0  0.132621  0.168293  14661  2.81336  0.768243  1
723  0  0.691301  -0.153129  16696.5  2.01257  0.0647206  1
724  0  1.0199  -0.0229537  16814.2  1.49436  0.141322  1
725  0  1.0174  -0.0666045  16819.3  1.99957  0.116751  1
726  0  -0.551043  -0.223726  16796.9  1.94101  0.238114  1
727  0  1.05483  0.0728917  16836.5  1.6434  -0.222594  1
728  0  1.65977  1.26291  16569.9  1.97153  0.0724125  1
729  0  0.622709  0.788513  16307.9  2.13091  0.047658  1
730  0  -0.571778  -1.72139  16755.5  1.97685  0.174794  1
731  0  0.941255  -0.406914  16729.2  2.00213  0.0766701  1
732  0  0.402558  0.734716  16236.2  2.17037  0.0955159  1
733  0  0.613982  0.428287  16117.4  2.23326  -0.0735583  1
734  0  -1.01747  -0.520534  16741.5  1.97741  0.187779  1
735  0  0.607477  0.214293  15976.1  2.36189  -0.234419  1
736  0  -1.67258  -1.22011  16734.8  1.99292  0.160222  1
737  0  0.136602  -1.74018  16758.2  1.99049  0.137323  1
738  0  0.188432  0.182277  14495.5  2.95465  0.485304  1
739  0  -0.412411  0.801122  16472.9  2.05995  0.252126  1
740  0  -0.626354  0.849816  16520.6  2.03448  0.230529  1
741  0  0.63919  -0.102253  16689  2.08171  0.0525388  1
742  0  -0.000627941  0.235218  16004.9  2.21463  0.608848  1
743  0  0.0125823  0.127885  15969.7  2.08533  0.989549  1
744  0  1.25041  -0.369566  16715.5  2.01207  0.0549435  1
745  0  1.17368  0.513491  16526  1.99978  -0.0518683  1
746  0  1.65186  -1.6727  16620.1  2.05352  0.13719  1
747  0  0.436219  -0.244744  16758  1.98307  0.0454585  1
748  0  1.63898  1.6588  16576.6  1.97885  0.0978682  1
749  0  0.476213  0.17976  15574.2  2.62757  -0.247088  1
750  0  0.434236  -0.123433  16729.3  2.00581  0.0218674  1
751  0  0.819072  -0.445048  16731.1  1.99901  0.0776717  1
752  0  0.919432  -0.291907  16732.7  1.99811  0.0778061  1
753  0  -0.281377  -0.722127  16810.9  1.95742  0.169836  1
754  0  0.31364  -0.0441713  16740.2  1.72829  -0.000889972  1
755  0  0.125174  0.246577  15368  2.50682  0.506438  1
756  0  -0.222667  -1.73145  16760.7  1.97619  0.165572  1
757  0  0.604046  -0.883344  16745.5  1.98763  0.0990923  1
758  0  0.042043  0.339135  15947.4  2.28407  0.425995  1
759  0  -1.6457  0.397009  16637.4  1.99402  0.171755  1
760  0  -0.0291705  0.174023  16237.2  2.08433  0.720557  1
761  0  0.720668  -0.219865  16708.7  2.00584  0.0689703  1
762  0  0.412786  0.188323  15351.5  2.72304  -0.196899  1
763  0  -0.640249  0.157152  16681.1  1.97788  0.270342  1
764  0  0.226282  0.40867  15800.2  2.37476  0.203159  1
765  0  0.235393  -0.268598  16833.5  1.94317  0.0406798  1
766  0  0.302658  0.191337  14800.5  2.92898  0.000431295  1
767  0  -0.88584  0.20888  16660.4  1.98774  0.228321  1
768  0  -0.140444  0.173734  16608  1.96033  0.517012  1
769  0  0.305175  -0.092077  16774.9  2.02555  0.00157151  1
770  0  -1.22588  0.222892  16653.9  1.99133  0.195096  1
771  0  0.870841  0.121042  16382.9  2.1531  -0.303471  1
772  0  0.768045  -0.0731868  16642.2  2.12149  0.079736  1
773  0  0.334215  -0.0446301  16757.5  1.76644  -0.002836  1
774  0  0.110442  -1.32583  16764.6  1.98223  0.122068  1
775  0  1.25598  0.179937  16690.2  1.94996  -0.0837829  1
776  0  0.474294  -0.0479281  16657.9  1.81336  -0.00691604  1
777  0  0.191294  -0.392602  16840.8  1.94001  0.0686734  1
778  0  -0.286232  0.33444  16520.4  2.03809  0.370804  1
779  0  0.578643  0.141665  15893.8  2.26219  -0.293141  1
780  0  0.795551  0.125665  16278  2.15324  -0.29819  1
781  0  0.541945  -0.160409  16714.7  1.9969  0.0464093  1
782  0  -0.049669  0.334655  16164  2.18177  0.449533  1
783  0  0.290155  -0.0722164  16774  2.07325  -0.00763414  1
784  0  0.506261  -0.0921613  16683.6  2.08921  0.0282701  1
785  0  -1.22832  -1.63969  16745.2  1.98911  0.16152  1
786  0  0.618284  -0.186728  16710.6  2.00219  0.0580492  1
787  0  1.76176  -0.128606  16636.4  2.03251  0.0131993  1
788  0  0.0266459  -0.0336575  17148.9  1.75068  -0.289432  1
789  0  0.151637  0.826794  16300.9  2.14521  0.178184  1
790  0  0.444537  -0.0438721  16755  1.73085  -0.0108653  1
791  0  0.365283  0.471258  15926.6  2.32184  0.0795169  1
792  0  0.356716  -0.0425087  16769.7  1.69674  0.00134221  1
793  0  0.372941  0.14274  15034.4  2.00154  -0.167224  1
794  0  0.231269  0.187361  14525.8  2.99519  0.283153  1
795  0  -0.0537817  -0.17245  17074.2  1.80121  0.1002  1
796  0  0.0719858  -0.03838  16897.9  1.87019  -0.179584  1
797  0  0.966342  0.0720454  16623.1  1.57824  -0.264994  1
798  0  1.05944  -0.216122  16764.7  1.97597  0.0692456  1
799  0  0.648336  0.14232  16035.1  2.30731  -0.300972  1
800  0  0.565761  -0.410209  16749.8  1.98631  0.0700392  1
801  0  0.187929  -0.581851  16816  1.95446  0.0901922  1
802  0  -0.193247  0.152549  16698.3  1.93095  0.45736  1
803  0  -0.926885  0.459463  16611.2  2.00355  0.220292  1
804  0  -0.119993  -0.0844547  17150.6  1.73852  0.204403  1
805  0  1.23996  0.899553  16512.9  2.014  0.0181821  1
806  0  0.821278  0.0516468  16282.6  0.485081  -0.073467  1
807  0  1.36342  -1.24038  16659.2  2.03165  0.112557  1
808  0  -0.209654  0.600238  16388.2  2.10262  0.296676  1
809  0  0.109576  0.176406  15015.7  2.6351  0.769649  1
810  0  0.841592  0.0459464  16318  0.37907  -0.0617889  1
811  0  0.561351  -0.0910645  16693.8  2.09877  0.0447514  1
812  0  0.685431  0.117596  16140.7  1.96287  -0.278846  1
813  0  0.39285  0.136662  15130  1.66589  -0.170624  1
814  0  0.0244858  -0.383662  16891.2  1.91296  0.0939019  1
815  0  0.908118  -0.161176  16728.4  1.99546  0.0919044  1
816  0  -0.509621  -1.16274  16770.5  1.97513  0.185974  1
817  0  0.0503832  0.284241  15824.3  2.31526  0.505815  1
818  0  0.660722  -1.08239  16733.8  1.9914  0.105607  1
819  0  0.753794  1.7136  16549.4  2.01044  0.111837  1
820  0  0.249477  -0.0729937  16785.3  2.05302  -0.0156685  1
821  0  0.967112  -0.800065  16714.3  2.00351  0.0917585  1
822  0  1.00453  0.0995326  16676.4  1.95676  -0.271614  1
823  0  0.148379  0.30639  15557.7  2.45165  0.370779  1
824  0  0.343866  1.72293  16523.9  2.02325  0.140615  1
825  0  0.685383  0.190199  16130.2  2.34485  -0.26366  1
826  0  0.522277  0.271509  15836.7  2.36217  -0.150767  1
827  0  1.14947  -0.166826  16781.7  1.99747  0.0396895  1
828  0  0.347964  0.147476  14889.2  2.17425  -0.140985  1
829  0  -0.65754  0.0210047  16722.9  1.9629  0.257205  1
830  0  1.016  -0.118835  16792.7  2.01255  0.0930193  1
831  0  0.42395  -0.0413097  16754.7  1.63917  0.00445756  1
832  0  -1.71661  1.33379  16569.3  1.99586  0.16288  1
833  0  1.34328  -0.0891418  16733.2  1.9074  0.00681683  1
834  0  0.974916  -0.233877  16745  1.98634  0.0792643  1
835  0  0.437345  0.130508  15344.7  1.55843  -0.176265  1
836  0  0.133335  0.712435  16235.7  2.17414  0.194745  1
837  0  0.87062  0.0712524  16385.6  1.38724  -0.231819  1
838  0  0.221796  -0.169368  16834.4  1.93966  0.0121097  1
839  0  -1.02493  0.815788  16575  2.00852  0.200028  1
840  0  -0.60606  -0.594042  16788.5  1.96314  0.203872  1
841  0  0.290111  0.632805  16125.8  2.2184  0.136275  1
842  0  1.09882  0.400316  16519.8  1.99961  -0.0935444  1
843  0  0.293675  0.268558  15303.2  2.57653  0.0979173  1
844  0  0.492861  -0.440571  16763.5  1.97943  0.0709285  1
845  0  -0.24354  -0.0303088  16947.5  1.83554  0.309115  1
846  0  0.0559417  1.19316  16430  2.07952  0.174088  1
847  0  0.783288  0.216418  16266.1  2.20538  -0.239365  1
848  0  0.412814  0.135356  15234.6  1.70907  -0.17196  1
849  0  -0.395265  -0.542115  16820  1.9495  0.195138  1
850  0  0.0746084  -0.959505  16784.8  1.97374  0.115568  1
851  0  0.801331  0.0527725  16245.1  0.378592  -0.0611833  1
852  0  0.340983  0.199596  15088.5  2.81495  -0.0723627  1
853  0  -0.0037515  0.197259  16030.6  2.17831  0.696881  1
854  0  0.492378  -0.165463  16723.4  1.99255  0.0413856  1
855  0  -0.0787075  0.0369565  17259.1  1.56549  0.527708  1
856  0  0.432139  -0.165274  16742.8  1.9844  0.0319734  1
857  0  0.668966  -0.0838531  16670.4  2.11974  0.0538337  1
858  0  -1.02544  0.106404  16674.2  1.98472  0.210855  1
859  0  1.39705  -0.70485  16675.9  2.02864  0.0759209  1
860  0  -1.33123  1.73108  16546  2.00262  0.162955  1
861  0  0.525456  0.142129  15714.3  2.2545  -0.289507  1
862  0  0.820551  -0.0634977  16666.4  2.09629  0.100034  1
863  0  0.80559  -0.0872745  16669.8  2.12075  0.0927574  1
864  0  -0.454541  0.0947617  16729.2  1.95225  0.308763  1
865  0  0.131745  -0.0925233  16861.8  1.93028  -0.0536493  1
866  0  0.707262  -0.0843531  16659.5  2.1195  0.0607127  1
867  0  -0.348536  -0.148788  16882.4  1.89076  0.250823  1
868  0  0.203089  0.242891  15090  2.64358  0.328482  1
869  0  0.930577  0.0883806  16505.9  1.82764  -0.291458  1
870  0  0.458234  0.213393  15563.5  2.54011  -0.181535  1
871  0  0.800106  0.467792  16307.2  2.1264  -0.0797038  1
872  0  0.552679  -0.0672691  16696.1  2.07619  0.0483236  1
873  0  0.354373  -0.0865568  16753  2.04995  0.00535187  1
874  0  1.08683  1.31725  16514.8  2.02338  0.0711957  1
875  0  0.273713  -0.220087  16812.9  1.95308  0.0296905  1
876  0  -0.473267  0.00473166  16771.1  1.93593  0.287841  1
877  0  -1.27497  0.647285  16603.7  2.00063  0.189028  1
878  0  0.456981  0.123754  15378.3  1.26665  -0.18371  1
879  0  -1.14848  0.44097  16624.2  1.99799  0.200344  1
880  0  0.467577  -0.0809823  16695.6  2.09533  0.0115413  1
881  0  -0.049551  0.266455  16199.7  2.14292  0.529255  1
882  0  0.86111  -0.0624444  16680.8  2.0896  0.109398  1
883  0  -1.41937  -0.244138  16697.9  1.98809  0.177779  1
884  0  0.110492  0.50451  16058.6  2.25211  0.257242  1
885  0  0.214457  0.14958  13840.6  2.77107  0.354755  1
886  0  0.123624  -0.270279  16893.1  1.91182  0.0488657  1
887  0  -0.68241  -1.45281  16758.8  1.97957  0.179585  1
888  0  -0.698899  -0.968035  16766.9  1.97638  0.191451  1
889  0  1.2491  -0.21322  16738.4  2.01668  0.0343619  1
890  0  -0.28454  -0.979225  16788.8  1.96917  0.165763  1
891  0  -0.484877  0.367937  16583.8  2.01655  0.304578  1
892  0  -0.356481  1.18098  16477  2.05218  0.204684  1
893  0  0.571313  -0.3305  16741.6  1.99126  0.0638931  1
894  0  0.197466  0.295002  15426.1  2.51576  0.295781  1
895  0  0.485625  0.149348  15600.1  2.39441  -0.287563  1
896  0  -0.10459  0.762501  16356.5  2.1205  0.243298  1
897  0  0.547165  0.161049  15782.4  2.51403  -0.290026  1
898  0  0.0153834  1.72907  16509.2  2.02747  0.167382  1
899  0  -0.122335  -1.30765  16766.9  1.97816  0.146974  1
900  0  0.041781  0.242284  15781  2.31797  0.598864  1
901  0  -0.304524  -0.252777  16898.6  1.89592  0.216136  1
902  0  0.402441  -0.0721081  16734.2  2.09567  0.00549719  1
903  0  0.910382  0.0651882  16463.8  1.39049  -0.255791  1
904  0  0.126231  0.128822  14262.8  2.59224  0.905458  1
905  0  -0.161763  0.281256  16432.6  2.05975  0.445023  1
906  0  0.67725  -0.258702  16719.9  2.00385  0.0665148  1
907  0  0.236653  0.218876  14899.4  2.76879  0.240231  1
908  0  0.53302  -0.104114  16702  2.06549  0.0396636  1
909  0  -0.619462  0.546016  16559.6  2.02477  0.259829  1
910  0  0.119801  0.354284  15786.2  2.36423  0.35181  1
911  0  0.914001  0.210083  16438.1  2.09287  -0.226291  1
912  0  -0.461616  -0.319934  16826.3  1.93249  0.223549  1
913  0  1.77541  0.960351  16579.2  1.94688  0.0465194  1
914  0  -0.613202  0.311056  16625.6  1.99974  0.277455  1
915  0  0.459291  0.262506  15676.9  2.43029  -0.119324  1
916  0  1.08445  0.305828  16557.3  1.97894  -0.127972  1
917  0  -1.74068  -1.74068  16739.4  1.99276  0.1573  1
918  0  0.744798  -0.0915146  16662.1  2.11725  0.0722622  1
919  0  -0.0619621  -0.0188222  17499.6  1.48672  0.248027  1
920  0  0.83827  -0.0295556  16647.9  1.50211  0.08547  1
921  0  1.4916  0.655409  16568.7  1.96518  -0.00553043  1
922  0  -0.240362  -0.363019  16891.7  1.90714  0.178351  1
923  0  0.199663  -0.0702647  16819.6  2.04485  -0.0369285  1
924  0  -0.0416928  -0.0467559  17453.3  1.55441  0.0756251  1
925  0  -0.005356  0.0352049  17344.8  1.04686  1.03646  1
926  0  0.858422  0.0933566  16363.7  1.81974  -0.27976  1
927  0  1.7502  0.404728  16612.4  1.92329  -0.011462  1
928  0  -0.586652  1.30392  16507.8  2.0313  0.19604  1
929  0  0.0315596  -0.124142  17058.8  1.81118  -0.00921569  1
930  0  0.633241  0.28379  16047.6  2.25184  -0.176321  1
931  0  -0.469388  1.5916  16510.6  2.02545  0.184197  1
932  0  0.26986  -0.0425098  16763.2  1.736  -0.0157769  1
933  0  0.443127  1.28837  16447.7  2.07044  0.117322  1
934  0  1.73667  -0.473897  16637.3  2.0684  0.0510281  1
935  0  0.0324891  0.454414  16091.8  2.23523  0.325766  1
936  0  -1.41672  -1.14887  16738  1.9911  0.163843  1
937  0  -0.258022  0.516702  16430.2  2.08471  0.322256  1
938  0  0.396779  1.07442  16391  2.10226  0.118853  1
939  0  0.332218  -0.0811224  16760.7  2.06447  0.00247025  1
940  0  0.0653082  0.144627  15270.1  2.44638  0.992551  1
941  0  1.35396  0.491159  16576.9  1.96511  -0.0346448  1
942  0  -0.0616564  -0.388136  16900.9  1.90769  0.122136  1
943  0  -0.120929  -0.201472  17015  1.83273  0.151202  1
944  0  -0.312111  0.181789  16679.1  1.95853  0.375158  1
945  0  0.98667  0.143488  16593.3  2.12492  -0.255795  1
946  0  0.411005  -0.627904  16774.9  1.97463  0.0864623  1
947  0  0.977487  -0.0636556  16776.2  2.04041  0.123821  1
948  0  0.182457  -0.0396855  16813.4  1.72984  -0.0445535  1
949  0  0.0849406  -0.225315  16935.7  1.88775  0.0384301  1
950  0  0.51751  -0.305729  16748.1  1.98876  0.0587242  1
951  0  -1.76202  -0.941486  16726.4  1.99331  0.160544  1
952  0  0.423076  0.327419  15760.1  2.38895  -0.0362913  1
953  0  -1.39906  -0.700821  16726  1.98881  0.169459  1
954  0  0.328996  -0.134136  16773.8  1.96334  0.0155117  1
955  0  0.177973  -0.241908  16864  1.92622  0.0348241  1
956  0  0.248793  -0.413614  16820.9  1.9501  0.0687103  1
957  0  0.612565  0.163513  15971.8  2.42631  -0.289489  1
958  0  -0.241847  0.201005  16633.2  1.96988  0.416192  1
959  0  -1.23413  1.12978  16564.1  2.00311  0.178359  1
960  0  0.457653  0.491744  16036.2  2.2698  0.0282988  1
961  0  1.15923  0.0113665  16821  1.63159  -0.00992772  1
962  0  0.951302  -0.18459  16742.5  1.9836  0.0879816  1
963  0  1.40823  0.299873  16618.4  1.95055  -0.0483198  1
964  0  1.03112  -0.513679  16721.3  2.00706  0.0784537  1
965  0  -1.80011  1.80011  16559.6  1.99627  0.157271  1
966  0  -0.0428028  0.552688  16248.3  2.16284  0.295919  1
967  0  -0.293798  0.904936  16441.6  2.07661  0.235838  1
968  0  -0.10971  -0.503672  16860.4  1.9307  0.136312  1
969  0  1.0642  -0.08057  16872.5  2.01248  0.0865007  1
970  0  0.504409  0.402524  15964.1  2.30803  -0.0392585  1
971  0  -0.228187  0.271507  16532.7  2.02135  0.412445  1
972  0  1.10258  -1.1567  16690.4  2.01237  0.108257  1
973  0  0.0201331  -0.0867997  17151  1.73512  -0.0519163  1
974  0  0.737951  -0.63372  16737.8  1.99515  0.0853501  1
975  0  0.694649  -0.756314  16740.6  1.99185  0.092083  1
976  0  0.867804  -0.192671  16719.4  1.99679  0.0862156  1
977  0  0.254439  -0.182849  16818.3  1.94913  0.0189493  1
978  0  -0.181486  -0.00579397  17051  1.76713  0.340088  1
979  0  0.461988  -1.75762  16743.6  2.00717  0.124139  1
980  0  0.619249  -0.0358398  16682.6  1.53739  0.032342  1
981  0  -1.80097  0.24076  16651.5  1.99315  0.165861  1
982  0  -0.855731  0.333063  16632  1.99743  0.231816  1
983  0  0.870846  0.33624  16359.2  2.08917  -0.147571  1
984  0  0.923658  -1.42799  16700.4  2.01144  0.122142  1
985  0  0.0489684  -0.071393  17040.7  1.80178  -0.111814  1
986  0  -0.18471  0.408497  16386  2.10114  0.374127  1
987  0  -0.952089  -1.38032  16752.1  1.98582  0.171082  1
988  0  0.885215  0.038106  16386.3  0.346344  -0.0879739  1
989  0  0.633407  -0.563486  16747.7  1.98945  0.0815829  1
990  0  -0.0817649  1.50824  16488.5  2.04252  0.176422  1
991  0  0.619305  -0.23362  16720.2  2.00254  0.0606383  1
