331  482  990
370  522  974
398  649  845
397  583  821
394  641  784
64  65  504
87  88  496
46  47  532
128  129  498
115  776  790
362  545  641
340  564  732
282  455  649
362  641  784
347  588  750
282  451  506
78  79  501
303  552  845
45  712  748
521  952  970
32  472  499
279  402  551
351  704  803
329  572  984
380  474  739
401  613  726
271  554  564
294  464  513
94  95  476
438  610  856
479  606  847
366  480  923
392  687  811
368  611  766
376  500  707
34  528  579
323  661  735
331  531  990
290  438  573
462  704  803
68  69  539
313  505  644
136  137  516
271  489  846
34  35  579
525  623  716
291  561  905
343  650  933
309  373  749
40  531  898
443  669  985
348  390  497
28  493  736
57  58  525
451  649  845
59  60  526
322  725  830
301  434  654
43  712  819
330  474  739
300  620  843
17  18  461
282  451  649
333  417  890
380  474  596
115  116  776
116  117  776
345  400  550
294  426  456
352  527  944
313  505  741
39  540  582
449  553  963
440  640  645
40  540  931
320  403  722
270  704  839
418  589  884
462  704  839
516  592  662
89  90  510
321  602  883
316  449  553
302  702  795
275  500  707
38  39  582
44  45  712
353  455  527
314  491  760
413  529  852
353  455  864
384  638  812
341  493  785
33  528  759
320  612  755
10  728  748
117  641  776
360  435  959
589  884  935
271  430  789
366  538  562
329  572  807
333  417  850
522  570  974
309  661  826
314  491  608
339  543  654
277  474  937
360  435  582
388  483  972
335  519  557
434  654  843
455  649  944
377  408  576
118  119  545
503  650  933
393  592  662
396  640  645
304  486  605
289  606  847
436  892  928
336  717  924
283  625  631
271  430  690
318  670  676
400  623  716
315  505  741
43  44  712
546  572  984
290  573  698
279  437  960
297  491  608
341  493  936
299  557  954
451  552  845
320  403  565
21  640  979
381  499  883
455  527  944
448  717  924
454  475  798
431  952  970
33  34  528
39  40  540
347  447  494
18  461  746
27  493  785
326  379  961
371  454  475
429  661  735
335  519  616
375  573  698
280  601  604
361  470  966
435  639  959
365  535  547
483  583  821
402  551  733
341  578  634
25  26  508
390  497  652
30  31  602
273  567  613
438  610  747
0  655  656
31  32  472
297  593  608
28  29  736
349  553  963
288  429  930
307  544  575
445  649  944
100  101  549
313  687  811
341  785  987
10  11  728
91  92  533
411  503  650
409  712  874
434  620  843
326  833  889
361  614  966
287  434  620
413  696  828
311  518  594
417  601  604
370  522  751
31  472  602
443  571  669
472  602  883
330  470  808
277  474  596
396  500  645
399  571  669
40  41  898
512  607  983
544  613  726
304  486  610
537  588  750
32  499  981
356  612  658
118  545  641
287  434  692
356  496  618
294  464  911
358  466  548
117  118  641
481  564  732
302  477  929
392  633  687
396  471  774
386  567  613
284  442  530
309  373  661
429  661  826
289  607  983
409  712  748
341  578  936
317  390  919
289  464  518
378  548  599
376  500  850
424  629  881
436  675  928
339  529  852
461  572  807
297  593  646
26  508  785
124  125  558
428  528  579
725  830  969
356  463  618
299  486  954
585  787  934
367  687  741
312  479  638
387  538  616
492  633  687
126  127  560
366  549  691
314  415  681
111  112  674
287  692  791
294  580  911
273  567  858
477  670  929
295  568  648
317  390  855
296  468  830
337  528  877
271  489  690
460  561  905
367  558  680
273  767  858
28  493  917
27  493  917
482  489  846
396  500  774
95  476  788
378  514  587
286  524  702
366  538  923
20  546  572
304  563  605
94  476  577
494  776  790
471  737  756
374  563  605
272  446  569
388  807  972
435  540  582
271  554  846
285  547  548
311  518  911
389  482  846
359  517  901
302  668  717
464  513  983
0  656  724
398  649  721
333  566  890
458  607  733
307  726  912
344  638  812
62  63  576
427  723  761
30  602  951
314  608  681
279  402  643
385  719  777
399  549  865
327  611  766
279  551  960
381  499  770
299  519  557
345  453  550
366  549  865
367  558  857
334  541  647
359  506  726
272  446  625
347  447  563
332  669  985
383  578  734
342  543  762
307  544  726
417  601  753
21  22  979
361  470  808
385  488  814
315  741  857
288  521  970
98  99  571
88  496  617
428  528  877
17  461  677
87  496  618
138  139  584
422  495  773
363  530  688
317  646  978
325  426  456
330  470  896
331  892  928
452  536  762
378  547  548
393  592  700
431  692  791
391  471  899
339  452  529
128  498  682
310  538  562
411  712  819
358  548  599
285  509  765
299  636  875
472  499  883
2  18  746
331  482  892
336  433  476
386  544  575
284  442  568
315  505  723
420  558  857
366  480  691
339  543  762
411  712  874
502  612  755
19  20  572
437  732  841
129  498  642
319  609  815
410  684  804
386  544  613
559  833  889
372  560  682
401  506  726
42  819  824
295  568  976
508  785  987
64  504  703
305  537  588
372  866  918
289  518  847
372  560  866
413  529  828
274  520  753
420  560  866
337  499  770
365  535  636
424  491  760
317  448  919
317  653  978
20  21  546
348  593  608
291  561  782
112  598  674
448  717  804
424  491  629
65  504  664
2  19  746
419  425  805
26  27  785
409  728  748
413  766  852
301  434  692
79  501  666
286  488  702
320  565  755
353  507  864
1  10  748
1  45  748
327  654  843
288  458  930
352  527  778
296  798  834
317  448  653
96  97  586
368  591  666
364  556  658
385  488  886
78  501  635
419  425  921
321  578  734
310  519  616
290  587  950
445  649  721
314  415  743
290  438  747
437  627  791
447  494  790
369  655  656
270  639  675
383  575  840
41  824  898
504  664  779
280  457  601
400  660  716
365  547  587
415  510  743
598  674  902
412  707  757
413  635  766
364  510  743
377  576  703
419  672  728
514  587  950
367  492  687
450  602  951
396  471  737
345  594  771
303  684  804
350  456  916
272  569  650
475  798  834
90  510  683
82  83  595
286  488  814
364  556  743
137  516  709
524  702  795
35  579  832
292  723  761
279  437  732
332  669  670
306  479  606
47  532  699
343  481  569
405  664  779
280  603  604
374  495  674
501  635  766
136  516  662
338  574  621
435  540  928
315  541  723
408  799  812
399  669  865
80  81  591
275  500  645
389  554  846
293  502  755
421  758  782
367  492  680
345  400  780
379  468  827
466  719  777
440  645  818
337  528  759
23  737  756
89  510  617
283  512  631
446  643  729
57  525  716
68  539  673
69  539  671
112  113  598
304  563  750
348  390  855
338  574  700
285  535  547
370  530  688
389  503  933
40  531  931
280  457  719
404  699  797
274  753  890
583  972  984
316  559  833
355  581  934
497  652  925
353  527  891
486  605  954
344  638  825
287  627  791
383  720  888
331  531  931
387  616  820
58  525  679
414  642  772
412  511  975
59  526  679
60  526  678
316  449  833
46  532  655
313  542  644
384  623  638
409  672  874
302  477  702
512  607  871
19  572  746
313  542  811
303  552  684
84  85  600
330  474  808
497  533  681
430  470  710
360  597  860
414  772  863
348  608  681
355  585  934
355  581  859
442  568  648
282  455  864
308  612  900
291  629  881
383  578  634
119  545  651
357  601  753
446  625  631
42  43  819
275  645  818
477  670  676
416  561  614
92  533  925
294  426  945
366  562  865
16  17  677
382  584  709
387  637  694
482  489  892
369  797  822
324  667  945
316  559  585
446  569  729
391  471  756
393  662  706
383  634  888
386  630  734
93  652  925
360  597  832
293  755  823
379  468  969
357  517  922
377  408  799
328  605  954
442  530  713
41  42  824
409  672  728
276  522  570
372  498  772
383  720  840
342  465  536
532  699  797
386  575  734
554  564  938
297  646  721
407  725  947
317  593  646
407  584  947
21  546  640
16  581  677
335  616  820
416  561  782
498  642  772
360  582  860
351  490  914
387  628  694
310  562  615
368  501  766
340  732  841
55  56  660
466  719  801
382  584  947
395  684  943
391  816  887
272  625  805
403  600  632
372  498  682
353  891  914
333  500  850
423  568  976
356  463  809
550  660  851
308  612  658
273  534  763
335  557  769
386  567  630
91  533  683
451  506  867
392  651  695
288  429  826
277  708  937
360  579  832
378  599  844
342  536  762
348  593  855
403  565  738
13  689  927
277  596  891
378  547  587
107  108  619
337  499  759
93  94  652
277  527  778
313  687  741
12  13  689
494  776  880
389  482  990
342  543  870
0  705  724
535  636  875
131  132  626
311  580  667
505  644  786
464  518  911
322  609  665
133  134  624
359  517  912
318  562  676
357  478  922
278  710  884
440  640  984
340  564  789
376  603  693
376  603  604
397  583  818
38  582  860
86  87  618
422  754  773
328  557  769
312  594  847
283  625  745
393  624  706
377  504  703
100  549  701
427  541  647
105  106  628
279  729  732
301  543  654
413  635  696
394  588  880
90  91  683
306  479  825
324  797  822
300  611  843
318  669  670
88  89  617
452  529  793
440  583  818
280  719  801
101  549  691
450  578  936
391  566  816
449  555  833
562  615  676
299  486  636
343  569  650
281  599  685
418  473  910
379  406  441
15  787  934
502  612  900
440  583  984
363  530  713
319  592  700
514  800  893
503  819  824
439  755  823
351  534  914
436  489  967
312  623  638
312  479  847
425  625  805
285  509  777
358  603  693
391  566  899
380  704  740
388  581  677
403  595  632
392  633  695
310  538  616
477  676  949
402  607  733
294  456  916
103  104  637
400  623  780
354  565  868
121  122  633
282  506  876
345  594  780
417  604  850
284  731  751
304  610  856
94  577  652
395  711  943
363  800  893
481  569  729
25  508  730
422  495  939
374  674  902
400  550  660
467  816  887
13  14  553
344  590  799
284  731  752
389  554  933
346  667  771
437  627  841
382  516  592
365  587  747
77  78  635
336  433  973
541  866  918
124  558  680
290  587  747
371  622  964
401  506  876
408  678  812
394  776  880
350  842  916
453  550  806
273  534  767
388  581  859
439  565  755
125  558  686
382  516  709
315  541  866
370  530  751
389  503  824
325  555  775
394  588  784
414  642  697
367  741  857
129  130  642
316  553  787
376  693  707
349  553  927
127  560  682
126  560  686
283  512  513
374  605  873
294  513  916
292  505  723
271  564  789
449  555  775
417  753  890
49  50  657
51  52  659
300  611  907
418  627  884
401  613  829
452  536  848
371  454  744
435  639  675
0  46  655
296  468  798
356  496  940
326  379  827
526  678  812
305  588  784
395  711  922
288  458  733
65  66  664
305  781  854
300  620  894
353  507  763
405  779  897
310  519  838
401  507  876
119  120  651
302  717  795
387  538  923
297  491  768
356  612  809
275  707  757
135  136  662
403  600  722
412  757  975
357  753  849
388  677  807
393  700  882
463  722  809
512  513  983
307  840  849
83  84  632
292  906  991
300  868  907
334  621  647
358  603  801
368  501  666
336  668  717
276  663  821
319  574  700
47  48  699
69  70  671
361  561  614
274  520  720
323  735  957
447  563  902
465  536  835
67  68  673
486  610  636
301  543  915
305  537  854
368  611  907
416  758  782
423  568  752
415  533  681
365  610  747
358  466  801
60  61  678
327  766  852
58  59  679
36  597  832
281  599  844
368  591  794
98  571  796
314  556  743
412  511  685
428  579  959
512  631  871
274  816  890
322  665  947
427  541  723
309  749  870
609  815  962
298  676  949
371  475  731
590  735  957
388  483  663
284  568  752
411  503  819
384  526  812
326  555  961
285  535  765
331  928  931
334  541  918
123  124  680
391  730  756
461  572  746
422  769  939
395  552  684
312  623  780
305  542  908
467  634  987
414  626  697
493  736  936
347  588  880
383  575  734
83  595  632
333  566  899
318  562  865
402  631  643
321  630  734
99  571  701
387  637  923
364  496  617
325  406  727
354  565  738
127  128  682
364  510  617
479  638  825
101  102  691
382  592  665
307  575  840
338  700  882
314  556  760
540  928  931
385  509  886
125  126  686
23  24  756
79  80  666
392  651  872
405  673  714
334  772  863
306  606  930
308  556  658
377  504  779
63  576  703
289  606  607
329  972  984
319  609  665
295  574  621
427  647  648
14  15  787
139  584  705
407  705  724
62  576  715
273  613  829
84  600  632
96  586  788
333  500  774
374  495  873
344  799  812
289  464  983
293  758  910
433  476  788
418  627  764
381  567  630
37  597  860
317  593  855
387  628  820
412  685  946
318  669  865
404  797  869
138  584  709
325  456  775
301  915  952
288  521  826
276  622  663
287  627  764
35  36  832
405  664  714
357  517  849
546  640  984
363  515  713
430  470  896
24  25  730
350  456  775
99  100  701
371  731  964
404  657  718
97  586  796
452  813  848
348  497  681
82  595  885
272  650  874
0  139  705
384  525  623
554  933  938
104  105  694
63  64  703
294  580  945
280  603  801
108  109  754
285  548  956
120  121  695
81  591  885
622  663  859
270  675  740
384  525  679
462  839  877
478  711  922
436  675  740
487  710  884
384  526  679
371  622  744
328  557  954
468  830  969
385  719  814
403  595  738
137  138  709
281  685  989
80  591  666
343  481  938
495  674  792
113  598  831
394  641  776
286  524  711
402  631  871
295  647  648
311  594  771
351  490  909
374  563  902
130  131  697
76  77  696
85  600  904
441  656  724
278  884  935
305  542  781
447  790  831
466  548  956
355  559  585
341  634  987
284  530  751
436  489  892
375  573  781
470  710  966
339  452  762
325  426  727
270  704  740
580  667  945
134  135  706
566  816  890
382  665  947
307  517  849
360  579  959
322  725  947
37  38  860
22  23  737
295  621  647
56  57  716
524  711  943
461  677  807
328  605  873
490  596  891
292  505  786
347  494  880
347  563  750
412  693  946
339  654  852
439  565  868
451  552  867
418  589  910
319  574  815
320  612  809
13  553  927
95  96  788
412  693  707
321  630  883
66  67  714
312  594  780
15  16  934
481  729  732
61  62  715
438  573  854
378  514  844
475  731  752
416  614  935
354  469  738
404  699  718
397  757  818
305  784  908
24  730  756
343  933  938
369  656  727
458  606  607
108  619  754
335  484  783
293  502  817
444  615  955
16  581  934
319  592  665
109  110  773
278  710  966
86  618  904
520  840  849
408  678  715
393  624  882
476  577  924
335  484  820
322  609  830
344  590  825
340  487  841
328  769  939
342  465  749
363  688  800
321  578  953
291  629  905
48  49  718
415  533  683
353  763  914
473  620  894
338  621  863
105  628  694
355  622  859
522  731  964
357  478  968
415  510  683
457  601  968
377  799  957
342  749  870
316  585  787
416  589  758
309  826  915
121  633  695
354  469  794
453  806  810
298  615  955
97  98  796
111  674  792
104  637  694
131  626  697
107  619  932
325  555  961
418  473  764
422  619  754
272  672  874
346  667  869
381  567  858
432  770  858
349  689  921
381  770  858
134  624  706
460  561  986
380  739  740
452  793  813
74  75  793
410  717  804
350  775  963
114  115  790
321  602  953
3  27  917
3  28  917
349  689  927
520  753  849
56  660  716
370  974  989
401  507  829
311  580  911
491  629  768
52  53  810
542  644  781
517  901  922
490  891  914
518  594  847
120  651  695
345  453  926
359  506  867
73  74  813
310  615  838
270  639  839
329  807  972
106  628  932
323  779  897
276  622  964
55  660  851
497  533  925
460  778  971
490  596  909
132  626  920
376  604  850
365  610  636
133  624  920
272  672  805
352  778  971
130  642  697
420  857  866
428  839  877
421  742  900
364  658  940
399  549  701
373  661  897
338  485  862
11  12  913
515  906  991
33  759  981
430  690  896
122  633  980
459  629  905
522  731  751
307  517  912
53  54  806
375  644  781
77  635  696
340  487  836
295  574  976
303  653  978
432  770  879
277  527  891
397  570  821
338  485  882
573  781  854
298  615  676
438  537  854
438  537  856
330  690  967
327  654  852
110  111  792
407  724  725
334  621  863
356  658  940
372  772  918
299  519  977
103  637  948
419  672  805
320  722  809
283  513  842
463  600  722
465  835  878
36  597  965
37  597  965
75  76  828
292  786  991
135  662  706
113  114  831
363  515  893
276  570  821
399  571  701
395  901  922
279  643  729
32  33  981
460  708  778
385  509  777
483  663  821
327  611  843
414  626  862
375  698  991
422  619  783
448  653  804
389  824  898
513  842  916
287  620  764
351  534  982
406  441  656
71  72  835
359  726  912
454  744  889
369  532  797
109  754  773
291  782  881
336  668  973
419  689  921
537  750  856
66  664  714
405  673  861
421  782  881
288  733  970
54  55  851
276  522  964
427  648  761
483  583  972
72  73  848
29  30  951
425  625  745
67  673  714
487  627  884
308  556  853
467  634  888
70  71  878
61  678  715
421  817  900
52  659  810
369  532  655
286  711  942
362  545  872
49  657  718
336  476  924
420  558  686
102  691  948
81  82  885
574  815  976
4  37  965
4  36  965
354  868  907
123  680  980
306  735  930
50  657  988
303  845  978
433  973  985
473  620  764
325  406  961
51  659  988
277  708  778
404  657  903
283  745  842
420  560  686
444  765  955
304  750  856
520  720  840
463  618  904
274  720  888
70  671  878
355  559  744
552  867  901
397  570  975
362  811  908
324  797  869
545  651  872
429  735  930
450  578  953
364  496  940
48  699  718
351  704  909
370  688  989
85  86  904
308  742  853
273  763  829
110  773  792
457  719  814
469  595  738
570  974  975
346  771  926
311  667  771
278  614  935
477  702  949
511  685  989
358  693  946
459  768  802
332  929  973
92  93  925
330  690  896
76  696  828
324  667  869
132  133  920
422  769  783
416  589  935
346  837  926
433  586  788
281  688  800
379  406  961
589  758  910
114  790  831
590  799  957
481  564  938
308  742  900
106  107  932
326  555  833
380  704  909
428  639  839
450  602  953
398  646  721
447  598  831
459  802  958
309  870  915
306  590  735
436  739  740
521  915  952
425  921  941
442  713  906
423  752  834
323  661  897
443  571  796
338  862  863
460  708  986
515  713  906
369  727  822
391  730  887
293  758  817
442  761  906
390  577  652
102  103  948
511  974  989
424  742  853
463  600  904
395  552  901
74  793  813
458  606  930
534  763  914
410  684  943
11  728  913
301  692  952
122  123  980
75  793  828
408  576  715
333  774  899
469  591  794
332  670  929
446  631  643
419  728  913
355  622  744
484  619  783
274  816  888
53  806  810
380  596  909
469  595  885
487  710  836
439  868  894
50  51  988
480  691  948
469  591  885
466  777  956
73  813  848
453  659  810
361  561  986
419  689  913
337  770  879
442  648  761
275  757  818
468  798  827
335  769  783
407  584  705
433  586  985
443  586  796
368  794  907
303  653  804
462  877  879
430  710  836
459  629  768
447  598  902
484  619  932
508  730  887
54  806  851
357  601  968
410  795  943
282  864  876
297  721  802
444  765  875
381  630  883
404  869  903
72  835  848
489  690  967
599  685  946
421  758  817
350  745  842
14  553  787
430  789  836
71  835  878
424  760  853
432  767  982
346  523  837
346  523  903
465  671  895
478  711  942
507  763  829
414  862  863
436  739  967
411  650  874
450  736  936
484  628  932
449  775  963
492  680  980
330  739  967
492  633  980
484  628  820
388  663  859
315  857  866
465  671  878
375  644  786
515  698  991
345  771  926
425  745  941
390  577  919
445  721  802
297  768  802
300  868  894
457  942  968
556  760  853
432  803  982
450  736  951
22  737  979
306  590  825
515  698  893
428  639  959
487  627  841
465  749  895
444  615  838
396  640  979
437  791  960
346  869  903
402  607  871
480  637  948
485  626  920
453  659  837
281  688  989
485  624  920
377  779  957
358  599  946
332  973  985
29  736  951
424  742  881
359  867  901
373  539  895
392  811  872
373  539  861
559  744  889
542  811  908
337  877  879
535  765  875
296  834  962
292  761  906
668  929  973
396  737  979
514  800  844
278  614  966
296  609  830
350  745  941
361  708  986
480  637  923
298  886  955
467  887  987
379  441  969
524  795  943
495  773  792
290  698  950
485  626  862
509  765  955
539  671  895
502  817  900
439  823  894
431  692  952
361  708  937
354  794  907
485  624  882
362  784  908
534  767  982
302  668  929
478  942  968
362  811  872
443  586  985
340  789  836
521  826  915
423  834  962
435  675  928
296  609  962
551  733  970
351  803  982
293  823  910
445  802  958
398  845  978
444  875  977
432  803  879
286  814  942
471  774  899
539  673  861
405  861  897
373  861  897
523  657  988
12  689  913
426  727  822
523  659  988
543  870  915
523  659  837
432  767  858
298  886  949
508  887  987
349  921  941
410  717  795
473  823  910
431  791  960
299  875  977
361  808  937
421  742  881
488  702  949
397  757  975
523  657  903
426  822  945
499  759  981
445  944  958
467  816  888
324  822  945
281  800  844
285  777  956
462  803  879
373  749  895
398  646  978
423  815  962
495  873  939
350  941  963
444  838  977
475  752  834
459  958  971
473  823  894
577  919  924
457  814  942
529  793  828
406  656  727
519  838  977
459  905  971
375  786  991
389  898  990
509  886  955
352  944  958
441  724  725
514  893  950
550  806  851
507  864  876
698  893  950
431  960  970
453  837  926
536  835  848
334  772  918
531  898  990
441  725  969
511  974  975
488  886  949
474  808  937
460  905  971
454  798  827
448  919  924
323  779  957
454  827  889
352  958  971
328  873  939
326  827  889
423  815  976
551  960  970
349  941  963
