343  467  913
412  490  876
335  418  952
362  385  532
336  391  983
343  455  913
36  37  752
290  544  801
298  578  915
4  36  37
268  467  521
284  465  793
332  488  701
398  546  547
417  730  807
272  523  734
93  94  488
331  547  594
279  421  572
59  60  501
335  418  465
372  661  785
393  484  921
409  452  596
16  587  697
272  462  695
273  399  508
440  677  768
306  522  765
356  587  697
352  488  701
358  508  702
335  524  952
404  507  811
340  469  705
131  132  510
1  10  615
1  45  615
468  601  623
12  408  603
424  705  869
272  406  734
269  611  671
351  390  554
297  450  580
370  592  738
293  447  516
400  555  584
283  431  489
351  554  682
383  563  929
341  520  980
324  422  487
472  621  647
268  467  584
339  603  680
265  505  588
13  451  603
118  119  514
374  606  939
299  599  866
270  593  952
342  482  844
310  526  864
271  619  922
347  388  953
24  547  594
501  570  652
381  621  647
455  611  671
12  13  603
25  546  547
328  423  499
323  412  876
315  360  397
345  724  815
336  391  531
264  461  526
340  705  869
327  403  669
417  453  730
394  518  757
471  724  815
386  601  623
361  506  946
279  508  563
332  488  539
445  599  866
327  403  820
400  584  764
276  409  596
432  523  648
331  547  691
382  683  792
291  476  910
677  768  836
510  582  659
293  456  637
372  487  785
268  509  940
273  508  702
349  613  677
38  442  752
29  30  482
354  526  549
388  570  652
292  459  859
276  520  556
66  67  534
10  615  630
12  408  927
548  803  857
363  540  755
284  465  797
341  515  980
278  518  757
549  759  855
370  483  738
400  591  636
452  639  902
328  423  799
2  19  660
2  18  660
342  551  844
38  442  612
342  482  825
10  11  630
301  651  657
272  432  523
396  730  817
450  620  887
363  475  755
400  591  922
386  708  827
269  611  720
351  468  682
555  584  912
378  521  566
413  588  943
341  520  556
298  464  915
380  452  902
349  713  823
305  759  855
336  598  983
15  16  587
390  582  659
84  85  532
342  460  825
578  633  985
336  598  824
322  404  811
341  556  645
361  612  778
361  495  946
291  491  910
398  547  691
387  537  717
451  603  680
92  649  840
363  493  540
30  482  686
279  421  579
315  360  511
302  497  618
349  677  823
264  526  549
418  465  793
450  580  892
372  537  717
266  420  740
393  484  590
279  508  579
362  385  758
409  452  639
361  506  771
360  416  789
18  660  668
334  540  895
283  622  648
282  574  737
340  541  847
268  521  940
62  63  535
278  513  571
291  635  964
289  450  887
385  557  794
294  447  572
272  462  744
449  605  707
91  730  807
382  507  792
340  469  656
311  561  620
461  526  864
366  414  574
301  522  651
93  488  840
338  433  519
39  612  778
357  583  645
356  443  977
562  670  882
345  542  597
354  496  753
375  426  610
348  637  642
350  472  670
31  581  686
75  76  537
384  558  657
295  470  559
311  396  689
292  456  859
483  578  968
292  459  891
128  129  554
349  435  571
466  522  765
395  605  707
306  471  724
294  447  729
17  18  668
415  517  835
314  353  446
440  613  677
380  558  609
611  720  957
456  637  859
363  493  494
360  397  550
318  484  921
596  774  973
380  474  609
135  136  550
396  539  689
329  438  500
264  549  833
293  447  956
362  553  654
306  522  651
276  409  930
265  505  830
488  539  840
283  431  648
319  638  816
364  512  787
513  563  929
381  647  676
303  528  567
524  593  952
346  591  636
304  576  722
318  548  673
276  520  743
322  637  859
415  517  907
297  464  850
86  87  553
325  557  794
274  436  735
287  548  803
356  697  750
309  529  822
288  533  933
88  89  542
32  33  512
366  414  622
290  473  576
57  58  560
363  475  872
386  519  827
357  458  796
356  575  977
361  771  886
316  360  511
441  533  933
505  588  943
328  632  799
391  711  845
296  470  557
292  517  907
405  543  970
486  696  955
321  596  774
387  662  798
285  564  960
777  925  948
606  729  939
323  633  910
133  134  565
273  399  713
350  670  882
293  642  956
384  558  609
284  466  552
432  622  648
452  596  885
94  488  607
442  541  847
380  558  902
436  545  735
308  575  587
30  31  686
362  532  654
267  669  771
297  450  761
365  552  793
347  388  747
326  407  762
101  102  562
387  499  798
370  490  592
352  578  968
37  38  752
301  639  902
380  452  885
457  862  970
34  469  656
278  571  757
351  390  690
493  494  863
23  24  594
327  669  946
343  455  718
268  584  764
491  633  910
490  592  786
32  512  787
364  512  976
379  440  814
378  495  617
46  47  573
357  458  556
278  492  513
361  495  778
464  701  850
322  459  811
373  570  618
286  525  802
412  490  751
314  680  788
422  487  756
36  541  752
315  576  721
325  559  809
316  360  416
502  697  750
59  501  684
399  508  563
35  36  541
405  624  739
274  494  863
60  501  652
283  448  731
333  651  657
404  507  769
388  535  953
311  396  817
312  517  676
357  672  905
323  412  595
555  619  922
375  610  727
20  21  536
405  543  739
302  640  848
462  671  959
375  426  629
434  680  788
343  538  718
97  98  592
0  789  975
378  495  800
365  793  806
317  583  645
310  526  665
281  545  698
24  25  547
132  510  692
420  610  727
355  577  856
345  417  597
131  510  659
296  533  638
357  556  645
270  585  593
275  755  862
374  586  687
381  621  681
350  472  647
431  489  848
302  497  848
357  583  905
119  514  687
373  560  684
458  774  973
417  453  650
354  526  665
118  514  655
444  529  822
492  513  929
423  499  781
324  487  883
120  121  586
365  498  552
396  539  649
353  411  484
442  847  886
298  578  633
322  404  829
293  516  784
281  739  839
17  668  697
414  448  962
274  436  863
379  588  685
370  633  985
391  531  845
428  574  737
268  509  972
437  549  833
481  830  919
365  733  890
399  513  571
446  577  726
388  570  747
404  688  769
342  551  832
336  449  531
376  820  972
436  543  895
396  649  730
38  39  612
369  502  818
278  518  889
406  658  945
307  548  673
375  530  727
362  553  858
338  433  901
539  649  840
311  561  817
25  26  546
328  499  920
350  595  748
349  435  613
399  571  713
423  500  812
398  546  903
518  635  964
313  618  868
345  542  791
366  619  728
381  602  681
320  584  913
506  669  771
334  862  970
598  824  963
346  696  955
266  443  740
453  730  817
288  533  816
431  497  938
285  473  722
34  469  918
320  671  959
437  549  855
493  540  895
303  527  860
349  571  713
314  589  680
456  699  784
302  570  747
292  456  699
402  853  911
298  464  908
395  560  928
16  17  697
286  497  938
509  820  972
421  564  579
288  471  765
344  790  932
314  589  726
375  530  871
521  566  966
544  569  801
377  565  692
373  560  928
382  604  683
432  622  849
384  561  620
342  546  832
355  856  977
301  522  639
436  543  839
335  465  743
21  22  600
390  582  690
470  559  979
421  564  971
438  500  805
340  541  656
276  556  973
288  765  841
491  633  935
334  543  895
354  496  759
55  56  605
327  509  820
341  515  641
334  540  862
401  695  849
289  450  725
265  768  836
326  407  831
295  653  779
67  534  663
43  44  538
365  498  733
29  482  844
442  612  886
506  669  946
332  539  689
362  638  758
272  432  695
267  515  641
285  564  971
495  617  778
66  534  664
432  695  849
321  596  885
364  478  905
272  406  945
264  461  846
106  107  602
528  567  732
431  648  938
324  422  809
108  109  604
342  460  903
293  456  784
302  570  618
374  606  901
441  925  948
433  519  783
346  585  636
369  502  668
364  583  976
367  830  919
504  564  861
271  619  728
394  545  698
358  508  579
496  774  796
374  586  901
353  484  568
357  672  796
309  529  646
328  632  866
339  434  680
329  438  628
343  538  760
273  610  702
504  564  960
483  578  985
533  638  816
347  747  826
325  736  809
265  629  830
401  555  619
80  81  616
287  658  803
21  536  932
328  625  866
367  505  830
540  755  862
354  549  759
375  629  871
34  35  656
486  733  890
427  698  947
91  92  649
296  638  758
82  83  614
435  613  735
286  477  802
419  777  925
21  600  932
27  551  832
366  622  849
430  771  886
277  569  782
342  546  903
94  95  607
397  565  965
466  552  841
291  476  608
84  532  675
312  647  676
364  478  838
467  584  913
319  425  791
303  567  860
543  739  839
85  532  654
377  565  965
408  720  957
428  900  926
125  126  623
344  530  790
379  440  768
376  585  636
343  467  966
378  566  813
372  537  661
356  575  587
371  615  630
297  464  834
413  588  685
373  501  684
304  576  721
343  566  966
316  446  949
376  585  593
329  628  772
104  105  621
296  470  777
353  446  949
308  587  741
301  558  657
295  470  779
39  40  778
275  719  754
498  552  841
435  571  757
385  557  758
416  590  789
459  811  893
372  646  717
393  590  975
350  647  748
458  556  973
76  537  661
339  603  720
334  543  970
288  471  816
425  553  858
369  660  668
113  114  627
28  551  844
369  536  790
75  537  662
363  494  678
336  449  707
370  483  985
283  448  888
115  116  626
292  517  891
282  574  819
421  567  732
311  620  892
386  623  708
341  641  704
289  609  875
330  676  891
290  511  544
380  474  719
293  637  642
395  707  928
267  515  867
444  529  958
367  600  865
447  516  923
63  535  674
286  525  734
42  566  760
423  767  812
346  585  696
376  636  764
62  535  703
274  613  735
410  591  955
489  640  848
371  538  718
318  548  679
315  721  965
369  790  818
401  619  849
292  699  907
332  580  689
373  501  570
305  672  855
281  545  839
264  700  833
338  714  951
374  514  687
305  496  796
50  51  643
386  601  714
303  527  873
266  420  727
48  49  644
315  397  965
453  561  817
354  475  665
412  745  751
337  581  686
338  519  981
385  614  675
35  541  656
590  789  975
312  608  748
312  517  835
388  652  703
449  531  804
377  510  692
45  615  776
402  744  934
352  488  607
410  900  926
504  569  801
88  542  742
266  530  727
60  61  652
87  553  742
86  553  654
433  586  901
311  580  689
89  90  597
423  767  781
0  46  667
344  481  871
383  699  784
42  43  760
319  425  858
328  625  709
309  625  822
128  554  682
333  453  561
286  477  868
403  593  820
314  353  788
270  585  696
303  528  714
484  568  679
356  443  750
117  118  655
355  544  569
274  494  814
129  554  710
536  790  932
420  634  740
314  446  726
331  594  914
424  641  704
351  468  601
130  131  659
338  606  901
277  504  569
355  569  782
44  45  776
381  676  842
324  646  942
405  725  974
502  668  697
91  649  730
306  471  765
377  510  582
0  631  789
102  562  670
67  68  663
279  572  923
278  492  889
330  676  842
322  459  859
296  557  758
414  448  888
369  536  766
351  690  873
481  629  871
422  756  763
329  632  799
19  20  766
364  581  838
337  581  838
89  542  597
290  473  801
337  686  825
101  562  745
347  454  666
473  576  722
85  86  654
65  66  664
379  588  768
76  77  661
392  573  921
460  700  903
382  811  893
15  587  741
74  75  662
283  489  731
476  608  748
26  27  832
286  497  868
58  560  684
13  451  906
335  743  980
442  541  752
343  566  760
393  573  921
414  574  819
379  494  814
57  560  706
296  533  948
498  841  933
399  513  563
497  618  868
428  728  900
391  643  711
274  613  814
325  559  979
381  602  842
371  538  776
316  446  577
475  665  872
373  618  928
63  64  674
467  521  966
358  564  579
330  463  842
102  103  670
315  576  899
14  15  741
325  557  979
330  463  851
309  625  709
333  657  978
315  511  899
403  524  593
390  659  710
525  803  857
344  481  919
133  565  692
287  568  679
40  41  617
427  491  935
308  575  856
97  592  738
360  631  789
341  645  704
267  641  770
382  604  851
476  595  748
383  563  878
0  136  631
392  644  712
304  527  722
379  494  678
378  800  940
358  564  861
339  853  911
46  573  667
22  600  865
410  591  900
134  565  693
291  491  904
304  582  690
28  29  844
362  638  858
284  466  877
98  592  786
127  128  682
358  634  861
358  634  702
455  611  718
288  841  933
273  610  823
417  597  807
402  853  934
19  660  766
136  550  631
58  59  684
374  514  939
294  572  732
378  617  813
522  639  877
83  84  675
411  416  590
308  589  726
405  970  974
372  487  883
492  699  907
109  110  683
407  655  694
105  106  681
265  588  768
360  550  631
383  516  784
324  809  942
119  120  687
404  627  688
132  133  692
481  629  830
289  609  887
398  691  846
304  527  690
28  551  950
27  551  950
297  624  834
382  507  811
361  612  886
135  550  693
354  475  753
33  512  918
298  633  935
420  610  702
474  719  884
364  581  787
424  641  770
47  573  712
523  648  938
367  505  914
112  113  688
306  650  724
423  500  799
134  135  693
370  490  876
20  536  766
87  88  742
90  597  807
316  544  577
120  586  687
577  726  856
344  600  919
384  561  978
306  650  651
317  704  705
371  615  776
347  454  953
344  530  871
116  117  694
308  589  741
426  677  823
295  529  942
367  594  914
281  698  947
406  658  803
56  57  706
300  666  967
517  676  891
514  762  939
294  528  951
394  518  635
367  600  919
124  125  708
430  847  886
366  619  849
90  91  807
100  101  745
307  548  857
387  499  920
96  97  738
121  586  795
61  62  703
438  805  843
297  624  761
639  797  877
439  941  969
275  719  884
266  530  818
294  528  732
431  497  848
327  509  800
433  783  795
403  669  867
424  704  705
429  624  739
407  626  694
43  538  760
400  555  922
277  634  740
428  574  728
479  628  772
271  591  900
106  602  681
51  52  711
31  32  787
129  130  710
439  753  941
348  637  829
109  604  683
348  642  831
95  96  749
302  640  747
482  686  825
370  633  876
31  581  787
318  484  679
323  595  910
47  48  712
496  753  941
332  580  850
266  443  750
279  563  878
41  42  813
462  695  959
33  34  918
99  100  751
378  521  940
95  607  749
640  747  826
285  473  960
309  646  717
478  672  855
466  765  841
346  591  955
80  616  763
78  79  756
345  417  724
387  709  717
83  614  675
321  941  969
79  80  763
427  635  698
287  658  716
26  546  832
284  552  793
44  538  776
528  714  951
105  621  681
317  645  704
316  416  949
385  614  794
295  653  958
299  599  962
42  566  813
107  602  880
353  411  949
277  634  861
409  797  930
71  72  767
108  604  880
311  580  892
320  584  912
325  480  736
303  601  714
335  524  746
271  728  900
56  605  706
461  691  846
300  666  826
559  809  942
355  544  577
13  14  906
466  522  877
402  658  945
460  700  833
81  616  917
113  627  688
368  628  967
312  647  748
653  779  936
287  548  679
329  632  772
405  624  761
398  700  846
408  603  720
325  480  794
82  614  917
111  112  769
462  671  934
385  532  675
305  496  759
116  626  694
389  715  821
412  595  882
55  605  852
411  484  590
465  797  930
326  729  939
92  93  840
313  824  868
329  500  799
427  491  904
377  582  721
376  593  820
125  623  708
266  750  818
377  721  965
470  777  779
295  559  942
104  621  931
414  622  888
445  625  822
121  122  795
419  821  925
394  545  916
379  678  685
384  609  887
72  73  781
520  743  980
122  123  783
77  78  785
98  99  786
568  716  788
352  578  915
407  655  762
279  516  923
450  620  892
344  600  932
309  709  717
529  646  942
413  685  864
333  453  650
270  806  890
401  695  959
415  889  964
110  111  792
447  572  923
348  485  808
369  660  766
22  23  865
445  625  866
372  646  883
285  722  860
447  729  956
388  535  703
359  879  984
114  627  937
287  568  716
348  485  810
290  576  899
73  74  798
117  655  694
322  637  829
115  626  937
305  672  796
410  715  926
389  653  780
126  623  898
368  666  967
53  54  804
319  638  858
367  594  865
403  746  867
313  707  928
69  70  805
384  657  978
316  511  544
312  608  835
70  71  812
339  434  911
313  707  824
61  652  703
436  545  839
421  567  971
444  653  958
404  627  808
270  696  890
392  573  712
77  661  785
11  12  927
313  618  928
387  537  662
413  864  924
429  739  947
429  624  834
326  642  831
371  611  718
333  650  651
51  643  711
426  629  836
439  719  754
445  599  982
389  737  780
422  616  763
449  804  852
123  124  827
530  790  818
444  780  944
319  791  815
283  622  888
418  793  806
426  610  823
74  662  798
405  725  761
451  589  680
364  583  905
440  613  814
301  558  902
48  644  712
395  605  706
284  797  877
280  733  828
68  69  843
470  557  979
68  663  843
406  525  734
400  636  764
518  889  964
54  55  852
387  709  920
476  595  910
130  659  710
96  738  749
336  707  824
323  633  876
317  705  874
444  653  780
575  856  977
52  53  845
371  630  957
391  643  897
280  715  821
407  626  810
291  635  904
422  616  736
304  582  721
100  745  751
464  834  908
438  628  837
50  643  954
386  519  981
49  644  954
317  583  976
461  691  924
408  630  957
277  504  861
350  595  882
348  810  831
264  700  846
366  574  728
65  664  870
410  715  828
79  756  763
103  670  931
392  644  909
112  688  769
390  554  710
110  683  792
3  27  950
3  28  950
64  65  870
11  630  927
393  667  975
527  690  873
435  735  916
310  678  685
348  808  829
441  533  948
338  606  951
107  108  880
40  617  778
401  555  912
294  606  729
64  674  870
286  734  938
450  725  761
417  650  724
331  691  924
78  756  785
295  529  958
99  751  786
412  562  745
282  780  944
427  723  947
41  617  813
275  754  755
386  714  981
406  525  803
72  767  781
414  599  962
267  669  867
403  524  746
331  924  943
502  750  818
280  821  925
545  735  916
126  127  898
427  635  904
425  542  742
454  674  953
438  663  843
515  746  980
320  671  913
324  646  883
425  553  742
420  634  702
477  824  963
383  516  878
71  767  812
408  630  927
127  682  898
534  663  837
265  629  836
474  609  875
81  82  917
124  708  827
282  737  780
111  769  792
73  781  798
353  568  788
438  663  837
473  801  960
280  733  775
439  753  754
392  879  921
509  800  940
299  632  772
486  696  890
425  542  791
415  608  835
371  611  957
267  770  771
339  720  853
454  666  896
280  715  828
103  104  931
326  729  956
441  775  933
272  744  945
363  678  872
421  572  732
114  115  937
335  746  980
534  664  896
395  560  706
368  534  896
122  783  795
279  516  878
321  774  941
300  731  881
365  806  890
70  805  812
413  924  943
394  635  698
480  616  736
368  534  837
52  711  845
504  801  960
271  591  922
69  805  843
429  834  908
479  628  967
49  50  954
461  864  924
298  723  908
498  733  775
330  891  893
326  642  956
430  847  869
359  503  897
299  772  773
352  607  968
479  881  967
269  720  853
123  783  827
359  503  909
515  746  867
332  701  850
472  670  931
298  723  935
318  673  879
479  772  773
297  580  850
454  674  870
328  709  920
454  664  870
290  511  899
469  705  874
376  764  972
273  713  823
281  739  947
277  740  782
330  851  893
294  606  951
427  723  935
54  804  852
389  715  926
457  970  974
463  602  880
23  594  865
465  743  930
419  777  779
299  773  962
463  604  880
492  699  929
53  804  845
0  667  975
514  655  762
326  762  939
352  701  915
436  863  895
433  586  795
397  565  693
454  664  896
412  562  882
347  666  826
475  753  754
472  621  931
338  714  981
368  628  837
321  885  969
527  722  860
480  616  917
480  614  794
435  757  916
480  614  917
411  416  949
380  719  969
426  677  836
345  791  815
397  550  693
303  601  873
673  879  984
269  671  934
437  855  894
414  599  819
340  847  869
392  879  909
300  731  961
300  881  967
468  682  898
410  828  955
448  731  881
393  573  667
463  602  842
457  875  884
485  627  937
437  854  894
485  626  937
351  601  873
485  627  808
296  777  948
429  723  908
310  685  864
319  815  816
463  604  851
457  862  884
276  743  930
485  626  810
404  808  829
285  567  860
368  666  896
310  665  872
407  810  831
458  774  796
359  879  909
422  736  809
451  589  906
409  639  797
299  632  866
415  608  964
589  741  906
424  770  869
486  733  828
430  770  771
478  672  905
478  855  894
394  757  916
449  605  852
496  774  941
437  833  854
276  596  973
389  653  936
468  623  898
398  700  903
477  824  868
460  825  854
333  561  978
402  744  945
441  775  925
483  738  749
318  879  921
415  889  907
498  775  933
307  802  857
430  770  869
459  891  893
389  737  926
428  737  926
337  825  854
327  800  946
429  723  947
512  874  918
268  764  972
487  756  785
455  671  913
478  838  894
490  751  786
280  775  925
523  734  938
291  608  964
503  643  954
503  644  954
493  863  895
434  716  788
479  773  881
307  802  963
289  725  974
499  781  798
419  821  936
462  744  934
307  598  984
384  620  887
507  769  792
477  802  963
269  853  934
474  875  884
310  678  872
489  640  961
535  674  953
285  567  971
337  854  894
489  731  961
500  805  812
382  851  893
282  819  982
448  773  881
380  885  969
599  819  982
307  598  963
317  874  976
503  643  897
275  862  884
419  779  936
289  875  974
460  833  854
503  644  909
464  701  915
607  749  968
337  838  894
389  821  936
469  874  918
486  828  955
307  673  984
505  914  943
519  783  827
475  754  755
308  726  856
359  897  983
383  699  929
355  782  977
282  944  982
448  773  962
471  815  816
492  889  907
401  912  959
531  804  845
443  782  977
331  914  943
495  800  946
445  822  944
418  806  952
359  983  984
270  806  952
444  822  944
598  983  984
512  874  976
443  740  782
457  875  974
402  658  911
391  897  983
439  719  969
525  802  857
483  749  968
14  741  906
658  716  911
445  944  982
640  826  961
300  826  961
434  716  911
320  912  959
