450  511  956
449  510  955
305  588  1003
306  589  1004
341  694  899
269  488  764
399  676  815
297  523  739
298  524  740
351  479  785
352  478  786
428  584  778
427  585  777
356  658  717
355  657  716
457  729  970
458  730  971
350  598  757
400  610  865
387  711  849
388  712  850
657  716  770
658  717  769
426  796  901
271  596  958
270  597  957
384  499  614
383  498  613
425  799  900
324  568  766
375  534  648
374  535  649
320  541  745
321  542  746
351  525  671
352  526  672
399  815  845
94  95  516
339  543  611
340  544  612
385  548  785
386  549  786
297  508  555
298  509  556
91  92  577
26  27  506
37  38  507
329  555  902
330  556  903
301  491  543
302  492  544
336  450  956
335  449  955
527  671  1033
528  672  1034
98  99  525
85  86  526
26  506  713
38  507  714
396  609  834
281  431  501
280  430  500
352  478  831
351  479  830
372  451  737
501  796  901
500  799  900
89  90  529
96  97  521
625  902  982
626  903  983
87  88  522
318  417  590
349  521  638
342  541  627
343  542  628
100  101  527
83  84  528
282  517  573
284  518  574
454  568  766
303  839  984
304  840  985
286  698  878
286  697  878
380  587  682
379  586  683
446  884  921
423  586  683
424  587  682
372  413  590
485  596  958
484  597  957
305  493  1003
306  494  1004
285  444  531
283  443  532
344  523  555
345  524  556
372  373  451
344  523  621
345  524  622
350  522  639
135  136  546
48  49  547
354  495  744
311  482  692
312  483  693
393  420  725
394  421  726
354  475  707
395  472  1030
353  477  708
297  739  781
298  740  782
349  516  638
387  510  849
388  511  850
382  552  674
381  553  673
339  543  548
340  544  549
457  578  729
458  579  730
318  417  949
383  498  742
384  499  743
281  674  1028
280  673  1029
318  402  844
351  525  830
352  526  831
307  479  785
308  478  786
393  420  930
394  421  929
318  402  949
355  470  643
356  471  644
314  367  744
357  653  922
358  654  923
422  650  802
382  552  637
381  553  636
411  525  830
412  526  831
508  555  902
509  556  903
350  529  639
413  629  655
119  120  557
64  65  558
282  729  970
284  730  971
286  534  698
286  535  697
311  482  933
312  483  932
420  532  930
421  531  929
366  714  954
365  713  953
405  561  754
406  562  755
365  512  678
366  513  677
282  517  729
284  518  730
303  508  839
304  509  840
296  733  907
375  534  698
374  535  697
545  615  868
530  694  899
408  461  940
410  462  941
367  495  629
387  561  754
388  562  755
351  671  1033
352  672  1034
357  563  922
358  564  923
367  495  744
290  653  900
292  654  901
313  615  868
270  584  778
271  585  777
434  623  886
435  624  887
598  735  757
571  839  984
572  840  985
334  656  963
383  681  962
135  546  687
49  547  688
384  684  964
294  422  650
438  625  895
439  626  896
299  541  922
300  542  923
333  670  966
134  135  687
49  50  688
506  713  953
507  714  954
307  543  548
308  544  549
0  826  863
355  643  1014
356  644  1015
310  485  586
309  484  587
287  706  725
288  705  726
349  516  738
334  447  920
447  642  920
446  641  921
409  535  649
407  534  648
334  593  963
540  766  924
34  540  924
33  34  540
333  591  966
391  459  910
392  460  911
340  464  515
339  463  514
303  508  902
304  509  903
383  533  681
431  501  796
430  500  799
384  537  684
359  414  536
411  521  841
310  586  641
309  587  642
468  541  745
469  542  746
269  488  860
128  129  559
55  56  560
273  499  614
272  498  613
110  111  561
73  74  562
290  468  745
292  469  746
349  521  841
412  522  846
297  523  555
298  524  556
314  367  545
360  517  575
361  518  576
353  640  838
468  653  922
469  654  923
268  554  619
428  486  584
427  487  585
364  475  552
414  516  738
307  548  785
308  549  786
567  939  953
363  477  553
350  522  846
324  760  766
283  532  930
285  531  929
449  514  803
450  515  804
397  588  847
398  589  848
323  478  831
322  479  830
367  629  655
339  463  548
340  464  549
273  599  648
272  600  649
311  523  621
312  524  622
468  541  922
469  542  923
389  559  811
390  560  812
375  610  865
283  443  699
285  444  700
403  559  811
404  560  812
303  902  982
304  903  983
350  529  757
367  545  988
342  541  659
343  542  660
313  606  646
293  601  869
289  640  799
454  568  954
383  486  962
384  487  964
500  653  900
501  654  901
290  468  653
292  469  654
314  545  805
334  593  594
333  591  592
444  531  932
443  532  933
418  691  833
296  422  907
0  46  566
281  431  707
91  577  747
280  430  708
442  735  881
569  897  936
570  898  937
0  138  565
334  447  756
392  460  679
391  459  680
360  517  729
361  518  730
333  884  921
346  429  606
346  415  856
337  588  847
338  589  848
374  609  834
428  486  770
427  487  769
122  123  580
61  62  581
353  554  832
365  678  960
366  677  959
348  550  585
347  551  584
293  595  751
116  117  582
67  68  583
311  739  933
312  740  932
365  512  713
366  513  714
452  601  706
395  670  884
609  800  951
610  801  952
453  603  705
395  472  864
305  493  749
306  494  750
354  475  829
429  640  838
353  477  832
293  751  752
295  735  881
301  491  809
302  492  810
442  735  835
372  413  655
552  674  1028
553  673  1029
287  706  794
288  705  795
445  529  757
278  476  753
291  629  950
440  767  895
441  768  896
578  699  781
579  700  782
301  482  998
302  483  997
25  512  713
39  513  714
452  706  794
41  608  927
23  607  928
453  705  795
423  586  641
424  587  642
359  650  946
309  484  680
310  485  679
498  800  951
410  462  943
408  461  942
499  801  952
450  511  798
449  510  797
420  532  809
421  531  810
301  543  611
302  544  612
94  516  736
350  598  846
368  601  706
355  470  762
356  471  761
369  603  705
99  525  671
85  526  672
373  416  976
279  490  759
349  595  738
619  756  763
381  573  673
382  574  674
408  568  689
410  567  690
346  429  856
389  632  719
390  633  720
307  479  685
308  478  686
613  941  978
614  940  977
399  502  620
399  540  760
417  451  826
545  615  805
368  519  706
369  520  705
396  691  833
765  820  1032
372  373  645
272  613  941
273  614  940
299  541  627
300  542  628
23  24  539
40  41  538
98  525  651
331  623  886
332  624  887
86  526  652
95  516  638
488  764  821
408  599  940
410  600  941
355  604  762
356  605  761
336  450  804
335  449  803
101  527  709
83  528  710
97  521  651
372  590  737
363  765  820
364  764  821
87  522  652
287  491  685
288  492  686
329  625  895
330  626  896
364  552  637
100  527  671
84  528  672
363  553  636
274  636  910
276  637  911
540  760  766
429  606  838
282  573  882
284  574  883
449  514  857
450  515  858
320  541  659
321  542  660
23  539  607
41  538  608
32  815  845
102  103  616
81  82  617
339  514  803
340  515  804
136  546  695
48  547  696
376  656  756
90  529  747
414  536  736
271  585  1044
270  584  1043
311  523  739
312  524  740
381  517  573
382  518  574
96  521  638
353  554  838
299  922  995
300  923  996
554  619  694
89  529  639
385  616  709
386  617  710
489  888  974
488  889  973
297  578  980
298  579  981
365  567  953
366  568  954
395  647  1030
447  756  763
357  573  673
358  574  674
463  514  853
464  515  854
325  667  894
88  522  639
455  939  953
405  621  822
406  622  823
419  753  938
396  476  691
416  451  863
419  753  869
295  603  881
476  753  938
27  506  945
37  507  944
457  508  839
458  509  840
413  629  950
347  551  731
348  550  732
349  595  751
328  678  892
327  677  893
347  486  584
348  487  585
132  133  630
51  52  631
408  599  689
410  600  690
305  569  936
306  570  937
344  555  767
345  556  768
407  599  648
409  600  649
323  598  846
331  623  984
332  624  985
130  131  632
53  54  633
530  694  741
636  910  1039
637  911  1040
294  691  938
400  490  718
353  640  919
41  42  927
22  23  928
464  549  876
463  548  875
293  595  748
333  670  884
360  578  699
361  579  700
354  707  931
120  557  701
64  558  702
393  519  725
394  520  726
119  557  703
65  558  704
401  843  975
442  759  1013
301  611  998
302  612  997
314  472  744
325  567  690
324  568  689
473  563  995
474  564  996
399  502  760
456  753  869
428  716  770
427  717  769
357  573  882
358  574  883
407  599  689
409  600  690
331  984  1026
332  985  1027
397  630  827
398  631  828
319  372  645
364  475  764
363  477  765
329  555  767
330  556  768
314  805  864
456  601  869
409  690  855
381  636  836
382  637  837
490  759  1013
342  627  792
343  628  793
402  696  728
355  604  716
356  605  717
491  543  1011
492  544  1012
444  740  782
443  739  781
457  578  980
458  579  981
383  486  986
384  487  987
401  695  727
268  619  763
334  656  756
344  621  822
345  622  823
430  640  799
268  554  832
456  601  1021
293  601  1045
399  540  845
124  125  663
59  60  664
126  127  661
57  58  662
519  706  725
520  705  726
114  115  668
69  70  669
329  767  895
330  768  896
112  113  665
71  72  666
368  601  1021
389  559  719
390  560  720
13  615  805
391  604  716
392  605  717
274  604  762
276  605  761
465  603  1025
387  561  711
388  562  712
369  603  1025
353  708  919
13  14  615
389  811  861
390  812  862
95  96  638
452  601  1045
473  571  839
474  572  840
432  608  1052
433  607  1053
297  578  781
298  579  782
315  650  852
316  735  835
482  692  998
483  693  997
536  736  1016
319  372  655
450  807  858
449  806  857
93  736  1016
88  89  639
97  98  651
86  87  652
373  416  451
339  611  803
340  612  804
505  667  894
317  569  843
318  570  844
505  815  969
323  478  1024
335  611  803
336  612  804
295  603  1054
25  26  713
38  39  714
410  567  960
408  568  959
294  422  808
129  559  719
55  560  720
16  17  1005
386  549  876
385  548  875
128  559  721
56  560  722
407  689  859
362  445  577
320  811  861
321  812  862
359  650  802
110  561  711
74  562  712
25  512  1001
39  513  1002
93  94  736
397  588  824
398  589  825
111  561  723
73  562  724
273  599  940
272  600  941
99  100  671
84  85  672
387  692  754
388  693  755
396  476  965
391  604  910
392  605  911
453  603  1054
411  830  841
315  650  946
423  683  890
424  682  891
412  831  846
448  620  676
395  864  885
500  653  783
501  654  784
317  843  975
309  888  974
310  889  973
383  533  742
318  590  715
313  606  899
384  537  743
346  606  646
550  585  1044
551  584  1043
563  922  995
564  923  996
11  12  885
11  670  885
90  91  747
305  588  824
306  589  825
403  659  816
404  660  817
400  490  972
301  482  1042
302  483  1041
389  632  866
390  633  867
407  534  1031
15  530  741
337  480  866
338  481  867
445  577  747
12  13  618
448  676  894
337  480  847
338  481  848
17  656  1005
269  829  904
322  479  967
368  681  1021
92  577  870
297  508  980
298  509  981
296  718  1013
136  137  695
47  48  696
512  678  892
513  677  893
369  684  1025
447  489  763
466  897  936
467  898  937
315  595  748
280  500  783
281  501  784
383  613  986
384  614  987
342  787  792
343  788  793
409  535  1006
289  640  856
341  554  694
325  690  855
291  629  925
385  527  709
386  528  710
120  121  701
63  64  702
118  119  703
65  66  704
123  580  771
61  581  772
122  580  773
62  581  774
396  609  965
359  414  946
450  798  807
449  797  806
315  748  852
117  582  775
67  583  776
116  582  779
68  583  780
443  699  781
444  700  782
283  643  905
285  644  906
424  594  920
423  592  921
618  864  885
347  486  986
348  487  987
400  610  972
539  892  1001
538  893  1002
24  539  1001
40  538  1002
46  566  728
405  621  754
406  622  755
336  693  997
335  692  998
334  594  920
333  592  921
403  661  721
404  662  722
286  620  1051
109  110  711
74  75  712
320  634  861
321  635  862
315  595  738
286  534  1051
323  598  789
299  627  1026
300  628  1027
295  598  789
399  620  676
446  488  860
14  15  758
385  616  875
386  617  876
287  491  912
288  492  913
305  824  999
306  825  1000
342  659  816
343  660  817
138  565  727
15  16  741
310  641  889
309  642  888
405  665  723
406  666  724
316  735  757
271  596  1044
270  597  1043
324  689  859
360  699  1038
361  700  1037
442  759  881
360  575  1038
361  576  1037
101  102  709
82  83  710
15  530  758
391  716  778
392  717  777
337  634  861
338  635  862
401  695  917
402  696  918
286  620  914
272  498  800
273  499  801
274  636  836
276  637  837
451  826  863
376  694  741
362  733  1050
307  543  1011
308  544  1012
283  643  930
285  644  929
403  659  811
404  660  812
129  130  719
54  55  720
286  535  914
317  734  976
299  995  1026
300  996  1027
296  422  877
320  634  745
321  635  746
102  616  709
82  617  710
368  519  871
369  520  873
31  815  969
42  43  683
21  22  682
127  128  721
56  57  722
278  476  965
111  112  723
72  73  724
434  623  908
435  624  909
476  691  938
393  657  872
394  658  874
538  608  1052
539  607  1053
463  853  879
464  854  880
475  764  829
438  625  915
439  626  916
566  826  949
477  765  832
274  604  910
276  605  911
473  563  1017
474  564  1018
325  567  939
489  820  1032
33  540  845
417  590  737
393  519  872
394  520  874
374  609  800
375  610  801
393  643  930
394  644  929
434  701  773
435  702  774
486  770  962
487  769  964
103  616  879
81  617  880
375  648  801
374  649  800
433  607  1007
432  608  1008
346  645  646
130  632  719
54  633  720
438  703  775
439  704  776
381  517  836
382  518  837
313  615  758
279  490  972
387  510  955
388  511  956
301  809  1042
302  810  1041
28  29  814
35  36  813
505  676  894
46  47  728
311  692  754
312  693  755
337  634  1003
338  635  1004
0  566  826
342  496  787
343  497  788
137  138  727
342  496  816
343  497  817
446  488  889
447  489  888
517  575  836
518  576  837
123  124  771
60  61  772
121  122  773
62  63  774
502  620  1051
391  680  957
392  679  958
117  118  775
66  67  776
377  625  982
378  626  983
326  697  834
115  116  779
68  69  780
414  738  946
341  606  899
269  904  1030
331  792  1026
332  793  1027
326  698  865
699  905  1038
700  906  1037
618  805  864
401  565  975
357  673  783
358  674  784
425  749  936
426  750  937
446  641  889
447  642  888
289  856  961
32  33  845
133  630  827
51  631  828
373  602  976
132  630  934
52  631  935
424  594  891
423  592  890
273  648  801
272  649  800
454  813  924
344  503  790
345  504  791
328  678  943
327  677  942
532  809  1042
531  810  1041
411  525  651
412  526  652
379  927  1008
380  928  1007
131  632  934
53  633  935
313  758  899
4  36  944
4  37  944
3  27  945
3  28  945
278  742  842
344  503  822
345  504  823
411  521  651
425  936  947
426  937  948
134  687  827
50  688  828
279  743  851
127  661  721
57  662  722
373  645  968
412  522  652
485  586  990
484  587  989
359  536  675
335  611  998
336  612  997
316  733  1050
375  698  865
417  451  737
365  567  960
366  568  959
319  645  646
112  665  723
72  666  724
346  415  968
0  565  863
397  630  847
398  631  848
317  569  897
318  570  898
314  472  864
465  759  881
124  663  771
60  664  772
106  107  806
77  78  807
43  683  890
21  682  891
35  813  924
115  668  779
69  669  780
489  820  974
488  821  973
461  940  977
462  941  978
277  658  769
275  657  770
280  673  783
281  674  784
107  108  797
76  77  798
408  677  942
410  678  943
433  551  1043
432  550  1044
360  578  729
361  579  730
374  697  834
490  718  1013
357  563  882
358  564  883
322  751  752
403  661  816
404  662  817
448  620  914
457  508  980
458  509  981
394  658  1015
393  657  1014
436  792  886
437  793  887
377  623  908
378  624  909
400  718  979
354  495  931
377  625  915
378  626  916
591  966  1019
475  552  1028
436  663  771
437  664  772
293  748  869
477  553  1029
418  718  979
471  576  761
470  575  762
593  963  1020
397  687  827
398  688  828
465  603  881
126  661  991
58  662  992
125  663  991
59  664  992
326  865  979
275  770  962
405  665  822
406  666  823
277  769  964
431  925  931
440  668  779
441  669  780
114  668  993
70  669  994
113  665  993
71  666  994
28  814  945
36  813  944
295  598  735
294  691  808
305  569  999
306  570  1000
287  685  794
288  686  795
416  565  975
376  619  694
536  675  870
387  692  955
388  693  956
533  681  1021
359  675  802
434  701  908
435  702  909
454  813  954
455  814  953
341  606  838
403  559  721
404  560  722
121  701  773
63  702  774
438  703  915
439  704  916
537  684  1025
328  892  1053
327  893  1052
367  655  988
311  621  754
312  622  755
47  696  728
118  703  775
66  704  776
531  932  1041
532  933  1042
108  109  849
75  76  850
337  588  1003
338  589  1004
137  695  727
627  792  1026
628  793  1027
276  576  761
274  575  762
432  550  819
433  551  818
34  35  924
455  814  926
395  670  885
274  575  836
276  576  837
376  656  1005
13  618  805
325  667  939
104  105  853
79  80  854
405  561  723
406  562  724
31  32  815
269  860  1030
408  677  959
410  678  960
395  647  884
105  106  857
78  79  858
415  856  961
491  809  912
492  810  913
414  516  736
133  134  827
50  51  828
431  707  931
608  927  1008
607  928  1007
436  663  787
437  664  788
459  910  1039
460  911  1040
290  745  1009
292  746  1010
402  566  728
322  830  841
397  824  1048
398  825  1049
425  749  1035
426  750  1036
413  715  950
400  865  979
323  831  846
379  596  990
380  597  989
471  576  1037
470  575  1038
10  966  1019
20  21  891
43  44  890
427  717  777
428  716  778
571  995  1026
572  996  1027
103  104  879
80  81  880
275  657  872
277  658  874
326  697  878
326  698  878
368  681  871
418  808  877
446  647  860
369  684  873
29  30  926
18  963  1020
316  733  835
401  565  727
44  592  890
20  594  891
440  668  790
441  669  791
507  813  954
506  814  953
269  764  829
347  613  986
348  614  987
479  685  794
478  686  795
268  765  832
502  760  859
109  711  849
75  712  850
445  757  1050
341  554  838
397  687  1048
398  688  1049
30  31  969
424  642  920
423  641  921
470  643  905
471  644  906
485  596  990
484  597  989
533  742  842
318  715  898
39  40  1002
24  25  1001
296  718  877
506  814  945
507  813  944
44  45  1046
19  20  1047
537  743  851
337  861  866
338  862  867
29  814  926
418  718  877
380  682  928
379  683  927
416  565  863
376  619  756
10  11  966
328  943  1022
327  942  1023
17  18  963
396  833  834
370  843  999
371  844  1000
425  900  1035
426  901  1036
362  675  907
362  445  1050
505  676  815
446  647  884
44  592  1046
20  594  1047
577  675  870
370  546  917
371  547  918
131  132  934
52  53  935
432  596  1044
433  597  1043
593  594  1047
591  592  1046
436  580  771
437  581  772
467  948  950
434  580  773
435  581  774
287  725  912
288  726  913
362  733  907
77  798  807
107  797  806
331  792  886
332  793  887
557  701  908
558  702  909
307  685  1011
308  686  1012
571  984  1026
572  985  1027
557  703  915
558  704  916
438  582  775
439  583  776
377  557  908
378  558  909
440  582  779
441  583  780
377  557  915
378  558  916
324  760  859
483  932  1041
482  933  1042
667  926  969
466  947  961
484  680  957
485  679  958
445  529  747
1  45  1019
2  18  1020
1  10  1019
2  19  1020
317  734  897
108  797  849
76  798  850
106  806  857
78  807  858
320  659  811
321  660  812
440  767  790
441  768  791
675  802  907
460  679  973
459  680  974
551  731  818
550  732  819
430  708  919
336  693  956
335  692  955
456  753  842
466  936  947
467  937  948
426  796  948
425  799  947
379  596  1008
380  597  1007
329  625  902
330  626  903
546  695  917
547  696  918
295  789  1054
377  623  982
378  624  983
453  795  1024
296  835  1013
389  861  866
390  862  867
283  699  905
285  700  906
125  126  991
58  59  992
465  759  851
357  653  783
358  654  784
113  114  993
70  71  994
349  751  841
105  853  857
79  854  858
326  833  979
385  527  1033
386  528  1034
104  853  879
80  854  880
268  763  1032
493  634  1003
494  635  1004
455  667  939
496  663  787
497  664  788
418  691  808
473  571  995
474  572  996
464  617  880
463  616  879
480  630  934
481  631  935
413  590  715
455  667  926
305  749  936
306  750  937
356  658  1015
355  657  1014
430  640  919
530  758  899
92  93  1016
370  546  1048
371  547  1049
503  668  790
504  669  791
480  632  934
481  633  935
347  613  978
348  614  977
319  646  868
354  744  904
379  586  990
380  587  989
362  577  675
376  741  1005
291  796  948
289  799  947
505  667  969
420  725  912
421  726  913
478  795  1024
496  661  816
497  662  817
442  835  1013
591  1019  1046
593  1020  1047
436  787  792
437  788  793
344  767  790
345  768  791
347  731  978
348  732  977
495  629  925
480  630  847
481  631  848
278  753  842
731  818  1022
732  819  1023
393  643  1014
394  644  1015
503  665  822
504  666  823
479  794  967
496  661  991
497  662  992
496  663  991
497  664  992
275  681  871
277  684  873
281  707  1028
417  826  949
480  632  866
481  633  867
280  708  1029
12  618  885
278  742  951
279  759  851
291  796  925
326  833  834
279  743  952
30  926  969
296  733  835
436  580  886
437  581  887
434  580  886
435  581  887
539  892  1053
538  893  1052
503  668  993
504  669  994
503  665  993
504  666  994
495  925  931
463  616  875
464  617  876
319  868  988
438  582  895
439  583  896
440  582  895
441  583  896
452  794  967
275  681  962
277  684  964
402  566  949
346  645  968
420  809  912
421  810  913
270  778  957
271  777  958
322  751  841
401  843  917
402  844  918
309  680  974
310  679  973
42  683  927
22  682  928
278  951  965
453  789  1024
19  1020  1047
45  1019  1046
279  952  972
322  752  967
431  796  925
569  843  999
570  844  1000
546  687  1048
547  688  1049
17  656  963
11  670  966
315  738  946
92  870  1016
14  615  758
602  734  976
293  752  1045
422  808  877
432  596  1008
433  597  1007
291  948  950
385  785  1033
386  786  1034
391  778  957
392  777  958
467  715  898
294  650  852
289  947  961
454  766  924
493  634  1009
494  635  1010
363  636  1039
364  637  1040
328  818  1053
327  819  1052
354  829  904
519  871  872
520  873  874
452  752  967
370  824  1048
371  825  1049
456  842  1021
418  833  979
370  843  917
371  844  918
415  734  961
294  852  938
465  851  1025
313  646  868
448  855  1006
462  731  978
461  732  977
493  749  1035
494  750  1036
323  789  1024
489  763  1032
491  685  1011
492  686  1012
466  734  897
363  820  1039
364  821  1040
419  852  938
290  900  1035
292  901  1036
467  715  950
319  655  988
328  818  1022
327  819  1023
16  741  1005
634  745  1009
635  746  1010
448  914  1006
415  602  734
429  640  856
351  785  1033
352  786  1034
647  860  1030
472  904  1030
448  855  894
409  855  1006
473  970  1017
474  971  1018
510  797  849
511  798  850
419  748  852
407  859  1031
462  731  1022
461  732  1023
325  855  894
316  757  1050
460  821  973
459  820  974
466  734  961
515  854  858
514  853  857
444  740  932
443  739  933
493  1009  1035
494  1010  1036
370  824  999
371  825  1000
475  707  1028
477  708  1029
563  882  1017
564  883  1018
535  914  1006
419  748  869
268  765  1032
498  742  951
459  820  1039
460  821  1040
499  743  952
473  839  970
474  840  971
282  970  1017
284  971  1018
512  892  1001
513  893  1002
534  1031  1051
275  871  872
277  873  874
432  819  1052
433  818  1053
623  982  984
624  983  985
502  859  1031
461  942  1023
462  943  1022
457  839  970
458  840  971
609  951  965
290  1009  1035
292  1010  1036
610  952  972
282  882  1017
284  883  1018
533  842  1021
537  851  1025
545  868  988
452  752  1045
373  602  968
472  744  904
536  870  1016
453  789  1054
422  802  907
415  602  968
502  1031  1051
470  905  1038
471  906  1037
303  982  984
304  983  985
317  975  976
416  975  976
