0  2  1  0.0004  18080  -7.14945e-16  1.66292e-16  1
1  1  2  2  18074.7  1.98989  -0.480669  1
2  1  2  -2  18069.6  1.87231  -0.365187  1
3  3  -2  -2  17941.1  1.94118  -0.488233  1
4  3  -2  2  18290.3  1.93972  -0.487315  1
10  1  2  1.6  18071.8  2.06105  -0.465884  1
11  1  2  1.2  18071.8  2.04717  -0.442431  1
12  1  2  0.8  18071.8  2.01807  -0.407911  1
13  1  2  0.4  18071.8  2.03497  -0.374715  1
14  1  2  5.50449e-12  18071.8  1.98643  -0.327541  1
15  1  2  -0.4  18071.8  1.8507  -0.284949  1
16  1  2  -0.8  18071.8  1.79343  -0.30143  1
17  1  2  -1.2  18071.8  1.82546  -0.342222  1
18  1  2  -1.6  18071.8  1.85505  -0.361448  1
19  0  1.6  -2  18047.9  1.88074  -0.373636  1
20  0  1.2  -2  17988.2  1.89923  -0.395971  1
21  0  0.8  -2  17931.6  1.92373  -0.423221  1
22  0  0.4  -2  17895.3  1.9473  -0.454339  1
23  0  5.50449e-12  -2  17857.1  1.96416  -0.490304  1
24  0  -0.4  -2  17850.7  1.97139  -0.518023  1
25  0  -0.8  -2  17876.2  1.96814  -0.518703  1
26  0  -1.2  -2  17906.4  1.95691  -0.500899  1
27  0  -1.6  -2  17929.4  1.946  -0.490245  1
28  3  -2  -1.6  17958.3  1.93972  -0.487315  1
29  3  -2  -1.2  17989.3  1.93972  -0.487315  1
30  3  -2  -0.8  18029.9  1.93972  -0.487315  1
31  3  -2  -0.4  18081  1.93972  -0.487315  1
32  3  -2  -5.50449e-12  18139.9  1.93972  -0.487315  1
33  3  -2  0.4  18193.6  1.93972  -0.487315  1
34  3  -2  0.8  18239.4  1.93972  -0.487315  1
35  3  -2  1.2  18269.9  1.93972  -0.487315  1
36  3  -2  1.6  18284.5  1.93972  -0.487315  1
37  0  -1.6  2  18292.8  1.93972  -0.487315  1
38  0  -1.2  2  18303.2  1.93972  -0.487315  1
39  0  -0.8  2  18297  1.93972  -0.487315  1
40  0  -0.4  2  18456.5  1.93972  -0.487315  1
41  0  -5.50449e-12  2  18472  1.93972  -0.487315  1
42  0  0.4  2  18317  1.93972  -0.487315  1
43  0  0.8  2  18283.8  1.93972  -0.487315  1
44  0  1.2  2  18227  1.93972  -0.487315  1
45  0  1.6  2  18142  1.93972  -0.487315  1
46  2  0.978599  0.00513781  18081.3  0  0  1
47  2  0.957189  0.0098302  18096.2  2.75825e-17  -2.01334e-19  1
48  2  0.935788  0.0145672  18072.8  -6.95587e-17  1.48093e-17  1
49  2  0.914388  0.0193055  18075.7  0  0  1
50  2  0.892963  0.0239351  18054.8  0  0  1
51  2  0.871538  0.0285594  18036.6  0  0  1
52  2  0.850108  0.0331622  18042.7  -3.78978e-16  7.39626e-17  1
53  2  0.828667  0.0377121  17995.4  0  0  1
54  2  0.807207  0.0421729  17977.7  4.93038e-32  -1.2326e-32  1
55  2  0.785723  0.046517  17992.6  4.56084e-16  -8.48744e-17  1
56  2  0.764225  0.0507949  17956.1  1.91489e-16  -3.46983e-17  1
57  2  0.74271  0.0549799  17931.7  -7.42201e-17  1.17727e-17  1
58  2  0.72117  0.0590369  17948.9  4.12016e-16  -7.13794e-17  1
59  2  0.6996  0.0629305  17903.4  0  0  1
60  2  0.678004  0.0666809  17895.3  0  0  1
61  2  0.656387  0.0703046  17903.1  4.29628e-16  -6.50018e-17  1
62  2  0.634744  0.0737656  17881.7  0  0  1
63  2  0.613069  0.0770274  17868.4  -1.48033e-16  2.02685e-17  1
64  2  0.591361  0.0800582  17857.6  1.55476e-16  -1.80336e-17  1
65  2  0.569625  0.0828813  17857.2  6.51008e-16  -7.98911e-17  1
66  2  0.547863  0.0855003  17851.3  0  0  1
67  2  0.526077  0.0879082  17859.1  2.19976e-16  -2.26764e-17  1
68  2  0.504268  0.0900978  17865.7  2.20406e-16  -1.87852e-17  1
69  2  0.48244  0.0920911  17885.3  2.20406e-16  -1.87852e-17  1
70  2  0.460597  0.0939093  17915.4  0  0  1
71  2  0.438736  0.095492  17916.3  -4.36205e-16  2.85737e-17  1
72  2  0.416855  0.0967756  17911.5  -1.36261e-16  7.47628e-18  1
73  2  0.394956  0.0977019  17931.3  5.25794e-16  -1.94434e-17  1
74  2  0.373047  0.0983413  17946.9  2.21046e-16  -2.88882e-18  1
75  2  0.351131  0.0986842  17986.1  -7.52889e-16  9.98135e-18  1
76  2  0.329212  0.0986607  18011  -5.58046e-16  -7.85409e-18  1
77  2  0.307299  0.0982016  18083.4  5.30694e-16  1.3454e-17  1
78  2  0.285403  0.0972209  18152.8  6.26745e-16  2.42157e-17  1
79  2  0.263534  0.095739  18208.1  -4.17971e-16  -2.01061e-17  1
80  2  0.241693  0.0938999  18289.3  4.93038e-32  3.08149e-33  1
81  2  0.219878  0.0917669  18326.4  3.10633e-16  2.96752e-17  1
82  2  0.198096  0.0893306  18395  8.82844e-16  9.26496e-17  1
83  2  0.176432  0.0860269  18526.2  -1.00944e-16  -6.04425e-18  1
84  2  0.155034  0.0812823  18711.4  1.83777e-16  2.79766e-17  1
85  2  0.133678  0.0763488  18871.3  0  0  1
86  2  0.112435  0.0709526  19037.5  1.61621e-16  2.79603e-17  1
87  2  0.0913156  0.0650902  19248.2  0  0  1
88  2  0.0706593  0.057772  19454.5  0  0  1
89  2  0.05048  0.0492352  19698.4  -4.05701e-17  -9.07016e-18  1
90  2  0.0312167  0.0387918  19883.2  1.67262e-16  -1.04315e-17  1
91  2  0.0136406  0.0257831  19682.2  -4.78525e-17  -5.82719e-17  1
92  2  0.00173105  0.00748382  16757.4  2.97565e-16  -4.47446e-16  1
93  2  0.00832174  -0.0109847  12966.5  5.35661e-16  -3.6612e-16  1
94  2  0.0280188  -0.0198733  13047.2  0  0  1
95  2  0.0494999  -0.0242137  15030.6  0  0  1
96  2  0.0711996  -0.0272828  15841  2.12763e-16  -8.58823e-17  1
97  2  0.0930294  -0.0292203  15965.6  1.55674e-16  -5.05598e-17  1
98  2  0.114923  -0.0302685  16000  -2.507e-16  1.01837e-16  1
99  2  0.136826  -0.0310873  15884.9  -1.97562e-16  6.31252e-17  1
100  2  0.158732  -0.0318379  15660  0  0  1
101  2  0.180639  -0.0325605  15429.9  2.47401e-16  -6.29434e-17  1
102  2  0.202555  -0.0328582  15485.3  -2.00183e-16  3.55668e-17  1
103  2  0.224474  -0.0329487  15703.6  1.30308e-16  -1.97857e-17  1
104  2  0.246392  -0.0329562  15890.1  9.97721e-17  4.56865e-18  1
105  2  0.268311  -0.0328937  15975.5  0  0  1
106  2  0.290229  -0.0327538  15964.1  3.68582e-17  7.69867e-18  1
107  2  0.312147  -0.0325091  15952.2  -2.49896e-17  -4.56263e-18  1
108  2  0.334063  -0.0321494  16016.7  0  0  1
109  2  0.355977  -0.0317045  16118.4  7.00242e-17  -1.12568e-17  1
110  2  0.37789  -0.0312057  16170.1  0  0  1
111  2  0.399802  -0.0306847  16167  1.75122e-16  6.47094e-17  1
112  2  0.421715  -0.030148  16127.5  -8.93806e-17  4.85052e-18  1
113  2  0.443626  -0.0295763  16160.8  9.00124e-17  2.86016e-17  1
114  2  0.465536  -0.0289632  16286.8  -4.46995e-17  -1.03576e-17  1
115  2  0.487445  -0.0283025  16466.5  0  0  1
116  2  0.509352  -0.0275913  16639.3  -3.52586e-17  -4.15741e-18  1
117  2  0.531258  -0.026846  16767.3  3.45767e-17  -2.11031e-17  1
118  2  0.553163  -0.0260547  16879.4  0  0  1
119  2  0.575065  -0.0251983  16982.3  1.68479e-16  1.0923e-17  1
120  2  0.596963  -0.0242581  17086.1  4.45621e-17  -1.06587e-18  1
121  2  0.618857  -0.0232077  17191.9  -1.22837e-17  1.11288e-17  1
122  2  0.640745  -0.0220522  17260  0  0  1
123  2  0.66263  -0.0208351  17298.6  3.78842e-17  4.26062e-18  1
124  2  0.684514  -0.0196004  17414.5  3.78842e-17  4.26062e-18  1
125  2  0.706399  -0.0183893  17551.7  -3.47965e-17  -1.27756e-17  1
126  2  0.728285  -0.0171877  17618.1  0  0  1
127  2  0.75017  -0.015978  17659.7  0  0  1
128  2  0.772055  -0.014754  17733.5  0  0  1
129  2  0.793938  -0.0135093  17788.7  0  0  1
130  2  0.81582  -0.0122399  17859  7.50421e-17  1.33701e-17  1
131  2  0.837701  -0.0109514  17927  0  0  1
132  2  0.859581  -0.00964631  17939.7  8.40761e-17  4.82407e-18  1
133  2  0.88146  -0.00832289  17965.6  -8.35102e-17  -3.99854e-18  1
134  2  0.903337  -0.00697087  17999.2  -1.40648e-17  -4.0973e-18  1
135  2  0.925209  -0.00554775  18016.6  3.44319e-17  2.04609e-19  1
136  2  0.947073  -0.00400044  18033.6  1.9153e-17  -1.04033e-18  1
137  2  0.968933  -0.00239975  18060.3  0  0  1
138  2  0.990789  -0.000736188  18090.7  -2.78297e-17  -1.01662e-17  1
268  0  -0.934982  0.599536  18290.8  1.89992  -0.590155  1
269  0  -0.0488355  1.02581  18401.1  1.86769  -0.342696  1
270  0  0.941298  1.01854  18236.7  1.91648  -0.374431  1
271  0  -0.888569  -0.322557  18054.2  1.95385  -0.646226  1
272  0  -0.155542  -0.983671  17785.1  2.0646  -0.50989  1
273  0  0.80288  -0.996777  17851.8  1.99823  -0.311408  1
274  0  0.325854  -0.6061  17507.9  2.204  -0.374235  1
275  0  0.794193  -0.508146  17747.3  2.07419  -0.153379  1
276  0  1.03302  -0.3052  18001.8  1.98885  -0.0648223  1
277  0  0.454382  0.685082  18318  1.88398  -0.298284  1
278  0  0.940812  0.53736  18188.8  1.95653  -0.331528  1
279  0  0.000868483  0.543118  18509.8  1.77793  -0.3258  1
280  0  -0.375496  0.250205  18420.2  1.79623  -0.641771  1
281  0  -0.390613  -0.139529  18047.2  1.95347  -0.769283  1
282  0  -0.113423  -0.30704  17569.4  2.16402  -0.731193  1
283  0  0.497683  -0.317939  17192.9  2.40481  -0.13977  1
284  0  0.212289  -0.329359  17024.5  2.46132  -0.486153  1
285  0  0.629899  0.404559  18183.2  1.9662  -0.284556  1
286  0  0.310651  0.407416  18378.6  1.88331  -0.202642  1
287  0  1.04694  0.263141  18169.9  1.96125  -0.339156  1
288  0  0.728121  -0.246987  17596.9  2.25369  0.0385904  1
289  0  -0.113356  0.237033  18746.9  1.61729  -0.447706  1
290  0  0.0919433  0.305697  18695.2  1.69873  -0.188714  1
291  0  0.824875  0.272878  18116.6  1.98805  -0.327736  1
292  0  -0.1886  -0.0721501  18014.1  1.90394  -0.883562  1
293  0  0.884281  -0.17925  17905.3  2.05699  0.0564563  1
294  0  1.01273  -0.140472  18109.6  1.80003  0.0434934  1
295  0  0.467512  0.282446  18168.7  1.9804  -0.206164  1
296  0  0.371994  -0.211916  16605.3  2.75188  -0.235243  1
297  0  0.532411  -0.177178  16918.6  2.42975  0.0921088  1
298  0  0.314449  0.243686  18319.9  1.91155  -0.0947839  1
299  0  0.614354  0.229012  18059.9  2.02534  -0.274259  1
300  0  0.0586226  -0.204855  16901.7  2.47  -0.809797  1
301  0  0.243122  -0.172689  16334.7  2.78405  -0.529916  1
302  0  0.192228  0.215885  18579.7  1.77244  -0.0275018  1
303  0  -0.473743  -0.609383  17870.1  2.02758  -0.666216  1
304  0  0.704383  0.182042  18026.7  2.03925  -0.316878  1
305  0  -0.114311  0.096032  18814.2  1.48788  -0.672048  1
306  0  0.820768  0.160008  18061.9  2.01835  -0.351433  1
307  0  0.96004  0.149514  18129.3  1.97075  -0.362488  1
308  0  0.634624  -0.140748  17259.7  2.01015  0.166718  1
309  0  0.735079  -0.120483  17610  1.73617  0.152778  1
310  0  0.00436489  0.190753  19010.8  1.47794  -0.250054  1
311  0  -0.0318674  -0.133575  17127.1  2.29136  -1.019  1
312  0  -0.100577  -0.0386704  17999  1.77815  -1.06198  1
313  0  1.12067  0.118808  18228.5  1.95203  -0.34132  1
314  0  1.43545  -0.165142  18159.2  1.79719  -0.158153  1
315  0  1.17265  -0.0620068  18288.3  1.42829  -0.110645  1
316  0  0.435366  -0.133187  16290.3  2.12591  -0.00293323  1
317  0  -1.1772  -1.06454  17963.6  1.9473  -0.540478  1
318  0  0.831698  -0.102037  17864.2  1.52778  0.110819  1
319  0  -0.362363  0.759259  18410.9  1.84921  -0.504059  1
320  0  -0.743287  0.0634215  18197.6  1.90982  -0.693757  1
321  0  0.345219  -0.129777  16175.6  2.21502  -0.210367  1
322  0  0.926225  -0.0954092  18002  1.4285  0.0734249  1
323  0  0.146976  -0.137666  16236.2  2.76353  -0.812372  1
324  0  1.15142  -0.724905  17956.1  1.93347  -0.22768  1
325  0  0.0992186  0.167496  18935.5  1.54445  -0.00857068  1
326  0  1.00727  0.0839502  18155.7  2.02679  -0.394585  1
327  0  0.404603  0.198042  18131.5  2.00087  -0.128469  1
328  0  0.502159  0.188898  18043  2.03864  -0.205517  1
329  0  1.50076  0.682646  18145.4  1.98287  -0.359552  1
330  0  0.493708  1.22936  18317.5  1.86385  -0.377163  1
331  0  0.984196  -0.0711001  18083.3  1.12536  0.0654197  1
332  0  -0.316051  0.0892705  18367.7  1.78081  -0.714418  1
333  0  0.288202  -1.1631  17793.3  2.0341  -0.411914  1
334  0  0.567148  -0.103238  16942.8  1.47159  0.160669  1
335  0  0.0317379  -0.576428  17543.7  2.18161  -0.503718  1
336  0  0.268947  0.177965  18345.1  1.88413  0.00230964  1
337  0  0.634558  0.153692  17976.2  2.08793  -0.290315  1
338  0  -0.0278481  0.099652  19301.9  1.18865  -0.450668  1
339  0  0.340096  0.169482  18178.4  1.97653  -0.0478543  1
340  0  -0.813298  1.31415  18344.6  1.89047  -0.572443  1
341  0  -1.39099  0.0956107  18164.4  1.93271  -0.522672  1
342  0  0.054493  -0.109219  16420.2  2.60124  -1.06387  1
343  0  0.566848  0.15153  17975.5  2.11581  -0.254074  1
344  0  0.881058  0.109969  18076.5  2.07317  -0.386732  1
345  0  0.50055  -0.0942184  16570.9  1.11313  0.124501  1
346  0  0.27971  -0.101696  15972  1.54579  -0.265508  1
347  0  0.21634  -0.101305  15843.2  2.01078  -0.409553  1
348  0  -0.219639  0.44774  18519.3  1.75857  -0.465417  1
349  0  0.939351  0.0813574  18102.8  2.07457  -0.404116  1
350  0  1.38245  -1.33546  18001.7  1.88466  -0.33508  1
351  0  1.38234  0.33428  18162.6  1.9822  -0.328412  1
352  0  0.678599  -0.0893272  17403  1.2374  0.18318  1
353  0  0.0378863  0.116983  19316  1.23469  -0.0668715  1
354  0  0.743798  0.119702  17979.9  2.13179  -0.355037  1
355  0  0.698269  0.604184  18233.4  1.93111  -0.310872  1
356  0  -0.601131  -1.08775  17888.7  2.00727  -0.583156  1
357  0  0.562275  -0.576686  17589  2.1609  -0.251603  1
358  0  0.999847  -0.0362661  18124.4  0.517523  0.0825938  1
359  0  0.177532  0.151493  18633.1  1.70719  0.0984417  1
360  0  0.624168  -0.253695  17367.6  2.37317  0.0142855  1
361  0  0.2282  0.62304  18409.2  1.84369  -0.286764  1
362  0  0.468301  0.447686  18262.5  1.93554  -0.25216  1
363  0  -0.04396  -0.0170203  17882.8  1.55587  -1.49273  1
364  0  0.449441  0.148481  18007.6  2.1077  -0.147407  1
365  0  -1.39063  1.03268  18285.4  1.93624  -0.491036  1
366  0  -0.0504927  0.0422928  18959.3  1.1875  -0.948802  1
367  0  1.0858  0.0438333  18256.2  1.85779  -0.372803  1
368  0  -1.42632  -0.499025  18057.3  1.94297  -0.519931  1
369  0  0.863111  -0.338547  17815.7  2.07486  -0.0546138  1
370  0  0.763158  -0.0640378  17704.3  0.769058  0.101871  1
371  0  0.516849  -0.885641  17740.9  2.07524  -0.339688  1
372  0  0.393802  -0.0829344  16077.7  0.499801  -0.120884  1
373  0  -0.38003  -0.387097  17868.2  2.03432  -0.713064  1
374  0  -0.0111283  -0.0773967  16616.7  2.33436  -1.31843  1
375  0  0.042299  -0.382647  17347.6  2.28576  -0.591533  1
376  0  0.695035  0.301058  18116.4  1.99315  -0.29845  1
377  0  0.610342  -0.074426  17135.1  0.725328  0.138026  1
378  0  1.00247  -0.518946  17905  1.98355  -0.151733  1
379  0  0.675667  0.119025  17948.7  2.16895  -0.32392  1
380  0  0.643905  0.931903  18278.1  1.8878  -0.343188  1
381  0  0.0966376  -0.0858472  16094.4  2.50504  -0.934062  1
382  0  -0.705889  0.359298  18301.1  1.87639  -0.663163  1
383  0  -1.03573  0.278328  18224.3  1.9115  -0.589314  1
384  0  -0.590654  -0.287676  18014.1  1.97411  -0.734991  1
385  0  1.45541  1.1982  18159.6  1.97636  -0.396263  1
386  0  0.873716  -0.0602693  17953.2  0.783727  0.05032  1
387  0  -0.841612  -0.693502  17963.8  1.96942  -0.630466  1
388  0  1.1762  0.498782  18175.2  1.96768  -0.339214  1
389  0  0.135252  0.124405  18848.1  1.59507  0.186437  1
390  0  0.355388  -0.365847  17137.1  2.41539  -0.315749  1
391  0  0.385439  0.147283  18040.4  2.08937  -0.078929  1
392  0  0.806647  0.099921  18021  2.14002  -0.383723  1
393  0  1.0661  -0.0100354  18279  1.03565  -0.22366  1
394  0  -0.252627  -0.220186  17848.3  2.02995  -0.774282  1
395  0  -0.168574  0.0191005  18373  1.70355  -0.84088  1
396  0  0.669708  -0.397551  17572.4  2.18765  -0.114373  1
397  0  0.519962  0.136702  17919.1  2.16855  -0.208693  1
398  0  0.228091  0.139405  18418.6  1.87413  0.105478  1
399  0  -0.517678  0.0325952  18209.6  1.88745  -0.74099  1
400  0  0.731678  -1.45203  17895  1.95818  -0.379171  1
401  0  0.453484  -0.0731694  16175.8  0.282953  0.0583676  1
402  0  0.227346  0.32719  18482.5  1.82587  -0.146584  1
403  0  1.25812  -0.444751  18048.2  1.90355  -0.158304  1
404  0  0.142553  -0.872964  17703.4  2.09966  -0.433521  1
405  0  0.779942  0.428193  18172  1.96617  -0.313384  1
406  0  -0.0520595  0.384066  18627.4  1.72093  -0.331752  1
407  0  0.808155  -0.0549399  17833.7  0.624511  0.0935285  1
408  0  0.168116  -0.0797935  15586.3  1.61742  -0.5157  1
409  0  0.0878088  0.109291  19155.9  1.3708  0.163342  1
410  0  0.717443  -0.0617411  17569  0.578798  0.12134  1
411  0  -0.0114086  -1.45293  17840.8  2.01477  -0.474167  1
412  0  0.286461  0.940195  18356  1.84195  -0.319025  1
413  0  1.38641  0.111765  18196.6  1.94427  -0.287432  1
414  0  0.904755  1.4564  18259.9  1.94659  -0.416563  1
415  0  -0.340172  1.46009  18424.7  1.78443  -0.437018  1
416  0  1.05597  0.757199  18200.2  1.94295  -0.352863  1
417  0  0.999313  0.0460014  18149.6  1.97108  -0.407866  1
418  0  0.142069  0.45537  18509.9  1.79854  -0.243686  1
419  0  -1.38844  0.580844  18239.9  1.92365  -0.508043  1
420  0  0.754457  -0.719921  17769.5  2.06106  -0.243975  1
421  0  0.320054  -0.0748507  15924.1  0.343546  -0.0304936  1
422  0  -0.112989  -0.124954  17608.1  2.06784  -0.969389  1
423  0  -0.460888  0.496325  18404.2  1.8176  -0.600486  1
424  0  -0.218143  0.156887  18566.7  1.67966  -0.643462  1
425  0  -0.185537  0.725242  18445.1  1.82113  -0.423373  1
426  0  -0.177086  -0.515787  17690.5  2.11977  -0.609728  1
427  0  0.94486  -0.0426939  18030.2  0.569171  0.0312496  1
428  0  0.0833167  1.44771  18374.8  1.83569  -0.324599  1
429  0  0.2933  0.138625  18210.1  1.9988  0.0477137  1
430  0  1.171  -0.196973  18187.5  1.83423  -0.0511318  1
431  0  0.941752  0.377989  18162.1  1.96924  -0.330795  1
432  0  -0.313453  -0.0394592  18174.2  1.87915  -0.784154  1
433  0  -1.0253  -0.0479857  18141.8  1.93361  -0.607705  1
434  0  0.544601  -0.0663068  16841.8  0.135279  0.056474  1
435  0  0.608985  0.117712  17911.7  2.18288  -0.290102  1
436  0  1.04292  -0.0871796  18196.8  1.34209  0.0571068  1
437  0  -0.0847323  0.175093  18888  1.49498  -0.465278  1
438  0  0.0121346  0.744199  18440.1  1.82812  -0.350309  1
439  0  0.895012  0.2181  18118.6  1.98084  -0.343894  1
440  0  0.158718  -0.221431  16685.6  2.61707  -0.653846  1
441  0  -0.392101  1.13609  18381.1  1.88626  -0.48869  1
442  0  -0.728971  0.937044  18341.3  1.91352  -0.590326  1
443  0  1.57509  -0.768185  18047.3  1.84518  -0.266063  1
444  0  -0.926337  -1.49128  17908  1.9699  -0.534173  1
445  0  1.06169  0.166476  18184.9  1.94323  -0.348677  1
446  0  0.844843  0.0731937  18036.2  2.03116  -0.389704  1
447  0  0.892671  0.0613496  18061.6  1.97482  -0.390556  1
448  0  0.805438  -0.17174  17765  2.09116  0.092652  1
449  0  0.458859  -0.226788  16843.7  2.66822  -0.0887035  1
450  0  0.55808  0.318846  18160.6  1.97977  -0.25698  1
451  0  -0.00404596  0.0676908  19623.2  0.847289  -0.408251  1
452  0  -0.266722  0.284816  18524.1  1.74556  -0.562261  1
453  0  0.0268055  -0.0622649  15898.4  2.55541  -1.30937  1
454  0  0.700499  -0.188546  17518.5  2.24436  0.10878  1
455  0  1.04514  0.0191197  18202.7  1.53648  -0.370604  1
456  0  0.247796  -0.489897  17379.9  2.2772  -0.417921  1
457  0  -0.581247  0.217667  18301.4  1.86196  -0.696082  1
458  0  0.374403  0.330618  18295.6  1.92205  -0.181802  1
459  0  0.657002  -0.0605409  17264.1  0.410652  0.0370018  1
460  0  -1.43027  -1.50145  17943.7  1.94886  -0.507746  1
461  0  -1.24008  1.5362  18305.3  1.93782  -0.481742  1
462  0  0.357798  0.559515  18352.8  1.88162  -0.269312  1
463  0  -0.726711  -0.524707  17968.9  1.97722  -0.678375  1
464  0  -0.493943  -1.52774  17870.5  1.99904  -0.537344  1
465  0  0.26172  -0.0713629  15992.4  0.454235  -0.0988819  1
466  0  0.716523  0.0980212  17965.2  2.13093  -0.352706  1
467  0  0.762336  0.0904784  17966.5  2.08967  -0.36535  1
468  0  0.298583  -0.163133  16274.9  2.7104  -0.382014  1
469  0  0.277862  -0.266468  16802.1  2.61139  -0.419641  1
470  0  0.460481  -0.479117  17421  2.24809  -0.260361  1
471  0  0.596369  0.545361  18246.1  1.93371  -0.291891  1
472  0  1.16935  -1.10623  17956.7  1.92244  -0.306751  1
473  0  0.952396  0.0480686  18095.5  1.91722  -0.391138  1
474  0  -0.133807  -0.764876  17733.9  2.0992  -0.525362  1
475  0  -0.563953  -0.150302  18081  1.95127  -0.747747  1
476  0  0.521645  0.255488  18116.2  2.00582  -0.230025  1
477  0  -0.116855  0.0228977  18472.2  1.58812  -0.9229  1
478  0  -0.0381909  0.277972  18775.6  1.6326  -0.332791  1
479  0  0.340069  0.136359  18108.5  2.06753  -0.010417  1
480  0  1.22022  0.258875  18183.5  1.96076  -0.325047  1
481  0  -0.0515443  -0.0679053  17141.1  2.05694  -1.29093  1
482  0  0.32963  -1.52224  17857.2  1.9899  -0.42783  1
483  0  0.845728  0.816  18234.2  1.91919  -0.34786  1
484  0  0.588522  -0.163518  17119.2  2.2713  0.140347  1
485  0  1.74035  0.147078  18094.8  2.01067  -0.319877  1
486  0  -0.469796  0.143561  18308.6  1.84414  -0.709972  1
487  0  -0.0356931  -0.236125  17299.2  2.27336  -0.799733  1
488  0  0.563141  0.120531  17920.5  2.17825  -0.251373  1
489  0  -0.666098  0.726481  18351.8  1.87578  -0.60502  1
490  0  -1.20275  -0.327853  18075.5  1.94431  -0.550819  1
491  0  -1.5767  -0.909611  18001.7  1.93968  -0.508388  1
492  0  0.776857  0.220344  18076.6  2.00468  -0.32767  1
493  0  0.429493  0.127082  17984.3  2.1569  -0.121562  1
494  0  0.472002  0.12731  17944.7  2.1609  -0.160181  1
495  0  0.253188  0.238942  18444.7  1.84692  -0.058959  1
496  0  0.499586  -0.0638931  16537.8  0.0341784  0.102453  1
497  0  0.665543  0.209348  18040.3  2.02865  -0.297707  1
498  0  0.124067  0.238096  18722.8  1.69064  -0.0885023  1
499  0  -0.171286  0.362226  18581.8  1.73243  -0.447265  1
500  0  0.72602  1.16858  18275.1  1.89369  -0.381522  1
501  0  1.25856  1.52122  18199.3  1.99929  -0.436775  1
502  0  0.442262  1.64872  18341.3  1.91352  -0.42093  1
503  0  0.972985  -0.238367  17984.8  2.03969  -0.011601  1
504  0  -1.05615  0.94141  18308.6  1.91823  -0.545255  1
505  0  1.24446  1.01051  18188  1.94744  -0.381896  1
506  0  0.369807  -0.0646017  16161.3  -0.116009  -0.115671  1
507  0  0.411509  -0.0605654  16082.4  -0.326008  -0.136072  1
508  0  -0.442109  -0.9135  17859.6  2.03564  -0.596994  1
509  0  -0.398922  -1.25722  17859.3  2.02004  -0.549172  1
510  0  0.579234  -0.0615006  16974.4  0.162718  0.0665831  1
511  0  0.418329  -0.307885  17053.8  2.48103  -0.217311  1
512  0  1.63271  -0.474245  18081.9  1.82597  -0.228281  1
513  0  -0.780136  -0.186118  18091  1.94809  -0.690281  1
514  0  0.597747  -1.14115  17831.1  2.01104  -0.354451  1
515  0  0.0787601  -0.0609842  15931.8  2.12608  -0.824164  1
516  0  0.996184  -0.0184698  18102.7  0.200261  0.105753  1
517  0  0.974229  -0.0307416  18071.7  0.383379  0.0365936  1
518  0  0.00734614  -0.0405922  15028.6  2.4124  -1.64886  1
519  0  0.687148  -0.0566438  17406  0.455726  0.158721  1
520  0  0.643487  0.110048  17926.8  2.17274  -0.309238  1
521  0  0.832088  -0.263539  17787.2  2.13491  0.00227532  1
522  0  0.757826  -0.36254  17671.6  2.14044  -0.0725438  1
523  0  0.947648  -0.158707  18003.3  1.94926  0.0544892  1
524  0  0.121644  -0.0663198  15855.2  1.68437  -0.640895  1
525  0  0.261007  0.1344  18314.9  1.95369  0.0827678  1
526  0  0.21392  -0.0695067  15664.7  0.876431  -0.0958014  1
527  0  0.181705  0.123522  18589.7  1.78332  0.187672  1
528  0  0.894277  -0.0380519  17980.8  0.376096  0.0180078  1
529  0  0.850454  -0.0406998  17932  0.378645  0.0217257  1
530  0  -0.0194965  0.0375754  19391  0.742654  -0.925719  1
531  0  0.377654  0.265125  18251.4  1.94353  -0.144932  1
532  0  0.482395  -0.144192  16580.5  2.20416  0.0791441  1
533  0  1.09022  1.29653  18220.1  1.94111  -0.405718  1
534  0  0.0606308  0.22075  18871.7  1.59082  -0.150824  1
535  0  -0.262919  -0.138706  17953.4  1.97309  -0.804622  1
536  0  0.291272  -0.0691831  15927.5  0.317886  -0.130356  1
537  0  0.510303  -0.244852  17046.6  2.55597  -0.0442696  1
538  0  0.960946  0.242473  18145.2  1.97039  -0.342056  1
539  0  0.463911  0.224275  18109.5  2.01275  -0.186416  1
540  0  0.921599  0.0588612  18084.2  1.98737  -0.397138  1
541  0  0.551264  0.20238  18040.8  2.03813  -0.241055  1
542  0  0.943386  -1.24645  17914.8  1.95116  -0.336442  1
543  0  0.0482283  0.0809915  19510.8  1.067  0.0989741  1
544  0  -0.201841  -0.17585  17802.1  2.03542  -0.819261  1
545  0  1.07277  -1.6321  17955.6  1.91189  -0.378145  1
546  0  0.0678704  -1.10796  17786.6  2.04992  -0.452889  1
547  0  -1.68591  -0.245355  18100.7  1.94055  -0.502943  1
548  0  0.570881  -0.449303  17496.1  2.21473  -0.184673  1
549  0  -0.124993  -0.202874  17587.5  2.12581  -0.834479  1
550  0  -0.0183502  -0.0100926  16643.6  1.34012  -2.01512  1
551  0  -0.461767  -0.306521  17954.4  1.99681  -0.738837  1
552  0  0.247264  0.502115  18422.4  1.85035  -0.245555  1
553  0  0.686791  0.482563  18202.6  1.95434  -0.300575  1
554  0  -0.243029  -0.0030377  18252.9  1.80541  -0.797545  1
555  0  0.87937  -0.62358  17830.8  2.02326  -0.190801  1
556  0  0.119917  -0.325697  17123.9  2.39185  -0.584334  1
557  0  0.931394  -0.816097  17869.7  1.99198  -0.255023  1
558  0  0.0959545  -0.137775  16431.5  2.6545  -0.916623  1
559  0  0.695611  -0.134757  17486.1  1.88955  0.167326  1
560  0  1.13429  0.214304  18189.1  1.94675  -0.331723  1
561  0  -0.297182  0.185417  18473.3  1.74838  -0.641687  1
562  0  1.04687  0.390737  18172.1  1.96688  -0.334382  1
563  0  0.385386  -0.153031  16294.3  2.48048  -0.148495  1
564  0  0.810046  0.544538  18200.7  1.94988  -0.320618  1
565  0  -0.236782  0.07132  18424.4  1.72858  -0.735544  1
566  0  0.529374  -0.125204  16780.9  1.85947  0.155581  1
567  0  -1.23374  -0.764709  18007.7  1.94282  -0.539025  1
568  0  0.740673  -0.0427388  17627.3  0.246269  0.037409  1
569  0  0.429909  -0.0994294  16130.1  1.20656  0.0118395  1
570  0  -0.392976  0.0322455  18247  1.8568  -0.747712  1
571  0  -1.03078  -0.52163  18023.3  1.95178  -0.590664  1
572  0  0.793293  -0.111837  17767.4  1.64338  0.125751  1
573  0  1.0273  -0.0125201  18190.9  0.677135  -0.139318  1
574  0  0.784486  -0.0403146  17771.6  0.330973  0.038624  1
575  0  -0.263783  0.922966  18399.8  1.89786  -0.443769  1
576  0  -0.04033  0.0117989  18533.2  1.2491  -1.36037  1
577  0  -1.58072  0.337552  18199.6  1.93169  -0.501205  1
578  0  0.17787  -0.628303  17530.5  2.19051  -0.438795  1
579  0  -0.689871  1.59561  18361  1.8503  -0.508988  1
580  0  -0.325194  0.381808  18479.9  1.78008  -0.558748  1
581  0  0.641862  -0.0912569  17251  1.27876  0.148099  1
582  0  0.116455  0.0996395  18974.4  1.45575  0.251844  1
583  0  0.340302  -0.850759  17696.2  2.10121  -0.3833  1
584  0  -0.541768  -0.447052  17935  2.00146  -0.707725  1
585  0  0.0497607  0.399674  18603.4  1.74204  -0.261027  1
586  0  1.1686  0.0364957  18258.2  1.75387  -0.3044  1
587  0  0.868156  -0.110698  17911.5  1.62363  0.0985983  1
588  0  0.300291  0.327592  18382.8  1.88058  -0.160048  1
589  0  0.914884  0.651683  18207.2  1.93939  -0.336776  1
590  0  0.361934  0.215683  18207.7  1.96764  -0.10421  1
591  0  0.801484  0.0702956  17986.4  1.82451  -0.333698  1
592  0  -0.248582  -0.332663  17769.4  2.07968  -0.719032  1
593  0  -1.71977  1.36494  18282.7  1.93883  -0.48591  1
594  0  0.487305  0.364709  18216.5  1.95761  -0.237178  1
595  0  -0.64251  -0.853095  17905.5  2.00147  -0.627277  1
596  0  0.593584  -0.34236  17399.9  2.29291  -0.0990117  1
597  0  0.678233  -0.308376  17536.4  2.2379  -0.0331894  1
598  0  1.64351  0.908361  18133.7  1.97638  -0.37993  1
599  0  0.457065  -0.713671  17630.5  2.14149  -0.33276  1
600  0  0.623104  0.294812  18116.7  1.9965  -0.277527  1
601  0  -0.151536  -0.034342  18137.8  1.79649  -0.928008  1
602  0  -0.526118  0.360035  18356.9  1.84632  -0.660365  1
603  0  0.172056  0.281523  18590.4  1.76008  -0.117089  1
604  0  0.993119  0.0248778  18150.2  1.59663  -0.362425  1
605  0  0.157189  1.15456  18372.4  1.83303  -0.308347  1
606  0  0.0483008  0.162124  19091.2  1.42611  -0.115101  1
607  0  0.709359  0.132295  17982.5  2.12094  -0.335986  1
608  0  0.872032  0.156007  18088.8  2.00562  -0.36051  1
609  0  0.0194376  -0.168344  16987.9  2.3884  -0.919437  1
610  0  0.600674  0.182191  18007.3  2.05348  -0.268266  1
611  0  -0.144762  0.158865  18739.3  1.57399  -0.575764  1
612  0  0.710615  -0.0942886  17532.8  1.34741  0.177218  1
613  0  0.865989  0.0549105  18034.7  1.70677  -0.333098  1
614  0  0.678142  -0.511501  17637.2  2.13145  -0.178423  1
615  0  0.573479  0.776373  18288.1  1.88956  -0.317672  1
616  0  0.451572  0.863044  18318.1  1.867  -0.3221  1
617  0  1.63475  1.52509  18135.6  2.05984  -0.450867  1
618  0  0.140203  0.194418  18754.9  1.67609  -0.0109504  1
619  0  -0.105482  0.508016  18525.3  1.7561  -0.380072  1
620  0  0.150688  0.36471  18560.3  1.77964  -0.191315  1
621  0  -0.301593  -0.655953  17787.3  2.0756  -0.608485  1
622  0  0.308141  0.204089  18278  1.9298  -0.0502162  1
623  0  0.193462  -0.145634  16124.8  2.7722  -0.661309  1
624  0  0.624832  -0.196521  17297.2  2.36523  0.104805  1
625  0  0.574268  -0.21789  17157.2  2.48573  0.0470316  1
626  0  -0.84824  0.268976  18245  1.89787  -0.642799  1
627  0  0.340952  0.782425  18353.2  1.86016  -0.309613  1
628  0  0.63285  -0.0446384  17244.5  -0.11042  -0.0424318  1
629  0  0.602115  -0.113833  17113.9  1.64276  0.173304  1
630  0  0.714959  0.233868  18070.9  2.0118  -0.309632  1
631  0  0.412013  0.167612  18071.2  2.03343  -0.122495  1
632  0  0.980937  -0.0130952  18075.3  0.0866349  0.0273941  1
633  0  0.76864  0.338184  18137.4  1.98075  -0.312611  1
634  0  0.752219  -0.182342  17640.3  2.17784  0.098987  1
635  0  -0.0223602  -0.0385565  16896.7  1.97937  -1.60068  1
636  0  -0.0775969  0.00266891  18332.1  1.54182  -1.1099  1
637  0  0.695436  0.0849855  17905.4  1.83072  -0.29913  1
638  0  0.736643  0.0812396  17943.7  1.85555  -0.321464  1
639  0  0.0285812  0.0639803  19758.5  0.753279  -0.0469795  1
640  0  0.232377  0.185673  18451.9  1.8345  0.0111409  1
641  0  0.317761  0.121395  18089  1.9613  0.0383853  1
642  0  0.222515  0.411577  18462.3  1.8361  -0.201215  1
643  0  0.362217  0.12257  18024.2  1.99101  -0.0260202  1
644  0  0.161941  0.106618  18670.3  1.65532  0.25199  1
645  0  1.6396  -1.08292  18032.9  1.85478  -0.31096  1
646  0  0.476782  0.565099  18291.9  1.91137  -0.280309  1
647  0  0.906135  0.296251  18141.5  1.97616  -0.333756  1
648  0  -1.63288  0.79623  18253.3  1.93536  -0.486296  1
649  0  1.60017  0.421644  18134.5  2.00399  -0.345961  1
650  0  0.774243  0.16174  18039.7  2.03691  -0.343827  1
651  0  0.464633  -0.105758  16316.2  1.38171  0.0860691  1
652  0  0.961893  -0.112118  18048.9  1.60785  0.0665011  1
653  0  0.15727  -0.420022  17276.7  2.32762  -0.495706  1
654  0  0.539809  0.110047  17878.2  1.98136  -0.204251  1
655  0  0.58332  0.103676  17892.2  1.95459  -0.239865  1
656  0  -0.0604718  -0.451367  17541.8  2.19166  -0.589369  1
657  0  0.778663  0.118099  18017.5  2.13034  -0.370345  1
658  0  1.61787  -1.61787  18038.2  1.87192  -0.359396  1
659  0  -0.00281344  0.136405  19212.3  1.29796  -0.27501  1
660  0  0.206151  0.113337  18436.1  1.79165  0.183634  1
661  0  0.0740835  0.0830873  19327  1.22117  0.22559  1
662  0  -0.19435  1.25829  18392.9  1.83073  -0.37033  1
663  0  0.407082  0.119379  17961  1.98775  -0.0808236  1
664  0  0.477139  -0.0510513  16357.1  -0.415614  0.0886233  1
665  0  0.521044  -0.0489451  16706.6  -0.31451  0.0763168  1
666  0  0.244309  -0.125445  16017.2  2.46811  -0.467015  1
667  0  0.919854  0.122209  18105.3  2.02378  -0.378514  1
668  0  0.442021  0.190525  18089.3  2.02097  -0.155596  1
669  0  0.121314  0.559963  18470  1.80979  -0.2877  1
670  0  0.450222  0.115603  17952.6  1.96449  -0.128684  1
671  0  0.671567  0.159283  17991.2  2.07589  -0.30839  1
672  0  0.057166  -0.0482585  15708  1.9164  -0.773559  1
673  0  0.494779  0.114477  17911.4  1.98525  -0.169202  1
674  0  0.841419  0.109863  18047.1  2.0998  -0.383224  1
675  0  -0.481756  -0.0727632  18130.3  1.9222  -0.757534  1
676  0  0.971276  0.0245618  18097.4  1.41101  -0.296592  1
677  0  1.06716  0.607455  18188.8  1.95441  -0.341626  1
678  0  0.403729  -0.115535  16114.9  1.74183  -0.0596283  1
679  0  -1.12662  1.2303  18307.4  1.92663  -0.518803  1
680  0  -0.342865  0.613979  18437.3  1.79953  -0.513785  1
681  0  0.432374  -0.0512171  16100.3  -0.53861  -0.0713101  1
682  0  0.702598  0.382988  18159.8  1.97318  -0.298966  1
683  0  0.345659  -0.0538153  16077.9  -0.218696  0.0838383  1
684  0  0.390162  -0.0512249  16156.3  -0.394339  -0.145713  1
685  0  1.0927  -0.126275  18193.8  1.65188  0.0159933  1
686  0  1.05023  -0.211145  18092.3  1.96714  -0.0182854  1
687  0  1.23429  0.139345  18194.9  1.93405  -0.308252  1
688  0  1.24842  0.676378  18174.9  1.96446  -0.353549  1
689  0  0.191478  -0.0556122  15373.9  0.212653  -0.123293  1
690  0  0.832014  0.207982  18089.4  1.99602  -0.341095  1
691  0  0.531011  0.163229  17990.8  2.08733  -0.22235  1
692  0  0.235426  -0.0546206  15819.9  -0.0916799  0.0731214  1
693  0  1.6878  -0.177161  18112.1  1.87631  -0.238588  1
694  0  -0.353175  -0.242994  17925.7  2.00916  -0.754793  1
695  0  1.34071  -0.900193  17995.2  1.896  -0.269955  1
696  0  -0.878827  -0.988541  17938  1.96867  -0.587479  1
697  0  -0.0704666  0.0831192  19062  1.29555  -0.67279  1
698  0  0.102254  -0.0514401  16002.5  1.12905  -0.458631  1
699  0  0.91943  -0.0301789  18008.4  0.310135  0.00184295  1
700  0  0.871849  -0.0307646  17949.3  0.28343  0.0179491  1
701  0  0.82582  -0.0367187  17891.9  0.33796  0.0602135  1
702  0  0.752095  -0.599977  17732.8  2.07685  -0.199422  1
703  0  0.147039  -0.0530716  15714.9  0.628082  -0.364492  1
704  0  0.606794  -0.0486384  17135  -0.110641  0.10024  1
705  0  0.895831  -0.248409  17885.2  2.08973  0.00502359  1
706  0  0.849177  0.360787  18151.3  1.97368  -0.323847  1
707  0  0.406601  0.410359  18296.7  1.92213  -0.226537  1
708  0  0.762109  -0.0355646  17705.3  0.114206  0.0613991  1
709  0  0.718437  -0.037741  17595.1  0.00289022  -0.00463781  1
710  0  -0.0817476  1.67683  18423.7  1.79631  -0.394677  1
711  0  0.219047  -0.237861  16693.8  2.64283  -0.539873  1
712  0  0.0963769  0.0878282  19156.8  1.32975  0.277568  1
713  0  0.825158  0.0600549  17995.3  1.68248  -0.323343  1
714  0  -1.105  0.485051  18253.6  1.91169  -0.558863  1
715  0  0.778099  0.0688114  17993.9  1.72478  -0.312535  1
716  0  0.295442  0.116216  18163.9  1.88174  0.0727052  1
717  0  0.66975  0.0932636  17915.8  1.93487  -0.292742  1
718  0  -0.901631  0.422847  18271.5  1.8975  -0.615854  1
719  0  1.09976  -0.423901  17988.7  1.95135  -0.12482  1
720  0  0.0588484  -0.731823  17645.6  2.13822  -0.472262  1
721  0  0.491477  0.151264  17981.7  2.11877  -0.184463  1
722  0  0.349825  -0.277177  16863.2  2.59098  -0.302749  1
723  0  1.05307  0.100257  18191.4  1.98119  -0.372629  1
724  0  0.384548  0.117055  17963.1  1.92898  -0.0504167  1
725  0  -0.17195  0.0832543  18597.5  1.62888  -0.71596  1
726  0  0.516979  0.107846  17865.2  1.89575  -0.179909  1
727  0  0.976997  0.0689241  18129.6  2.05672  -0.410632  1
728  0  0.969658  0.107278  18128.4  2.02044  -0.383939  1
729  0  0.136755  -0.0961623  15923.4  2.37091  -0.788242  1
730  0  0.228888  0.112241  18339.9  1.78324  0.153208  1
731  0  0.0553155  -0.0763765  16029.5  2.61962  -1.12776  1
732  0  0.454432  -0.0467955  16197.2  -0.623177  0.0146227  1
733  0  0.897007  -0.455408  17835.4  2.03722  -0.122856  1
734  0  0.323142  -0.0504347  15940.5  -0.44468  0.0646207  1
735  0  1.26885  -0.148584  18240.6  1.71536  -0.0946054  1
736  0  0.139974  0.0977854  18832.7  1.53388  0.280772  1
737  0  0.614275  -0.7128  17698.2  2.10437  -0.280401  1
738  0  0.0388684  -0.289183  17183.4  2.34848  -0.68584  1
739  0  1.36054  -0.605721  18037.5  1.87874  -0.212078  1
740  0  0.756073  0.273266  18102.5  1.99744  -0.314692  1
741  0  -1.27814  0.313928  18211  1.92157  -0.531663  1
742  0  -1.67144  -1.30174  17968.6  1.94034  -0.500161  1
743  0  0.93833  -0.0219517  18026.8  0.172514  -0.00937048  1
744  0  -0.044024  0.214648  18887.4  1.54025  -0.352438  1
745  0  0.805897  -0.031848  17811  0.187459  0.0999204  1
746  0  0.360391  -0.473838  17352.6  2.29018  -0.333993  1
747  0  0.0261033  0.278336  18782.5  1.63998  -0.245721  1
748  0  -0.990181  1.7185  18324.4  1.92746  -0.485203  1
749  0  -0.649548  -0.0541265  18145  1.92637  -0.72752  1
750  0  0.677325  -0.239557  17486.5  2.32252  0.0410095  1
751  0  0.313047  -0.111953  16022.3  1.79245  -0.219716  1
752  0  -1.71427  -0.612125  18048.3  1.94174  -0.501225  1
753  0  -0.0887647  0.862367  18426.7  1.8653  -0.375317  1
754  0  -0.570369  1.32472  18373.4  1.84843  -0.552414  1
755  0  0.169201  -0.0505751  15489.1  0.0127158  -0.186169  1
756  0  -0.0911237  -0.0769863  17672  1.94806  -1.08419  1
757  0  0.124165  -0.180704  16602.6  2.63146  -0.775179  1
758  0  0.101166  0.921462  18399  1.85231  -0.327573  1
759  0  0.553867  0.40555  18209.4  1.95793  -0.265417  1
760  0  0.377533  0.173959  18125.6  2.00091  -0.0927369  1
761  0  1.01501  0.0171271  18162.4  1.36171  -0.342204  1
762  0  0.442399  -0.587678  17511.5  2.20174  -0.31113  1
763  0  0.351682  -0.0895752  16101.4  0.758219  -0.0904079  1
764  0  0.836165  -0.0686541  17888.4  0.869245  0.0796822  1
765  0  0.59667  1.44105  18303.1  1.91307  -0.410079  1
766  0  0.663303  -0.120108  17367.7  1.77086  0.182973  1
767  0  0.344095  -0.173793  16370.2  2.749  -0.288364  1
768  0  0.319259  -0.215839  16579.1  2.74991  -0.352088  1
769  0  0.187924  0.765497  18392.7  1.8479  -0.316054  1
770  0  0.0137595  0.093252  19480.4  1.08785  -0.187489  1
771  0  -0.252554  -1.7252  17858.4  1.99005  -0.509325  1
772  0  -0.507489  0.891697  18374  1.90277  -0.557751  1
773  0  0.542929  -0.0444162  16843.2  -0.35838  0.0117461  1
774  0  0.849919  -0.147801  17866.9  1.93494  0.0875878  1
775  0  1.03115  0.0558061  18185.4  1.98533  -0.408994  1
776  0  0.604779  0.0960158  17859  1.80641  -0.240419  1
777  0  0.432949  -0.387513  17257  2.35258  -0.244806  1
778  0  -0.183149  -1.21309  17829.5  2.03546  -0.508984  1
779  0  0.288855  -0.328861  17012.8  2.48003  -0.387069  1
780  0  0.0113235  -0.118152  16806.5  2.44017  -1.076  1
781  0  0.197129  -1.32724  17823.2  2.01597  -0.431518  1
782  0  0.97484  -0.391001  17913.9  2.00608  -0.092679  1
783  0  1.2943  -0.0170465  18246.8  1.73381  -0.212694  1
784  0  0.681742  -0.887963  17796.4  2.04065  -0.300012  1
785  0  1.50935  0.0169091  18164.6  1.91109  -0.259823  1
786  0  -0.0724377  0.622513  18479.2  1.78645  -0.370261  1
787  0  0.536099  -0.0922401  16791.1  1.02554  0.136525  1
788  0  0.00772388  0.0429615  19844  0.345368  -0.378619  1
789  0  0.538716  -1.73551  17898  1.95268  -0.425574  1
790  0  -0.909276  0.119808  18195.7  1.91517  -0.638045  1
791  0  0.56362  -0.0441446  16913.1  -0.324719  -0.0150064  1
792  0  1.14696  0.334676  18178.2  1.96518  -0.333863  1
793  0  0.448729  -1.30253  17834.9  2.0043  -0.397771  1
794  0  -1.41916  -0.1671  18114  1.93939  -0.520841  1
795  0  -1.54012  1.65061  18293  1.93939  -0.482747  1
796  0  0.233896  -0.0802577  15841.9  0.99608  -0.143773  1
797  0  1.38937  0.852562  18163.9  1.96515  -0.36995  1
798  0  0.625544  0.0938454  17896.6  1.84134  -0.256075  1
799  0  0.95019  -0.0754631  18030.6  1.1399  0.0667574  1
800  0  0.970453  1.74357  18255.9  1.97661  -0.45278  1
801  0  -0.204803  0.227121  18614  1.67554  -0.552904  1
802  0  0.199451  0.138673  18522  1.79183  0.130608  1
803  0  0.91355  -0.0617918  17994.9  0.880226  0.0526211  1
804  0  -0.0267884  -0.868361  17731.3  2.0903  -0.47696  1
805  0  0.602679  0.145568  17961.8  2.13424  -0.279582  1
806  0  0.153608  -1.73654  17863.1  1.97897  -0.464839  1
807  0  0.420693  0.240065  18169.3  1.98491  -0.159904  1
808  0  1.27504  -0.294209  18122.9  1.88343  -0.117983  1
809  0  1.74889  0.64253  18111.9  2.00211  -0.373414  1
810  0  -0.292979  -0.846226  17802.1  2.06535  -0.568401  1
811  0  0.843038  0.0523332  18043.7  1.53374  -0.303952  1
812  0  0.519989  -0.0733  16702.7  0.357423  0.110773  1
813  0  0.735272  0.157753  18016  2.05938  -0.334845  1
814  0  0.886099  0.0422101  18037.6  1.4597  -0.292509  1
815  0  -1.16489  -1.37173  17935.5  1.95459  -0.526528  1
816  0  1.0129  0.131227  18156.5  1.96584  -0.366999  1
817  0  0.302341  0.166573  18245  1.93783  -0.00368396  1
818  0  -0.871625  -1.26219  17919.8  1.97196  -0.555464  1
819  0  0.980529  0.314118  18158.6  1.96963  -0.335489  1
820  0  0.787891  -0.226852  17717.6  2.19534  0.0471305  1
821  0  0.274969  0.115776  18206.8  1.88237  0.0905499  1
822  0  0.487132  1.03927  18311.1  1.85448  -0.348915  1
823  0  0.584739  0.128064  17933.1  2.18692  -0.269376  1
824  0  0.738128  -0.0834445  17624.9  1.1098  0.136579  1
825  0  -0.0965185  0.329459  18666.9  1.69375  -0.387466  1
826  0  0.178304  -0.109601  15855.4  2.43177  -0.653777  1
827  0  -1.09689  -1.69541  17910.5  1.96316  -0.515936  1
828  0  -0.0373093  -0.346528  17434.1  2.23332  -0.67116  1
829  0  0.432129  0.335931  18243.6  1.94656  -0.208989  1
830  0  1.10114  -0.0590561  18255.1  1.04356  -0.0396164  1
831  0  0.586106  -0.0412237  17002.7  -0.352782  0.0366335  1
832  0  -0.642668  1.116  18362.9  1.91539  -0.588952  1
833  0  0.318746  0.146408  18162.7  2.00695  0.0043876  1
834  0  0.250106  0.114446  18309.7  1.83692  0.124771  1
835  0  0.673378  -0.0385074  17312.8  -0.205175  0.0488205  1
836  0  -0.615574  0.523062  18353.3  1.85347  -0.636505  1
837  0  0.278385  -0.0509204  15976.2  -0.331989  -0.0693434  1
838  0  0.569283  0.269051  18105.7  2.00645  -0.253803  1
839  0  -0.0634489  0.126467  19042.1  1.37789  -0.497825  1
840  0  0.587737  0.653557  18271.3  1.90933  -0.303073  1
841  0  0.648199  0.0885036  17916.4  1.75949  -0.26083  1
842  0  -0.0175435  0.0126439  18491.7  0.728217  -1.68652  1
843  0  1.04123  -0.0443096  18231.1  0.703521  0.0182946  1
844  0  0.560001  -0.275347  17238.2  2.42176  -0.0481538  1
845  0  -0.0773931  -0.164248  17387.1  2.19209  -0.934309  1
846  0  0.908064  -0.132073  17953.9  1.78032  0.0759093  1
847  0  0.479493  -0.0760019  16383.2  0.465947  0.117542  1
848  0  0.661706  0.255023  18082.2  2.01256  -0.291263  1
849  0  0.544086  0.134575  17942.3  2.16966  -0.236183  1
850  0  0.431357  -0.18282  16562.9  2.6654  -0.0822575  1
851  0  1.3544  0.509056  18162.2  1.97991  -0.343502  1
852  0  -0.719926  -0.34569  18024.6  1.96653  -0.697283  1
853  0  0.160002  0.132025  18714.3  1.67128  0.157446  1
854  0  0.141119  0.158669  18801.6  1.61844  0.0713926  1
855  0  0.883935  0.449357  18175.2  1.96436  -0.325563  1
856  0  -0.251285  -0.0700827  18085  1.90089  -0.823661  1
857  0  0.0702736  0.132761  19143.7  1.37839  0.0247116  1
858  0  0.19721  1.71993  18354.7  1.87673  -0.400651  1
859  0  -0.00604856  -0.0252154  15763.6  2.01204  -2.08487  1
860  0  -1.10538  0.711009  18279.8  1.91293  -0.547183  1
861  0  -0.136082  -0.0767715  17887.9  1.92292  -0.968776  1
862  0  -0.910609  -0.172561  18106.2  1.9435  -0.64292  1
863  0  0.0351403  -0.0399548  15130.7  2.14785  -1.03829  1
864  0  0.696375  -0.0355907  17492.4  -0.0777808  0.128719  1
865  0  -0.889836  1.09829  18333.7  1.91934  -0.578453  1
866  0  -0.204644  0.568498  18482.1  1.77293  -0.442276  1
867  0  0.688952  1.74025  18303.1  1.94496  -0.446152  1
868  0  -0.287631  -0.479707  17770.9  2.07864  -0.662871  1
869  0  1.0173  -0.64953  17905.5  1.97179  -0.200269  1
870  0  -0.619115  0.101632  18233  1.88721  -0.717283  1
871  0  -0.734509  0.188467  18245.8  1.89031  -0.682694  1
872  0  0.252639  0.157844  18382  1.8731  0.0505884  1
873  0  -0.388223  -0.0625822  18137.3  1.90723  -0.770378  1
874  0  -0.094059  -0.620017  17660.5  2.13689  -0.546043  1
875  0  0.361071  0.14993  18098.7  2.04699  -0.0499832  1
876  0  -1.69332  -1.69915  17943.4  1.94383  -0.494541  1
877  0  0.301376  -0.0494658  15919.6  -0.41477  -0.0428885  1
878  0  -1.15565  0.109454  18177.1  1.92586  -0.56662  1
879  0  0.260556  -1.00107  17748.3  2.067  -0.41013  1
880  0  0.930223  0.0344413  18078.3  1.48858  -0.306434  1
881  0  0.976669  0.451428  18175.8  1.96487  -0.331714  1
882  0  -0.718402  -1.71758  17881  1.97814  -0.529365  1
883  0  0.337832  0.291083  18322.6  1.90696  -0.141674  1
884  0  -0.0339379  0.0689335  19334.4  1.02768  -0.65027  1
885  0  0.944298  1.21093  18243  1.91992  -0.392593  1
886  0  0.193631  -0.0831636  15606.8  1.61913  -0.397162  1
887  0  0.652967  -0.037569  17256.2  -0.254998  -0.0724127  1
888  0  -0.29841  0.027166  18285.5  1.81226  -0.755783  1
889  0  -0.185944  -0.251992  17708.6  2.09068  -0.767039  1
890  0  0.904231  0.0852406  18086  2.09654  -0.403358  1
891  0  -1.67947  0.0701179  18156.2  1.93768  -0.502473  1
892  0  0.970665  -0.051253  18055.3  0.781273  0.0508932  1
893  0  0.793068  -0.080492  17791.2  1.07493  0.10238  1
894  0  0.271575  -0.211198  16534.2  2.75456  -0.458371  1
895  0  0.258047  -0.0485508  15994.2  -0.344105  0.0287992  1
896  0  0.270332  -0.401304  17197.7  2.36778  -0.404634  1
897  0  0.906324  0.0400171  18076.6  1.51673  -0.307477  1
898  0  -0.477388  0.258921  18360.3  1.83374  -0.67414  1
899  0  0.501771  0.222724  18096  2.01933  -0.213419  1
900  0  0.713331  0.0773059  17968.3  1.68617  -0.289274  1
901  0  0.633235  -0.0691063  17238.7  0.429614  0.0607089  1
902  0  0.327354  1.39198  18345.5  1.86994  -0.361188  1
903  0  0.756803  0.0692608  17938.1  1.64575  -0.295633  1
904  0  -0.0026435  0.336521  18691.4  1.69438  -0.288617  1
905  0  0.585453  -0.0858133  17020.4  0.977067  0.145165  1
906  0  0.27427  0.280495  18411  1.86036  -0.113442  1
907  0  -0.119924  -0.0117313  18247.2  1.69488  -0.977607  1
908  0  1.00947  -0.0101733  18130.9  0.375461  0.0203946  1
909  0  0.0367437  0.636951  18466  1.80074  -0.328268  1
910  0  0.917165  0.165425  18113.6  1.97806  -0.357895  1
911  0  0.66779  -0.162272  17392  2.17894  0.143364  1
912  0  1.33822  -1.6864  18003.7  1.88897  -0.367163  1
913  0  0.947957  -0.304305  17920.4  2.03266  -0.0436299  1
914  0  0.106613  0.134788  18983.9  1.48522  0.107943  1
915  0  -1.68582  1.0794  18269.6  1.9423  -0.48355  1
916  0  0.514531  0.298116  18157.5  1.98309  -0.235862  1
917  0  0.996416  -0.00844839  18092.9  0.0638374  0.0745515  1
918  0  0.350795  0.476136  18353.1  1.89245  -0.238943  1
919  0  1.14827  -0.561293  17976.6  1.92994  -0.179151  1
920  0  -0.0634028  -0.105329  17371.1  2.13883  -1.06681  1
921  0  0.840753  -0.210883  17819.2  2.13227  0.0514137  1
922  0  -0.862185  0.753006  18314.9  1.89791  -0.590091  1
923  0  0.0636561  0.104623  19318.3  1.25054  0.0906367  1
924  0  0.796906  0.960449  18254.6  1.9024  -0.359085  1
925  0  -0.0912827  0.0505268  18745.6  1.43563  -0.862418  1
926  0  -0.473653  -0.199964  18026.1  1.96959  -0.756692  1
927  0  0.785134  0.0902229  17999.1  2.10746  -0.371568  1
928  0  0.744874  -0.438192  17676.5  2.12353  -0.124244  1
929  0  0.817818  -0.415989  17756  2.08712  -0.103192  1
930  0  -0.022852  0.455001  18566.7  1.74414  -0.323513  1
931  0  0.774334  -0.143975  17706.3  1.93541  0.130388  1
932  0  1.72772  1.19462  18114.4  2.02042  -0.420305  1
933  0  1.14786  -0.312697  18079  1.94375  -0.0947192  1
934  0  0.949375  0.0262938  18084.9  1.32652  -0.279003  1
935  0  -0.195497  -0.0248521  18179.4  1.81531  -0.852147  1
936  0  0.469802  0.180689  18050.8  2.03938  -0.17782  1
937  0  1.7999  -0.623993  18075.7  1.80097  -0.26415  1
938  0  0.149339  -0.526279  17436  2.24365  -0.473853  1
939  0  0.698451  -0.0755002  17488  0.955653  0.180758  1
940  0  1.25603  0.387134  18172.8  1.97293  -0.333959  1
941  0  0.651537  0.133743  17954  2.1476  -0.309638  1
942  0  0.697815  0.11083  17940.6  2.17384  -0.342047  1
943  0  1.49748  0.205864  18154.7  1.99492  -0.311488  1
944  0  0.250415  -0.733937  17617.1  2.14852  -0.40668  1
945  0  0.964088  -1.02128  17898.8  1.96615  -0.300888  1
946  0  0.506958  -0.401269  17344.9  2.30097  -0.190105  1
947  0  -0.0644799  -0.0388998  17712.5  1.78803  -1.29196  1
948  0  -0.241839  0.362239  18539  1.74988  -0.505921  1
949  0  1.00005  -0.100014  18122.1  1.46736  0.0680402  1
950  0  1.08348  0.927184  18208.7  1.93622  -0.371387  1
951  0  1.09497  1.10822  18213.5  1.93  -0.389575  1
952  0  0.998461  0.19117  18154.1  1.95735  -0.350364  1
953  0  0.340078  0.115534  18057.8  1.91193  0.0136899  1
954  0  0.702267  0.741108  18256.3  1.90824  -0.324674  1
955  0  0.959071  -0.0177755  18044.2  0.151247  0.00218414  1
956  0  0.193651  -0.190492  16472.8  2.74049  -0.636308  1
957  0  -0.134959  0.057053  18590.9  1.57388  -0.806165  1
958  0  0.483751  -0.191519  16793.7  2.61926  -0.00504437  1
959  0  -1.31469  0.812435  18271  1.92571  -0.507817  1
960  0  -1.20356  -0.102889  18129.2  1.9369  -0.555055  1
961  0  0.374184  -0.109094  16123.3  1.63599  -0.10959  1
962  0  1.75069  -1.37218  18043.3  1.85361  -0.344677  1
963  0  0.868633  -1.76393  17933.1  1.92593  -0.401297  1
964  0  0.202338  0.167155  18544.6  1.77536  0.0569067  1
965  0  0.82391  0.0826656  18014.7  2.09112  -0.390141  1
966  0  -1.02096  1.46069  18324.9  1.90854  -0.516349  1
967  0  0.655281  0.34337  18145.9  1.98083  -0.286967  1
968  0  0.871702  0.082421  18051.6  2.1011  -0.399353  1
969  0  1.44389  -0.363652  18113.8  1.85533  -0.169405  1
970  0  0.00162574  0.237008  18875.3  1.57514  -0.267696  1
971  0  -1.4041  -1.22981  17965.3  1.94214  -0.5151  1
972  0  0.318553  0.675832  18364.7  1.8635  -0.294492  1
973  0  -0.276069  -1.43403  17853.9  2.01487  -0.520565  1
974  0  -0.401401  1.73136  18454.8  1.80301  -0.429186  1
975  0  1.01365  -0.067774  18150.1  1.05119  0.0720261  1
976  0  -0.658902  -0.19479  18071.8  1.95471  -0.72604  1
977  0  0.459655  -0.268233  16999.5  2.5456  -0.135144  1
978  0  0.415003  -0.245803  16834.1  2.64988  -0.181428  1
979  0  0.763351  -0.100122  17705.1  1.46072  0.135489  1
980  0  1.13181  -1.39778  17954.1  1.91582  -0.350662  1
981  0  -0.668393  -1.39063  17885.8  1.99145  -0.552096  1
982  0  0.727139  -0.155234  17585.9  2.06498  0.142526  1
983  0  1.36595  -1.11068  17992.8  1.89077  -0.305312  1
984  0  0.560752  0.100527  17881.8  1.82982  -0.205112  1
985  0  0.654756  -0.611286  17677.4  2.10975  -0.229024  1
986  0  0.163624  -0.273226  16901.1  2.5151  -0.587468  1
987  0  0.0701048  -0.474656  17435.5  2.25106  -0.531196  1
988  0  -0.501161  0.661019  18387.1  1.83925  -0.578253  1
989  0  -0.84982  -0.463355  18006  1.96275  -0.65102  1
990  0  0.215457  0.258205  18509.1  1.80486  -0.0882355  1
991  0  -0.3703  0.14014  18366.5  1.80466  -0.695065  1
992  0  -0.465496  -0.754688  17857.8  2.03694  -0.629671  1
993  0  0.414478  0.290837  18225.6  1.95508  -0.181004  1
994  0  -0.0381308  0.168673  19023.5  1.43026  -0.364849  1
995  0  0.251897  -0.0958146  15914.1  1.55479  -0.291848  1
996  0  0.562708  -0.135805  16968.3  2.04283  0.166283  1
997  0  -0.325135  -0.103645  18063.6  1.93125  -0.787582  1
998  0  -0.319039  -0.170128  17968.5  1.97954  -0.778378  1
999  0  0.265448  0.36918  18428.3  1.85912  -0.175917  1
1000  0  0.789445  -1.16638  17874.8  1.9798  -0.33932  1
1001  0  -0.0310678  -0.178242  17231.4  2.27965  -0.912652  1
1002  0  -1.42798  1.30621  18291  1.94002  -0.480407  1
1003  0  0.562955  -0.0809425  16903.4  0.739222  0.104246  1
1004  0  -1.03243  -0.806585  17977.7  1.94948  -0.576007  1
1005  0  0.0618422  0.476949  18534.9  1.77223  -0.284273  1
1006  0  0.411351  0.141444  18019.8  2.11697  -0.114508  1
1007  0  1.47979  1.75248  18168.5  2.02521  -0.475706  1
1008  0  0.60438  0.467635  18218.8  1.95056  -0.283473  1
1009  0  0.498913  -0.0439567  16542.5  -0.53133  0.0570872  1
1010  0  0.173961  0.181426  18646.3  1.73063  0.0384699  1
1011  0  1.11886  -0.0101539  18274.5  1.33746  -0.261934  1
1012  0  0.812216  -0.134421  17798.3  1.86967  0.114076  1
1013  0  1.11139  -0.913741  17935.8  1.94143  -0.26792  1
1014  0  0.275754  -0.134983  16114  2.52031  -0.401126  1
1015  0  -1.22574  -0.51638  18038.5  1.94594  -0.545974  1
1016  0  0.301021  -0.0894206  15916.1  1.0039  -0.152829  1
1017  0  -0.330938  0.482376  18460.6  1.78495  -0.535534  1
1018  0  -1.04359  -0.249246  18086.7  1.94557  -0.596325  1
1019  0  -0.267039  0.125724  18455.1  1.73812  -0.681327  1
1020  0  -1.76166  0.569031  18223.8  1.93387  -0.490603  1
1021  0  1.33194  0.212877  18179.4  1.96301  -0.316178  1
1022  0  0.628656  0.131206  17944.9  2.16985  -0.29987  1
1023  0  -0.423257  0.364731  18415.8  1.81387  -0.620439  1
1024  0  0.27542  0.210071  18365.8  1.88967  -0.0388998  1
1025  0  0.742124  0.191674  18049.3  2.01973  -0.325603  1
1026  0  1.77401  1.77401  18114.8  2.03988  -0.480794  1
1027  0  0.794239  0.671503  18227.1  1.9274  -0.327847  1
1028  0  -0.178697  0.292956  18617.2  1.70409  -0.481802  1
1029  0  0.985874  -0.186327  18041.2  2.00835  0.0199787  1
1030  0  0.273821  0.152983  18295.2  1.92095  0.03958  1
1031  0  0.635316  0.186029  18017  2.04222  -0.287255  1
1032  0  0.42451  -1.05325  17775.7  2.04695  -0.382124  1
1033  0  -0.0398681  1.22518  18386.2  1.83171  -0.31519  1
1034  0  0.428613  0.110066  17954  1.85484  -0.0948237  1
1035  0  0.472198  0.108164  17917.3  1.85135  -0.139605  1
1036  0  -0.101814  0.139114  18870.2  1.47866  -0.553472  1
1037  0  -0.40333  -0.510478  17848.2  2.0437  -0.677347  1
1038  0  -0.198727  1.09058  18385.3  1.87397  -0.380972  1
1039  0  -0.154271  -0.395751  17641.6  2.14315  -0.660021  1
1040  0  0.430083  -0.0728875  16077.6  0.231901  -0.035079  1
1041  0  0.806139  0.128131  18040.8  2.08067  -0.365437  1
1042  0  -0.78106  0.564038  18316.6  1.882  -0.626184  1
1043  0  1.05036  0.503451  18180.6  1.96304  -0.335454  1
1044  0  -0.836359  -0.0462604  18148  1.9309  -0.670958  1
1045  0  0.948243  0.194191  18129.8  1.96929  -0.350928  1
1046  0  -0.00300715  0.0249062  19413.3  0.110357  -1.01504  1
1047  0  0.213571  -0.0491093  15541.2  -0.385337  0.0928297  1
1048  0  0.162111  -0.171197  16419.3  2.74105  -0.72804  1
1049  0  0.10947  0.203561  18833.7  1.62742  -0.0618843  1
1050  0  0.524943  0.494321  18258.2  1.93433  -0.27171  1
1051  0  0.0498415  -0.148223  16705.3  2.52351  -0.957512  1
1052  0  0.184865  0.103767  18521.8  1.7015  0.239521  1
1053  0  0.774245  -0.292398  17683.3  2.16323  -0.0166276  1
1054  0  0.350369  1.15107  18343.4  1.83746  -0.339156  1
1055  0  0.80097  0.187518  18067.3  2.00438  -0.339708  1
1056  0  0.0182566  -0.088105  16509.5  2.49204  -1.21294  1
1057  0  0.0807152  -0.0428471  15885.7  1.07315  -0.418116  1
1058  0  -0.345639  -1.05024  17838.4  2.04225  -0.55467  1
1059  0  -0.114079  1.42357  18399.6  1.80976  -0.343363  1
1060  0  1.24702  1.20669  18189.8  1.94757  -0.399987  1
1061  0  0.411086  -0.0437702  16126.8  -0.635193  -0.110863  1
1062  0  -1.4041  -1.7792  17927.5  1.95197  -0.499186  1
1063  0  0.367575  -0.0456787  16168.1  -0.344119  -0.0129202  1
1064  0  -0.622374  -0.6479  17915.5  2.00034  -0.668147  1
1065  0  0.989576  0.012225  18099.1  1.08871  -0.262071  1
1066  0  1.00036  0.013395  18191  1.19009  -0.315544  1
1067  0  0.109426  -0.250455  16921.9  2.4903  -0.680735  1
1068  0  0.12477  -0.0459346  15933.5  0.322198  -0.279319  1
1069  0  0.892178  -0.0846701  17968.7  1.32842  0.0807826  1
1070  0  -0.114279  0.415206  18581.2  1.73303  -0.388752  1
1071  0  0.121857  0.668835  18434.1  1.82259  -0.314496  1
1072  0  0.860383  -0.0852656  17915.1  1.26488  0.101497  1
1073  0  0.423075  0.502735  18303.9  1.91343  -0.25669  1
1074  0  1.20434  0.844768  18188  1.95366  -0.367214  1
1075  0  0.977407  0.0458942  18125.7  1.93779  -0.407195  1
1076  0  0.604046  0.353427  18161.5  1.97675  -0.274172  1
1077  0  0.658923  -0.208118  17418.6  2.35561  0.0849828  1
1078  0  -1.48776  -0.696367  18027.8  1.94131  -0.513539  1
1079  0  -0.164483  -0.127401  17800.9  2.01246  -0.887277  1
1080  0  -0.213826  -0.116838  17940  1.96714  -0.845081  1
1081  0  0.929213  -0.202488  17959.4  2.06307  0.0290749  1
