0  2  0.999999  0.00067  16189.1  -6.84782e-17  3.34786e-17  1
1  1  2  2  16391.8  2.0277  -0.363192  1
2  1  2  -2  16380  1.90451  -0.27816  1
3  3  -2  -2  16280.6  1.967  -0.377615  1
4  3  -2  2  16570.6  1.96365  -0.379554  1
10  1  2  1.6  16387.2  2.097  -0.33244  1
11  1  2  1.2  16387.2  2.08084  -0.312132  1
12  1  2  0.8  16387.2  2.07546  -0.298724  1
13  1  2  0.4  16387.2  2.0998  -0.269117  1
14  1  2  5.50449e-12  16387.2  2.02316  -0.228238  1
15  1  2  -0.4  16387.2  1.88864  -0.195403  1
16  1  2  -0.8  16387.2  1.85261  -0.210278  1
17  1  2  -1.2  16387.2  1.87553  -0.254402  1
18  1  2  -1.6  16387.2  1.89396  -0.27368  1
19  0  1.6  -2  16351.9  1.91151  -0.284324  1
20  0  1.2  -2  16328.7  1.92287  -0.297718  1
21  0  0.8  -2  16292.7  1.94222  -0.317056  1
22  0  0.4  -2  16233.8  1.96104  -0.337555  1
23  0  5.50449e-12  -2  16207.2  1.96334  -0.373883  1
24  0  -0.4  -2  16216.4  1.96736  -0.413558  1
25  0  -0.8  -2  16230.3  1.97811  -0.40762  1
26  0  -1.2  -2  16241.8  1.98064  -0.386044  1
27  0  -1.6  -2  16263.9  1.9749  -0.3791  1
28  3  -2  -1.6  16288.4  1.96365  -0.379554  1
29  3  -2  -1.2  16304.5  1.96365  -0.379554  1
30  3  -2  -0.8  16335.2  1.96365  -0.379554  1
31  3  -2  -0.4  16379.4  1.96365  -0.379554  1
32  3  -2  -5.50449e-12  16431.3  1.96365  -0.379554  1
33  3  -2  0.4  16480.7  1.96365  -0.379554  1
34  3  -2  0.8  16519.3  1.96365  -0.379554  1
35  3  -2  1.2  16548.3  1.96365  -0.379554  1
36  3  -2  1.6  16565.8  1.96365  -0.379554  1
37  0  -1.6  2  16577.3  1.96365  -0.379554  1
38  0  -1.2  2  16593.6  1.96365  -0.379554  1
39  0  -0.8  2  16613.2  1.96365  -0.379554  1
40  0  -0.4  2  16635.1  1.96365  -0.379554  1
41  0  -5.50449e-12  2  16636.5  1.96365  -0.379554  1
42  0  0.4  2  16603.4  1.96365  -0.379554  1
43  0  0.8  2  16553.1  1.96365  -0.379554  1
44  0  1.2  2  16500.4  1.96365  -0.379554  1
45  0  1.6  2  16435.9  1.96365  -0.379554  1
46  2  0.978157  0.00273262  16306.7  1.45221e-16  -1.77047e-17  1
47  2  0.956297  0.0046899  16392.1  0  0  1
48  2  0.934438  0.00665686  16436.4  2.01511e-16  -1.85824e-17  1
49  2  0.912581  0.00864161  16453.8  0  0  1
50  2  0.890724  0.0106318  16463.6  -1.48678e-16  1.41058e-17  1
51  2  0.868867  0.0126129  16486.8  0  0  1
52  2  0.847007  0.0145766  16484.4  0  0  1
53  2  0.825146  0.0165145  16490.7  1.47453e-16  -1.41472e-17  1
54  2  0.803282  0.0184234  16484.6  0  0  1
55  2  0.781415  0.0202998  16484.2  0  -3.08149e-33  1
56  2  0.759545  0.0221452  16496.7  0  0  1
57  2  0.737673  0.0239586  16504  0  0  1
58  2  0.715798  0.0257426  16526.1  0  0  1
59  2  0.693921  0.0274972  16500.5  -1.33073e-16  9.0682e-18  1
60  2  0.672041  0.02922  16505.8  0  0  1
61  2  0.650159  0.0309055  16569  0  0  1
62  2  0.628273  0.0325505  16587.8  0  0  1
63  2  0.606384  0.0341484  16584  0  0  1
64  2  0.584492  0.0356954  16576.1  0  0  1
65  2  0.562595  0.0371843  16574.7  0  0  1
66  2  0.540694  0.0386098  16573.1  -5.59402e-16  3.00228e-17  1
67  2  0.518788  0.039964  16587  0  0  1
68  2  0.496878  0.0412404  16635.8  0  0  1
69  2  0.474963  0.0424346  16636  1.39551e-16  -7.23226e-18  1
70  2  0.453044  0.0435357  16636.8  0  0  1
71  2  0.43112  0.0445409  16670.6  -1.37888e-16  6.34899e-18  1
72  2  0.409191  0.0454431  16676.3  0  0  1
73  2  0.387258  0.0462342  16680  0  0  1
74  2  0.365321  0.0469068  16686.5  0  0  1
75  2  0.34338  0.0474506  16693.7  8.03814e-17  -9.27928e-19  1
76  2  0.321437  0.0478553  16737  0  0  1
77  2  0.299491  0.0481038  16784.2  0  0  1
78  2  0.277544  0.0481796  16824.8  1.93107e-16  2.21256e-19  1
79  2  0.255597  0.0480625  16849.7  0  0  1
80  2  0.233652  0.0477242  16877.1  -1.19557e-16  -6.79908e-19  1
81  2  0.211713  0.0471362  16938.8  0  0  1
82  2  0.189783  0.0462564  16989.8  -4.81083e-16  -1.13537e-17  1
83  2  0.16787  0.0450388  17065.7  0  0  1
84  2  0.145983  0.0434183  17148.6  9.11107e-17  -1.36708e-18  1
85  2  0.124138  0.0413097  17253  0  0  1
86  2  0.10236  0.0385987  17366.7  -7.30997e-17  1.00705e-17  1
87  2  0.0806916  0.0351177  17552.9  0  0  1
88  2  0.0592141  0.0306149  17708.1  0  0  1
89  2  0.0380908  0.0246799  18191.1  0  0  1
90  2  0.0177715  0.0164406  18261.5  0  0  1
91  2  0.000851166  0.00291341  12652  -4.80544e-16  3.67773e-16  1
92  2  0.0152249  -0.00959903  9028.4  3.14334e-16  -1.54222e-16  1
93  2  0.0367195  -0.0139405  12345.1  0  0  1
94  2  0.0585462  -0.0162028  14058.7  0  0  1
95  2  0.0804578  -0.0174352  14236.1  0  0  1
96  2  0.102396  -0.0180586  14536.9  3.18329e-16  -5.86208e-17  1
97  2  0.124342  -0.0182828  14672.5  3.32322e-16  -7.7528e-17  1
98  2  0.146289  -0.0182244  14701.9  0  0  1
99  2  0.168235  -0.0179673  14697.8  -9.56582e-17  8.2927e-18  1
100  2  0.190178  -0.0175637  14694.4  1.60543e-16  -4.93099e-17  1
101  2  0.21212  -0.017051  14679.5  -8.19205e-17  4.50985e-17  1
102  2  0.234059  -0.016456  14640.3  0  0  1
103  2  0.255996  -0.0157956  14584.4  0  0  1
104  2  0.277932  -0.0150852  14595  -1.23211e-16  1.00367e-17  1
105  2  0.299866  -0.0143356  14617.4  0  0  1
106  2  0.3218  -0.0135601  14639.4  0  0  1
107  2  0.343733  -0.01277  14736.4  0  0  1
108  2  0.365666  -0.0119744  14835.5  -2.20844e-17  7.275e-18  1
109  2  0.387599  -0.0111826  14931.1  0  0  1
110  2  0.409532  -0.0104003  15037.1  0  0  1
111  2  0.431466  -0.00963387  15120.4  -3.13274e-17  -1.14607e-17  1
112  2  0.453401  -0.00888937  15163  0  0  1
113  2  0.475337  -0.00817322  15197.8  -7.26614e-18  6.01855e-18  1
114  2  0.497273  -0.00748539  15282  0  0  1
115  2  0.519211  -0.00683552  15380.7  5.0569e-19  5.19339e-18  1
116  2  0.54115  -0.00622112  15467.2  0  0  1
117  2  0.563089  -0.00564145  15552.3  6.94955e-17  -3.89237e-18  1
118  2  0.58503  -0.00510178  15650.4  7.92598e-17  2.37291e-17  1
119  2  0.606971  -0.00460185  15720.7  0  0  1
120  2  0.628914  -0.00414529  15762.7  3.2676e-17  3.62977e-18  1
121  2  0.650857  -0.00372817  15810.3  0  0  1
122  2  0.672802  -0.00335789  15860.8  0  0  1
123  2  0.694746  -0.00303095  15904.8  0  0  1
124  2  0.716692  -0.00274908  15934.9  4.69868e-17  1.04525e-18  1
125  2  0.738638  -0.00250771  15947.7  0  0  1
126  2  0.760584  -0.00230333  15945.9  0  0  1
127  2  0.782531  -0.00212726  15966.6  3.11127e-17  3.70219e-19  1
128  2  0.804478  -0.00197337  15980.3  7.25933e-17  -3.06203e-18  1
129  2  0.826424  -0.0018351  15966  0  0  1
130  2  0.848371  -0.00170819  15945.5  0  0  1
131  2  0.870318  -0.001591  15960.3  0  0  1
132  2  0.892265  -0.00147632  15966.8  0  0  1
133  2  0.914212  -0.001348  15967  -7.99777e-17  -9.74528e-18  1
134  2  0.936159  -0.00119352  15999.4  0  0  1
135  2  0.958106  -0.00102765  16054.3  5.16398e-17  1.98301e-17  1
136  2  0.980052  -0.000846248  16116  0  0  1
264  0  -0.731729  -0.866264  16241.6  1.99751  -0.426015  1
265  0  0.202921  -1.01093  16114  2.05737  -0.361788  1
266  0  1.02638  -0.817951  16220  2.00798  -0.189277  1
267  0  -0.683014  0.855446  16608.3  1.92103  -0.398752  1
268  0  0.243185  1.08384  16648.9  1.92284  -0.314145  1
269  0  1.08536  0.822523  16532.5  1.99822  -0.270443  1
270  0  -0.0748527  0.578129  16766.7  1.85276  -0.360468  1
271  0  0.366092  0.520869  16736.4  1.89107  -0.249654  1
272  0  0.799027  0.446798  16586.1  1.96793  -0.222208  1
273  0  0.56668  -0.557051  15941  2.16686  -0.22007  1
274  0  0.0774666  -0.508995  15874.1  2.20217  -0.459339  1
275  0  -0.25983  -0.299169  16132.8  2.07597  -0.558974  1
276  0  -0.539035  0.20439  16567.8  1.89661  -0.474348  1
277  0  0.939081  -0.431059  16147.5  2.07172  -0.0921587  1
278  0  0.326344  -0.310612  15540.1  2.35857  -0.302192  1
279  0  0.586094  -0.270806  15768.6  2.2508  -0.0972463  1
280  0  0.132831  0.340257  16925.2  1.76876  -0.26505  1
281  0  0.0870678  -0.270488  15526.6  2.34757  -0.549611  1
282  0  0.364961  0.286169  16783.9  1.86021  -0.175892  1
283  0  0.588417  0.259092  16641  1.93556  -0.172912  1
284  0  -0.192762  0.26244  16819.9  1.76714  -0.455136  1
285  0  0.799919  -0.216289  15982.8  2.18175  -0.0537808  1
286  0  0.791534  0.220212  16553  1.97118  -0.191929  1
287  0  1.02056  0.229364  16515.1  1.98897  -0.221145  1
288  0  -0.00181158  0.189626  17157.4  1.59326  -0.361223  1
289  0  -0.120663  -0.151036  15980.6  2.11582  -0.754981  1
290  0  0.96369  -0.176715  16139.7  2.09461  0.0486809  1
291  0  0.221785  -0.174291  15110.2  2.56352  -0.437979  1
292  0  0.388297  -0.157961  15176.6  2.5477  -0.133123  1
293  0  0.519888  -0.148205  15498.5  2.36849  -0.00721818  1
294  0  0.643474  -0.137898  15795.4  2.1505  0.0114402  1
295  0  0.242568  0.191306  16932  1.7821  -0.121644  1
296  0  0.124892  0.163354  17157.6  1.63461  -0.146534  1
297  0  -0.00097044  -0.135163  15334.9  2.37022  -0.843027  1
298  0  0.102582  -0.128337  14968.1  2.56593  -0.672241  1
299  0  0.453378  0.181754  16704.7  1.89801  -0.136158  1
300  0  0.559012  0.151101  16629.2  1.93483  -0.144733  1
301  0  -0.204949  0.0478449  16642.2  1.8061  -0.645378  1
302  0  0.669591  0.140298  16571.4  1.96437  -0.160924  1
303  0  0.75483  -0.118575  15943.2  1.86814  -0.0183034  1
304  0  0.858542  -0.111862  15967.9  1.74674  -0.0162826  1
305  0  -0.813659  -0.279885  16357.9  1.9813  -0.477816  1
306  0  -0.0706955  0.103557  17138.4  1.5174  -0.583633  1
307  0  0.896454  0.146944  16506.7  1.98612  -0.199408  1
308  0  1.5185  -0.190851  16406.6  1.8608  -0.0974212  1
309  0  0.334989  0.148087  16801.2  1.84633  -0.10033  1
310  0  -0.320083  -0.728242  16146.2  2.05404  -0.427462  1
311  0  -0.0452095  -0.0645112  15625.5  2.09714  -1.11508  1
312  0  0.293169  -0.112157  14865  2.51721  -0.282875  1
313  0  0.758735  0.115275  16539.6  2.01046  -0.175806  1
314  0  1.3182  0.0856881  16526.3  1.95178  -0.178114  1
315  0  0.948763  -0.0929275  16023.1  1.52079  0.0722983  1
316  0  1.09404  -0.0913042  16395.9  1.47259  0.0988269  1
317  0  -1.25558  0.400423  16502.2  1.95431  -0.428487  1
318  0  0.977113  0.112156  16477.2  2.02631  -0.212318  1
319  0  0.0525458  0.115893  17470.3  1.42089  -0.202382  1
320  0  0.643226  0.850894  16618.2  1.94761  -0.2745  1
321  0  -0.477771  -0.101914  16398.8  1.95726  -0.525879  1
322  0  0.44521  -0.0910491  15171.1  1.73391  0.0131263  1
323  0  0.182898  -0.0914029  14781.9  2.4785  -0.495095  1
324  0  0.266797  0.118793  16887.9  1.81791  -0.0498564  1
325  0  0.201678  0.11541  17020.1  1.72536  -0.0383308  1
326  0  0.569896  -0.083112  15596.7  1.42296  0.0825013  1
327  0  -0.22777  1.04944  16653.9  1.92907  -0.37163  1
328  0  0.402478  0.118845  16723.3  1.92681  -0.100742  1
329  0  0.467326  0.109116  16671.6  1.96745  -0.113491  1
330  0  0.357548  -0.0789024  14808.8  1.45251  -0.0368344  1
331  0  -0.28289  -1.38977  16192.5  1.99402  -0.392501  1
332  0  0.014344  -0.0693416  14623.1  2.57316  -1.13698  1
333  0  -0.0903906  0.0157992  16658.8  1.70382  -0.880821  1
334  0  -0.093752  -0.322426  15907.7  2.17412  -0.574979  1
335  0  -0.356941  0.488292  16690.5  1.86581  -0.407276  1
336  0  0.82977  0.080735  16504.7  2.09494  -0.186126  1
337  0  -1.40154  -0.628675  16341.7  1.97  -0.417672  1
338  0  0.683164  -0.0735867  15885.4  1.12499  0.0384633  1
339  0  1.30103  0.498624  16490.2  2.02442  -0.241028  1
340  0  -1.39317  1.0246  16552.7  1.95559  -0.401742  1
341  0  -0.778747  0.487439  16567.4  1.92349  -0.434169  1
342  0  -1.30296  -1.31505  16277.2  1.97548  -0.399769  1
343  0  0.714609  1.37108  16575.3  1.97672  -0.32979  1
344  0  0.709864  -1.37518  16217.7  1.98807  -0.293707  1
345  0  0.00760905  0.0719306  17711.6  1.04211  -0.392846  1
346  0  0.123144  0.599574  16763.6  1.8697  -0.317272  1
347  0  0.600011  0.0996372  16597.7  2.02386  -0.14296  1
348  0  0.510318  -0.073232  15347.7  1.2648  0.0784671  1
349  0  0.318437  -0.570042  15874.7  2.20044  -0.329842  1
350  0  0.2483  -0.0713443  14598.5  1.65709  -0.274458  1
351  0  0.797858  -0.0552408  15979.4  0.7883  -0.0258961  1
352  0  0.0665892  -0.0695328  14336.9  2.71552  -0.788537  1
353  0  1.15294  0.0734669  16539.1  1.96126  -0.208719  1
354  0  -0.545609  -0.487255  16246.7  2.02966  -0.462745  1
355  0  1.15137  -0.29962  16303.6  1.99577  -0.0185862  1
356  0  1.42723  -0.599412  16323.8  1.92698  -0.136912  1
357  0  -0.956944  0.0431775  16451.9  1.95278  -0.463533  1
358  0  0.731374  -0.42599  15990.8  2.14453  -0.132786  1
359  0  0.90667  0.0739546  16484.3  2.11708  -0.200103  1
360  0  1.00034  -0.0569265  16178.6  0.883749  0.149367  1
361  0  -0.606979  1.40021  16616.8  1.94806  -0.390969  1
362  0  0.110367  0.0919855  17334.1  1.53775  -0.00111037  1
363  0  -0.196309  -0.507759  16057.2  2.122  -0.491059  1
364  0  -1.42483  -0.0996227  16419.6  1.96302  -0.42186  1
365  0  -0.0511459  0.387316  16870.3  1.77689  -0.36653  1
366  0  0.482342  0.397114  16703.8  1.90662  -0.206787  1
367  0  0.202104  -1.49901  16189.1  1.97894  -0.350828  1
368  0  0.533343  0.0975441  16615  2.02133  -0.1273  1
369  0  1.32242  -1.37881  16305.7  1.93614  -0.253289  1
370  0  0.135449  -0.0686364  14724.5  2.18847  -0.486671  1
371  0  1.30458  1.40469  16490.9  2.04697  -0.338429  1
372  0  0.306834  0.0937118  16803.9  1.91559  -0.0382957  1
373  0  0.707576  0.0781011  16537.2  2.08043  -0.159288  1
374  0  0.621381  -0.053641  15765  0.739522  0.0667294  1
375  0  0.643727  -0.963493  16135.8  2.05744  -0.274011  1
376  0  0.0224761  0.82546  16702.1  1.90141  -0.343948  1
377  0  0.900736  -0.0516104  15946.8  0.745224  0.00111919  1
378  0  0.0488569  1.47918  16635.5  1.95475  -0.328202  1
379  0  -0.0096816  -0.750016  16041.9  2.1111  -0.425748  1
380  0  -0.289671  -0.0950155  16357.5  1.96203  -0.608839  1
381  0  0.312526  -0.0618154  14654.6  0.895721  -0.0758149  1
382  0  0.40269  -0.0495805  14992.3  0.425396  0.0522699  1
383  0  0.47732  -0.244507  15571.2  2.34899  -0.128971  1
384  0  -0.13765  -0.0592036  16268.6  1.93252  -0.816703  1
385  0  0.149248  0.0909168  17181.1  1.66712  0.0136376  1
386  0  0.724862  -0.0474764  15937.2  0.641591  0.0183297  1
387  0  0.358629  0.090124  16733.4  1.97575  -0.0714502  1
388  0  0.633557  0.0779858  16575.7  2.06643  -0.143417  1
389  0  0.249689  0.310037  16867.7  1.81042  -0.203039  1
390  0  0.837663  -0.0475777  15963  0.654136  -0.0404462  1
391  0  0.857367  0.0529246  16484.3  2.06511  -0.18086  1
392  0  0.949576  0.0524322  16430.9  2.11477  -0.201164  1
393  0  1.00406  0.0426667  16439.3  2.06299  -0.251657  1
394  0  0.194243  -0.305439  15518.2  2.36328  -0.430165  1
395  0  0.752625  0.0660302  16511.6  2.08154  -0.168181  1
396  0  -0.0195023  -0.0352352  15226.8  2.12807  -1.50816  1
397  0  0.953495  -0.0488822  16030.2  0.729805  0.0718071  1
398  0  -0.757266  -1.34048  16236.6  2.00641  -0.410216  1
399  0  0.464082  -0.418584  15794.8  2.23246  -0.224147  1
400  0  0.304346  0.737637  16699.2  1.90606  -0.290226  1
401  0  0.564016  0.602069  16656.8  1.93408  -0.243324  1
402  0  1.02172  0.50387  16542.6  1.99204  -0.238746  1
403  0  -0.319397  0.810488  16667.7  1.90255  -0.377406  1
404  0  0.461739  -0.0522625  15149.1  0.559122  -0.0101089  1
405  0  -0.0447424  -0.21783  15713.2  2.2467  -0.684862  1
406  0  0.896703  0.342467  16553.6  1.98012  -0.218368  1
407  0  0.553245  -0.048549  15521.8  0.581842  0.0825882  1
408  0  1.53601  0.91489  16447.4  2.046  -0.294876  1
409  0  -0.393195  0.149045  16601.2  1.864  -0.507673  1
410  0  0.225467  0.45774  16809.9  1.84568  -0.265419  1
411  0  1.08461  0.0287086  16517.5  1.73093  -0.23956  1
412  0  0.19436  -0.0614314  14725.4  1.57989  -0.32525  1
413  0  -0.199816  -1.01799  16148.3  2.02631  -0.388844  1
414  0  0.470979  0.28658  16707.3  1.90254  -0.175046  1
415  0  0.306498  -0.183984  15171.5  2.55408  -0.290538  1
416  0  1.06236  -0.0344337  16433.9  1.00986  -0.0573336  1
417  0  -0.0193824  0.037138  17473.2  1.20671  -0.949439  1
418  0  -0.236691  0.435183  16751.8  1.83097  -0.404458  1
419  0  0.173854  0.253679  16977.6  1.73697  -0.195723  1
420  0  0.835495  -0.685527  16126.9  2.06888  -0.187206  1
421  0  0.682792  -0.24344  15879.1  2.20717  -0.0712633  1
422  0  0.248286  0.0875488  16898.9  1.87191  -0.0117687  1
423  0  0.421386  0.0804441  16687.6  2.00043  -0.0918551  1
424  0  -1.04249  0.783967  16562.2  1.94093  -0.419145  1
425  0  0.0613949  0.0736854  17652.6  1.24935  -0.0452451  1
426  0  0.473789  -0.82665  16059.1  2.11042  -0.29705  1
427  0  0.147765  -0.202403  15249.2  2.48362  -0.529684  1
428  0  0.333929  0.395827  16780.7  1.8667  -0.219714  1
429  0  0.0576631  -0.187573  15353.6  2.42616  -0.669555  1
430  0  -0.967316  1.155  16587.2  1.94359  -0.401035  1
431  0  0.682429  0.239345  16599.5  1.95428  -0.177975  1
432  0  0.645764  0.408547  16629.6  1.94448  -0.207869  1
433  0  0.666852  -0.0410156  15856.3  0.565302  0.0528914  1
434  0  1.23447  0.324073  16495.8  2.01163  -0.215812  1
435  0  0.238662  -0.447543  15761.7  2.24551  -0.377814  1
436  0  0.0346515  -0.384167  15775.1  2.23562  -0.50791  1
437  0  -1.00601  -0.61489  16311.1  1.98089  -0.44675  1
438  0  0.48502  0.0799751  16646.1  2.02557  -0.109399  1
439  0  -0.397374  -0.258033  16266.9  2.01845  -0.528949  1
440  0  0.158451  -0.695439  15987  2.15125  -0.400345  1
441  0  0.077213  0.242058  17075.3  1.66791  -0.261533  1
442  0  -1.23201  1.56495  16583.1  1.95189  -0.391883  1
443  0  1.1788  -0.60812  16261.4  1.98116  -0.127153  1
444  0  0.312355  0.221057  16844.5  1.82685  -0.14071  1
445  0  0.381322  0.202698  16767.6  1.87028  -0.13722  1
446  0  1.20368  -0.0362511  16532.6  1.65083  -0.0693689  1
447  0  0.579717  -0.156355  15663.1  2.3092  -0.00351466  1
448  0  0.521206  0.229559  16672.1  1.91926  -0.159712  1
449  0  0.801269  0.0559019  16491.6  2.06045  -0.180089  1
450  0  -0.0609049  -0.12553  15729.6  2.19008  -0.86471  1
451  0  1.65273  0.30309  16436.8  2.07298  -0.240691  1
452  0  -0.351711  0.0298344  16517.2  1.89407  -0.557134  1
453  0  -0.0529979  0.00521316  16569.6  1.5888  -1.09442  1
454  0  0.578384  0.0756493  16600.4  2.05181  -0.139296  1
455  0  0.88853  1.14901  16562.2  1.96953  -0.308765  1
456  0  0.450191  -0.156896  15357.6  2.48018  -0.0681062  1
457  0  -0.14847  -0.238311  15993  2.12007  -0.635656  1
458  0  -0.751113  0.0250598  16458.7  1.9444  -0.481591  1
459  0  0.402122  -0.107335  15069  2.14604  -0.0396712  1
460  0  -1.1051  -1.03532  16280  1.98577  -0.425119  1
461  0  -0.498863  -0.984424  16202.6  2.00813  -0.40067  1
462  0  0.812186  0.636964  16586.5  1.97083  -0.247362  1
463  0  0.356085  -0.0487238  14793.4  0.481461  0.0163062  1
464  0  0.0546583  -0.122521  15022.7  2.48684  -0.766385  1
465  0  -0.317048  0.335483  16719.8  1.82942  -0.440724  1
466  0  -0.115758  0.208783  16941.7  1.69838  -0.465489  1
467  0  0.524226  1.14616  16615.5  1.93262  -0.304854  1
468  0  0.774311  -0.0379263  15968.4  0.505243  -0.00714929  1
469  0  -1.60407  0.747533  16525  1.95922  -0.398679  1
470  0  0.183966  0.174083  17037.1  1.7164  -0.118894  1
471  0  -0.0207675  0.132518  17273.6  1.48337  -0.434133  1
472  0  0.26674  -0.0501052  14570.4  0.735185  -0.117648  1
473  0  0.88439  -0.200558  16055  2.16565  -0.0197135  1
474  0  -0.228433  -0.172198  16200.6  2.03357  -0.632116  1
475  0  -0.358961  -0.472519  16168.6  2.07413  -0.483379  1
476  0  0.230913  -0.129733  14917.6  2.65313  -0.43745  1
477  0  0.814165  0.166099  16535.9  1.97066  -0.188108  1
478  0  -1.19658  -0.278774  16384.8  1.96838  -0.443298  1
479  0  0.506211  0.146536  16655.4  1.92496  -0.133028  1
480  0  0.199931  0.0836623  17011.9  1.80773  0.0184982  1
481  0  0.463798  -1.22544  16168.5  2.01148  -0.315518  1
482  0  -1.60641  -1.04586  16308.3  1.96698  -0.394566  1
483  0  0.103078  -0.0578942  14644.7  2.26964  -0.527738  1
484  0  1.04204  0.0836908  16495.9  2.07305  -0.233294  1
485  0  0.509324  -0.0429109  15333.4  0.360287  0.0690673  1
486  0  0.0723956  0.456918  16839.7  1.81714  -0.317104  1
487  0  0.278372  0.0856282  16856.5  1.90037  -0.0255765  1
488  0  0.0412993  -0.0453682  13881.8  2.48458  -0.82956  1
489  0  0.619639  0.199634  16613.3  1.94365  -0.163802  1
490  0  0.162259  -0.0534887  14674.3  1.50466  -0.338534  1
491  0  0.172755  -0.155902  15068.6  2.5724  -0.519111  1
492  0  0.364161  -0.248721  15447.8  2.4122  -0.235195  1
493  0  -0.0908033  -0.46609  15962.9  2.16319  -0.507386  1
494  0  -0.0463326  -0.571611  15982.9  2.15246  -0.470145  1
495  0  -0.284435  1.46063  16631.3  1.95271  -0.372314  1
496  0  -0.626073  -0.280709  16330  1.99427  -0.488997  1
497  0  0.727184  0.183082  16567.6  1.96135  -0.176923  1
498  0  -0.00703704  0.312546  16959.7  1.71968  -0.347794  1
499  0  0.387864  0.0802951  16720.4  1.99409  -0.0831999  1
500  0  0.454101  0.0803643  16665.2  2.02322  -0.103359  1
501  0  0.685405  0.0591401  16498.3  1.90386  -0.135392  1
502  0  1.42197  -1.07163  16314.8  1.93258  -0.216044  1
503  0  0.90474  0.0451718  16476.5  2.06779  -0.188199  1
504  0  0.884829  -0.329238  16094.6  2.10778  -0.0666614  1
505  0  0.0526269  -1.24657  16159.4  2.00809  -0.370998  1
506  0  -0.538736  1.16133  16622.7  1.94018  -0.385304  1
507  0  0.431062  -0.0451303  15105.5  0.262551  0.0130847  1
508  0  0.595526  -0.40092  15877.9  2.19647  -0.160888  1
509  0  -0.0126137  1.09063  16655.8  1.93045  -0.345354  1
510  0  0.881453  -0.0322716  15958  0.335963  -0.0196106  1
511  0  1.0059  -0.125135  16180.3  1.81015  0.123647  1
512  0  -1.69061  0.195353  16458.7  1.96317  -0.400531  1
513  0  0.40515  -0.333261  15629.8  2.31465  -0.236254  1
514  0  0.597294  -0.0334113  15696.2  0.283927  0.0594104  1
515  0  -0.633813  0.669359  16611.7  1.91298  -0.408592  1
516  0  0.531286  -0.210657  15612.9  2.3394  -0.0703617  1
517  0  0.336946  -0.138867  15036.1  2.59354  -0.225329  1
518  0  0.258586  -0.274902  15428.9  2.41345  -0.368921  1
519  0  0.696175  -0.0390739  15905.1  0.550973  0.0247612  1
520  0  -0.623082  0.371318  16582.7  1.90535  -0.444661  1
521  0  0.304196  1.32885  16625.8  1.94054  -0.309233  1
522  0  -0.150576  0.127655  16878.2  1.69218  -0.571848  1
523  0  0.734017  0.348829  16596.8  1.95964  -0.202915  1
524  0  -0.290061  0.645106  16694.9  1.88242  -0.382812  1
525  0  0.875921  0.2489  16540.7  1.98096  -0.206379  1
526  0  -0.522485  -0.733369  16208.3  2.01823  -0.422334  1
527  0  0.805412  -0.119118  15961.6  1.86969  -0.0321326  1
528  0  0.701542  -0.134306  15900  2.06637  -0.00989739  1
529  0  0.291349  0.172557  16859.3  1.82172  -0.110426  1
530  0  0.898348  -1.11366  16213.7  2.0049  -0.254925  1
531  0  0.82834  0.0513523  16504.6  2.05148  -0.180141  1
532  0  0.132425  0.0696644  17232.8  1.56231  0.0863742  1
533  0  0.0624593  0.181595  17191.3  1.59935  -0.246521  1
534  0  0.531479  0.0663496  16579  1.91008  -0.108335  1
535  0  0.618525  0.0562886  16583  1.83421  -0.127782  1
536  0  1.06617  -1.66559  16297.3  1.93907  -0.286644  1
537  0  0.332963  0.0741983  16727.7  1.85142  -0.0383155  1
538  0  1.00325  1.65294  16528.2  2.03269  -0.364218  1
539  0  0.00663035  -0.0427931  14117.2  2.68064  -1.45658  1
540  0  -0.144048  -0.395911  15990.9  2.14633  -0.53693  1
541  0  -1.57896  1.33843  16563.1  1.95958  -0.390004  1
542  0  0.0407674  0.0535373  17819.4  1.03157  -0.000274398  1
543  0  -0.0133966  -0.29918  15753.8  2.23567  -0.587045  1
544  0  1.0489  -0.201732  16270.2  2.0058  0.0523043  1
545  0  0.120809  -0.344991  15633.9  2.29875  -0.481872  1
546  0  -0.985831  -1.61703  16245.6  1.98437  -0.397176  1
547  0  -0.546349  -1.60803  16218.7  1.98689  -0.409248  1
548  0  0.959814  0.1694  16503.5  1.98756  -0.21165  1
549  0  -0.765422  -0.605166  16278.1  1.99669  -0.446161  1
550  0  0.969295  -0.0270392  16083.7  0.329017  0.0676509  1
551  0  -1.57634  -1.57634  16274  1.96967  -0.386156  1
552  0  -0.0966143  0.300548  16911.7  1.73036  -0.404573  1
553  0  0.0869029  0.0643812  17479.8  1.3834  0.0929068  1
554  0  0.81562  -0.0287414  15973.8  0.292654  -0.0341384  1
555  0  0.432674  0.667966  16678.3  1.91984  -0.263535  1
556  0  -0.755015  0.223587  16518.8  1.92855  -0.463705  1
557  0  0.164383  0.130206  17111.7  1.66061  -0.0638784  1
558  0  -0.214266  -0.0382399  16424.8  1.90463  -0.685759  1
559  0  0.229032  0.148795  16970.3  1.74961  -0.081271  1
560  0  0.72936  0.0527284  16516.4  1.88053  -0.143596  1
561  0  -0.080364  -0.0317572  16267.1  1.88624  -0.992352  1
562  0  0.222447  -0.0407339  14673.4  0.368937  -0.203106  1
563  0  0.505738  -0.324308  15702  2.28044  -0.165364  1
564  0  0.757111  -0.314918  15986.1  2.15512  -0.0854134  1
565  0  0.926142  -0.0296027  15974.9  0.348611  0.0197774  1
566  0  0.401133  1.56908  16608.5  1.97926  -0.324632  1
567  0  0.734967  -0.18422  15923.5  2.19445  -0.0470836  1
568  0  1.08928  0.16502  16510.2  1.99884  -0.213232  1
569  0  1.00894  -0.326713  16206.6  2.06142  -0.0330596  1
570  0  0.672167  0.0923473  16544.7  2.05453  -0.150444  1
571  0  0.349457  -0.426688  15737.4  2.25866  -0.300009  1
572  0  0.627472  -0.200061  15783.3  2.26665  -0.0422373  1
573  0  0.971584  0.0309859  16378.7  1.88433  -0.190919  1
574  0  0.411213  0.348575  16749.8  1.88193  -0.196825  1
575  0  1.42642  -0.379275  16356.7  1.89689  -0.087994  1
576  0  0.91191  -0.142247  16010.9  1.99756  0.0227961  1
577  0  1.19495  -0.171297  16407  1.81038  0.0431006  1
578  0  0.0957978  -0.0931557  14731.9  2.66984  -0.694594  1
579  0  0.670579  -0.331215  15900.4  2.1889  -0.109844  1
580  0  -0.0177165  -0.0950829  15330.5  2.27924  -0.991369  1
581  0  -1.63815  -0.42436  16376.9  1.96478  -0.40437  1
582  0  0.865887  -0.0638395  15947.2  0.98758  -0.018477  1
583  0  -1.24016  0.100722  16458.5  1.95767  -0.439037  1
584  0  0.448359  0.888549  16648.4  1.92575  -0.288304  1
585  0  0.0147248  0.675576  16741.3  1.8792  -0.343965  1
586  0  0.641509  -0.0294449  15788.4  0.294319  0.0326941  1
587  0  1.68971  -0.449077  16373.8  1.86873  -0.148579  1
588  0  9.65865e-05  -0.974963  16113.9  2.05241  -0.390897  1
589  0  1.54842  0.061495  16440.6  1.99664  -0.184224  1
590  0  1.03911  0.0194984  16468.8  1.621  -0.268666  1
591  0  0.25191  0.577377  16751.4  1.87981  -0.282188  1
592  0  0.13983  -0.0384609  14694.5  0.997763  -0.23277  1
593  0  -0.14049  0.710595  16714  1.88606  -0.366146  1
594  0  -0.0996424  -1.66691  16201.8  1.96787  -0.388091  1
595  0  0.218682  -0.0930062  14754  2.37532  -0.421816  1
596  0  -0.4845  0.0276909  16488.6  1.91813  -0.515489  1
597  0  0.0137688  0.0379761  18092.7  0.821525  -0.354454  1
598  0  0.861065  0.108829  16501.8  2.01982  -0.190933  1
599  0  0.429579  0.230643  16732.3  1.88833  -0.151876  1
600  0  0.500249  -1.67487  16229.4  1.96776  -0.319968  1
601  0  0.757466  -0.0668879  15953.6  1.03022  -0.00421273  1
602  0  0.333837  -0.0366571  14674.9  0.0129563  0.0106997  1
603  0  1.59577  0.58799  16446.9  2.05528  -0.267072  1
604  0  0.377614  -0.0337944  14874  -0.0994594  0.0327637  1
605  0  0.773681  0.0464714  16496  1.83934  -0.149859  1
606  0  0.642544  -0.0895962  15792.5  1.48976  0.0640681  1
607  0  0.0682711  -0.0387041  14051.9  1.93602  -0.459196  1
608  0  0.267952  -0.150737  15009.4  2.62034  -0.35734  1
609  0  -0.181932  -0.115061  16211.2  2.01411  -0.708554  1
610  0  0.633987  -0.732715  16065.9  2.10555  -0.237227  1
611  0  1.1255  1.07287  16521.1  2.00099  -0.300628  1
612  0  -0.867084  1.68273  16602  1.94643  -0.393577  1
613  0  0.188848  -0.570263  15885.5  2.19824  -0.39992  1
614  0  0.177252  0.0691004  17056.7  1.67925  0.0555867  1
615  0  1.6198  1.62568  16432.7  2.07568  -0.349951  1
616  0  0.222257  0.0696657  16933.3  1.74644  0.0265849  1
617  0  -0.177777  1.72467  16637  1.95157  -0.363908  1
618  0  0.717898  0.12362  16553.4  1.99551  -0.168192  1
619  0  0.462075  0.525846  16699.9  1.91087  -0.237548  1
620  0  -0.0880435  -0.0836292  15975.9  2.0388  -0.919564  1
621  0  0.289638  -0.0363184  14607.5  0.0996123  -0.0537906  1
622  0  0.540853  0.335248  16667.5  1.92464  -0.19042  1
623  0  0.74982  -0.0248252  15954.6  0.328973  -0.02016  1
624  0  0.00307982  -0.186805  15482.1  2.34863  -0.72473  1
625  0  0.376692  0.157887  16763.6  1.86848  -0.113996  1
626  0  0.530785  -0.0281101  15426.8  0.00455485  0.0467779  1
627  0  0.48673  -0.0304328  15228.8  -0.0654476  0.0542103  1
628  0  0.501312  0.108909  16643.2  1.97346  -0.124029  1
629  0  0.430802  -1.02658  16125.4  2.05515  -0.318709  1
630  0  1.6215  1.25877  16437.3  2.06352  -0.318247  1
631  0  0.995527  -0.0213525  16131.6  0.303176  0.121044  1
632  0  0.440641  0.136963  16702.7  1.91069  -0.116518  1
633  0  0.143511  -0.10799  14861.9  2.63404  -0.595422  1
634  0  0.842731  -0.526175  16095.2  2.09021  -0.141112  1
635  0  0.203103  -0.229845  15309.1  2.46842  -0.444598  1
636  0  0.157131  0.723719  16721.6  1.89355  -0.3183  1
637  0  0.481532  -0.111237  15328.5  2.08026  0.02237  1
638  0  0.0906398  0.135925  17307.6  1.52394  -0.148101  1
639  0  -0.261523  0.118914  16674.6  1.81086  -0.557611  1
640  0  0.625988  0.153919  16596.7  1.94697  -0.154953  1
641  0  -0.843335  0.718236  16580.4  1.92894  -0.418888  1
642  0  0.536522  -0.104474  15459.3  1.88155  0.0659919  1
643  0  0.881451  0.0335837  16466.5  1.78801  -0.154474  1
644  0  0.9253  0.0307117  16455.5  1.81505  -0.167375  1
645  0  -1.00658  0.303198  16505.8  1.94571  -0.44725  1
646  0  0.297717  0.129577  16840.1  1.83157  -0.0737238  1
647  0  0.284511  -0.076308  14676.6  1.60858  -0.198928  1
648  0  0.655941  0.31026  16620.6  1.94744  -0.189909  1
649  0  0.000645352  -0.0187671  12515.2  2.3195  -2.02345  1
650  0  -0.0628708  0.050963  17053.7  1.49133  -0.841733  1
651  0  -0.122925  0.0581222  16817.1  1.6769  -0.72581  1
652  0  0.658997  0.0567406  16546.5  1.88204  -0.125812  1
653  0  0.258039  0.240516  16893.2  1.79397  -0.159084  1
654  0  0.111239  0.0611879  17352.8  1.47803  0.118316  1
655  0  0.57457  -0.0261196  15587.6  0.0744562  0.0853623  1
656  0  -1.71524  1.02211  16542.5  1.96089  -0.38997  1
657  0  -0.15807  0.00291446  16553.7  1.81646  -0.75785  1
658  0  1.00347  0.351593  16533.3  1.9896  -0.224226  1
659  0  0.856867  -0.0279791  15945.6  0.301062  -0.0131773  1
660  0  1.6302  -1.6302  16351  1.90793  -0.272104  1
661  0  0.310691  0.0680722  16785.6  1.75407  -0.0205806  1
662  0  0.354848  0.0672513  16690.4  1.76595  -0.0434415  1
663  0  0.507995  0.0613335  16630.2  1.84097  -0.0949806  1
664  0  0.552979  0.058408  16580  1.82723  -0.111054  1
665  0  -0.406152  -0.607156  16181.4  2.05371  -0.446459  1
666  0  0.56472  0.108059  16616.4  1.99483  -0.137873  1
667  0  0.993486  0.0192068  16317.4  1.70604  -0.20907  1
668  0  1.67713  -1.29343  16351.2  1.90449  -0.250143  1
669  0  -0.479755  0.978812  16633.4  1.92176  -0.382647  1
670  0  0.245633  -0.0386211  14547.1  0.293132  -0.142779  1
671  0  0.860729  0.868779  16574.2  1.9711  -0.275553  1
672  0  -0.989844  -0.192894  16395.4  1.96726  -0.465096  1
673  0  0.932169  0.117287  16489.1  2.00669  -0.203639  1
674  0  0.596868  0.0551528  16590.2  1.81212  -0.123256  1
675  0  0.154556  0.0636278  17141  1.5935  0.0831541  1
676  0  0.326788  -0.0915136  14788.3  1.98555  -0.136968  1
677  0  0.306914  -0.724485  15983.8  2.15293  -0.345262  1
678  0  -0.172171  -0.669534  16074.9  2.0983  -0.448943  1
679  0  1.01776  0.151926  16489  1.99816  -0.219486  1
680  0  1.40808  0.292077  16466.9  2.03646  -0.219678  1
681  0  0.311533  -0.0325373  14618.5  -0.176922  -0.0308843  1
682  0  0.792336  -0.0230826  15977.9  0.280238  0.00333463  1
683  0  0.399576  -0.0274436  14981.5  -0.247645  0.0511101  1
684  0  0.706412  0.0486419  16532.4  1.79482  -0.131987  1
685  0  -0.173378  -0.841908  16114.6  2.05819  -0.412319  1
686  0  -1.66773  -0.739909  16341.8  1.96647  -0.398512  1
687  0  0.61879  -0.0244529  15743.4  0.139684  0.0236936  1
688  0  0.464511  -0.0264639  15156  -0.218528  -0.0564196  1
689  0  -0.015149  -0.0634279  14992.6  2.32804  -1.23641  1
690  0  0.825953  -0.0841489  15966.4  1.33944  -0.0297029  1
691  0  -0.512411  -1.24614  16210  2.01208  -0.399778  1
692  0  0.902962  -0.0232618  15953.7  0.195327  -0.0173165  1
693  0  0.948639  -0.0215491  16016.9  0.205573  0.0677279  1
694  0  0.552568  -0.0229283  15505.3  -0.0774586  0.0310768  1
695  0  0.681626  0.534189  16623.5  1.95077  -0.231242  1
696  0  0.0366768  0.551586  16790.1  1.84599  -0.333617  1
697  0  1.64356  -0.886441  16353.6  1.89869  -0.202163  1
698  0  0.146204  -0.266967  15438.9  2.40129  -0.503788  1
699  0  0.420579  -0.208716  15403.9  2.44496  -0.148657  1
700  0  -0.863927  -1.09728  16253.3  2.00074  -0.427604  1
701  0  0.0428886  -0.0835713  14588.1  2.69062  -0.932242  1
702  0  0.706394  -0.55871  16023.6  2.12588  -0.179093  1
703  0  0.637902  0.0508942  16585.3  1.7637  -0.121476  1
704  0  -1.053  0.563837  16542.1  1.94196  -0.431022  1
705  0  -1.28132  0.713709  16536.6  1.95151  -0.415851  1
706  0  0.750577  0.0422667  16501.8  1.72873  -0.132472  1
707  0  0.779533  0.083759  16516.7  2.09124  -0.17963  1
708  0  0.727876  -0.0218597  15940.4  0.21161  0.0047074  1
709  0  0.365394  0.123645  16760.5  1.89273  -0.0935652  1
710  0  0.836989  -0.0215683  15953.6  0.187564  -0.0478303  1
711  0  0.858794  0.0302017  16489.6  1.6309  -0.1462  1
712  0  0.947439  0.0250953  16418.9  1.72536  -0.165398  1
713  0  0.437924  -0.527131  15866.6  2.20081  -0.26689  1
714  0  0.719026  -0.0880333  15934.3  1.4402  0.0186534  1
715  0  0.199586  0.366048  16867.8  1.81158  -0.245293  1
716  0  1.11581  0.273443  16522  1.99218  -0.215665  1
717  0  0.334548  0.112487  16777  1.90029  -0.0710713  1
718  0  1.01176  1.35401  16534.5  2.00804  -0.335186  1
719  0  -0.301606  -0.221335  16225.2  2.02856  -0.570203  1
720  0  1.31948  0.78581  16491.8  2.02398  -0.272869  1
721  0  0.902626  -0.0884043  15957.2  1.4435  0.0183797  1
722  0  0.841816  -0.159446  15994.2  2.12882  -0.0295894  1
723  0  0.102905  -0.17353  15194.4  2.48535  -0.614681  1
724  0  -0.0252636  0.0848521  17455.2  1.28357  -0.546313  1
725  0  -0.0748804  -0.169817  15786  2.19998  -0.760385  1
726  0  1.35513  -0.0788329  16460.8  1.81227  -0.0722223  1
727  0  0.818662  -0.874036  16157.9  2.0476  -0.230379  1
728  0  0.393195  0.443381  16740.5  1.88865  -0.225714  1
729  0  0.602707  -0.109726  15713.5  1.90553  0.0604441  1
730  0  -0.0224668  -0.00207056  15713.5  1.44642  -1.85371  1
731  0  0.567698  0.198699  16638.2  1.93234  -0.156606  1
732  0  0.676854  -0.178749  15864.9  2.23557  -0.0318984  1
733  0  0.0492101  0.385162  16897.8  1.77732  -0.31675  1
734  0  0.811996  0.307568  16567.5  1.97205  -0.205332  1
735  0  0.142335  -0.439063  15761.1  2.24439  -0.442575  1
736  0  0.220442  0.0948182  16962.3  1.81145  -0.00708696  1
737  0  0.31803  0.330592  16809.2  1.84827  -0.199101  1
738  0  0.116  -0.0395791  14641.7  1.31306  -0.276758  1
739  0  0.0328694  -0.240435  15551.8  2.33244  -0.623295  1
740  0  0.98569  -0.586408  16185.3  2.03729  -0.134764  1
741  0  1.75885  -0.141097  16402.6  1.93814  -0.177868  1
742  0  0.0659701  0.0518632  17723.4  1.21271  0.142818  1
743  0  -0.473888  0.356043  16637  1.87623  -0.440236  1
744  0  0.897067  0.546605  16568.1  1.97997  -0.239023  1
745  0  0.199729  -0.0345465  14707.7  0.278321  -0.0852893  1
746  0  -0.43432  0.652992  16655.2  1.89562  -0.394211  1
747  0  0.631417  0.115946  16581.5  1.98817  -0.148896  1
748  0  0.257151  -0.106031  14776.4  2.46643  -0.351058  1
749  0  0.0919359  -0.0375359  14503.1  1.50612  -0.33035  1
750  0  1.30867  -0.84169  16289.9  1.9513  -0.17733  1
751  0  0.178704  -0.0367097  14693  0.516328  -0.146044  1
752  0  -1.56434  1.67378  16575.5  1.95975  -0.38388  1
753  0  -0.462491  -0.351817  16256.9  2.03152  -0.496969  1
754  0  -0.348207  -0.33736  16189.6  2.05759  -0.52282  1
755  0  -0.246997  -0.386317  16097.3  2.10187  -0.526312  1
756  0  0.265454  0.0667685  16859.8  1.73935  0.0019929  1
757  0  0.254496  -0.360883  15607.4  2.31526  -0.367952  1
758  0  0.127906  0.122477  17227.5  1.58556  -0.0715485  1
759  0  -0.68948  -0.417453  16309.1  2.001  -0.469467  1
760  0  0.679161  1.71953  16572.8  2.01222  -0.358027  1
761  0  -0.0335856  -0.162343  15608.2  2.27839  -0.782562  1
762  0  0.578322  -0.0521793  15620.9  0.695833  0.100619  1
763  0  0.245049  0.063954  16866.4  1.68166  0.0151389  1
764  0  0.210746  0.871917  16682.7  1.91036  -0.315881  1
765  0  -0.0678013  0.166776  17086.8  1.60175  -0.470163  1
766  0  1.34666  -1.71898  16321.9  1.92016  -0.27955  1
767  0  0.420677  0.0588373  16680.9  1.68004  -0.0712348  1
768  0  0.145627  -0.839207  16053.7  2.10746  -0.382824  1
769  0  0.44303  -0.0268409  15148.3  -0.141086  -0.0516142  1
770  0  -0.900857  0.943837  16586.2  1.93504  -0.407923  1
771  0  -0.736599  1.09811  16606.7  1.93521  -0.391993  1
772  0  0.474393  0.144167  16678.2  1.91861  -0.125981  1
773  0  0.490845  0.182587  16677.6  1.91027  -0.141927  1
774  0  -0.616932  -0.0991346  16413.5  1.95496  -0.500657  1
775  0  0.0662818  0.301961  16987.2  1.71672  -0.290013  1
776  0  1.34553  1.73666  16483.2  2.05177  -0.367084  1
777  0  0.150506  0.214099  17047.3  1.70175  -0.177037  1
778  0  -0.522713  1.71137  16620.5  1.94572  -0.391673  1
779  0  0.202411  0.21928  16972.5  1.74792  -0.158782  1
780  0  0.309076  0.269552  16835.4  1.82929  -0.171103  1
781  0  0.40053  0.0624516  16691.7  1.75727  -0.0710377  1
782  0  1.08345  -0.446126  16236.9  2.01716  -0.0769923  1
783  0  0.683106  -0.0212142  15882.9  0.18638  0.0311712  1
784  0  0.48636  -0.187254  15490.6  2.41227  -0.084714  1
785  0  0.288577  0.0653071  16817.3  1.75411  -0.0114231  1
786  0  0.159063  -0.0329702  14701.9  0.48243  -0.157683  1
787  0  -1.74307  -0.14737  16412.3  1.96262  -0.397183  1
788  0  1.20595  0.183576  16510.8  2.00432  -0.197478  1
789  0  1.02312  -0.017335  16299.1  0.70461  -0.00839369  1
790  0  0.987841  -1.36989  16257  1.97076  -0.267317  1
791  0  0.0353686  0.0856105  17639.4  1.22823  -0.22282  1
792  0  0.41956  -0.0281716  15073.1  -0.156535  0.0587155  1
793  0  -0.170165  0.362134  16814.1  1.78912  -0.408879  1
794  0  0.178498  0.0978592  17077.7  1.72306  -0.000137806  1
795  0  0.662454  -0.0206396  15837.1  0.126551  0.058237  1
796  0  -0.79241  -0.131402  16403.6  1.96298  -0.482893  1
797  0  -0.281083  0.227878  16715.8  1.81478  -0.489557  1
798  0  0.376807  0.063456  16708  1.76785  -0.0563492  1
799  0  0.437186  0.105146  16693.7  1.96754  -0.105001  1
800  0  -0.118959  1.26299  16642.8  1.94634  -0.354356  1
801  0  0.940323  -0.248511  16138.1  2.11721  -0.0150755  1
802  0  0.858808  0.188734  16528.9  1.97642  -0.197801  1
803  0  0.944689  0.255511  16526.4  1.98724  -0.215928  1
804  0  0.814897  0.0351041  16500.6  1.68403  -0.142067  1
805  0  0.46613  0.0608491  16641  1.79525  -0.0908567  1
806  0  -0.117991  0.470035  16797.6  1.82066  -0.378396  1
807  0  -0.00206382  0.0212471  17509.1  0.520681  -1.17513  1
808  0  0.488802  -0.0555711  15250.4  0.717082  0.0868754  1
809  0  0.238261  0.117932  16941.3  1.77467  -0.0467524  1
810  0  0.529807  -0.0539349  15419.3  0.667769  0.0818734  1
811  0  0.422671  -0.0713994  15067.7  1.1394  0.00392181  1
812  0  0.441076  0.0614286  16661.9  1.78145  -0.0787486  1
813  0  0.143448  1.75452  16632.1  1.9716  -0.338348  1
814  0  0.0652078  -0.62513  15957.5  2.16577  -0.435319  1
815  0  0.0137093  0.108623  17458.4  1.39218  -0.349559  1
816  0  0.0308039  0.150417  17317.6  1.49788  -0.290575  1
817  0  -0.046909  -0.0312082  15985.4  1.81571  -1.21845  1
818  0  1.16094  -1.09894  16267  1.97019  -0.223382  1
819  0  0.414991  0.29127  16746.1  1.8809  -0.173295  1
820  0  -0.110954  0.90902  16678.8  1.91176  -0.361199  1
821  0  0.186956  0.305578  16928.2  1.77112  -0.22188  1
822  0  0.341246  0.189483  16803.9  1.8507  -0.12455  1
823  0  0.456289  -0.656346  15972.5  2.15657  -0.278528  1
824  0  0.808855  0.122392  16525.3  2.00384  -0.182719  1
825  0  -1.35404  -0.919416  16307.2  1.97421  -0.41264  1
826  0  0.595342  0.132588  16608.4  1.95427  -0.145571  1
827  0  0.705935  -0.0196585  15924.8  0.203715  0.0313178  1
828  0  0.138653  0.417055  16861.4  1.8118  -0.284618  1
829  0  0.476489  -0.0781622  15241.5  1.37197  0.0615869  1
830  0  0.259662  -1.20319  16160.1  2.01346  -0.343252  1
831  0  0.541502  -0.0738638  15470.8  1.23505  0.0937418  1
832  0  -1.30504  -1.71433  16258.9  1.97588  -0.387366  1
833  0  -0.950048  -0.818999  16279.1  1.98745  -0.439951  1
834  0  0.0337762  -0.155428  15272  2.43343  -0.750618  1
835  0  0.301141  -0.146436  15016.7  2.64111  -0.291193  1
836  0  0.320767  -0.881932  16063.6  2.10376  -0.341413  1
837  0  0.5116  0.0843276  16622.1  2.04438  -0.112183  1
838  0  -1.37626  -0.395403  16374.1  1.96653  -0.423297  1
839  0  0.0573867  -0.31898  15654.4  2.28198  -0.545915  1
840  0  0.0209699  -0.0260149  12701.3  2.4529  -1.13168  1
841  0  -0.0476611  0.241502  17020.4  1.67251  -0.394784  1
842  0  0.337357  -0.0635225  14713.5  1.01898  -0.0319342  1
843  0  0.486197  0.0571665  16652.1  1.7236  -0.0903702  1
844  0  -1.72087  -1.3124  16290.1  1.96621  -0.388401  1
845  0  0.837558  0.0322617  16499.2  1.67955  -0.147956  1
846  0  -0.672839  -1.10692  16228.4  2.01025  -0.414672  1
847  0  -1.19504  1.26185  16575.4  1.95143  -0.399676  1
848  0  0.669018  0.1895  16588.2  1.95221  -0.167392  1
849  0  0.556179  0.457984  16665.6  1.92709  -0.218285  1
850  0  0.0167609  -0.100621  14999.9  2.45343  -0.907475  1
851  0  0.376244  -0.0587566  14869.9  0.760019  0.00251628  1
852  0  0.794082  0.0359285  16472.2  1.64528  -0.135249  1
853  0  1.14941  0.629059  16521.1  2.00697  -0.251135  1
854  0  -1.16896  -0.75583  16311  1.97783  -0.432694  1
855  0  -0.951148  -0.415249  16342.4  1.98042  -0.458723  1
856  0  1.32335  -0.247261  16358.9  1.88473  -0.0292441  1
857  0  0.907137  0.201898  16521.4  1.98283  -0.206822  1
858  0  0.0777598  0.0982835  17447.1  1.43309  -0.0763194  1
859  0  0.431349  -0.124959  15215.7  2.3739  -0.0422133  1
860  0  0.78834  -0.161551  15957.3  2.15092  -0.0432379  1
861  0  0.834759  -0.422417  16065.2  2.11393  -0.106524  1
862  0  -0.169158  -0.30634  16017.6  2.1226  -0.581676  1
863  0  -0.00557304  -0.463776  15891.5  2.19348  -0.497716  1
864  0  -0.329936  -0.902841  16165.4  2.02212  -0.39918  1
865  0  0.200542  -1.76816  16207.4  1.9669  -0.34637  1
866  0  0.414015  0.171465  16732  1.88518  -0.12665  1
867  0  -0.51006  0.79342  16634.8  1.90799  -0.388979  1
868  0  0.769728  0.155113  16546.7  1.96934  -0.179612  1
869  0  -1.12195  1.01447  16567.4  1.94689  -0.40918  1
870  0  0.575063  0.052418  16597.2  1.71637  -0.110728  1
871  0  0.64516  -1.16762  16172.7  2.01891  -0.292  1
872  0  -0.290735  -0.597042  16125.9  2.08216  -0.457933  1
873  0  0.782112  -0.0939067  15966.8  1.47375  -0.0190748  1
874  0  -1.49983  0.468393  16497.5  1.96001  -0.409753  1
875  0  -0.166787  -0.185778  16074.9  2.08415  -0.671305  1
876  0  0.15967  -0.0781072  14709.2  2.28858  -0.481087  1
877  0  -0.200341  0.189134  16813.1  1.7532  -0.513231  1
878  0  0.52511  -0.26257  15662.7  2.29867  -0.115383  1
879  0  0.938004  0.0837109  16466  2.08897  -0.205061  1
880  0  0.355387  -0.0287839  14783.7  -0.306528  0.0312303  1
881  0  0.530153  0.172951  16651.3  1.92201  -0.144828  1
882  0  0.224555  -0.0651264  14626.1  1.46437  -0.274892  1
883  0  0.28743  0.106927  16846.1  1.84945  -0.0476656  1
884  0  -0.205513  -0.243031  16104.9  2.07636  -0.605262  1
885  0  -0.393893  -0.060215  16421.4  1.94129  -0.55218  1
886  0  -0.906891  1.38848  16596.1  1.94567  -0.395475  1
887  0  -0.126791  -0.106348  16072.5  2.04937  -0.800342  1
888  0  0.530364  0.27762  16675.8  1.91971  -0.17375  1
889  0  0.312185  -0.23558  15357  2.45773  -0.299022  1
890  0  -0.0142845  0.471524  16825.6  1.8163  -0.347285  1
891  0  0.366866  -0.113575  14939.5  2.31584  -0.107595  1
892  0  -0.0519573  -0.0932642  15699.7  2.13708  -0.975509  1
893  0  0.387812  -0.0807412  14937  1.48457  -0.0194495  1
894  0  -1.18731  -0.515627  16343.2  1.97293  -0.438362  1
895  0  -0.0521536  -0.388592  15877.8  2.19298  -0.53782  1
896  0  0.552747  0.0816867  16593.9  2.0611  -0.133832  1
897  0  0.885706  0.0574477  16478.7  2.11764  -0.192556  1
898  0  0.771681  -0.0176536  15958.6  0.194228  0.0263939  1
899  0  0.957565  -0.134256  16103.8  1.94891  0.0829137  1
900  0  0.304418  0.467834  16772.5  1.8698  -0.245974  1
901  0  0.648284  -0.0603  15813.1  0.889317  0.0630934  1
902  0  -0.264424  0.0126675  16525.8  1.87808  -0.610954  1
903  0  -1.00302  -1.28103  16257.9  1.99372  -0.412679  1
904  0  0.186352  -0.19061  15189.4  2.50653  -0.473737  1
905  0  -1.16167  -0.0854783  16421.8  1.96271  -0.447474  1
906  0  1.79646  0.131851  16412.1  2.06581  -0.226299  1
907  0  0.354778  -0.195638  15270.8  2.51277  -0.22362  1
908  0  0.0737162  -0.152288  15142.4  2.48504  -0.691795  1
909  0  0.924858  0.0571963  16460.7  2.12992  -0.19839  1
910  0  0.195091  -0.125388  14901.6  2.6512  -0.50682  1
911  0  1.13865  0.417802  16517.4  2.00402  -0.229112  1
912  0  0.55236  0.742231  16645.4  1.93753  -0.264548  1
913  0  0.696568  1.01481  16599.5  1.94557  -0.294059  1
914  0  -0.0586525  -1.4241  16185.4  1.98255  -0.379078  1
915  0  0.0725032  -0.0994235  14818.9  2.68076  -0.790096  1
916  0  0.190109  -0.379584  15652.4  2.28933  -0.420701  1
917  0  0.200187  0.0631642  16994.1  1.65119  0.051653  1
918  0  -1.7589  0.522256  16497.3  1.96323  -0.393581  1
919  0  0.441077  -1.432  16190.7  1.99022  -0.322484  1
920  0  0.377107  0.102505  16736  1.95326  -0.0862673  1
921  0  0.974959  0.0680166  16441.9  2.12012  -0.216309  1
922  0  0.352807  0.613766  16714.5  1.90292  -0.264397  1
923  0  0.579008  -0.201995  15708  2.29797  -0.0522773  1
924  0  -0.336797  -1.13086  16179  2.01242  -0.386188  1
925  0  0.126725  0.265415  17004.1  1.71491  -0.232034  1
926  0  0.271853  0.388013  16819.5  1.84283  -0.23014  1
927  0  1.78938  1.04342  16417.8  2.05303  -0.306261  1
928  0  0.736569  0.0913391  16534.9  2.07643  -0.171566  1
929  0  0.420659  -0.264878  15542.5  2.36122  -0.186245  1
930  0  -0.419959  0.254863  16642.5  1.85948  -0.468855  1
931  0  0.267254  -0.0306901  14556.5  -0.23335  -0.0149096  1
932  0  0.78569  -1.61889  16259.6  1.96043  -0.299267  1
933  0  0.0249074  0.244881  17069.2  1.66052  -0.319376  1
934  0  0.964636  0.689265  16556.1  1.98799  -0.255629  1
935  0  0.134779  -0.154185  15077.9  2.5494  -0.584004  1
936  0  0.21419  0.265818  16925.2  1.77045  -0.188635  1
937  0  0.508664  -0.0231549  15334.4  -0.202115  0.0311582  1
938  0  0.744168  0.2705  16582  1.9638  -0.190996  1
939  0  0.596603  -0.0697044  15703.5  1.10419  0.0844921  1
940  0  0.0952724  1.26042  16641.6  1.93683  -0.323719  1
941  0  -0.503524  -0.20903  16334.5  1.98839  -0.513735  1
942  0  0.260094  0.151537  16905.8  1.78926  -0.0832573  1
943  0  -0.137572  -1.19738  16164.8  2.00867  -0.38276  1
944  0  0.349959  0.235444  16800.1  1.85026  -0.150925  1
945  0  0.89983  0.442447  16559.2  1.98161  -0.229306  1
946  0  -0.338915  1.20936  16635.3  1.94573  -0.380586  1
947  0  0.0916713  -0.219437  15377.7  2.42657  -0.588874  1
948  0  0.103987  0.206922  17106.3  1.66313  -0.211575  1
949  0  1.12776  -0.012974  16524.9  1.43543  -0.13135  1
950  0  -1.77759  -1.77759  16277.1  1.96766  -0.380587  1
951  0  0.673815  -0.106085  15871.4  1.79074  0.0313157  1
952  0  -0.200119  0.54822  16737.4  1.85661  -0.382627  1
953  0  0.605469  0.0729428  16590  2.07841  -0.141675  1
954  0  0.902959  0.0257481  16472.1  1.63245  -0.145212  1
955  0  0.144532  0.506088  16804.9  1.84386  -0.300206  1
956  0  0.567207  -0.120158  15597  2.11983  0.0549624  1
957  0  1.41232  1.12821  16478.7  2.0304  -0.306006  1
958  0  0.276738  0.205855  16881  1.80891  -0.131432  1
959  0  0.673524  0.701679  16616.9  1.95421  -0.256424  1
960  0  0.852707  -0.260248  16047.8  2.14552  -0.0505279  1
961  0  0.592245  0.167029  16618  1.93691  -0.152736  1
962  0  0.47343  0.222656  16700.7  1.90602  -0.152649  1
963  0  0.847869  0.1466  16517.1  1.98092  -0.190515  1
964  0  0.261685  -0.208223  15233.3  2.50983  -0.366048  1
965  0  0.928991  -0.0664677  15974  1.01421  0.0476435  1
966  0  0.486041  1.35379  16603.3  1.95149  -0.31347  1
967  0  0.534168  0.130055  16634.1  1.94675  -0.135227  1
968  0  0.0814129  -0.0535439  14534.8  2.33372  -0.571587  1
969  0  -0.393973  -0.15759  16331.4  1.98351  -0.549133  1
970  0  -0.0916395  -0.26124  15876.1  2.1757  -0.629191  1
971  0  0.741096  -0.234666  15944.1  2.18412  -0.0668504  1
972  0  0.0705679  0.956174  16674.5  1.91567  -0.33696  1
973  0  -0.62648  0.083573  16492.5  1.92759  -0.487489  1
974  0  -0.107864  -0.204002  15912.5  2.15599  -0.690491  1
975  0  1.0132  0.0174071  16377.6  1.58594  -0.254878  1
976  0  -1.4222  0.213054  16466  1.96092  -0.419972  1
977  0  1.24714  -0.426708  16318.9  1.96024  -0.0779906  1
978  0  -0.117401  -0.0175394  16443.2  1.82629  -0.870449  1
979  0  0.194765  0.142123  17037.1  1.70881  -0.0765843  1
980  0  -0.549293  0.516544  16624.3  1.89622  -0.41772  1
981  0  0.705807  -0.0620426  15939.6  0.938252  0.033092  1
982  0  0.388162  0.249245  16767  1.86874  -0.158466  1
983  0  0.8734  0.080458  16488  2.09917  -0.194468  1
984  0  0.899823  0.108857  16488.3  2.03339  -0.196871  1
985  0  0.119459  -0.0819192  14751.4  2.59001  -0.622058  1
