14  347  767
343  480  985
270  547  941
467  514  987
298  672  849
343  465  985
346  489  949
395  535  756
370  676  833
292  521  1041
13  14  767
279  653  671
471  532  914
361  476  906
386  523  563
277  554  794
364  412  582
353  526  837
281  549  747
317  436  519
136  137  535
298  344  618
376  581  955
387  407  654
356  475  861
313  536  793
402  548  775
374  446  820
352  600  653
350  419  865
310  460  978
294  568  682
404  741  972
471  532  987
291  435  537
488  638  652
358  573  704
508  590  716
306  505  755
330  445  515
383  638  652
271  532  865
326  434  513
387  600  653
284  714  750
355  610  761
361  477  906
444  631  840
341  469  619
341  468  619
631  840  841
303  538  773
322  408  451
358  704  735
536  793  967
278  531  686
292  501  1041
387  407  888
416  748  869
356  447  681
72  73  542
296  505  785
400  634  903
271  865  880
478  581  955
336  545  630
40  483  624
380  641  808
370  513  833
29  30  481
292  521  1017
301  550  736
325  522  632
303  494  615
273  413  723
358  531  573
367  588  613
384  698  783
352  524  653
345  532  987
364  427  582
350  419  737
377  547  1044
321  794  874
547  548  941
366  575  738
497  698  783
386  523  725
87  88  557
343  465  576
623  960  983
278  546  686
364  412  644
298  344  569
361  646  708
391  555  743
274  553  603
310  410  787
356  475  759
321  511  794
593  607  905
55  56  552
478  548  775
424  594  889
367  650  728
348  430  549
349  554  680
399  650  728
400  634  734
283  453  754
292  534  1017
370  555  743
526  837  1013
372  415  523
360  560  836
294  537  604
350  567  579
393  560  836
346  556  949
274  553  592
14  347  562
314  538  595
337  509  588
360  560  707
345  514  987
380  512  808
514  672  849
382  524  932
432  714  750
356  491  861
378  428  745
20  475  884
318  496  982
396  566  739
408  617  678
376  605  606
326  516  761
422  685  926
310  410  706
2  18  884
271  532  914
365  472  776
384  527  933
339  595  700
359  559  703
29  481  710
311  661  684
392  531  573
305  561  562
334  452  527
392  531  840
383  640  652
281  499  747
440  539  740
395  701  896
320  606  767
317  436  806
420  566  907
321  511  611
374  446  762
301  506  599
421  625  926
333  526  658
358  531  686
316  501  640
449  505  785
287  566  739
321  454  540
346  596  861
303  538  595
349  511  554
12  606  767
337  509  768
425  623  920
354  488  689
389  723  757
455  793  967
349  511  611
571  689  944
278  531  840
524  653  671
280  612  802
416  464  748
36  746  964
381  588  613
288  437  753
81  82  555
598  707  893
340  461  543
351  593  607
281  539  740
301  580  772
333  526  798
405  486  731
323  593  831
392  444  852
350  551  579
301  599  772
398  549  585
578  703  950
681  791  1043
281  549  740
353  554  680
449  505  755
310  460  787
486  557  732
378  499  747
515  641  856
451  479  607
102  103  577
310  498  529
511  554  794
388  590  716
367  509  650
125  126  675
116  117  560
114  115  559
374  801  866
371  528  883
525  746  964
358  662  686
355  486  557
418  449  785
359  559  878
516  610  761
538  773  998
315  432  750
306  505  643
398  440  730
2  19  884
310  544  706
380  512  1001
302  492  877
384  639  698
467  514  849
395  535  771
371  528  663
349  611  721
436  519  735
273  683  770
401  529  530
341  616  635
420  522  632
313  528  793
367  509  588
352  564  699
430  549  747
361  485  864
285  654  757
267  735  1040
330  536  648
329  643  929
470  568  682
304  401  530
380  515  641
396  566  702
293  502  904
334  527  933
377  547  925
317  681  791
343  480  691
393  559  878
402  500  941
354  689  944
472  837  1013
293  492  904
267  735  1009
356  447  758
269  508  989
67  68  571
69  70  570
283  494  754
269  508  590
269  748  869
376  547  605
75  76  572
35  36  746
495  723  757
546  741  972
294  537  682
426  659  889
325  522  835
448  575  738
336  545  651
361  477  646
311  567  661
397  514  672
386  563  887
374  551  579
360  707  893
270  547  925
350  551  737
58  59  574
108  109  713
487  550  736
547  605  1044
126  587  675
378  428  921
311  567  579
282  582  744
398  440  740
361  476  864
332  624  997
345  532  697
436  704  735
405  673  731
519  735  1040
401  498  695
310  529  544
330  445  602
384  783  933
292  539  901
398  549  740
291  435  834
92  693  751
324  594  889
46  47  597
299  545  959
39  40  624
365  472  601
302  960  983
112  113  578
353  526  798
373  614  724
19  20  884
447  681  1043
303  494  773
326  434  761
395  543  896
475  596  861
338  615  700
273  413  770
448  768  851
288  484  753
337  567  851
386  459  828
524  699  932
445  515  818
330  536  642
294  593  905
289  541  656
364  427  797
359  703  950
365  647  660
314  634  903
295  565  858
136  535  756
320  605  606
350  504  865
382  524  671
434  513  795
137  535  1042
433  520  814
326  516  805
412  457  690
92  693  876
435  537  604
272  564  825
283  453  871
354  488  652
458  794  956
275  563  584
481  801  866
405  443  673
44  478  775
454  646  708
416  464  749
373  589  724
373  614  885
44  478  911
286  695  978
317  482  806
352  564  769
52  53  591
126  127  587
567  851  943
352  600  769
318  496  782
272  564  699
326  513  937
462  473  1006
326  655  805
371  512  675
644  958  1014
128  129  589
612  802  839
338  609  615
616  635  1012
371  587  883
327  685  926
304  401  986
402  500  664
374  579  866
375  586  643
277  554  1046
322  408  678
288  437  942
10  11  581
459  773  998
465  576  1045
328  599  772
314  538  714
310  498  978
484  545  959
278  546  972
381  661  684
379  553  603
799  952  1002
371  512  663
348  430  854
20  475  759
416  540  792
353  507  554
319  500  872
290  551  737
269  590  790
374  551  820
30  481  801
408  451  693
313  536  648
34  35  576
505  643  929
512  663  1001
277  794  956
454  540  708
600  683  769
333  658  697
369  553  592
327  625  926
406  565  858
372  415  679
3  28  781
3  27  781
409  539  901
305  529  530
496  602  642
118  119  598
379  846  872
351  593  922
483  624  997
292  534  1004
321  454  874
328  528  883
108  620  713
72  542  667
73  542  666
275  563  887
40  483  823
373  589  897
371  587  675
350  567  943
287  566  907
276  540  708
304  626  949
342  617  995
443  673  876
28  710  781
335  623  920
450  528  793
319  664  716
296  505  929
392  444  840
383  638  712
307  541  991
527  639  862
401  498  529
299  545  630
28  29  710
383  633  712
354  685  788
12  13  767
316  501  796
272  573  670
317  482  681
97  98  639
305  561  1010
300  617  995
341  469  586
412  457  810
418  449  802
296  517  929
655  805  1035
340  461  885
364  644  958
283  730  828
365  776  1045
282  466  1050
273  723  855
301  506  736
366  575  662
300  617  618
11  581  894
346  596  760
321  540  792
296  785  924
519  791  1040
342  617  819
267  575  662
395  701  756
282  466  1002
302  492  799
404  470  682
316  640  652
56  552  668
289  656  831
306  586  643
292  539  807
377  456  584
294  568  593
384  527  639
359  733  784
404  470  841
55  552  669
266  919  1038
130  131  614
312  651  973
373  772  885
302  558  983
452  527  816
268  776  837
295  496  642
330  515  931
278  840  841
324  594  910
387  495  654
416  540  749
461  614  885
466  718  1050
351  479  607
390  597  903
333  798  1000
281  499  821
419  532  697
304  626  986
87  557  657
418  671  839
620  713  918
389  506  736
375  520  713
451  693  751
500  846  872
370  555  676
303  615  700
410  411  981
122  123  641
107  108  620
313  528  663
466  952  1002
431  546  741
281  539  821
105  106  619
441  587  883
0  727  734
324  659  889
35  576  746
88  557  732
307  637  991
451  479  751
406  778  924
379  752  803
410  583  981
23  728  845
37  525  974
325  610  632
337  567  661
414  626  986
394  611  721
25  26  677
314  634  714
441  589  897
90  91  673
368  583  687
392  573  670
303  595  700
479  751  947
420  566  946
290  601  820
337  768  851
376  581  894
504  865  880
370  655  743
349  680  720
403  766  826
361  485  881
319  500  664
386  459  725
329  733  929
91  673  876
405  486  1039
372  523  563
334  452  637
354  652  788
496  602  982
341  468  635
495  723  855
305  544  1010
400  597  903
323  593  922
461  543  860
267  650  965
473  755  993
537  682  1003
79  80  628
388  716  824
77  78  629
297  610  632
462  863  1006
522  946  995
297  516  610
0  687  1042
272  704  825
25  677  1025
94  95  627
419  658  697
351  497  783
378  499  745
293  502  621
42  503  824
495  654  757
545  651  973
60  61  636
344  617  678
340  580  885
62  63  633
319  508  716
568  593  831
398  585  909
386  533  828
333  697  1028
387  600  855
343  691  990
383  640  847
399  791  1040
273  600  683
341  616  822
381  677  684
296  517  622
391  651  844
352  524  699
283  494  999
397  514  729
290  526  658
17  18  596
323  783  933
82  555  676
64  65  638
266  766  1038
315  750  968
295  565  779
398  533  730
276  540  749
356  681  859
433  733  988
346  489  970
81  555  705
333  729  1028
348  549  585
339  595  848
290  551  820
347  561  562
33  647  660
319  508  786
116  560  688
117  560  707
322  451  607
115  559  688
324  910  1017
366  662  686
272  573  704
401  695  696
114  559  703
42  503  809
450  599  1047
410  411  706
351  479  627
337  588  661
50  51  649
388  823  899
309  550  764
344  569  935
272  670  932
15  463  976
482  806  1038
433  789  814
134  135  701
683  770  975
394  792  869
331  640  847
307  637  1012
23  608  728
390  645  719
307  616  1012
356  491  859
362  609  992
402  775  809
93  751  947
266  626  934
379  603  752
48  49  645
418  518  785
103  577  694
402  548  941
413  695  696
364  797  958
389  506  757
417  677  684
362  879  992
485  881  1021
348  603  854
435  569  834
15  463  977
282  582  810
102  577  692
316  621  788
34  576  647
408  617  819
351  497  627
340  764  1015
300  566  946
280  612  852
518  785  924
18  596  884
377  456  925
12  606  894
420  522  946
299  979  1019
609  615  996
336  651  844
477  646  907
503  716  824
576  647  1045
330  602  642
489  626  949
523  750  1049
518  778  924
266  766  826
427  582  744
507  798  1000
442  590  790
288  690  864
92  93  751
67  571  689
86  87  657
336  630  838
307  541  863
433  520  988
68  571  763
37  525  964
69  570  763
462  473  1031
476  726  906
308  609  996
476  726  942
58  574  711
70  570  717
328  599  953
76  572  709
59  574  777
75  572  715
333  729  1000
396  665  672
414  626  826
305  562  875
399  608  728
340  543  1030
472  776  837
274  592  797
405  835  1039
24  25  613
406  622  782
71  72  667
343  576  746
473  993  1031
73  74  666
348  603  752
267  662  1009
558  979  1019
416  792  869
395  764  771
0  687  981
435  569  935
434  795  804
399  608  1043
394  611  792
318  622  784
382  671  839
484  545  973
368  771  891
300  566  702
546  686  1023
346  556  760
56  57  668
506  599  1047
383  633  847
409  539  821
113  578  703
315  544  706
424  594  873
302  877  960
325  835  1039
33  34  647
54  55  669
274  603  854
547  548  955
472  601  1013
11  12  894
317  519  791
295  536  642
404  682  1003
89  90  731
290  526  1013
382  612  670
502  621  788
401  696  986
417  710  781
112  578  789
391  628  705
509  650  965
286  487  674
402  664  809
82  83  676
368  583  787
375  713  918
517  733  929
306  586  822
17  596  760
506  757  1047
409  621  930
22  23  608
387  495  855
350  504  943
288  484  913
483  823  899
266  626  826
309  771  891
309  674  891
446  601  820
498  695  978
406  565  778
309  764  771
445  818  843
329  733  988
23  24  845
369  553  786
419  658  737
503  664  716
321  611  792
580  772  885
392  612  852
318  622  782
287  646  907
30  31  801
355  486  915
297  516  726
738  1022  1023
115  116  688
88  89  732
380  515  931
275  584  868
455  779  811
276  881  1021
295  496  858
455  811  980
396  665  956
357  806  825
290  601  1013
376  606  894
287  739  800
66  67  689
127  587  813
424  668  711
103  104  694
37  38  974
453  807  871
293  492  1026
448  575  768
21  758  1011
293  745  930
285  757  1047
300  946  995
357  564  825
129  589  724
334  656  991
362  609  940
53  591  815
118  598  707
381  588  661
101  102  692
128  589  813
492  799  1026
268  680  720
47  597  719
502  685  788
478  548  955
275  585  909
286  695  742
302  558  952
375  643  928
52  591  817
517  622  784
31  762  801
336  830  838
14  562  977
421  667  717
349  720  721
391  651  743
273  600  855
44  45  911
113  114  703
517  733  784
32  33  660
503  664  809
425  666  715
68  69  763
41  42  824
21  22  1011
90  673  731
625  877  960
366  738  1023
305  529  544
119  598  843
415  523  750
447  608  1043
117  118  707
463  556  912
413  696  770
423  838  920
301  550  1015
412  582  810
400  727  734
443  693  876
327  685  904
16  17  760
294  604  905
360  602  982
332  624  1036
31  32  1027
409  621  796
405  443  1029
80  81  705
353  507  798
370  513  937
339  827  923
76  77  709
365  647  1045
20  21  759
469  586  918
331  493  812
417  710  765
324  659  1017
362  594  873
46  597  727
63  64  712
343  746  990
421  625  892
57  58  711
425  623  895
331  493  847
550  764  1015
427  797  867
482  919  1038
59  60  777
411  634  734
394  721  722
31  762  1027
70  71  717
96  97  698
74  75  715
129  130  724
363  623  960
298  618  939
345  697  1028
297  726  906
512  675  853
336  490  830
299  630  1019
419  532  865
336  490  844
440  539  807
396  739  956
533  730  828
443  819  1029
356  758  759
318  836  982
375  520  928
398  533  909
452  816  832
130  614  724
312  655  743
507  554  1046
387  653  888
339  700  923
441  883  897
293  621  930
331  659  1041
111  112  789
374  762  801
123  641  808
442  997  1008
464  958  1014
292  501  901
328  528  953
0  46  727
97  639  698
289  631  963
437  726  942
482  681  859
355  610  915
485  690  1021
98  639  862
344  617  618
122  641  856
287  646  800
290  658  737
407  565  779
85  86  804
392  612  670
311  684  765
518  778  994
461  860  870
47  48  719
15  16  976
445  602  893
458  794  874
40  41  823
393  836  878
448  851  880
316  621  796
338  609  992
60  636  777
80  628  705
385  637  1012
77  629  709
314  595  848
131  614  870
84  85  795
316  652  788
412  644  1021
42  43  809
267  650  1040
437  805  1035
63  633  712
43  775  809
520  713  842
43  44  775
556  760  976
592  797  958
442  722  1008
474  691  990
289  631  850
107  620  900
394  722  790
426  636  777
406  622  924
390  645  886
64  638  712
465  776  1045
386  533  887
424  668  873
106  619  900
407  779  811
53  54  815
127  128  813
523  725  1049
564  769  954
14  15  977
105  619  902
418  518  994
412  690  1021
423  629  709
367  613  845
429  938  945
286  487  969
340  580  1015
438  669  815
390  597  719
399  650  1040
300  618  702
51  52  817
478  581  911
125  675  853
369  786  989
123  124  808
375  586  918
382  612  839
268  680  837
417  684  765
475  596  884
430  854  867
428  799  1002
428  799  1026
279  653  888
279  778  994
426  659  812
345  514  1028
79  628  957
135  136  756
78  629  957
361  708  881
525  746  990
110  111  814
434  657  804
99  100  816
481  710  765
100  101  832
61  636  962
334  656  933
421  667  892
62  633  962
453  534  1018
410  583  787
315  432  961
420  882  907
94  627  947
285  654  811
275  585  868
391  628  844
425  666  895
390  848  903
89  731  732
489  626  934
458  800  874
380  648  931
16  760  976
120  121  818
329  643  928
57  668  711
450  528  953
452  637  948
277  665  956
459  828  999
65  638  971
274  854  867
363  623  895
389  723  742
301  580  1015
391  555  705
51  649  817
363  625  892
83  84  833
379  803  846
335  838  920
436  806  825
71  667  717
86  657  804
74  666  715
379  553  872
393  560  688
393  559  688
467  569  834
504  851  880
422  685  944
366  686  1023
109  713  842
119  120  843
370  655  937
309  674  1005
21  758  759
95  627  966
291  537  1003
288  690  913
429  721  722
323  656  933
487  736  969
311  579  866
508  786  989
332  691  945
48  645  719
407  565  1020
4  36  964
4  37  964
452  692  832
447  608  1011
54  669  815
618  702  939
429  720  938
458  739  800
320  605  936
50  649  984
353  680  837
372  679  936
450  599  953
285  811  980
438  669  879
357  564  954
91  92  876
426  636  812
297  632  882
502  685  904
360  602  893
276  644  1021
521  659  1017
339  510  827
331  640  1041
365  660  1016
331  659  812
49  645  984
121  122  856
468  635  908
516  726  805
470  631  841
295  536  967
368  535  687
274  797  867
98  99  862
338  700  923
83  676  833
397  665  672
284  538  714
134  701  896
435  604  1037
418  671  994
131  132  870
357  806  1038
135  701  756
132  133  860
456  803  925
335  838  1019
484  913  959
563  584  774
341  586  822
389  736  969
454  800  874
309  550  1005
417  677  917
339  510  886
109  110  842
485  690  864
362  552  873
279  671  994
440  807  871
323  656  831
380  648  1001
311  765  866
362  552  879
267  575  965
423  629  830
378  744  921
124  125  853
453  534  1004
362  594  940
460  674  891
434  657  890
463  556  976
381  613  1025
439  649  817
312  651  743
424  574  711
305  530  875
351  783  922
85  795  804
38  39  1051
446  660  1016
407  654  811
325  610  915
385  637  948
289  831  963
314  848  903
284  750  1049
426  574  777
457  913  959
459  773  999
429  720  721
10  581  1007
421  570  717
101  692  832
291  741  857
378  744  780
25  613  1025
378  747  780
552  668  873
106  107  900
409  821  930
395  543  1030
342  835  995
104  105  902
438  898  992
552  669  879
462  850  1032
26  27  917
133  134  896
425  572  715
111  789  814
435  935  1037
291  741  1003
66  689  971
299  718  979
499  745  930
422  571  763
422  570  763
388  590  899
423  572  709
354  685  944
521  659  1041
104  694  902
457  690  913
466  558  952
330  648  931
480  691  945
93  94  947
456  752  803
368  535  771
420  632  882
84  795  833
318  836  878
433  578  789
444  850  1032
434  761  890
270  846  941
404  841  972
277  665  829
463  530  875
363  542  895
363  542  892
541  656  991
678  935  1037
557  657  890
470  631  963
442  590  899
338  898  992
308  609  940
577  694  908
347  767  1034
298  569  849
299  718  959
439  898  923
413  695  742
120  818  843
282  744  921
411  706  961
445  598  843
1  45  1007
1  10  1007
463  530  912
283  730  871
415  679  951
441  587  813
433  733  950
307  616  1006
501  640  1041
271  738  880
328  883  897
121  818  856
124  808  853
320  767  1034
452  692  948
372  563  774
441  589  813
468  694  902
100  816  832
439  649  827
327  625  877
605  936  1044
466  558  979
390  848  886
431  546  1023
78  79  957
283  828  999
464  748  1024
369  592  1024
339  848  886
304  530  912
396  672  939
276  708  881
326  655  937
110  814  842
404  741  1003
630  838  1019
535  687  1042
542  666  895
542  667  892
358  662  1009
438  591  815
61  62  962
415  750  968
342  819  1029
414  696  770
501  796  901
381  677  1025
443  693  819
446  601  1016
442  722  790
96  698  966
467  569  849
95  96  966
99  816  862
376  547  955
403  683  769
385  635  908
65  66  971
306  755  916
271  738  1022
568  831  963
439  591  817
446  660  1027
332  945  1008
430  747  780
363  625  960
289  541  1048
444  631  850
577  692  948
431  741  857
268  776  985
418  802  839
437  726  805
298  672  939
320  679  1034
308  754  996
367  728  845
49  50  984
385  577  908
288  864  942
468  694  908
457  718  959
293  745  1026
359  784  878
423  830  838
269  748  989
355  557  890
493  636  812
477  882  907
427  744  780
26  677  917
407  888  1020
456  584  868
470  568  963
24  613  845
269  790  869
358  735  1009
395  764  1030
488  689  971
394  790  869
312  753  1035
594  910  940
0  734  981
445  598  893
373  772  897
388  823  824
454  646  800
417  781  917
132  860  870
284  538  998
397  665  829
359  733  950
322  905  1037
308  754  1018
424  574  889
403  766  954
377  584  774
459  725  998
426  574  889
493  633  847
440  730  871
266  919  934
481  765  866
496  782  858
474  1036  1051
487  550  1005
385  577  948
490  629  830
624  1036  1051
493  636  962
493  633  962
476  864  942
315  544  1010
461  614  870
133  860  896
268  720  938
469  620  900
312  753  973
490  628  844
382  670  932
469  619  900
422  571  944
490  628  957
490  629  957
348  752  1033
368  787  891
468  619  902
411  734  981
534  910  1017
488  638  971
428  745  1026
500  846  941
322  607  905
448  738  880
365  601  1016
480  938  945
592  958  1024
487  674  1005
332  691  1036
0  137  1042
466  718  979
455  793  980
433  578  950
553  786  872
436  704  825
332  997  1008
389  742  969
432  634  714
405  835  1029
397  729  1000
313  648  1001
422  570  926
22  608  1011
421  570  926
38  974  1051
510  649  827
423  572  920
497  698  966
425  572  920
355  761  890
479  627  947
296  622  924
438  591  898
338  898  923
473  616  916
385  635  1012
499  821  930
276  644  1014
514  729  1028
318  784  878
439  591  898
279  778  1020
581  911  1007
335  623  983
482  859  919
447  758  1011
456  752  1033
322  678  1037
430  780  867
286  742  969
340  764  1030
276  749  1014
462  850  1048
302  799  952
400  597  727
268  938  985
39  624  1051
510  649  984
292  807  1004
512  808  853
429  945  1008
467  834  927
427  780  867
409  796  901
319  786  872
406  782  858
27  781  917
510  645  984
469  620  918
457  810  1050
510  645  886
403  826  975
533  887  909
575  768  965
284  725  998
437  753  1035
295  779  967
313  663  1001
446  762  1027
415  951  968
414  696  986
473  616  1006
413  723  742
522  835  995
474  974  1051
491  861  970
369  748  989
348  585  1033
369  748  1024
414  770  975
334  637  991
431  857  914
473  755  916
297  882  906
328  772  897
439  827  923
504  851  943
372  774  936
307  863  1006
494  773  999
272  699  932
562  875  977
486  731  732
429  722  1008
270  803  846
449  802  993
32  660  1027
494  615  996
291  834  927
497  627  966
346  861  970
41  823  824
453  754  1018
280  993  1031
396  702  939
357  766  954
474  691  1036
583  687  981
327  877  904
453  807  1004
458  739  956
308  910  940
515  818  856
289  850  1048
403  769  954
450  793  980
347  561  951
486  915  1039
491  859  919
312  655  1035
360  836  982
282  810  1050
320  679  936
494  754  996
520  814  842
455  779  967
284  725  1049
513  795  833
474  974  990
556  912  949
604  905  1037
270  803  925
460  787  891
509  768  965
280  852  1032
291  857  927
403  683  975
344  678  935
411  634  961
491  919  934
397  829  1000
357  766  1038
342  835  1029
444  852  1032
449  755  993
414  826  975
442  899  997
565  778  1020
457  718  1050
467  927  987
525  974  990
428  921  1002
507  829  1000
463  875  977
431  1022  1023
308  910  1018
484  753  973
304  912  949
527  816  862
315  706  961
286  674  978
616  822  916
465  776  985
438  879  992
456  868  1033
279  888  1020
275  887  909
408  693  819
462  863  1048
323  783  922
543  860  896
282  921  1002
561  951  968
464  749  1014
492  877  904
306  822  916
520  928  988
471  857  914
377  774  1044
280  802  993
460  674  978
277  829  1046
585  868  1033
541  863  1048
278  841  972
507  829  1046
477  882  906
489  934  970
399  791  1043
315  968  1010
431  914  1022
534  910  1018
280  1031  1032
45  911  1007
471  857  927
464  958  1024
462  1031  1032
450  980  1047
679  951  1034
483  899  997
325  915  1039
471  927  987
335  983  1019
480  938  985
774  936  1044
491  934  970
271  914  1022
558  983  1019
329  928  988
432  634  961
285  980  1047
347  951  1034
561  968  1010
