290  454  868
22  522  912
294  442  964
290  453  868
22  458  912
358  491  926
332  558  869
359  420  565
485  525  920
371  627  721
366  675  887
332  401  567
270  513  534
356  631  766
304  365  696
369  581  617
310  415  785
272  601  895
304  365  689
333  438  766
296  470  591
443  944  961
358  457  926
272  528  601
455  512  632
20  599  638
0  745  932
336  379  489
336  489  908
281  568  577
402  467  753
401  567  595
503  658  806
342  439  462
309  366  675
339  382  768
317  503  658
350  485  920
326  467  753
277  423  543
336  379  770
417  552  823
339  382  495
29  490  876
42  660  780
486  496  985
309  480  639
298  548  774
323  501  502
345  541  735
338  437  605
369  592  671
368  428  852
351  539  886
295  501  832
293  598  614
68  69  518
66  67  520
540  558  869
361  507  925
397  619  744
433  649  971
295  501  502
327  434  487
332  558  567
485  525  974
377  474  801
399  588  624
396  675  887
0  138  541
394  631  673
311  616  705
287  512  632
337  495  618
51  52  546
305  531  581
324  515  755
307  375  701
14  493  759
402  467  933
438  631  766
268  475  536
384  545  772
302  523  762
350  496  985
417  552  739
354  545  772
338  498  605
351  579  886
446  548  774
351  486  496
307  375  690
45  720  748
58  59  529
510  745  932
312  499  835
388  522  831
421  609  853
23  578  970
27  729  808
22  23  458
370  462  619
310  415  442
356  631  673
354  545  652
538  944  961
38  539  777
19  20  638
450  627  721
370  619  744
305  497  616
330  516  550
649  853  971
406  720  792
281  456  648
392  642  676
460  552  739
292  479  849
29  30  876
282  575  609
62  63  561
278  508  538
362  431  931
326  552  852
274  432  469
314  506  849
381  687  787
318  614  644
285  468  521
283  509  624
281  403  648
402  567  595
290  483  773
370  596  626
94  95  532
404  621  856
367  457  829
300  938  945
341  411  447
319  429  610
333  449  766
362  568  713
12  511  752
442  556  964
307  521  934
369  434  592
34  35  496
301  500  587
356  715  766
394  422  681
369  671  902
26  27  729
314  506  659
415  442  779
368  428  569
376  438  839
362  431  927
475  669  736
313  548  840
11  12  511
368  513  527
285  521  762
280  504  813
449  715  766
310  473  785
392  628  676
290  454  531
287  685  714
381  494  787
294  442  972
81  82  553
361  573  925
301  489  524
355  544  656
402  567  754
289  698  759
288  480  945
412  720  792
332  401  713
531  581  790
272  623  760
79  80  554
326  460  878
23  458  578
309  366  639
359  565  667
355  544  800
111  112  544
113  114  545
41  42  660
270  513  767
292  550  849
357  557  641
481  938  945
357  570  641
372  725  760
432  469  905
322  583  868
122  123  547
38  39  777
445  614  644
96  97  562
283  509  673
271  558  567
418  448  963
44  45  720
360  501  860
472  671  902
330  516  642
489  524  908
312  499  723
445  598  614
359  554  667
333  438  738
270  534  552
394  422  888
285  443  762
384  544  800
23  24  970
370  462  596
272  563  895
326  467  878
295  530  861
357  571  615
476  628  676
85  86  557
269  715  855
21  522  831
305  531  672
356  509  673
102  103  560
380  741  878
404  646  789
382  495  941
368  534  852
77  78  565
321  615  832
75  76  566
343  526  763
445  598  797
83  84  559
296  470  716
377  483  773
354  472  652
272  563  760
342  528  925
305  581  617
377  474  629
334  450  580
290  483  681
284  470  880
13  14  759
297  455  512
404  487  789
413  568  577
449  715  855
351  486  601
359  420  819
270  552  823
293  598  751
386  553  842
282  609  853
486  601  895
284  500  880
342  439  623
451  530  861
410  494  781
287  451  632
87  88  570
497  616  705
438  631  839
338  437  571
309  480  822
324  515  702
443  523  762
285  535  944
363  634  938
325  527  912
361  573  574
342  528  623
360  553  842
273  596  626
465  466  607
360  559  657
319  918  960
36  579  726
367  457  806
352  573  574
306  632  684
412  514  795
508  538  944
309  618  822
292  516  550
446  548  840
372  563  815
21  22  522
312  516  642
572  825  973
379  520  770
311  705  731
35  496  726
406  720  748
362  456  931
479  506  751
305  497  672
411  447  737
355  476  676
531  672  773
328  420  954
534  552  852
284  543  706
372  504  725
288  523  961
279  445  797
360  501  842
355  476  656
368  513  534
407  503  850
302  495  618
317  724  743
281  833  899
406  511  645
416  680  711
347  698  752
279  582  595
268  475  669
378  588  624
527  872  912
443  523  961
274  432  594
272  528  623
388  669  736
388  522  736
35  36  726
382  529  768
48  49  589
419  689  954
277  543  749
326  460  552
322  621  856
42  43  514
302  523  618
454  531  790
308  572  825
440  634  938
331  659  903
285  535  810
357  557  844
305  616  617
410  677  781
12  519  752
286  588  804
386  554  900
485  563  895
430  729  808
373  560  788
337  618  675
360  553  657
312  642  676
482  714  813
418  448  802
301  500  695
364  465  466
422  555  888
434  487  775
12  13  519
342  462  924
359  554  900
350  485  985
292  479  836
439  725  760
377  483  629
317  658  743
741  878  984
479  506  849
323  502  718
462  596  924
374  562  791
358  457  658
332  568  713
345  735  918
482  685  879
379  489  943
465  532  602
31  864  876
344  563  974
283  555  888
389  560  788
280  504  725
370  575  744
277  423  721
310  473  692
303  582  927
306  530  615
299  555  909
378  492  588
319  459  960
372  563  760
321  501  860
135  136  593
352  528  573
406  645  792
271  567  754
289  640  759
362  564  927
412  514  883
16  17  549
376  438  738
94  532  812
408  536  975
301  489  935
362  568  916
491  569  661
367  540  558
338  606  684
583  868  951
39  40  574
91  92  576
383  562  791
378  492  848
483  629  865
482  685  714
302  521  643
294  640  867
280  482  813
293  506  751
337  495  941
117  118  592
89  90  605
308  551  825
521  643  934
307  521  911
304  587  880
282  575  744
358  491  661
392  628  678
393  610  746
391  535  810
360  559  860
373  612  679
376  728  823
385  593  809
320  640  867
25  802  970
15  16  590
329  424  776
414  449  855
343  526  981
284  543  863
442  556  590
1  10  748
1  45  748
301  524  897
425  555  909
312  516  723
393  488  526
429  610  746
0  541  735
313  747  960
499  705  731
445  644  828
441  466  607
273  580  742
318  383  602
275  631  839
54  55  603
56  57  604
138  541  712
273  580  627
437  571  851
69  518  647
281  577  899
68  518  651
344  563  815
293  478  903
427  557  844
381  630  687
66  520  650
439  623  760
442  779  972
67  520  651
335  441  466
353  549  692
433  685  971
352  528  601
310  442  590
289  440  634
30  31  876
33  34  841
275  585  700
52  546  664
317  503  761
575  609  979
450  721  805
367  558  829
328  420  819
427  559  860
354  616  617
279  445  828
278  782  786
327  621  790
313  840  960
276  778  874
392  613  678
304  696  956
388  831  858
318  383  791
519  698  752
16  549  942
51  546  663
417  728  823
421  461  716
275  629  865
278  508  786
327  434  816
378  624  896
286  588  757
503  717  850
297  648  857
467  797  878
439  462  930
58  529  694
33  719  841
292  711  836
304  689  980
100  101  611
282  853  971
403  512  714
322  621  868
319  429  918
298  515  702
59  529  665
283  555  799
385  633  693
400  593  809
330  550  758
303  364  644
274  469  732
288  481  945
43  514  883
281  403  833
106  107  613
528  573  925
369  434  816
351  539  952
354  616  772
104  105  612
310  692  942
397  685  879
357  571  851
275  629  700
34  496  841
357  570  851
308  551  850
289  440  845
98  99  608
506  659  903
285  443  944
339  495  643
406  511  771
485  563  974
315  578  872
428  569  955
405  821  856
349  585  700
348  584  783
24  25  970
451  530  890
353  599  638
333  449  987
39  574  777
313  548  707
347  752  873
403  714  813
273  626  627
367  540  769
530  615  832
376  585  728
468  524  897
62  561  670
18  638  756
63  561  666
111  544  656
112  544  655
114  545  652
113  545  655
122  547  646
31  864  892
454  621  868
29  490  866
499  731  835
322  821  856
291  497  705
414  449  987
387  680  711
475  736  975
123  547  674
382  604  694
408  513  767
339  436  768
455  632  684
508  535  944
457  658  806
293  478  614
297  512  648
391  543  863
454  621  790
509  624  896
383  532  602
276  625  778
290  453  846
500  695  863
336  435  770
291  497  801
124  125  620
471  779  966
374  608  682
376  585  839
284  500  863
450  580  627
126  127  622
473  692  885
364  602  644
281  568  916
469  782  786
304  591  880
93  607  812
513  527  803
300  709  938
475  536  975
467  797  933
334  580  871
28  808  866
416  499  723
459  600  929
318  478  614
348  821  948
42  514  780
108  109  628
363  481  807
131  132  630
351  579  726
280  482  879
82  553  657
394  483  681
297  455  606
444  551  825
133  134  633
350  496  841
335  346  441
393  526  686
515  755  959
309  618  675
421  609  706
511  752  873
16  590  942
371  626  627
323  501  842
351  496  726
421  461  853
333  738  891
399  588  757
81  553  662
318  602  644
407  503  761
293  506  903
328  586  819
351  601  952
329  489  943
329  424  696
80  554  662
268  536  697
294  640  964
380  797  878
381  494  755
95  532  654
79  554  667
31  32  892
103  560  679
340  707  898
403  512  648
306  571  615
370  575  626
85  557  722
289  634  698
320  640  845
373  758  788
319  459  600
102  560  683
377  672  773
86  557  641
405  620  674
299  555  750
523  618  822
73  74  636
357  615  844
3  28  808
3  27  808
71  72  637
314  550  758
410  494  907
84  559  722
97  562  682
334  450  859
367  717  806
281  456  916
287  451  838
46  47  653
274  732  873
333  697  891
15  556  590
278  782  957
497  672  801
353  549  756
373  560  679
401  582  595
328  689  954
369  581  816
303  582  828
83  559  657
397  685  971
510  745  981
488  526  981
96  562  654
598  751  843
480  639  922
302  521  762
87  570  641
599  831  858
385  707  809
316  639  922
315  569  661
519  698  759
77  565  668
78  565  667
280  619  930
327  487  928
344  572  978
76  566  668
324  584  783
371  575  626
409  479  836
75  566  688
301  587  935
325  736  975
335  466  931
69  70  647
474  801  939
349  474  740
303  364  877
458  578  872
373  612  811
414  697  847
381  630  784
322  583  821
88  570  764
336  435  690
65  66  650
408  536  891
387  542  711
279  797  933
339  436  701
390  508  535
67  68  651
121  122  646
298  774  936
537  692  885
461  716  830
505  634  698
271  558  829
349  585  728
341  411  881
304  587  956
372  815  899
86  87  641
348  584  948
354  472  902
114  115  652
110  111  656
356  509  715
112  113  655
307  690  908
533  738  891
367  717  769
392  642  798
52  53  664
28  29  866
396  664  704
410  622  677
11  511  771
92  576  834
59  60  665
423  543  706
330  463  798
456  648  857
361  507  988
80  81  662
404  487  928
307  908  911
95  96  654
50  51  663
361  574  827
287  512  714
82  83  657
505  634  957
402  595  933
385  633  796
63  64  666
61  62  670
385  593  693
330  463  811
330  642  798
304  591  980
491  569  955
577  815  899
306  530  890
425  799  936
359  819  820
407  551  850
286  600  929
349  474  700
327  581  816
13  519  759
84  85  722
409  542  836
353  537  692
93  607  834
296  591  946
78  79  667
382  604  941
76  77  668
279  595  933
269  854  855
307  701  934
0  735  745
116  117  671
311  616  772
392  613  798
426  580  871
18  638  989
409  479  751
270  767  947
117  592  671
274  645  873
418  743  963
490  761  876
348  733  783
368  527  915
277  721  805
279  582  828
447  600  804
135  593  693
385  707  796
314  758  788
434  775  818
318  478  791
500  587  880
465  532  812
123  124  674
127  128  677
408  513  803
381  755  959
300  526  763
340  477  796
493  640  759
340  477  784
268  669  885
425  555  799
412  594  792
405  620  734
695  810  897
107  108  678
103  104  679
137  138  712
355  676  835
391  543  749
101  102  683
432  594  859
564  582  927
407  761  876
462  619  930
340  707  796
315  578  986
275  585  839
118  592  818
469  786  905
276  625  739
331  464  824
424  647  691
130  131  687
353  599  858
17  18  756
430  808  866
338  606  969
427  844  860
298  515  898
319  610  737
418  724  743
341  779  966
296  716  830
384  772  800
382  529  694
136  593  727
408  533  891
507  742  988
49  589  708
288  480  822
379  518  943
395  663  708
391  535  749
389  659  824
419  636  688
134  135  693
57  58  694
368  569  915
353  638  756
338  498  969
97  98  682
89  605  764
298  548  898
338  571  684
74  75  688
352  574  777
295  861  953
292  516  967
583  821  948
410  622  733
399  597  774
388  669  858
429  735  745
424  637  691
396  603  884
70  71  691
48  589  710
444  525  825
503  717  806
321  501  832
455  606  684
107  613  678
518  776  943
37  579  886
331  464  862
285  468  810
542  711  836
371  575  979
468  524  911
363  634  957
104  612  679
10  11  771
389  611  683
412  594  795
327  581  790
88  89  764
416  499  814
348  484  733
346  441  576
364  465  602
389  659  788
101  611  683
396  675  884
268  697  847
353  537  858
53  54  704
64  65  699
413  976  978
60  61  703
416  680  814
124  620  674
468  521  911
302  495  643
127  622  677
354  617  902
348  484  734
331  659  824
348  734  821
397  619  879
332  568  869
399  757  774
349  625  728
295  530  832
288  523  822
394  631  865
379  518  651
447  600  737
349  625  778
374  608  862
320  393  686
399  624  875
661  963  986
91  576  901
394  483  865
379  520  651
548  707  898
284  470  765
47  48  710
549  692  942
57  604  694
315  569  915
321  615  844
408  533  767
572  976  978
274  645  792
54  603  704
344  572  973
108  628  678
597  799  936
131  630  687
290  531  773
17  549  756
374  562  682
452  603  884
313  707  809
106  613  882
49  50  708
55  603  826
446  757  929
303  644  828
56  604  826
105  612  882
401  564  582
274  594  792
314  550  849
415  635  854
405  547  674
38  539  886
452  604  941
426  580  742
524  908  911
100  611  870
92  93  834
511  645  873
537  669  858
90  605  901
407  551  864
287  685  838
324  584  910
325  527  803
14  15  965
134  633  693
358  658  743
136  137  727
452  884  941
40  41  827
453  750  846
372  504  899
278  817  957
444  525  920
98  608  682
444  551  892
99  608  870
474  629  700
396  603  704
516  723  967
125  620  949
597  774  936
384  544  655
369  617  902
384  545  655
366  639  906
308  572  769
330  758  811
328  586  946
126  622  949
93  94  812
37  579  958
36  579  958
334  795  871
551  864  892
119  120  775
470  591  880
288  481  807
471  492  848
430  866  904
109  628  962
404  547  646
128  129  781
325  736  912
415  779  854
446  757  774
132  630  937
291  680  814
535  749  921
395  589  982
536  697  891
492  588  804
300  526  709
414  635  855
133  633  937
423  609  706
329  489  935
448  578  986
319  600  737
280  619  879
404  621  928
373  758  811
129  130  787
120  121  789
441  576  834
306  632  890
277  749  921
10  748  771
20  21  831
43  44  883
435  666  699
414  635  785
396  664  887
400  712  727
345  918  960
40  574  827
387  542  874
283  624  875
426  660  780
417  625  728
121  646  789
346  606  969
320  686  845
74  636  688
339  643  934
422  555  750
436  670  703
417  625  739
37  38  886
71  637  691
431  466  931
118  119  818
363  481  938
451  838  861
492  804  966
55  56  826
398  589  982
297  857  950
320  393  889
436  665  703
390  535  921
413  577  978
374  791  893
394  673  888
424  647  776
334  594  859
410  783  907
289  640  845
284  706  765
435  650  699
32  33  983
70  647  691
525  825  973
409  542  914
317  761  904
361  660  827
426  660  988
490  761  904
128  677  781
389  560  683
306  571  684
406  748  771
419  689  793
73  636  990
115  652  940
110  656  962
72  637  990
65  650  699
361  660  988
440  686  845
391  695  810
53  664  704
413  568  869
298  702  936
514  795  871
60  665  703
458  872  912
490  866  904
334  594  795
311  772  800
393  610  889
409  741  843
403  813  833
130  687  787
61  670  703
419  636  793
400  747  913
64  666  699
324  783  907
448  963  986
424  696  794
432  805  859
533  767  947
471  779  854
362  564  713
299  583  948
271  754  955
339  701  934
297  606  950
25  26  923
413  869  976
275  631  865
15  556  965
283  673  888
395  663  894
20  599  831
347  505  698
340  898  959
47  653  710
423  721  979
424  637  794
116  671  940
352  777  952
402  753  754
363  807  817
418  724  729
296  586  718
347  505  732
389  611  824
355  731  800
299  584  948
300  763  922
286  757  929
2  18  989
411  610  737
537  669  885
586  819  820
2  19  989
421  706  765
294  881  972
269  848  896
390  508  786
50  663  708
378  848  896
386  842  900
296  586  946
447  804  966
484  620  734
386  553  662
401  564  713
99  100  870
283  799  875
41  660  827
271  926  955
386  554  662
308  717  769
273  742  977
484  622  733
429  735  918
427  557  722
286  600  804
337  675  884
14  493  965
419  566  688
4  36  958
4  37  958
137  712  727
435  690  919
120  775  789
105  106  882
291  801  939
460  878  984
430  724  729
436  665  768
291  705  814
295  502  953
290  681  846
364  466  877
427  559  722
387  740  778
90  91  901
448  578  970
129  781  787
526  686  709
46  653  932
119  775  818
415  635  785
433  685  838
335  857  950
277  730  805
390  786  905
435  650  770
301  695  897
327  621  928
358  661  963
399  597  875
434  592  818
387  680  740
470  716  765
355  731  835
429  745  746
270  823  947
269  848  854
436  701  917
341  447  966
346  498  576
461  649  853
321  844  860
649  861  953
433  838  861
461  502  830
414  697  987
540  869  976
380  598  797
450  805  859
478  791  893
410  733  783
422  750  846
465  607  812
435  666  919
132  133  937
635  854  855
269  715  896
436  670  917
453  868  951
115  116  940
472  671  940
405  547  856
395  589  708
404  547  856
398  653  710
0  46  932
125  126  949
365  689  793
333  697  987
420  565  668
400  593  727
420  566  668
109  110  962
314  659  788
335  346  950
472  652  940
383  532  654
350  719  841
407  864  876
352  601  952
430  724  904
477  630  784
522  736  912
459  840  960
400  747  809
345  747  913
493  640  964
461  649  953
432  730  805
323  718  820
343  763  837
484  620  949
365  696  794
437  570  764
362  456  916
476  656  962
499  705  814
539  777  952
299  584  909
400  712  913
484  622  949
463  613  882
463  612  882
316  639  906
477  630  937
311  731  800
340  784  959
397  744  971
422  681  846
505  782  957
44  720  883
341  779  972
477  633  937
390  730  921
72  73  990
292  711  967
477  633  796
476  628  962
437  605  764
299  583  951
527  872  915
432  730  905
463  613  798
428  753  754
376  738  947
383  562  654
349  740  778
310  590  942
387  778  874
463  612  811
577  815  978
412  720  883
380  598  843
337  884  941
509  715  896
350  719  920
380  741  843
375  690  919
405  734  821
597  799  875
324  702  910
433  649  861
395  906  982
317  724  904
308  717  850
504  813  833
277  730  921
586  718  820
416  711  967
280  725  930
288  807  961
461  502  953
365  517  794
365  517  793
300  922  945
278  538  817
464  611  870
390  730  905
326  753  852
411  867  889
291  680  939
464  608  870
505  732  782
26  729  923
345  541  913
469  732  782
439  725  930
375  701  917
468  810  897
377  672  801
444  719  920
448  802  970
507  742  977
316  763  837
371  721  979
437  570  851
518  647  776
529  665  768
346  606  950
331  862  893
299  750  951
273  596  977
19  638  989
418  729  923
520  650  770
428  753  852
502  718  830
464  611  824
393  488  746
409  741  914
452  603  826
452  604  826
282  744  971
425  702  910
561  666  919
561  670  917
312  676  835
471  848  854
343  510  968
329  776  943
414  785  847
331  893  903
315  872  915
517  636  793
431  466  877
515  898  959
316  906  982
375  561  919
680  740  939
375  561  917
517  637  794
451  632  890
464  608  862
418  802  923
366  546  887
540  769  976
313  747  809
398  837  982
320  867  889
423  609  979
366  546  894
426  780  871
398  589  710
398  837  968
358  743  963
494  755  907
316  763  922
411  867  881
453  750  951
517  636  990
517  637  990
494  781  787
514  780  871
444  719  983
336  690  908
315  661  986
323  842  900
487  775  789
538  807  817
276  739  984
421  716  765
440  709  938
409  751  843
546  664  887
459  840  929
33  719  983
359  820  900
542  874  914
498  576  901
343  510  981
419  566  954
471  492  966
398  653  968
546  663  894
296  718  830
420  566  954
347  732  873
428  754  955
343  837  968
408  803  975
345  747  960
416  723  967
366  894  906
572  769  976
271  829  926
329  696  956
498  605  901
276  741  914
504  833  899
441  607  834
374  862  893
474  740  939
391  695  863
395  894  906
533  738  947
328  689  980
376  823  947
425  909  910
335  857  931
324  755  907
488  745  746
457  829  926
346  498  969
446  840  929
276  741  984
425  702  936
25  802  923
341  881  972
381  784  959
363  817  957
510  653  932
491  926  955
342  924  925
538  807  961
541  712  913
268  847  885
480  922  945
456  857  931
329  935  956
460  739  984
323  820  900
276  874  914
426  742  988
584  909  910
478  893  903
488  745  981
328  946  980
344  973  974
485  895  985
507  924  925
303  877  927
473  785  847
486  895  985
596  924  977
444  892  983
344  815  978
32  892  983
510  653  968
316  837  982
473  847  885
411  610  889
440  686  709
325  803  975
294  867  881
525  973  974
507  924  977
493  964  965
556  964  965
587  935  956
431  877  927
591  946  980
