316  538  618
353  509  747
35  466  977
327  508  964
274  429  936
442  509  747
357  420  573
35  531  977
416  771  828
302  806  832
524  771  828
304  470  954
420  515  916
453  517  917
395  644  712
351  467  948
374  424  895
481  593  802
60  61  499
10  657  733
346  407  490
387  483  731
264  481  593
502  768  900
361  476  507
12  411  733
307  600  717
125  126  505
421  877  937
342  452  543
379  479  792
300  502  768
365  511  630
448  569  812
32  33  427
281  430  472
363  612  626
273  651  944
341  479  491
341  465  491
339  574  678
283  433  742
0  613  752
274  429  797
415  518  778
294  440  770
364  511  630
623  806  832
337  474  729
282  545  546
451  536  752
283  434  742
405  659  931
310  489  525
276  483  731
32  427  580
34  466  898
337  588  729
376  701  825
367  439  605
405  444  609
283  433  478
429  548  936
347  393  947
93  94  511
264  481  602
505  572  656
499  575  654
12  411  796
34  35  466
370  540  636
318  482  578
2  19  634
2  18  634
10  11  733
300  625  768
363  480  612
131  132  523
379  497  776
31  482  580
282  440  774
360  612  867
310  644  835
314  660  720
331  722  785
378  844  861
270  498  564
345  481  802
357  420  741
306  605  760
349  625  897
337  422  474
345  482  905
425  503  805
309  457  504
293  471  857
516  750  957
336  545  546
44  551  791
501  538  618
335  512  715
275  415  518
374  424  568
521  631  764
377  488  711
380  488  714
336  446  738
377  488  864
281  611  628
345  482  578
509  595  809
290  494  842
0  46  552
393  572  656
269  465  571
354  517  917
267  512  798
379  497  787
382  600  717
270  432  589
346  490  763
392  575  654
309  457  630
269  571  725
490  555  763
479  576  792
401  471  857
264  532  602
413  494  842
346  763  872
300  625  897
0  552  613
301  487  620
429  797  866
373  532  602
351  467  665
403  734  868
622  660  895
20  542  831
1  10  657
1  45  657
339  423  574
399  498  941
339  451  536
335  512  850
318  482  580
280  877  937
267  516  543
325  516  957
383  552  613
269  465  619
417  440  770
275  428  518
294  440  601
448  569  903
433  478  584
272  486  793
310  644  712
343  450  553
409  637  769
92  569  812
278  599  769
338  425  632
365  630  730
355  481  602
308  520  742
468  541  779
376  515  825
303  492  617
333  420  916
342  452  753
297  478  584
338  607  664
417  440  774
383  605  613
384  684  804
405  609  751
266  416  529
334  622  677
29  464  671
342  543  865
304  544  954
278  541  599
344  589  599
25  586  627
296  614  631
358  516  915
266  416  771
304  525  901
343  542  595
351  616  948
510  651  944
314  424  895
31  32  580
371  616  652
366  797  866
306  383  718
418  512  798
267  516  750
428  611  628
275  529  583
406  614  937
401  471  918
357  573  680
43  44  791
33  427  577
20  21  831
293  471  749
34  577  898
270  564  582
556  665  873
345  671  905
296  558  794
25  586  777
298  455  963
309  504  528
310  525  835
508  562  964
447  768  900
267  543  798
324  626  813
418  512  850
122  123  547
351  665  873
35  36  531
341  479  576
339  451  678
282  440  726
377  689  748
389  765  878
287  707  914
406  614  631
367  449  605
284  876  904
408  653  724
358  477  915
278  541  844
352  432  526
384  493  804
332  443  506
599  769  961
425  503  607
361  478  675
370  636  820
326  444  609
403  685  824
409  527  788
385  642  695
269  619  629
337  559  588
302  558  806
88  89  534
321  649  884
480  612  980
11  12  733
358  516  543
359  551  754
385  695  762
544  637  692
336  504  528
398  546  870
388  526  590
562  737  964
405  444  931
276  446  608
270  432  827
502  676  969
366  426  587
361  476  740
317  522  712
264  530  532
413  608  910
343  595  809
490  555  974
281  430  611
502  676  719
373  532  845
454  594  743
380  488  893
355  481  803
296  521  631
460  613  752
284  603  904
277  462  471
363  480  666
508  707  914
413  494  852
284  447  768
26  27  537
290  457  504
338  425  607
485  642  695
310  489  690
79  80  666
351  606  743
328  456  658
571  725  938
354  578  624
312  594  743
370  542  906
454  594  929
275  415  892
347  393  732
346  407  835
58  59  560
476  507  823
25  26  777
269  629  883
275  529  892
285  778  926
291  788  911
56  57  561
310  522  712
102  103  556
428  518  611
337  422  579
280  587  735
366  426  628
295  607  664
403  506  824
323  488  714
433  520  742
410  672  839
23  689  748
370  542  595
378  706  861
127  128  566
327  439  914
418  736  850
306  554  677
93  511  569
298  557  963
327  367  439
134  135  574
398  546  686
390  624  672
361  507  603
373  586  627
24  25  627
301  625  838
473  625  768
514  660  720
336  446  686
338  468  779
403  506  868
129  130  565
54  55  567
327  508  914
371  621  679
52  53  568
334  677  718
317  522  683
520  612  867
15  600  681
439  605  760
372  572  617
362  581  661
518  778  926
414  493  781
369  575  620
92  93  569
328  530  858
379  477  787
379  479  776
331  785  945
283  653  740
450  553  949
489  525  901
436  591  889
399  498  902
325  516  915
360  612  980
278  637  769
264  593  688
336  546  686
279  805  956
360  484  734
303  623  848
319  631  764
428  628  866
407  490  772
273  588  729
272  486  629
354  517  624
60  499  693
321  734  868
312  652  852
330  577  767
114  115  573
61  499  654
275  428  583
398  474  710
393  547  947
37  38  696
410  767  839
306  677  718
86  87  563
305  528  545
361  478  740
341  551  754
359  657  733
382  600  681
335  664  850
294  706  935
309  528  604
301  487  838
270  498  902
412  508  707
362  570  661
454  606  743
614  875  937
292  646  755
307  737  964
328  530  920
84  85  570
449  460  613
125  505  656
126  505  697
335  498  941
294  706  861
316  538  765
468  844  861
290  457  815
265  488  893
304  544  692
486  619  629
311  535  601
80  585  666
370  634  906
336  504  738
403  635  734
357  485  680
460  536  752
371  598  679
308  612  626
373  513  627
29  464  807
422  474  950
94  511  663
374  591  889
303  492  848
503  805  956
453  517  886
37  696  896
475  558  794
350  533  762
357  485  695
363  585  666
364  597  663
276  446  710
370  540  922
378  637  844
26  537  777
369  560  693
359  571  754
297  478  675
366  628  866
50  51  591
48  49  592
333  420  741
304  470  872
285  501  538
343  450  809
306  383  605
390  503  956
272  629  759
342  753  977
430  492  926
420  515  775
353  509  833
393  572  732
80  81  585
82  83  581
329  652  815
268  609  751
490  772  967
449  460  713
392  575  727
333  667  934
282  545  726
472  623  806
276  483  608
381  540  636
13  459  737
285  492  926
374  591  705
29  30  671
372  566  697
281  472  806
299  622  660
38  39  550
370  595  922
480  666  773
428  583  866
320  669  717
13  14  737
390  517  624
350  533  853
283  434  851
267  512  899
388  653  724
484  635  734
365  569  903
519  626  813
355  602  879
469  610  758
376  615  701
427  577  767
332  506  868
470  763  872
396  498  564
328  456  744
277  724  882
300  502  969
452  543  798
527  788  911
399  589  599
298  455  854
319  695  762
14  15  600
377  513  864
379  477  716
299  554  677
414  739  781
397  560  928
483  608  910
318  578  624
443  506  789
369  560  928
310  522  690
317  437  841
312  616  652
337  559  871
397  561  925
584  649  884
299  622  677
97  98  598
131  523  704
497  890  968
462  471  918
363  585  836
286  514  539
95  96  597
375  567  698
384  638  684
317  437  780
302  558  667
272  469  610
325  497  890
374  568  705
353  548  921
338  468  632
290  494  815
412  629  759
356  412  508
42  43  576
345  481  803
293  463  813
375  561  698
388  590  823
494  652  852
390  517  956
409  637  692
372  566  932
326  486  619
381  540  771
375  561  925
473  768  981
388  526  724
347  732  832
448  722  894
326  609  943
132  523  673
385  639  687
441  546  870
281  475  806
409  527  769
348  676  969
359  551  874
358  477  728
357  695  764
345  671  803
360  484  633
316  765  878
386  582  647
273  588  651
376  596  667
331  604  730
386  564  582
284  768  981
301  575  620
294  632  770
308  520  612
317  683  810
436  889  952
352  582  647
479  491  958
419  510  651
356  508  562
303  572  617
326  444  846
385  642  687
407  644  835
324  445  834
307  669  717
378  544  637
402  566  932
530  532  860
119  120  615
89  534  772
388  476  653
288  646  723
301  575  727
23  24  689
343  542  831
309  630  730
21  22  553
367  669  713
475  558  806
371  621  948
265  488  711
555  722  894
352  526  590
415  723  892
303  572  732
341  551  791
398  474  729
289  594  929
386  890  968
438  790  797
373  513  845
414  606  908
336  528  545
386  647  751
352  432  827
318  624  672
357  741  764
268  776  968
286  487  923
286  514  923
349  625  727
353  548  747
13  459  796
296  558  934
99  100  621
271  507  823
292  501  618
88  534  648
344  589  907
347  461  596
38  550  696
380  559  588
402  565  951
419  714  860
369  499  693
390  662  672
593  688  917
271  590  659
0  752  859
465  491  943
329  652  840
345  578  802
319  533  762
371  652  840
412  629  883
375  567  955
438  587  735
293  519  813
435  718  952
314  660  895
362  581  834
514  539  660
364  630  814
332  443  676
282  546  965
473  625  838
372  505  697
341  465  754
403  635  685
429  548  921
447  675  801
424  567  955
389  565  704
377  513  689
355  803  983
395  563  648
352  582  827
421  655  937
305  528  604
297  502  719
33  34  577
296  521  934
553  748  949
277  462  691
342  550  865
46  552  670
332  649  719
342  550  696
389  565  951
372  505  572
472  623  848
69  70  640
391  641  703
122  547  674
76  77  633
391  645  703
468  541  844
306  554  760
266  509  922
369  499  575
67  68  641
292  536  940
74  75  635
340  713  976
509  595  922
111  112  642
123  547  709
107  108  638
43  576  791
289  650  910
109  110  639
313  620  923
65  66  645
299  539  660
368  793  846
706  924  954
63  64  643
294  601  935
293  463  857
395  534  648
494  652  815
392  654  708
302  596  667
283  478  740
329  458  840
558  667  934
324  445  836
393  656  709
446  686  710
430  472  848
333  741  934
16  17  636
531  696  896
31  482  905
40  41  716
392  643  708
390  503  816
430  611  926
299  554  668
322  557  784
379  716  792
90  772  967
344  599  961
102  556  665
339  423  880
304  525  872
371  598  840
412  707  759
464  671  803
264  530  688
103  556  739
411  725  938
308  626  982
61  62  654
364  597  829
365  511  569
361  675  801
446  738  842
450  809  869
387  483  650
362  570  841
405  659  953
314  424  955
400  871  936
463  683  810
329  458  829
124  125  656
364  511  663
459  562  737
285  492  933
291  489  690
359  657  874
429  583  866
315  617  933
268  609  958
382  682  717
529  583  921
416  529  892
323  714  860
476  653  740
358  543  865
270  582  827
380  588  651
87  563  648
326  486  846
434  749  851
442  509  809
395  534  644
420  766  775
87  88  648
295  607  816
318  580  839
384  638  756
271  590  823
266  509  833
491  609  943
320  669  713
280  587  875
342  696  977
24  627  689
339  618  880
363  626  836
471  749  959
328  510  744
526  724  882
327  367  669
354  578  802
414  493  908
384  493  784
17  636  820
335  498  715
373  586  879
284  447  801
445  585  836
385  639  761
22  23  748
368  702  846
280  735  877
438  587  797
369  620  928
497  776  968
297  584  649
323  532  860
84  570  661
285  501  778
59  560  693
295  736  850
360  633  980
86  563  800
135  136  678
372  617  932
40  716  728
58  560  694
579  871  936
376  615  962
114  573  680
57  561  694
405  647  953
21  553  831
299  539  668
331  448  722
56  561  698
39  40  819
419  858  860
101  102  665
85  570  800
132  133  673
305  545  726
410  662  672
271  507  702
285  538  933
549  646  755
127  566  697
305  535  945
307  669  964
309  604  730
317  712  780
83  84  661
388  476  823
328  658  920
305  604  945
121  122  674
115  573  766
519  626  982
353  529  921
281  475  795
307  600  737
17  18  820
487  838  979
290  504  738
46  47  670
128  566  699
446  608  842
330  577  898
422  579  790
83  581  661
407  534  644
463  683  857
18  634  820
465  571  754
94  95  663
290  738  842
55  567  698
327  669  964
288  549  646
54  567  700
294  632  861
468  632  861
401  522  683
113  114  680
523  673  878
53  568  700
423  673  878
322  606  885
486  793  846
129  565  699
298  533  888
52  568  705
382  682  745
426  587  875
319  631  887
389  523  704
287  760  914
413  608  842
266  529  833
449  605  613
12  13  796
130  565  704
59  60  693
530  858  860
298  533  853
98  99  679
360  734  867
399  541  599
322  606  908
404  763  924
343  553  831
57  58  694
381  524  771
40  728  819
103  104  739
531  696  977
347  461  947
126  127  697
106  107  684
82  581  830
81  585  830
36  531  896
325  497  787
41  716  792
442  809  869
400  559  871
513  627  689
454  606  885
311  706  924
55  56  698
110  111  687
320  682  717
73  74  685
392  727  855
355  586  879
53  54  700
134  574  721
274  790  797
128  129  699
135  574  678
375  720  955
334  622  889
366  587  797
356  562  826
334  889  952
118  119  701
487  620  923
394  610  913
535  601  912
98  598  679
358  819  865
95  597  663
354  593  917
311  535  785
130  131  704
432  589  907
395  712  780
444  702  846
457  630  814
303  623  732
51  52  705
321  649  868
316  618  880
323  488  864
28  29  807
301  625  727
415  646  723
384  784  930
66  67  703
491  609  958
331  604  945
430  492  848
521  741  934
291  489  788
27  537  927
332  676  719
623  732  832
295  662  736
456  658  822
395  563  780
62  63  708
123  124  709
51  591  705
355  586  777
423  878  880
41  42  792
319  533  887
97  598  863
432  526  882
274  579  790
297  649  719
417  805  822
96  597  863
443  789  837
400  548  747
409  788  901
48  592  782
298  655  888
50  591  783
288  745  828
49  592  783
422  786  790
341  576  791
521  741  764
280  875  937
287  707  942
339  536  940
351  616  743
396  498  715
99  621  679
554  668  942
375  720  925
115  116  766
361  603  801
530  688  920
312  594  852
427  580  839
77  78  757
324  626  836
438  786  790
281  628  795
319  695  764
389  523  878
286  758  913
407  534  772
266  771  922
349  727  855
14  600  737
119  615  701
380  651  714
441  744  944
331  448  903
89  90  772
406  631  887
477  716  728
371  616  948
334  718  952
391  641  843
4  36  896
4  37  896
492  617  933
390  662  816
433  520  884
332  649  868
323  532  845
297  502  900
276  710  950
296  614  794
391  746  843
313  720  923
47  48  782
317  810  841
382  681  818
107  638  684
49  50  783
354  593  802
461  596  962
391  645  849
404  555  722
409  692  901
426  628  795
20  542  906
400  548  936
291  817  918
110  639  687
133  134  721
79  666  773
111  642  687
408  749  959
376  515  916
340  460  536
423  673  721
370  634  820
74  635  685
483  650  910
44  551  874
414  606  873
470  763  924
338  664  779
100  621  919
376  667  916
394  539  668
284  603  801
410  767  821
116  117  775
22  553  748
77  633  757
394  707  942
411  796  826
120  615  881
302  596  832
272  469  793
322  557  963
15  16  909
346  835  872
466  753  977
392  643  855
473  838  981
469  876  904
104  105  781
39  550  819
295  662  816
91  92  812
85  86  800
417  770  805
289  594  910
394  707  759
356  412  883
71  72  789
287  554  942
44  45  874
292  536  755
367  449  713
396  564  957
324  811  834
398  686  710
67  641  703
350  496  756
314  720  955
374  889  895
292  646  847
289  650  862
440  601  912
350  496  761
291  911  918
394  610  759
348  746  843
66  645  703
76  633  975
108  638  978
105  106  804
425  632  770
109  639  978
474  710  950
321  867  884
70  640  837
75  635  975
393  547  709
405  647  751
298  655  854
78  79  773
326  619  943
277  471  959
557  784  930
431  758  876
330  753  799
408  749  851
112  642  972
439  760  914
3  27  927
3  28  927
63  643  708
313  620  928
417  774  822
328  510  858
440  726  912
352  647  953
465  619  943
30  31  905
69  640  960
315  765  933
356  725  883
279  658  822
81  82  830
410  662  736
117  118  825
315  617  932
381  636  909
431  838  979
464  807  983
72  73  824
353  529  833
411  725  826
350  761  762
550  819  865
62  654  708
0  136  859
124  656  709
70  71  837
469  758  876
68  641  960
398  729  870
433  584  884
377  711  949
413  594  910
419  510  858
283  653  851
406  887  888
19  20  906
376  596  962
330  767  821
265  711  869
65  645  966
320  713  976
399  589  902
426  614  794
64  643  966
520  867  884
410  736  821
355  777  983
329  814  829
292  501  847
441  744  808
340  460  713
288  723  828
386  564  890
304  692  901
512  715  899
537  807  983
518  611  926
452  753  799
305  726  912
90  91  967
104  739  781
401  522  817
45  657  874
414  556  739
293  519  939
282  774  808
385  761  762
378  544  706
418  736  821
348  495  856
435  670  782
106  684  804
400  559  970
311  601  935
351  606  873
292  618  940
96  97  863
101  665  919
278  637  844
394  539  913
19  634  906
344  527  971
348  495  843
298  557  853
335  664  779
421  650  862
339  618  940
288  682  745
73  685  824
47  670  782
120  121  881
404  785  924
540  771  922
113  680  972
419  651  714
510  744  944
333  667  916
121  674  881
78  757  773
503  607  816
118  701  825
469  793  904
42  576  792
116  766  775
437  563  800
422  731  786
427  767  839
269  725  883
461  674  947
389  765  951
136  678  859
349  500  849
356  725  826
381  681  818
437  570  800
456  774  822
305  535  912
288  549  682
286  487  979
380  559  893
349  500  855
443  676  856
425  770  805
133  673  721
404  555  763
105  781  804
313  720  925
535  785  945
274  579  936
377  748  949
453  658  920
287  554  760
524  745  828
279  805  822
443  640  856
459  796  826
362  810  841
455  854  862
100  101  919
445  581  830
265  869  891
441  546  965
445  585  830
496  638  756
564  890  957
364  814  829
300  746  897
537  777  983
489  788  901
459  562  826
437  563  780
420  573  766
337  579  871
387  731  786
496  639  761
362  810  811
373  602  879
312  616  743
117  775  825
443  640  837
431  838  981
408  653  851
467  665  919
72  789  824
344  527  961
406  655  888
71  789  837
347  596  832
297  675  900
286  539  913
362  811  834
421  650  877
413  594  852
271  659  931
365  730  903
549  682  976
15  681  909
387  735  786
318  672  839
358  728  819
544  706  954
381  524  818
451  752  859
279  658  886
453  688  920
68  69  960
426  794  795
458  598  863
448  812  894
458  597  863
421  655  854
435  718  946
64  65  966
112  113  972
414  556  873
108  109  978
75  76  975
464  803  983
397  560  694
323  845  864
507  702  973
422  731  950
461  674  881
391  746  897
381  681  909
397  561  694
441  808  965
386  751  968
316  878  880
404  722  785
525  835  872
350  853  930
350  756  930
437  570  841
514  720  923
445  581  834
691  882  907
418  798  799
408  724  959
467  621  919
435  670  946
415  646  847
590  659  953
421  854  862
359  571  938
458  597  829
329  814  815
387  735  877
496  638  978
485  680  972
496  639  978
402  566  699
429  583  921
522  690  817
397  925  928
453  688  917
610  758  913
458  598  840
462  691  971
402  565  699
396  750  957
495  640  856
424  567  700
424  568  700
423  574  721
368  793  904
484  633  975
277  691  882
300  746  969
293  749  939
330  799  821
406  655  937
484  635  975
444  702  931
400  747  891
485  642  972
273  729  870
295  664  850
524  745  818
411  733  938
402  932  951
480  757  773
434  939  982
396  750  899
442  869  891
291  690  817
320  682  976
622  889  895
519  939  982
475  794  795
308  742  982
537  807  927
461  615  881
451  678  859
315  765  951
331  730  903
418  799  821
272  610  759
438  735  786
552  670  946
383  718  946
538  765  933
270  589  902
340  536  755
268  751  968
382  745  818
456  744  808
324  811  813
340  755  976
426  614  875
435  592  782
396  715  899
348  676  856
436  591  783
436  592  783
495  640  960
352  590  953
267  750  899
16  636  909
359  733  938
30  671  905
276  731  950
495  641  960
325  787  915
533  887  888
330  753  898
495  641  843
450  711  869
434  749  939
455  862  929
391  849  897
401  683  857
434  742  982
500  645  966
383  552  946
399  541  941
500  643  966
91  812  894
277  724  959
500  645  849
387  650  877
344  691  907
467  621  948
541  779  941
500  643  855
368  702  973
501  778  847
286  758  979
431  758  979
279  886  956
452  798  799
456  774  808
311  706  935
348  746  969
453  658  886
282  808  965
457  814  815
461  615  962
507  603  973
493  781  804
447  675  900
271  702  931
493  784  908
513  845  864
268  776  958
463  810  811
344  691  971
547  674  947
289  862  929
527  911  971
463  811  813
432  882  907
311  785  924
506  789  824
515  775  825
321  734  867
431  876  981
466  753  898
384  756  930
401  817  918
28  807  927
349  849  897
462  911  918
435  592  952
436  592  952
450  711  949
559  893  970
415  778  847
416  723  828
633  757  980
527  769  961
322  885  963
477  787  915
557  853  930
313  925  928
517  886  956
315  932  951
284  876  981
442  747  891
335  779  941
549  755  976
400  891  970
416  723  892
394  668  942
454  885  929
603  904  973
441  870  944
479  776  958
462  911  971
470  924  954
265  891  970
455  885  963
322  784  908
265  893  970
490  967  974
91  967  974
273  870  944
455  885  929
91  894  974
480  757  980
325  890  957
368  904  973
555  894  974
