0  2  0.999995  0.000806  13215.7  0  0  1
1  1  2  2  13212.4  2.04345  -0.138874  1
2  1  2  -2  13201.7  1.94215  -0.052352  1
3  3  -2  -2  13134.9  1.99447  -0.136614  1
4  3  -2  2  13258  1.99547  -0.134537  1
10  1  2  1.6  13224.2  2.05172  -0.131868  1
11  1  2  1.2  13224.2  2.00926  -0.126657  1
12  1  2  0.8  13224.2  2.01039  -0.122301  1
13  1  2  0.4  13224.2  2.03091  -0.0903785  1
14  1  2  5.50449e-12  13224.2  2.00874  -0.0478653  1
15  1  2  -0.4  13224.2  1.94601  -0.0383456  1
16  1  2  -0.8  13224.2  1.93931  -0.0648234  1
17  1  2  -1.2  13224.2  1.96028  -0.0780231  1
18  1  2  -1.6  13224.2  1.95725  -0.065871  1
19  0  1.6  -2  13159.8  1.93475  -0.0683361  1
20  0  1.2  -2  13121.1  1.93021  -0.0865267  1
21  0  0.8  -2  13090.8  1.92377  -0.0988364  1
22  0  0.4  -2  13085.4  1.91961  -0.145921  1
23  0  5.50449e-12  -2  13104.4  1.92034  -0.197943  1
24  0  -0.4  -2  13110.9  1.93986  -0.194799  1
25  0  -0.8  -2  13105.6  1.96174  -0.139567  1
26  0  -1.2  -2  13117.6  1.97634  -0.121216  1
27  0  -1.6  -2  13130.7  1.98905  -0.137759  1
28  3  -2  -1.6  13140.6  1.99547  -0.134537  1
29  3  -2  -1.2  13150.8  1.99547  -0.134537  1
30  3  -2  -0.8  13167.5  1.99547  -0.134537  1
31  3  -2  -0.4  13188.6  1.99547  -0.134537  1
32  3  -2  -5.50449e-12  13210.3  1.99547  -0.134537  1
33  3  -2  0.4  13230.6  1.99547  -0.134537  1
34  3  -2  0.8  13244.3  1.99547  -0.134537  1
35  3  -2  1.2  13252.5  1.99547  -0.134537  1
36  3  -2  1.6  13256.8  1.99547  -0.134537  1
37  0  -1.6  2  13259.7  1.99547  -0.134537  1
38  0  -1.2  2  13264.2  1.99547  -0.134537  1
39  0  -0.8  2  13278.7  1.99547  -0.134537  1
40  0  -0.4  2  13270.2  1.99547  -0.134537  1
41  0  -5.50449e-12  2  13263.3  1.99547  -0.134537  1
42  0  0.4  2  13277.9  1.99547  -0.134537  1
43  0  0.8  2  13283.3  1.99547  -0.134537  1
44  0  1.2  2  13267.9  1.99547  -0.134537  1
45  0  1.6  2  13224.8  1.99547  -0.134537  1
46  2  0.978176  0.00293758  13326.8  4.71963e-16  -4.28303e-17  1
47  2  0.95634  0.00503045  13294.7  1.96564e-17  -1.66257e-18  1
48  2  0.9345  0.00707977  13279.4  0  0  1
49  2  0.912655  0.00908083  13262.1  3.88211e-16  -3.16418e-17  1
50  2  0.890807  0.011038  13240.9  1.82064e-16  -1.35245e-17  1
51  2  0.868954  0.0129501  13234.2  0  0  1
52  2  0.847098  0.014822  13226.9  5.01397e-16  -3.61578e-17  1
53  2  0.825238  0.0166517  13208.3  0  0  1
54  2  0.803375  0.0184454  13197.5  1.4912e-16  -9.7994e-18  1
55  2  0.78151  0.0202005  13198  -2.38665e-16  1.6659e-17  1
56  2  0.759641  0.0219189  13191.8  0  3.08149e-33  1
57  2  0.737769  0.0235987  13186.5  -2.39551e-16  1.69019e-17  1
58  2  0.715894  0.0252397  13176.4  0  0  1
59  2  0.694017  0.02684  13174.9  0  0  1
60  2  0.672136  0.0283979  13144.5  0  0  1
61  2  0.650252  0.0299124  13159.6  -1.39208e-16  6.97471e-18  1
62  2  0.628365  0.0313814  13169.5  2.01646e-16  -1.14288e-17  1
63  2  0.606475  0.0327996  13163.3  0  0  1
64  2  0.584581  0.034166  13153.2  -3.99567e-16  2.15259e-17  1
65  2  0.562684  0.0354739  13142  -1.50737e-16  7.80004e-18  1
66  2  0.540784  0.0367245  13139.7  0  0  1
67  2  0.51888  0.0379088  13136  2.05316e-16  -8.72126e-18  1
68  2  0.496972  0.0390243  13132.1  0  0  1
69  2  0.475061  0.040073  13123.3  1.50699e-16  -5.12184e-18  1
70  2  0.453146  0.0410458  13136.1  0  0  1
71  2  0.431228  0.0419414  13114.3  1.50799e-16  -5.09521e-18  1
72  2  0.409307  0.0427544  13113.1  2.0174e-16  -6.3411e-18  1
73  2  0.387383  0.0434786  13107  1.96597e-16  -4.42736e-18  1
74  2  0.365456  0.0441065  13090.9  0  0  1
75  2  0.343526  0.044627  13109.3  -4.24469e-16  6.22471e-18  1
76  2  0.321594  0.0450312  13099.8  1.41059e-16  1.24581e-19  1
77  2  0.299659  0.0452972  13124.6  0  0  1
78  2  0.277723  0.0454113  13142.5  1.5044e-16  1.41147e-19  1
79  2  0.255787  0.0453463  13085.9  -2.46519e-32  -3.85186e-34  1
80  2  0.233853  0.0450777  13085  0  0  1
81  2  0.211923  0.0445686  13128.9  0  0  1
82  2  0.190001  0.0437846  13143.1  4.34872e-16  2.30543e-17  1
83  2  0.168093  0.0426739  13168.2  -4.34872e-16  -2.30543e-17  1
84  2  0.146209  0.0411674  13199  0  0  1
85  2  0.124363  0.0391869  13273.6  3.07387e-16  2.7943e-17  1
86  2  0.102579  0.0366136  13355.2  0  0  1
87  2  0.0808954  0.0333032  13509  0  0  1
88  2  0.0593835  0.0290231  13660.3  1.75329e-16  2.41877e-17  1
89  2  0.0381936  0.0233721  14055.6  4.16895e-16  6.19949e-17  1
90  2  0.0177405  0.0154968  14531.4  -4.93038e-32  -6.16298e-33  1
91  2  0.000563203  0.00236959  12886.7  0  0  1
92  2  0.0155764  -0.00991417  10410.7  0  0  1
93  2  0.0371861  -0.0135723  10374.3  -1.36921e-16  4.30044e-17  1
94  2  0.0590602  -0.0151799  11339.9  0  0  1
95  2  0.0809847  -0.0158712  11769.3  0  0  1
96  2  0.10292  -0.0160577  11984.5  2.4327e-16  -1.8871e-17  1
97  2  0.124855  -0.0159133  12157.7  -3.49461e-16  2.23288e-17  1
98  2  0.146788  -0.0155396  12288.3  -1.7473e-16  1.11644e-17  1
99  2  0.168718  -0.015019  12381.9  -3.95013e-16  8.19406e-18  1
100  2  0.190646  -0.0143982  12449.9  -3.95013e-16  8.19406e-18  1
101  2  0.212571  -0.0137052  12523  0  0  1
102  2  0.234494  -0.0129564  12621.3  0  0  1
103  2  0.256416  -0.0121662  12656.9  1.77238e-16  -3.07821e-19  1
104  2  0.278337  -0.0113513  12702.7  7.46461e-18  2.32936e-18  1
105  2  0.300258  -0.01053  12723.2  8.14538e-19  -3.48357e-18  1
106  2  0.322179  -0.009717  12734.1  0  0  1
107  2  0.344101  -0.00892084  12795.6  0  0  1
108  2  0.366023  -0.0081482  12824.4  0  0  1
109  2  0.387947  -0.00740977  12847.3  2.9045e-16  4.34588e-18  1
110  2  0.409872  -0.00670769  12878.2  2.9045e-16  4.34588e-18  1
111  2  0.431798  -0.0060474  12889.4  -9.57006e-18  -8.36226e-18  1
112  2  0.453726  -0.00543466  12878.5  0  0  1
113  2  0.475655  -0.00487237  12884.2  2.48173e-16  -2.20741e-18  1
114  2  0.497585  -0.00435816  12948.3  0  0  1
115  2  0.519516  -0.00389855  12950.9  1.18192e-16  -7.62216e-19  1
116  2  0.541448  -0.00348591  12935.7  1.91394e-16  -1.77274e-18  1
117  2  0.563382  -0.00312217  12941.5  -3.91727e-16  -5.45557e-19  1
118  2  0.585315  -0.00280294  12973.7  0  0  1
119  2  0.60725  -0.00252903  13014.2  -1.03941e-16  -8.76126e-18  1
120  2  0.629185  -0.00229724  13018.2  -2.19016e-16  -2.3523e-19  1
121  2  0.65112  -0.00210536  13019.2  0  0  1
122  2  0.673056  -0.00195029  13011.4  9.43014e-17  -4.31008e-18  1
123  2  0.694991  -0.00182314  12982.1  1.88603e-16  -8.62016e-18  1
124  2  0.716927  -0.00171901  12936.4  0  0  1
125  2  0.738863  -0.00163051  12886.4  2.77658e-16  -2.81692e-17  1
126  2  0.760799  -0.00155282  12828.9  9.16599e-17  -1.04238e-17  1
127  2  0.782735  -0.00148275  12771.6  1.81414e-16  -6.54475e-18  1
128  2  0.804672  -0.00141181  12729.4  8.23426e-17  -5.65375e-18  1
129  2  0.826608  -0.00134898  12731.4  -2.46519e-32  -7.70372e-34  1
130  2  0.848544  -0.00128214  12761.2  0  0  1
131  2  0.87048  -0.00122066  12800.8  4.93038e-32  3.08149e-33  1
132  2  0.892416  -0.0011529  12865.2  9.07984e-17  9.29433e-18  1
133  2  0.914352  -0.00108035  12917.1  1.80209e-16  2.2874e-17  1
134  2  0.936288  -0.00101041  12971  0  0  1
135  2  0.958224  -0.00094069  13034.5  2.15204e-16  2.69266e-17  1
136  2  0.98016  -0.00086297  13087.4  -2.35244e-16  -2.81048e-17  1
264  0  -0.734198  -0.889883  13132  2.02227  -0.118439  1
265  0  0.263375  -1.03144  13073.1  2.00636  -0.159523  1
266  0  1.05743  -0.800457  13124.5  1.99833  -0.0659024  1
267  0  -0.667222  0.893981  13280.6  1.98404  -0.100615  1
268  0  0.285993  1.02704  13279.9  1.98311  -0.100985  1
269  0  1.05789  0.806206  13256.1  1.99789  -0.109913  1
270  0  -0.0915603  0.591748  13329.2  1.96478  -0.0842891  1
271  0  0.367866  0.525339  13281  1.98897  -0.093678  1
272  0  0.780984  0.443048  13252.1  2.00409  -0.0949729  1
273  0  -0.0499919  -0.582233  13034  2.04939  -0.193088  1
274  0  0.436076  -0.512485  12990.2  2.07379  -0.125014  1
275  0  0.834023  -0.429929  13058.5  2.0651  -0.0399669  1
276  0  0.163109  -0.334682  12875.9  2.13295  -0.19224  1
277  0  0.106044  0.344222  13368.2  1.93901  -0.0701248  1
278  0  -0.186641  0.257684  13414.7  1.92206  -0.113265  1
279  0  -0.56915  -0.241411  13186.6  2.01225  -0.131259  1
280  0  0.404277  -0.27352  12905  2.12344  -0.103707  1
281  0  0.643003  -0.224408  12967  2.10738  -0.0983274  1
282  0  -0.198847  -0.259996  13087.4  2.03532  -0.233595  1
283  0  0.307279  0.257143  13261.3  1.99673  -0.0475338  1
284  0  0.563307  0.291484  13226.4  2.02048  -0.0893163  1
285  0  0.843686  -0.186844  12946.4  2.21278  -0.00999173  1
286  0  0.761084  0.220495  13229  2.00456  -0.114124  1
287  0  1.01334  0.250109  13271.2  1.98007  -0.104667  1
288  0  1.17681  -0.306974  13178.5  1.9882  0.00180508  1
289  0  0.252961  -0.19133  12768.2  2.18256  -0.12489  1
290  0  0.0858484  -0.166304  12664.5  2.2379  -0.2617  1
291  0  0.0062425  0.196189  13528.2  1.85769  -0.062914  1
292  0  0.999353  -0.164699  13126.4  2.05604  0.14855  1
293  0  0.173015  0.198447  13342.2  1.95369  -0.009664  1
294  0  -0.251006  -0.00853941  13307.9  1.95063  -0.213364  1
295  0  -0.722172  0.286058  13265.3  1.98936  -0.131234  1
296  0  0.516735  -0.149378  12937.3  2.11195  -0.0803654  1
297  0  0.425302  0.184694  13200.9  2.02795  -0.0616397  1
298  0  0.353469  -0.132053  12819.4  2.15465  -0.0679059  1
299  0  0.896711  0.167407  13257.3  1.98661  -0.115251  1
300  0  0.531115  0.14625  13179.8  2.03406  -0.0864452  1
301  0  0.646719  0.141056  13193.8  2.0361  -0.108245  1
302  0  0.611856  -0.110945  12976.2  2.06815  -0.104729  1
303  0  0.728333  -0.110188  12915.7  2.07699  -0.170093  1
304  0  -0.0654932  0.0996534  13663.5  1.77124  -0.174105  1
305  0  -0.0929957  -0.129724  13033.9  2.0548  -0.359544  1
306  0  0.997147  0.117459  13294.4  2.00731  -0.117168  1
307  0  1.46866  0.0487735  13253.4  1.95142  -0.083879  1
308  0  0.266441  0.151565  13227.4  2.01528  -0.00987045  1
309  0  0.00847807  -0.120435  12679.4  2.21337  -0.394112  1
310  0  0.0229579  0.113474  13701.3  1.75888  -0.0118731  1
311  0  -0.136599  -0.0187843  13348.5  1.9093  -0.337708  1
312  0  0.182478  -0.113458  12607.4  2.27496  -0.131724  1
313  0  0.734452  0.117237  13207.9  2.06864  -0.126921  1
314  0  0.819731  0.10474  13229.7  2.08488  -0.131466  1
315  0  0.816225  -0.0931281  12757.4  1.93357  -0.0441556  1
316  0  0.902468  -0.0922424  12878.9  1.90339  0.163407  1
317  0  0.102132  0.113733  13467.9  1.87772  0.0751025  1
318  0  -1.32665  -0.16301  13202.6  1.99726  -0.150384  1
319  0  0.44378  -0.096143  12884.9  2.15161  -0.0575175  1
320  0  1.23428  -0.0823965  13308.2  1.83932  -0.00843094  1
321  0  0.360788  0.12865  13179.3  2.04586  -0.0383478  1
322  0  0.295655  -0.0907452  12742.4  2.21577  -0.0550275  1
323  0  -0.246585  -1.06325  13092.9  2.0057  -0.1696  1
324  0  0.197892  0.117176  13261.5  1.99982  0.0404755  1
325  0  -0.210499  1.10402  13282.8  1.99635  -0.0787705  1
326  0  0.636351  0.768567  13266.2  1.98479  -0.097072  1
327  0  1.19114  0.177221  13279.2  1.97032  -0.102155  1
328  0  -0.421307  -0.541244  13116.9  2.0287  -0.149969  1
329  0  0.113446  -0.0836881  12365.9  2.39812  -0.206851  1
330  0  -1.32904  0.654319  13249.6  1.99263  -0.148355  1
331  0  -0.0386355  -0.0593  12926.4  2.05294  -0.586857  1
332  0  0.423351  0.111216  13161.1  2.08356  -0.0587124  1
333  0  0.550976  -0.0754513  12961.5  2.02217  -0.0566202  1
334  0  0.926274  0.0891092  13277.8  2.05979  -0.138553  1
335  0  -0.447223  0.482171  13308.4  1.97739  -0.0841038  1
336  0  -0.0107994  -0.243546  12891.8  2.12535  -0.279476  1
337  0  0.186689  -0.595223  13001  2.06714  -0.169762  1
338  0  -0.441219  0.187564  13304.8  1.98068  -0.108863  1
339  0  0.96765  -0.0665501  13054  1.57698  0.216276  1
340  0  1.08856  -0.0820715  13270.7  1.75558  0.138519  1
341  0  0.758628  1.39813  13267.3  1.99508  -0.104991  1
342  0  -1.13424  1.29627  13265.5  1.99319  -0.149607  1
343  0  0.795396  -1.40495  13113.6  1.96316  -0.103162  1
344  0  -0.0551002  0.352558  13400  1.92624  -0.0894702  1
345  0  -1.37608  -0.752619  13165.3  2.00191  -0.13724  1
346  0  -0.0230828  0.0548669  14013.4  1.53551  -0.158267  1
347  0  0.662544  -0.0666142  12995.9  1.73126  -0.10363  1
348  0  0.489328  0.103299  13166.9  2.10861  -0.0816558  1
349  0  0.580927  0.10026  13179.2  2.10101  -0.102549  1
350  0  0.37932  -0.0703729  12842.4  2.12605  -0.0380769  1
351  0  0.219478  -0.0682595  12586.1  2.26648  -0.0624789  1
352  0  0.131815  0.584912  13314.7  1.97364  -0.0971055  1
353  0  0.721761  -0.753722  13075.1  2.02363  -0.0922335  1
354  0  -1.00758  -0.47979  13173  2.01339  -0.135312  1
355  0  -1.10761  -1.37019  13127.8  2.0044  -0.110481  1
356  0  1.24495  0.50518  13251.6  2.00184  -0.112403  1
357  0  0.491415  -0.0512406  12920  1.76736  -0.0338512  1
358  0  -0.555122  1.40559  13276.6  2.00875  -0.0904857  1
359  0  1.34881  1.36971  13245.8  1.99176  -0.118617  1
360  0  0.311278  0.0989333  13159.8  2.11677  -0.0168739  1
361  0  0.433124  0.31603  13244.9  2.00818  -0.0747661  1
362  0  0.153809  0.0898853  13297.6  2.00709  0.102934  1
363  0  0.246129  0.0953166  13175.4  2.09348  0.0242587  1
364  0  0.0689938  -0.0643181  12028.7  2.49394  -0.313652  1
365  0  0.0181908  -0.0616317  12204.9  2.39502  -0.607446  1
366  0  0.533758  -0.365765  12967.4  2.09588  -0.10061  1
367  0  1.13093  0.0820502  13310.6  1.92817  -0.106315  1
368  0  0.573299  0.500099  13257.6  2.00031  -0.0976978  1
369  0  0.685354  0.0791445  13174.2  2.08774  -0.120379  1
370  0  1.38973  -1.30342  13163.4  1.96051  -0.0774215  1
371  0  0.161048  -0.0601743  12401.2  2.29205  -0.0913581  1
372  0  0.770563  -0.052639  12774.2  1.28153  -0.112162  1
373  0  -0.58758  -1.3534  13113.3  2.00114  -0.141705  1
374  0  0.859006  0.0612986  13226.1  1.99305  -0.141747  1
375  0  0.774353  0.0713243  13195.1  2.05134  -0.131225  1
376  0  0.59609  -0.0483472  12986.7  1.54922  -0.0125761  1
377  0  0.0494521  -1.44134  13094.3  1.97091  -0.178777  1
378  0  -0.191629  0.1144  13438.6  1.90195  -0.178875  1
379  0  0.0860308  1.45028  13275.2  2.00697  -0.0875141  1
380  0  0.0312001  -0.846911  13060.5  2.02753  -0.175867  1
381  0  1.52621  -0.659771  13191.4  1.96215  -0.0475889  1
382  0  1.48235  -0.266199  13221.8  1.95034  -0.0221223  1
383  0  0.999449  0.0632801  13335  1.97804  -0.1478  1
384  0  0.331861  -0.0470725  12770.2  1.88335  -0.0132345  1
385  0  0.421642  -0.0496826  12869.7  1.77436  -0.0225552  1
386  0  0.0340574  0.84542  13297.8  1.98282  -0.101414  1
387  0  0.290325  -0.306817  12879.9  2.1338  -0.137174  1
388  0  0.250948  0.409662  13301.9  1.97626  -0.0789827  1
389  0  0.860685  -0.0518201  12752  1.18903  0.0771337  1
390  0  -0.86612  -0.0400902  13220.8  2.0025  -0.141941  1
391  0  0.53235  0.0838975  13142.5  2.1058  -0.0903042  1
392  0  0.620435  0.0786212  13169.9  2.09031  -0.106393  1
393  0  0.697268  -0.0474778  12986.1  1.33477  -0.115704  1
394  0  0.877798  0.297726  13252.8  1.99962  -0.101431  1
395  0  0.0628064  0.0741697  13673  1.76615  0.160709  1
396  0  -0.363217  0.789142  13297.9  1.97714  -0.0638309  1
397  0  0.730116  0.0681964  13191.9  2.04508  -0.124404  1
398  0  0.0120147  -0.411817  12969.8  2.08003  -0.217895  1
399  0  -0.22515  0.436034  13351.6  1.95706  -0.0798501  1
400  0  0.380207  -0.763671  13041.7  2.03889  -0.142806  1
401  0  0.0868937  0.197279  13449.8  1.89677  -0.0188914  1
402  0  0.815765  -0.0450723  12717.5  1.05218  -0.0097364  1
403  0  0.379778  0.0824788  13120.8  2.13146  -0.0436566  1
404  0  -0.0632396  0.00131465  13536.9  1.76746  -0.497835  1
405  0  0.321265  0.732215  13286.3  1.98505  -0.100578  1
406  0  0.426678  -0.17022  12882.4  2.12092  -0.0756238  1
407  0  0.010998  0.0545667  14081.4  1.4986  0.018937  1
408  0  0.209145  0.303567  13317.9  1.96291  -0.0554996  1
409  0  -0.0920501  0.19144  13506.9  1.8695  -0.121251  1
410  0  -1.11465  0.304931  13239.8  1.99096  -0.153724  1
411  0  1.53356  0.880295  13236.5  2.00099  -0.113596  1
412  0  1.03602  0.471054  13256.6  2.00169  -0.10182  1
413  0  0.165717  -0.190519  12718.1  2.21115  -0.181564  1
414  0  0.269565  -0.0522407  12677.8  2.04473  -0.022383  1
415  0  0.935783  -0.327963  13080.1  2.07442  0.0146648  1
416  0  1.06183  -0.58196  13127.3  1.9986  -0.040305  1
417  0  -0.37512  -0.166347  13195.7  2.001  -0.168324  1
418  0  -0.877261  0.602739  13265.7  1.9926  -0.143693  1
419  0  -0.259865  -0.771498  13084.4  2.02894  -0.170016  1
420  0  0.536332  -0.0462776  12945.7  1.62544  -0.0253917  1
421  0  0.336807  -0.209597  12841.9  2.14859  -0.100945  1
422  0  0.245377  -0.4675  12956  2.09186  -0.160822  1
423  0  0.925465  -0.0466734  12937.8  1.21376  0.167274  1
424  0  0.822211  0.0643322  13219.7  2.02561  -0.13743  1
425  0  -0.488515  0.0332445  13267.4  1.9898  -0.122813  1
426  0  0.518778  -0.26908  12945.4  2.10664  -0.095687  1
427  0  -1.67358  0.228214  13223.9  1.99516  -0.143593  1
428  0  0.701709  -0.382355  13013.2  2.09029  -0.0708431  1
429  0  0.551221  -0.54051  13015.1  2.0639  -0.104671  1
430  0  0.73419  -0.209221  12960.2  2.14302  -0.091794  1
431  0  0.662003  0.248126  13223.6  2.01796  -0.102202  1
432  0  0.0279443  0.483951  13342  1.95686  -0.0900856  1
433  0  0.326582  0.195222  13229.3  2.01495  -0.0395801  1
434  0  0.244834  0.227275  13283.6  1.98616  -0.032559  1
435  0  0.951405  0.0438385  13296.1  1.88274  -0.150298  1
436  0  0.906223  0.0464365  13258.8  1.89734  -0.143595  1
437  0  0.10828  0.0774621  13432.5  1.9305  0.156936  1
438  0  0.390765  -0.387127  12943.1  2.10083  -0.120766  1
439  0  1.10441  0.173599  13293.4  1.97791  -0.107907  1
440  0  -0.230074  -0.131795  13187.6  1.99802  -0.23459  1
441  0  -0.167894  -0.418712  13052.7  2.04164  -0.205791  1
442  0  0.589131  -1.00594  13083  2.00654  -0.120116  1
443  0  0.440857  0.0806349  13137.9  2.11162  -0.0668759  1
444  0  0.482525  0.681503  13273.6  1.98665  -0.0974013  1
445  0  0.199654  0.0807359  13213.4  2.0902  0.0753097  1
446  0  0.0769196  -0.282249  12854.6  2.14378  -0.23253  1
447  0  0.501365  0.242581  13216.5  2.02317  -0.0787111  1
448  0  -0.0151281  -0.0328422  12735.5  2.08161  -0.857731  1
449  0  1.07747  0.0287975  13353.5  1.68081  -0.0974527  1
450  0  0.500679  -1.34011  13098.9  1.97193  -0.131799  1
451  0  0.99629  -0.0436952  13151.9  1.39065  0.210143  1
452  0  -1.04285  0.993394  13265.6  1.98955  -0.150361  1
453  0  -0.682813  -0.463901  13159.4  2.0245  -0.130536  1
454  0  0.245757  -0.124124  12699.8  2.2187  -0.0936675  1
455  0  0.307906  -0.145377  12782.9  2.16984  -0.0832589  1
456  0  -0.378748  -0.377646  13128.2  2.0212  -0.159126  1
457  0  0.0615075  -0.1262  12570  2.27174  -0.31719  1
458  0  0.113906  -0.0531654  12215.8  2.38971  -0.158609  1
459  0  1.6555  0.427271  13236.9  2.00042  -0.105627  1
460  0  1.063  -0.026471  13306.6  1.43732  0.0652443  1
461  0  0.642621  -0.0420727  13024.7  1.34776  -0.0257963  1
462  0  0.0529057  0.29385  13411.8  1.9158  -0.0683088  1
463  0  0.149669  0.156934  13361.8  1.9474  0.0235656  1
464  0  -1.59233  -1.19698  13147.2  1.99665  -0.134872  1
465  0  0.854103  1.06888  13260.7  1.99158  -0.111718  1
466  0  -1.65662  0.99603  13251.7  1.99336  -0.139296  1
467  0  0.202006  -0.0449293  12538.5  2.07435  -0.0356117  1
468  0  -0.315221  0.196142  13350.2  1.95865  -0.117351  1
469  0  0.698441  0.38003  13243.5  2.0146  -0.0984728  1
470  0  -0.0754387  0.0564517  13709.3  1.71967  -0.265455  1
471  0  0.119193  0.253691  13386.5  1.93025  -0.0413596  1
472  0  0.678562  -0.169042  12960.7  2.12972  -0.117587  1
473  0  0.598726  0.200056  13206.4  2.02148  -0.0978884  1
474  0  0.12807  -0.465535  12962.2  2.08534  -0.18984  1
475  0  0.58528  -0.188455  12957.7  2.09926  -0.0978889  1
476  0  0.346723  0.367408  13273.6  1.99206  -0.0754335  1
477  0  -0.23915  1.46375  13278  2.01518  -0.0747651  1
478  0  0.381442  0.240157  13231.4  2.01406  -0.0570636  1
479  0  0.415334  1.33992  13274.4  1.99635  -0.100244  1
480  0  0.271381  0.0817037  13168  2.11207  0.00753752  1
481  0  -1.05863  -0.958722  13146  2.01137  -0.118466  1
482  0  -1.57206  -0.423294  13186.2  1.99695  -0.143952  1
483  0  0.222052  -0.289433  12845.8  2.15005  -0.163958  1
484  0  0.331946  0.0778816  13137.4  2.11663  -0.0211985  1
485  0  0.467004  -0.0364404  12910.5  1.4897  -0.0117605  1
486  0  0.738525  0.617994  13258  1.98995  -0.0956894  1
487  0  0.699988  0.179173  13208.1  2.01577  -0.1146  1
488  0  0.027435  -1.08338  13081.8  2.00023  -0.17443  1
489  0  -0.0181988  0.14639  13618.3  1.80642  -0.0741779  1
490  0  -0.0119949  0.0311922  14255.8  1.29641  -0.220268  1
491  0  0.59917  1.13756  13271  1.98695  -0.105799  1
492  0  0.778955  -0.158946  12907.1  2.20006  -0.102114  1
493  0  0.301171  -0.0471676  12740.6  1.96455  -0.0160355  1
494  0  0.133366  -0.144988  12622.9  2.25457  -0.204464  1
495  0  0.487695  0.0750665  13151.6  2.09963  -0.0790351  1
496  0  0.37819  -0.0424981  12844.6  1.7471  -0.00750956  1
497  0  0.0360219  1.14178  13282.5  1.99424  -0.0915983  1
498  0  -0.283367  0.589378  13323.3  1.96739  -0.069687  1
499  0  0.663329  0.0600012  13135.8  1.84186  -0.104538  1
500  0  0.576324  0.0704489  13173.3  2.07194  -0.101727  1
501  0  0.919051  -0.17449  13020.8  2.17033  0.0893801  1
502  0  0.479578  0.160998  13184.2  2.03085  -0.0746858  1
503  0  -0.649483  -0.0059764  13239.5  1.99994  -0.125122  1
504  0  0.0271683  -0.173973  12752  2.19609  -0.313396  1
505  0  0.74994  -0.0322152  12844.6  0.837662  -0.0799181  1
506  0  0.409558  0.0824129  13144.4  2.1292  -0.0577126  1
507  0  0.430173  0.428561  13264  1.9988  -0.0873949  1
508  0  1.16829  0.342099  13258.1  1.99507  -0.108559  1
509  0  0.842159  -0.960085  13103.7  2.00192  -0.091054  1
510  0  -0.259361  -0.605783  13085.1  2.03342  -0.171649  1
511  0  0.0456645  -0.0441514  11691  2.43932  -0.454649  1
512  0  -0.639355  0.639854  13283.2  1.98551  -0.107035  1
513  0  -0.278997  -1.43029  13101.2  1.98482  -0.18045  1
514  0  0.789087  0.17043  13227.3  2.00513  -0.121635  1
515  0  0.566616  -0.0395023  12969.4  1.42197  0.00356529  1
516  0  -0.493775  1.14226  13279.8  1.99173  -0.0791114  1
517  0  -0.828902  -0.325219  13184.5  2.01677  -0.135347  1
518  0  0.812292  -0.320828  13024.8  2.10528  -0.031713  1
519  0  0.214259  0.170786  13290.3  1.98218  -0.00139308  1
520  0  0.306586  0.153923  13211.2  2.02205  -0.0242093  1
521  0  0.503715  -0.112636  12927.6  2.12748  -0.07061  1
522  0  0.0641804  0.148718  13530.3  1.85595  0.010454  1
523  0  0.881541  -0.0315039  12805.5  0.776665  0.0745722  1
524  0  1.36414  -0.528775  13180.2  1.97063  -0.0372491  1
525  0  -0.0247004  0.105971  13724.1  1.74148  -0.0992856  1
526  0  0.147252  0.461409  13325.6  1.96395  -0.0871051  1
527  0  -0.0562348  0.264107  13455.5  1.89669  -0.0954707  1
528  0  -0.0368759  -0.162098  12884.7  2.13046  -0.349465  1
529  0  0.871679  -0.622136  13085.6  2.02574  -0.063177  1
530  0  -0.519858  -0.752169  13117.3  2.02911  -0.136696  1
531  0  -1.69727  1.48602  13258.6  1.99404  -0.137625  1
532  0  -0.520672  -1.04418  13108.9  2.014  -0.140204  1
533  0  0.400685  -0.109427  12850.1  2.15733  -0.0581126  1
534  0  0.041555  0.0495787  13856.1  1.57922  0.217863  1
535  0  -0.105242  -0.0688357  13182  1.97599  -0.37944  1
536  0  1.02952  -0.0902072  13195  1.75616  0.206528  1
537  0  -1.46362  -1.70807  13129.5  1.99165  -0.129783  1
538  0  0.868682  -0.137059  12898.8  2.17312  0.0722042  1
539  0  0.840323  0.214448  13243.9  1.99257  -0.113044  1
540  0  1.3961  -0.938992  13171.4  1.97314  -0.0603479  1
541  0  -0.264245  0.311462  13367.9  1.94973  -0.0966715  1
542  0  1.12621  -1.60234  13130.7  1.95003  -0.0901368  1
543  0  -0.805804  1.13869  13275.8  1.98993  -0.123791  1
544  0  -0.133802  0.104043  13524.2  1.85044  -0.192774  1
545  0  -0.0998374  -0.216001  13000.4  2.07403  -0.291494  1
546  0  -0.095541  -0.329277  13003.3  2.06811  -0.239261  1
547  0  0.683702  -0.0247539  13014.7  0.849391  -0.0388218  1
548  0  0.537191  -0.67846  13041.3  2.04431  -0.11512  1
549  0  1.13857  -0.209914  13211.5  1.99005  0.05577  1
550  0  -0.994539  1.66868  13266.1  1.99059  -0.152281  1
551  0  1.09377  1.61513  13256.6  2.02453  -0.110713  1
552  0  0.991579  0.0281784  13301.3  1.56643  -0.132032  1
553  0  0.554774  -1.64969  13098.6  1.9386  -0.124456  1
554  0  0.965816  0.187139  13271.7  1.97601  -0.110244  1
555  0  -0.0339912  0.0079038  13846.8  1.60856  -0.611807  1
556  0  0.248895  -0.0348374  12633.9  1.59642  -0.00277261  1
557  0  0.333253  -0.0964669  12786.1  2.19285  -0.0548402  1
558  0  0.566127  -0.132744  12957.4  2.1057  -0.0912228  1
559  0  0.200193  -0.774398  13038.5  2.04102  -0.164098  1
560  0  0.707321  0.0540533  13179.9  1.80518  -0.107851  1
561  0  0.750593  0.0494749  13203.1  1.76411  -0.114701  1
562  0  1.43143  0.365959  13249.5  1.9989  -0.111964  1
563  0  0.0881979  0.0588754  13484.1  1.81353  0.216723  1
564  0  -0.154519  0.778565  13305.6  1.97783  -0.0805717  1
565  0  0.837432  -0.0286552  12731.8  0.724534  0.033509  1
566  0  0.794089  -0.0293826  12743.8  0.741676  -0.0509244  1
567  0  0.795225  0.0466122  13199.5  1.74643  -0.119158  1
568  0  0.838288  0.040547  13217.8  1.63071  -0.119607  1
569  0  0.0130655  -0.0335184  11615.5  2.41481  -0.871145  1
570  0  0.132798  0.0647057  13303.7  1.91839  0.160267  1
571  0  1.16479  1.06341  13251.2  1.98988  -0.112123  1
572  0  0.734526  -0.0641913  12896.1  1.56477  -0.160946  1
573  0  0.509571  -0.0273752  12944.8  1.06458  -0.00686543  1
574  0  0.947341  -0.0277441  12996  0.969195  0.121267  1
575  0  0.651233  0.0934185  13166.6  2.10497  -0.111486  1
576  0  0.535447  1.67293  13274.8  2.04116  -0.099957  1
577  0  -1.64729  0.544427  13238.7  1.9953  -0.142684  1
578  0  -1.27158  -0.443889  13181.7  2.00296  -0.143326  1
579  0  0.317744  -0.55754  12990.6  2.07294  -0.145504  1
580  0  -1.65845  -0.111697  13205.2  1.99469  -0.144379  1
581  0  0.177922  0.0671972  13201.2  1.95849  0.103827  1
582  0  0.0195807  0.696271  13312.8  1.97612  -0.0971124  1
583  0  0.740153  -0.512771  13039.1  2.05997  -0.0743616  1
584  0  0.374594  0.185126  13209.3  2.0243  -0.0485697  1
585  0  0.222419  0.0692644  13159.1  1.98367  0.0585432  1
586  0  -0.848858  -1.62096  13108.7  1.99441  -0.115499  1
587  0  0.457153  -0.329836  12939.5  2.10666  -0.105952  1
588  0  0.0487526  -0.673044  13032.7  2.04959  -0.181143  1
589  0  -0.0952782  0.460586  13358.8  1.9506  -0.0852332  1
590  0  0.252289  0.526377  13300.5  1.97905  -0.0926716  1
591  0  0.882035  0.0366199  13240.1  1.63989  -0.121818  1
592  0  0.925833  0.0326962  13276.1  1.58838  -0.125329  1
593  0  -0.927063  -0.725194  13153.5  2.01836  -0.122186  1
594  0  0.214274  -0.154799  12704.2  2.21306  -0.131212  1
595  0  1.02419  -1.23422  13125.5  1.97933  -0.0877705  1
596  0  0.624491  -0.071942  12995.4  1.86974  -0.0782368  1
597  0  0.091872  -0.0400043  12011.9  2.19118  -0.169975  1
598  0  0.136275  -0.0390923  12281.8  1.99078  -0.0768041  1
599  0  -0.146875  0.339188  13392  1.93303  -0.0946401  1
600  0  1.67376  -0.139188  13233.1  1.96408  -0.0430603  1
601  0  -0.17896  -0.0636205  13252  1.96069  -0.294729  1
602  0  -0.803589  -1.14782  13127.6  2.01085  -0.114899  1
603  0  0.513589  0.367463  13245.5  2.01183  -0.0880286  1
604  0  -0.0428632  -0.110279  12872.8  2.1123  -0.441684  1
605  0  1.04974  0.0917376  13333.8  1.98887  -0.12653  1
606  0  0.257659  -0.0855772  12676.3  2.24442  -0.0608317  1
607  0  -0.600178  0.162561  13270.1  1.99152  -0.117204  1
608  0  0.149595  -0.26147  12807.4  2.16891  -0.196154  1
609  0  0.456031  0.913154  13275.6  1.98304  -0.0992621  1
610  0  0.793065  0.346712  13245.7  2.01079  -0.09938  1
611  0  0.712476  -0.281497  12987.4  2.11469  -0.0736998  1
612  0  0.282902  0.114354  13191.6  2.05777  -0.00699951  1
613  0  1.02891  0.0238859  13339.8  1.53421  -0.0996903  1
614  0  0.475086  -0.200818  12917.8  2.10926  -0.0842778  1
615  0  0.618742  -0.0258661  13011.2  0.986362  0.00105938  1
616  0  0.184943  -0.083756  12539.6  2.32264  -0.100058  1
617  0  0.778079  -0.0970004  12811.5  1.97244  -0.132025  1
618  0  0.945126  -0.120221  12998.2  2.02607  0.187189  1
619  0  0.812385  0.801482  13260.2  1.9905  -0.102442  1
620  0  0.694445  0.124255  13196.3  2.06046  -0.120171  1
621  0  0.180953  -0.0365475  12431.6  1.77898  -0.0369028  1
622  0  0.892871  0.121449  13252.8  2.03942  -0.12879  1
623  0  0.682289  -0.126253  12958.2  2.10854  -0.148043  1
624  0  -1.06371  -0.230401  13196.9  2.00601  -0.147358  1
625  0  0.588967  0.151283  13188.4  2.03248  -0.098278  1
626  0  0.233885  0.132063  13244.1  2.01227  0.010383  1
627  0  -0.499628  -1.67668  13107.5  1.97533  -0.167385  1
628  0  0.59724  -0.309304  12974.4  2.10195  -0.0933638  1
629  0  0.882476  0.576324  13256.2  1.99608  -0.0974057  1
630  0  0.0398986  -0.0879894  12319  2.37203  -0.427616  1
631  0  0.468158  -0.135209  12907.1  2.125  -0.0702862  1
632  0  -0.355728  0.0723985  13312.1  1.96804  -0.140543  1
633  0  0.311985  0.0670674  13117.5  1.92935  -0.00681742  1
634  0  1.67812  -1.66448  13183.1  1.94301  -0.0664393  1
635  0  0.354513  0.0667565  13117.7  1.91164  -0.0280336  1
636  0  1.68689  -0.983473  13196.5  1.96069  -0.0716894  1
637  0  -0.155476  0.175782  13471.1  1.89033  -0.142821  1
638  0  0.355833  -0.0299422  12808.1  1.32052  -0.00416674  1
639  0  0.39958  -0.0280126  12877.9  1.24164  2.46876e-06  1
640  0  0.465061  0.0621396  13129  1.85763  -0.064007  1
641  0  0.50885  0.0610533  13147.5  1.84932  -0.0785541  1
642  0  0.443351  -0.0268279  12882.6  1.17461  -0.0167729  1
643  0  0.596767  0.0560598  13176.1  1.79949  -0.0969442  1
644  0  0.0317556  0.078698  13802.3  1.67769  0.0720528  1
645  0  0.553301  0.0586632  13139.7  1.82414  -0.083116  1
646  0  1.04649  -0.253984  13142.1  2.04625  0.0663935  1
647  0  0.157114  0.727141  13300.1  1.98208  -0.103821  1
648  0  0.0664447  0.0496436  13660  1.6977  0.257355  1
649  0  0.395746  0.144836  13183.5  2.0362  -0.0505581  1
650  0  0.276994  -0.238356  12826.2  2.15954  -0.129058  1
651  0  -0.111095  -0.699268  13060.5  2.03688  -0.181902  1
652  0  0.148894  -0.0994169  12509  2.32795  -0.160959  1
653  0  0.276921  0.331007  13290.5  1.97957  -0.0633842  1
654  0  0.638712  0.0574264  13165.8  1.81627  -0.102942  1
655  0  0.376616  -0.175185  12851.3  2.13797  -0.0819017  1
656  0  0.723929  -0.0280168  12922.6  0.859065  -0.0856954  1
657  0  1.62792  1.62792  13222.3  2.04889  -0.13896  1
658  0  -0.536637  -0.386097  13154.8  2.02122  -0.136319  1
659  0  0.314479  0.601648  13289  1.98637  -0.0979582  1
660  0  0.838497  0.146883  13237.1  2.01878  -0.122889  1
661  0  0.155766  0.0611259  13224.9  1.89373  0.134208  1
662  0  -0.916413  0.192054  13243.7  1.99044  -0.148943  1
663  0  0.069315  -0.035905  11724.1  2.23432  -0.22738  1
664  0  -0.543415  0.33288  13294.7  1.98419  -0.104284  1
665  0  0.223743  -0.0377697  12584.5  1.72567  -0.00766586  1
666  0  0.248444  0.0690956  13095.5  1.95493  0.027386  1
667  0  0.585554  -0.0887056  12976.1  2.02305  -0.0735967  1
668  0  0.908241  0.224561  13255.2  1.98554  -0.106914  1
669  0  1.25967  0.0396509  13292.7  1.8838  -0.0794095  1
670  0  0.967127  0.0250766  13317  1.48192  -0.127883  1
671  0  -1.67337  -0.90274  13158.4  1.99758  -0.138427  1
672  0  -1.111  0.0252317  13221.2  1.99527  -0.154513  1
673  0  0.90601  -0.0264581  12888.4  0.789736  0.0851889  1
674  0  0.66223  -0.0221805  13016.7  0.854039  -0.00600458  1
675  0  0.445771  0.243226  13221.2  2.02006  -0.0696394  1
676  0  0.462576  0.117715  13161.4  2.07573  -0.0725092  1
677  0  0.940659  0.126706  13274.9  2.01463  -0.122151  1
678  0  0.973536  -0.0262227  13061.4  1.05945  0.126573  1
679  0  0.158756  -0.0332746  12324.6  1.72666  -0.0355782  1
680  0  0.4857  -0.0239644  12917.5  1.0109  0.0130777  1
681  0  1.7061  -0.418285  13215.5  1.9468  -0.0376883  1
682  0  1.24859  -0.20194  13237.1  1.9435  -0.00142947  1
683  0  0.111356  0.155262  13433.7  1.9094  0.0234911  1
684  0  0.333164  -0.0245359  12760.4  1.11424  0.016287  1
685  0  0.377138  0.0603886  13088.7  1.77079  -0.0398781  1
686  0  -0.003044  -0.322737  12927.8  2.10707  -0.241312  1
687  0  0.421249  -0.0234556  12872.3  1.01646  0.0128899  1
688  0  -0.679832  -0.672397  13141.7  2.02734  -0.125279  1
689  0  -0.149797  -1.70123  13105.4  1.95214  -0.19873  1
690  0  0.0231161  0.157089  13579.2  1.82817  -0.0354872  1
691  0  0.0282483  0.356833  13386  1.93196  -0.0820165  1
692  0  -0.101306  0.142119  13557.6  1.83877  -0.153616  1
693  0  0.684431  0.0496874  13168.3  1.70378  -0.0996748  1
694  0  0.728328  0.0443593  13183.8  1.61834  -0.101355  1
695  0  0.450991  -0.0617525  12885.9  1.95146  -0.0393827  1
696  0  -1.40033  1.63471  13261.6  1.99152  -0.144703  1
697  0  0.771625  -0.0234545  12779.9  0.621086  -0.0581743  1
698  0  0.772264  0.0419062  13190.2  1.61418  -0.113122  1
699  0  0.815697  -0.0213064  12713.5  0.523371  0.00664287  1
700  0  0.816868  0.0373177  13198.5  1.55613  -0.114383  1
701  0  0.596523  -0.0219164  12980.9  0.871736  0.0331364  1
702  0  0.482499  0.543366  13267.7  1.99378  -0.0966389  1
703  0  0.530833  0.0556495  13125.6  1.72214  -0.0801567  1
704  0  0.859736  -0.0228964  12764.7  0.600194  0.0615557  1
705  0  0.859076  0.0332475  13223.6  1.51603  -0.111049  1
706  0  -0.167309  0.043426  13429.9  1.88461  -0.248451  1
707  0  0.996441  0.338976  13262.2  1.99698  -0.100479  1
708  0  0.61866  0.051224  13168.1  1.68055  -0.1018  1
709  0  0.703364  -0.0207581  12971.3  0.750701  -0.058621  1
710  0  0.0921181  -0.371149  12918  2.10992  -0.211879  1
711  0  0.239186  -1.23525  13086.4  1.98282  -0.1591  1
712  0  0.0633589  0.105269  13615.5  1.79626  0.0659071  1
713  0  1.13755  -0.0204671  13341.6  1.67576  0.000615665  1
714  0  -0.146754  -0.893813  13080  2.02064  -0.175192  1
715  0  -0.450428  0.66047  13300.7  1.97583  -0.0720735  1
716  0  -0.115932  1.71283  13268.3  2.031  -0.0786764  1
717  0  1.38078  -0.104356  13247.9  1.91211  -0.0378032  1
718  0  0.959432  0.0777345  13304.7  2.0348  -0.141043  1
719  0  0.437311  0.143892  13176.1  2.03815  -0.0629752  1
720  0  0.781052  0.117672  13214.2  2.06619  -0.128638  1
721  0  0.925891  -0.0205933  12942.2  0.747712  0.0855909  1
722  0  -0.0426745  -0.0195119  13291.3  1.84499  -0.672397  1
723  0  1.04529  -0.398573  13131.6  2.01448  0.00242195  1
724  0  0.178642  0.374396  13331.1  1.95993  -0.0719059  1
725  0  1.31596  0.74913  13247.4  2.00062  -0.112049  1
726  0  -0.152619  -0.16801  13094.4  2.03531  -0.287931  1
727  0  0.612962  0.111152  13181.1  2.08663  -0.103862  1
728  0  -0.40878  1.67168  13276.8  2.02273  -0.0826235  1
729  0  0.0422189  -0.532623  13003.1  2.06384  -0.194516  1
730  0  -0.00845811  -0.0827089  12628.7  2.20545  -0.512223  1
731  0  0.235041  -0.363884  12903.6  2.12006  -0.162726  1
732  0  0.692129  -0.0853288  12966.3  1.88855  -0.160651  1
733  0  1.68348  1.19594  13237.1  2.00012  -0.123706  1
734  0  0.351623  0.0984624  13148.9  2.11979  -0.0295687  1
735  0  0.363913  -0.323238  12909.2  2.11955  -0.118328  1
736  0  -0.899605  0.397135  13257.8  1.98993  -0.147632  1
737  0  1.65838  0.183429  13235.2  2.00507  -0.0896757  1
738  0  0.0577663  -0.22083  12789.6  2.17582  -0.265051  1
739  0  0.268229  -0.0300564  12679.4  1.35652  -0.000503007  1
740  0  0.366659  0.303723  13258.5  1.99822  -0.0640367  1
741  0  0.517369  -0.0810674  12934.5  2.05146  -0.0532792  1
742  0  0.280227  0.195315  13248.6  2.00455  -0.0278994  1
743  0  0.217431  -0.104996  12641.4  2.26465  -0.0970747  1
744  0  -0.27329  -0.469577  13090.7  2.0295  -0.176773  1
745  0  1.3311  -0.353733  13196.1  1.96694  -0.027072  1
746  0  0.517845  0.110511  13168.5  2.0903  -0.0842535  1
747  0  0.543625  -0.822268  13063.9  2.02252  -0.119032  1
748  0  0.187517  -1.70513  13094.7  1.93709  -0.174958  1
749  0  0.194229  0.250095  13327.4  1.96178  -0.0375177  1
750  0  -0.467119  0.926777  13287  1.98225  -0.0698589  1
751  0  0.227354  0.872497  13287.2  1.98208  -0.103357  1
752  0  1.02346  -0.0231417  13234.3  1.2515  0.122732  1
753  0  -1.31706  0.963733  13257.3  1.99066  -0.148433  1
754  0  1.04402  1.30305  13252.5  1.98164  -0.108914  1
755  0  1.07656  -0.154852  13196.9  1.97294  0.132383  1
756  0  0.358608  -0.0531945  12817.7  1.97621  -0.0173899  1
757  0  0.287547  0.0637457  13165.4  1.88221  0.00772767  1
758  0  0.724945  0.288229  13234.1  2.01414  -0.104179  1
759  0  0.894464  0.412307  13254.4  2.00361  -0.0948711  1
760  0  1.03476  0.176748  13282.1  1.97423  -0.110413  1
761  0  0.397914  -0.0542211  12865.5  1.93595  -0.0265191  1
762  0  0.412111  -0.0787331  12852.2  2.12713  -0.0512637  1
763  0  -0.0507163  0.0343645  13841.9  1.61382  -0.345183  1
764  0  0.479238  -0.0896749  12914.3  2.11348  -0.0539816  1
765  0  0.85691  -0.0903214  12782.4  1.85397  0.0581111  1
766  0  0.531383  -0.0212494  12931.8  0.86196  -0.0079837  1
767  0  -1.36615  0.391848  13237.4  1.99437  -0.148951  1
768  0  0.54182  0.206133  13203.3  2.02545  -0.0872279  1
769  0  -0.121517  0.255694  13443.1  1.90555  -0.109848  1
770  0  -0.365594  -0.0524654  13255.2  1.98316  -0.162649  1
771  0  1.24631  -0.708567  13158.9  1.97968  -0.0492501  1
772  0  0.0164107  0.0320891  14328.3  1.21394  0.124098  1
773  0  0.268176  0.0610605  13142.6  1.81565  0.0155541  1
774  0  -0.314611  -0.259744  13140.3  2.01641  -0.185219  1
775  0  0.552601  -0.0213845  12937.3  0.882091  0.00122848  1
776  0  0.234573  1.19951  13278.5  1.98875  -0.0973134  1
777  0  -1.15422  -1.66625  13114.6  1.98759  -0.109372  1
778  0  0.883998  -0.246387  13032.2  2.14224  0.018978  1
779  0  -0.407201  0.334247  13327.7  1.9715  -0.0907257  1
780  0  0.084955  0.0859019  13527  1.84245  0.130167  1
781  0  0.288234  -0.0297289  12702.4  1.37615  -0.0130542  1
782  0  0.947078  0.0233058  13276.8  1.3844  -0.116827  1
783  0  0.903511  0.0271743  13252.6  1.42404  -0.111542  1
784  0  0.315294  -0.0702376  12768.7  2.17199  -0.0388978  1
785  0  -0.0788044  -0.0323748  13286.4  1.91827  -0.465183  1
786  0  0.312927  -0.387164  12926.8  2.1087  -0.138816  1
787  0  -0.123128  1.27925  13279.9  2.0006  -0.0817311  1
788  0  -0.0386462  0.195352  13532.8  1.85504  -0.0942818  1
789  0  0.42212  0.0609822  13120.8  1.81712  -0.0571155  1
790  0  0.354674  -0.469878  12963.8  2.08843  -0.133962  1
791  0  0.87757  1.73724  13269.1  2.05496  -0.101302  1
792  0  0.235477  1.72093  13272.8  2.03792  -0.0942136  1
793  0  0.672354  0.489882  13253.1  2.00201  -0.0973015  1
794  0  0.533945  -0.199491  12943.5  2.10047  -0.0900313  1
795  0  0.574781  -0.239671  12957  2.10293  -0.0961831  1
796  0  1.73502  0.65143  13230.2  2.00539  -0.109527  1
797  0  0.476067  -0.434042  12974.3  2.08562  -0.111646  1
798  0  -0.875102  0.831954  13269.3  1.98958  -0.13886  1
799  0  -1.08672  0.752423  13260  1.99177  -0.152121  1
800  0  0.111243  0.0553688  13382.9  1.83548  0.205128  1
801  0  0.500666  0.297871  13231.8  2.01661  -0.0806005  1
802  0  -1.12819  -0.672043  13164.1  2.00916  -0.131269  1
803  0  -1.36102  -1.09309  13147.1  2.0016  -0.1291  1
804  0  0.311845  -0.0270271  12754.8  1.26548  -0.00412557  1
805  0  -0.493123  -0.113754  13218.4  2.00158  -0.133232  1
806  0  0.630704  -0.149871  12962.7  2.10959  -0.116544  1
807  0  -1.72145  -1.45693  13140.2  1.99625  -0.135311  1
808  0  -0.25607  -0.353758  13095.5  2.02874  -0.193496  1
809  0  0.697083  -1.17906  13101.8  1.99033  -0.109583  1
810  0  0.136172  0.119413  13380.6  1.9289  0.06018  1
811  0  0.167241  0.120451  13313.6  1.96366  0.0493154  1
812  0  -0.00106138  -0.0158176  11940.9  2.04813  -1.28033  1
813  0  0.185556  0.149121  13305.4  1.97744  0.0197676  1
814  0  0.0814698  -0.0927126  12367.7  2.37954  -0.294518  1
815  0  0.104089  -0.118885  12512.5  2.30177  -0.239129  1
816  0  -0.754835  0.123127  13249  1.99355  -0.134019  1
817  0  0.0474384  0.18652  13504.2  1.86758  -0.0344571  1
818  0  1.49889  -0.450984  13201.8  1.95938  -0.0295663  1
819  0  -0.692115  1.71654  13274.7  2.00127  -0.125552  1
820  0  1.72192  -1.328  13199  1.95647  -0.0735996  1
821  0  -1.10912  0.533496  13252.1  1.99344  -0.151456  1
822  0  -0.446782  -0.259853  13171.3  2.01191  -0.145877  1
823  0  0.328286  0.449586  13285.2  1.98621  -0.0854844  1
824  0  0.397547  0.0620826  13125  1.82727  -0.0459863  1
825  0  0.574594  -0.0198234  12977  0.870946  0.0276098  1
826  0  1.48607  0.596544  13242.8  2.00046  -0.111101  1
827  0  0.0250753  0.589456  13324  1.96858  -0.0939019  1
828  0  1.20425  -0.479764  13164.8  1.98002  -0.0291996  1
829  0  0.0939377  -0.0667777  12194.9  2.46178  -0.236049  1
830  0  0.200384  0.0611101  13178.7  1.88243  0.0828002  1
831  0  0.895276  -1.7314  13109.4  1.93738  -0.0942558  1
832  0  0.648855  -0.0989163  12977.4  2.01662  -0.127222  1
833  0  0.874283  -0.789325  13101  2.01019  -0.0776813  1
834  0  0.179304  0.0950891  13259.8  2.02661  0.0760593  1
835  0  -0.00552162  0.0756072  13875.6  1.63835  -0.0535872  1
836  0  0.218931  0.0996863  13213.4  2.06299  0.0462968  1
837  0  0.442673  0.0577907  13138.6  1.72444  -0.060477  1
838  0  0.648589  0.193666  13209.1  2.01817  -0.104479  1
839  0  -1.37508  0.112586  13222  1.99347  -0.151311  1
840  0  0.134714  -0.0671074  12361.3  2.39095  -0.146723  1
841  0  0.126638  0.0930398  13383.3  1.93899  0.111946  1
842  0  0.115007  -0.212713  12744.9  2.19929  -0.226559  1
843  0  0.507214  0.0867653  13156.9  2.12959  -0.0835694  1
844  0  -0.230196  0.19265  13402.5  1.9292  -0.132226  1
845  0  -0.371586  -1.20721  13100.7  1.9959  -0.165963  1
846  0  0.597592  0.600235  13262.7  1.98998  -0.0974206  1
847  0  0.956936  -0.233505  13084.3  2.11456  0.0711236  1
848  0  0.72693  -0.160701  12941.4  2.16727  -0.128607  1
849  0  0.55863  0.0846816  13161.9  2.11701  -0.0991118  1
850  0  -0.688172  0.456806  13278.5  1.98772  -0.122235  1
851  0  0.255023  0.278031  13294.3  1.97656  -0.047534  1
852  0  0.170382  -0.149479  12631.9  2.24428  -0.160663  1
853  0  0.364929  -0.0979446  12817.2  2.1793  -0.0531431  1
854  0  0.334102  -0.170527  12819.5  2.15306  -0.0868742  1
855  0  0.597483  0.0833084  13174.6  2.11416  -0.102863  1
856  0  0.469103  0.087771  13148.6  2.12456  -0.0740327  1
857  0  0.128025  0.192323  13396.5  1.92287  -0.00710674  1
858  0  -0.368339  -0.713241  13100.7  2.03022  -0.156761  1
859  0  0.994689  -0.0186233  13113.6  1.00149  0.112644  1
860  0  -0.362108  -0.884039  13097.1  2.02246  -0.158421  1
861  0  -0.261934  0.0911536  13369.9  1.93689  -0.168163  1
862  0  0.296333  -0.184668  12800.1  2.16584  -0.104303  1
863  0  0.113966  -0.0328466  12119.4  1.89643  -0.0914087  1
864  0  -0.155542  -1.24241  13095  1.98611  -0.178838  1
865  0  -0.872325  1.4074  13271.6  2.0003  -0.13484  1
866  0  0.600024  -0.424125  12998  2.08212  -0.0929128  1
867  0  0.326059  0.12608  13183.1  2.04973  -0.0258551  1
868  0  0.390978  0.111776  13161.3  2.0891  -0.0476032  1
869  0  0.430943  -1.12904  13085.2  1.99639  -0.139974  1
870  0  -0.072221  -0.467888  13017.1  2.05506  -0.208721  1
871  0  0.300218  -0.660761  13017.4  2.05765  -0.151798  1
872  0  -0.0404223  0.0806379  13825  1.66599  -0.180049  1
873  0  0.245958  -0.0598263  12627.9  2.16845  -0.0367525  1
874  0  1.35779  1.74935  13245.3  2.06037  -0.133585  1
875  0  0.458556  -0.260058  12920.2  2.11675  -0.0960549  1
876  0  0.640484  0.31275  13232.5  2.0191  -0.0978058  1
877  0  0.346043  -0.261131  12873.2  2.13762  -0.112482  1
878  0  0.896906  -0.0581918  12833  1.36727  0.142522  1
879  0  -0.850413  -1.38353  13122.4  2.00632  -0.111719  1
880  0  0.93204  -0.0779054  12930.8  1.68269  0.211119  1
881  0  0.64078  -0.0189044  13033.7  0.800249  0.011662  1
882  0  0.0763537  0.413997  13356.3  1.94886  -0.0836416  1
883  0  1.10746  0.621579  13254  2.0005  -0.107757  1
884  0  0.343177  0.162158  13202.5  2.02598  -0.0375495  1
885  0  0.280924  -0.119864  12733.9  2.20183  -0.0762117  1
886  0  -0.663433  -0.316298  13179.5  2.0183  -0.130791  1
887  0  0.429217  -0.13029  12875.6  2.13057  -0.0642436  1
888  0  0.399538  -0.147146  12857  2.13135  -0.0689049  1
889  0  0.892838  0.0731723  13252.4  2.0496  -0.146022  1
890  0  -0.0783895  0.966244  13290.5  1.98952  -0.0896972  1
891  0  0.417794  -0.936983  13066  2.01614  -0.142388  1
892  0  0.946289  -0.479963  13096.7  2.03217  -0.0246256  1
893  0  0.159801  -0.921854  13062.8  2.01943  -0.167481  1
894  0  -0.0175997  -0.00771048  13245.7  1.7093  -1.06905  1
895  0  0.855494  0.101402  13238.6  2.07571  -0.135773  1
896  0  -1.73704  1.74035  13259  1.99398  -0.135953  1
897  0  0.551639  0.112814  13169.6  2.08187  -0.0944986  1
898  0  -1.59  0.791702  13248.4  1.99208  -0.142568  1
899  0  -0.517899  0.78769  13290.3  1.97971  -0.0776216  1
900  0  0.478767  0.207526  13205.2  2.02745  -0.0732406  1
901  0  -0.0589353  0.141537  13606.3  1.81309  -0.126328  1
902  0  -0.178694  0.521005  13341  1.95975  -0.0768503  1
903  0  -0.00797982  -0.056375  12507  2.24223  -0.683828  1
904  0  0.5969  0.397788  13244.9  2.01307  -0.0956027  1
905  0  -1.77728  -0.631726  13174.6  1.99649  -0.140817  1
906  0  1.37876  -1.74534  13151.5  1.94007  -0.0854034  1
907  0  -0.018365  0.417319  13369.5  1.94358  -0.0871064  1
908  0  0.288608  -0.066865  12714.9  2.19913  -0.0360625  1
909  0  1.78384  -0.652306  13213.7  1.94211  -0.0570233  1
910  0  0.213599  -0.220985  12778.6  2.18294  -0.157005  1
911  0  0.00319746  0.248593  13464.7  1.8908  -0.0752081  1
912  0  -0.151978  -0.112397  13151.3  2.00608  -0.31532  1
913  0  0.803245  0.273911  13240.6  2.00521  -0.106539  1
914  0  1.09559  0.255806  13276.2  1.97627  -0.105819  1
915  0  -0.321215  1.26161  13279.2  2.0024  -0.0746288  1
916  0  0.567114  -0.0596568  12975.2  1.86051  -0.0347215  1
917  0  -0.825238  -0.5333  13161.3  2.02182  -0.128529  1
918  0  0.0567593  0.233324  13453.2  1.89744  -0.0504645  1
919  0  0.202063  -0.0284347  12512.4  1.44734  -0.00462859  1
920  0  -0.571462  -0.565637  13137.2  2.0287  -0.133465  1
921  0  0.681339  -0.623099  13051.5  2.04315  -0.0884545  1
922  0  1.14705  -1.00501  13142.6  1.98577  -0.0716573  1
923  0  0.743351  0.154877  13214.8  2.02032  -0.121794  1
924  0  -0.0991093  0.0197339  13528  1.80573  -0.349648  1
925  0  0.749625  0.0899494  13207  2.10311  -0.127758  1
926  0  0.792571  -0.241817  12981.6  2.15271  -0.0472522  1
927  0  -1.74798  -1.74798  13135.2  1.99542  -0.136454  1
928  0  0.716155  0.0898892  13197.5  2.10473  -0.12581  1
929  0  0.266359  -0.15336  12745.5  2.18827  -0.102322  1
930  0  0.34761  -0.0747972  12797.9  2.16704  -0.0383226  1
931  0  0.406853  0.600845  13279.1  1.98949  -0.0979201  1
932  0  0.799836  -0.06595  12737.6  1.48812  -0.066397  1
933  0  0.820788  -0.130823  12837.9  2.19277  -0.0491603  1
934  0  0.540079  -0.106664  12953.3  2.10278  -0.0713845  1
935  0  -0.183468  -0.0118796  13337.9  1.92366  -0.27104  1
936  0  0.420443  -0.618904  13015.8  2.05934  -0.131462  1
937  0  0.403438  -0.221504  12884.4  2.12903  -0.0926096  1
938  0  1.41718  1.08682  13245  1.98806  -0.113025  1
939  0  0.211036  0.208001  13304.4  1.97549  -0.0197205  1
940  0  0.985413  -0.110419  13131.9  1.93094  0.219715  1
941  0  -0.325437  0.430659  13336.6  1.96625  -0.0774224  1
942  0  0.952327  0.259702  13262  1.98842  -0.102812  1
943  0  0.687945  0.954088  13267.1  1.98847  -0.102919  1
944  0  -0.154605  -0.535001  13055.5  2.04028  -0.190821  1
945  0  -0.0661311  -0.0812402  13055.7  2.02308  -0.449062  1
946  0  0.973799  0.0476216  13324.2  1.9236  -0.150519  1
947  0  0.669673  -0.0406198  13018.7  1.26448  -0.0510981  1
948  0  0.18398  -0.0583243  12496.6  2.27414  -0.0622838  1
949  0  0.296137  -1.46408  13095.6  1.95856  -0.155146  1
950  0  0.172743  -0.40055  12924.4  2.10742  -0.183252  1
951  0  0.833006  -0.0663564  12729.8  1.44485  0.0148785  1
952  0  0.927001  0.0604979  13283  2.01271  -0.147293  1
953  0  0.224124  0.623461  13298.4  1.98312  -0.100404  1
954  0  -0.10823  0.0646616  13578.6  1.80059  -0.252264  1
955  0  0.80188  0.0842334  13207.9  2.08801  -0.133785  1
956  0  -0.694121  -0.167186  13205  2.01049  -0.130148  1
957  0  -0.285062  0.937664  13289.1  1.98654  -0.0700092  1
958  0  0.405881  1.1469  13275.7  1.98468  -0.100808  1
959  0  0.158099  0.310888  13348.1  1.9481  -0.0563551  1
960  0  0.486728  0.0554713  13139.8  1.69713  -0.0675839  1
961  0  -0.0949316  0.302886  13423.1  1.91379  -0.0963447  1
962  0  0.620356  -0.0473705  13012  1.51295  -0.0148949  1
963  0  0.312713  -0.115617  12773.2  2.18201  -0.0660746  1
964  0  1.36293  0.192855  13257.2  1.98329  -0.106906  1
965  0  -0.178397  -0.340973  13062.9  2.0405  -0.217751  1
966  0  0.574732  0.0509624  13160.9  1.64141  -0.0833836  1
967  0  0.00197191  0.0183283  14531.1  0.645752  -0.197182  1
968  0  0.123268  1.00875  13285.6  1.98626  -0.100846  1
969  0  0.496088  0.127755  13169.7  2.05192  -0.079786  1
970  0  0.288619  -0.88106  13055.4  2.02394  -0.156544  1
971  0  -0.004381  0.304772  13421.7  1.91154  -0.0826953  1
972  0  0.465029  -0.0183742  12883.6  0.813447  0.00726106  1
973  0  0.518085  0.445181  13256.5  2.0044  -0.0940479  1
974  0  -0.0122102  0.0104167  14190.4  1.0309  -0.705494  1
975  0  0.332757  0.0591696  13131.3  1.76107  -0.0154407  1
976  0  1.15402  -0.125274  13272.7  1.87678  0.071671  1
977  0  -1.44538  1.26113  13258.9  1.99417  -0.142364  1
978  0  0.377515  -0.0232022  12834.5  1.02081  0.00777175  1
979  0  0.709071  0.232796  13220.9  2.01341  -0.108979  1
980  0  0.294392  0.0838938  13165.4  2.12166  0.000102255  1
981  0  0.607888  0.250916  13217.1  2.02141  -0.095902  1
982  0  0.248195  0.180315  13262.6  1.99601  -0.013287  1
983  0  -1.40004  -1.41525  13133.9  1.99754  -0.124827  1
