468  611  852
534  575  1103
464  510  1054
507  610  840
319  610  840
411  556  1132
406  685  1155
328  486  730
459  519  986
360  499  1045
429  645  1011
360  498  1045
400  479  585
325  491  755
450  573  846
424  762  931
29  586  680
77  78  583
365  460  934
527  624  1088
514  591  1044
363  538  785
391  593  717
362  611  852
451  614  1056
306  937  1068
475  584  859
138  139  589
410  561  667
309  531  911
325  493  755
336  649  769
53  54  631
151  152  590
110  111  595
331  679  1123
426  539  903
338  600  679
459  519  938
377  597  664
477  578  966
458  575  1027
45  809  849
324  501  584
351  702  879
352  720  731
326  663  874
380  503  569
319  539  676
345  905  982
406  774  915
341  708  1056
364  672  792
379  505  573
384  507  626
401  523  697
351  558  720
401  522  697
459  613  1013
439  567  1114
398  645  1011
460  577  934
457  598  603
411  612  1132
403  543  892
399  487  581
309  565  618
457  615  1074
406  719  915
341  547  710
337  574  825
441  565  566
408  557  619
312  487  1102
352  440  776
408  557  948
309  565  815
436  476  721
452  546  814
368  465  478
16  533  538
335  588  1046
337  574  672
4  37  976
436  581  656
315  546  814
312  623  639
335  528  1046
483  650  955
379  573  846
344  530  622
371  724  841
338  600  744
494  539  903
391  513  594
501  649  769
424  569  931
486  730  804
366  477  966
402  605  722
433  797  952
369  586  860
366  861  966
406  540  1155
459  562  1013
548  613  1013
365  460  858
312  623  655
486  554  804
446  517  1138
42  549  1017
442  803  998
426  596  1087
377  597  745
514  658  826
97  98  605
425  629  813
467  517  829
350  597  871
28  29  680
437  622  893
495  812  940
568  671  959
366  599  861
349  600  1078
11  12  534
357  640  641
497  580  975
356  606  822
456  626  652
12  534  1103
458  511  733
473  756  973
363  667  1019
327  521  871
411  556  617
334  548  1013
347  730  804
4  36  976
382  496  928
328  626  839
439  567  837
584  905  982
417  812  940
511  679  1123
369  566  860
534  575  1027
352  440  816
44  45  809
384  626  652
44  809  1017
517  576  897
328  486  800
111  595  728
360  617  711
473  529  763
26  642  944
358  658  826
390  624  1088
412  427  742
2  19  758
2  18  758
138  589  740
383  604  761
446  818  1138
443  739  778
312  487  939
411  612  736
470  619  985
563  614  979
382  496  1024
409  654  1036
453  677  805
332  777  864
598  603  1031
528  700  1135
316  489  698
724  841  1094
425  555  1036
126  127  632
530  635  1117
341  547  708
42  549  1032
445  495  981
403  892  1008
33  674  1111
381  622  893
111  112  728
563  614  1056
403  543  917
314  696  749
332  636  821
436  476  784
457  615  869
389  616  862
367  567  1114
611  804  1130
426  539  1087
324  584  859
501  584  905
486  554  894
329  554  894
496  618  928
16  17  533
458  511  872
572  779  807
422  525  779
369  586  873
359  900  1076
309  531  815
453  677  822
431  525  832
514  658  961
384  610  767
107  108  628
345  515  1040
404  734  835
442  594  998
463  642  944
35  555  976
384  507  610
319  610  712
482  703  955
427  734  835
306  567  837
34  629  813
571  607  731
65  66  659
383  604  664
431  601  602
534  718  883
137  138  740
25  26  642
402  526  722
410  667  827
316  511  1035
120  121  627
418  653  847
352  720  776
404  643  890
337  635  1117
428  568  671
475  528  700
403  551  917
378  710  757
422  779  807
92  93  633
406  540  719
135  136  630
340  593  717
90  91  634
401  720  776
324  501  685
381  635  960
466  809  849
0  157  620
389  603  1031
473  675  763
418  612  653
84  85  638
563  708  1056
463  586  680
433  592  952
467  565  815
326  591  1044
337  672  1061
320  653  1132
425  555  813
601  937  1068
535  900  1076
446  517  897
397  512  592
327  871  1062
466  718  883
409  580  732
498  665  1136
354  613  1124
366  477  790
349  600  1148
416  633  760
325  491  774
343  597  664
393  646  717
418  606  847
426  653  847
542  702  879
458  575  1128
372  645  947
497  535  900
450  764  942
411  617  681
454  638  865
424  627  886
352  731  1028
362  611  804
414  677  805
555  654  1036
404  709  890
43  44  1017
400  479  870
477  831  1001
360  498  1136
487  766  1102
565  566  845
32  33  674
460  577  896
450  627  886
391  593  796
340  646  1101
435  585  747
430  638  865
422  520  807
329  675  763
560  646  1101
450  573  942
650  910  1072
415  696  749
467  517  828
574  672  792
29  586  860
373  650  955
421  577  689
386  485  990
517  576  828
477  624  1001
363  785  949
370  576  897
421  578  689
477  578  899
129  130  644
351  558  879
580  975  1164
496  606  822
331  600  679
445  495  1115
447  708  1104
532  601  937
558  720  731
531  736  911
382  994  1111
475  584  700
435  551  1092
363  538  1019
356  606  847
443  738  739
462  712  1075
412  427  866
451  777  864
504  574  825
395  817  850
452  489  802
419  972  1100
506  541  880
432  844  1163
416  559  852
525  810  820
472  524  824
42  43  1017
358  604  761
548  613  1124
587  663  874
499  892  1008
438  541  765
316  511  733
712  1075  1161
503  569  882
530  635  1105
386  485  699
429  645  947
451  614  864
348  607  669
328  547  730
348  571  607
139  589  746
361  621  700
399  487  939
399  581  656
459  562  958
404  502  734
387  785  949
417  623  639
497  535  975
50  51  683
456  652  973
357  640  866
336  649  970
365  646  1051
350  597  745
402  605  1021
381  823  960
521  597  871
374  614  979
486  800  894
408  474  725
387  510  1054
39  616  851
366  599  759
151  590  770
377  481  902
470  837  985
332  641  821
360  617  1136
357  643  835
417  639  940
152  590  772
463  586  873
348  657  669
473  675  973
416  633  1016
332  641  777
77  583  788
334  548  1067
344  530  959
110  595  729
308  975  1164
577  689  962
15  667  1019
78  583  737
436  581  784
420  673  788
445  579  1097
16  538  1019
485  743  990
307  572  1146
441  565  618
578  689  963
335  660  727
378  709  710
48  49  693
460  808  896
432  945  1163
436  540  721
11  534  883
356  677  822
435  651  1092
505  573  913
100  101  647
35  36  976
444  625  778
526  647  967
431  525  810
39  616  901
318  756  973
422  525  820
346  658  961
413  562  670
360  499  1008
347  804  1130
568  825  881
369  566  845
354  910  1072
351  720  1009
75  76  673
472  524  748
33  34  629
444  739  778
560  646  1051
319  539  953
308  1108  1164
375  465  484
418  612  736
313  773  999
462  610  767
46  47  701
474  719  999
146  147  689
1  10  849
1  45  849
346  950  957
432  844  874
514  591  1039
334  670  1013
468  716  852
39  40  851
467  531  815
494  539  953
557  619  985
429  634  947
395  570  992
359  688  900
399  655  704
313  719  999
488  633  1016
488  634  947
439  623  655
387  785  948
435  651  747
428  651  747
428  651  735
455  641  821
404  643  835
323  651  735
310  688  748
400  870  940
467  531  829
471  723  1162
373  703  955
616  862  1059
497  580  862
437  706  908
415  617  711
412  506  742
423  756  1057
416  559  760
446  726  1065
457  603  1109
477  831  899
380  635  960
394  741  817
322  747  881
20  602  1053
495  666  940
362  804  1083
38  39  901
397  702  754
410  561  1018
467  565  845
328  626  800
354  613  986
62  63  692
395  850  992
345  515  905
354  910  986
513  594  932
342  557  948
322  747  1120
40  41  603
369  576  828
439  655  704
316  489  922
400  666  940
355  909  935
429  694  787
501  649  685
330  607  731
353  690  923
35  555  813
363  667  827
98  605  722
355  608  909
389  616  851
29  30  860
412  866  1152
343  775  1039
437  622  878
70  71  691
498  636  665
507  626  839
447  839  1104
430  695  793
518  637  964
374  676  1087
601  602  1153
68  69  697
309  618  983
17  533  838
423  1010  1057
388  444  739
361  621  888
97  605  771
391  594  1095
456  800  894
413  670  811
434  628  935
526  924  967
533  538  1149
408  474  999
418  606  911
131  132  686
539  676  1087
54  631  794
393  646  858
133  134  687
14  15  667
512  592  887
380  503  960
434  729  780
527  624  993
413  766  783
88  89  694
446  818  1065
86  87  695
399  655  939
472  688  748
473  529  1000
436  656  929
494  677  903
468  611  1021
432  591  775
344  671  1004
447  563  708
379  505  1100
405  715  884
571  731  1028
388  464  739
419  668  1100
472  688  1113
53  631  781
335  528  951
464  510  690
349  396  850
368  744  1148
310  688  1116
559  716  852
307  572  807
609  1108  1164
397  512  678
343  604  664
470  704  837
423  663  756
344  622  878
463  576  1007
377  481  933
442  796  889
17  18  838
469  809  1017
629  994  1111
564  950  957
446  898  984
389  603  851
357  641  777
438  628  935
353  593  796
358  604  826
127  632  750
361  888  936
463  576  873
126  632  752
332  636  1037
452  489  922
448  888  936
480  806  1077
382  855  994
37  38  654
705  1046  1135
320  653  977
0  988  1082
495  666  981
312  639  870
556  617  1136
448  630  936
396  723  1162
498  636  821
710  757  1110
344  671  959
367  572  779
335  660  938
425  629  994
380  569  1145
476  721  859
331  600  1078
500  614  1037
376  703  1046
433  691  797
500  614  1073
434  909  935
313  656  773
422  520  1022
468  716  771
424  876  886
423  587  663
80  81  713
82  83  714
115  116  707
113  114  706
465  478  693
449  630  936
391  513  980
614  864  1037
22  810  820
825  881  1156
495  812  1115
413  766  801
312  655  939
37  654  976
318  652  973
459  613  986
102  734  891
368  478  1042
438  751  765
540  719  929
385  741  1028
349  396  723
350  678  745
357  643  777
317  561  753
315  743  786
462  610  712
465  484  701
511  679  872
95  96  716
587  844  874
376  705  1046
372  645  957
103  742  907
371  662  867
397  702  943
420  678  745
10  849  883
449  705  936
445  696  981
401  522  684
120  627  762
101  647  891
121  627  764
325  725  1079
325  493  1079
469  699  885
424  627  762
457  598  1074
445  579  1065
441  566  1112
409  732  1036
403  711  749
421  861  966
455  640  641
108  628  780
381  635  1105
367  779  832
314  666  981
107  628  751
135  630  782
508  671  735
381  622  1105
367  572  848
516  816  1154
469  699  912
433  684  754
420  583  788
353  796  889
471  683  1042
478  683  1042
403  551  1071
136  630  921
41  1032  1109
18  758  838
411  736  914
584  700  982
438  724  935
460  770  808
479  585  1120
369  576  873
20  21  1053
427  835  866
328  547  1104
374  614  1073
439  704  837
568  959  1117
98  99  722
364  672  876
715  884  1088
400  585  1081
329  675  894
365  646  858
329  564  763
426  596  653
336  599  759
317  753  1128
387  795  948
367  567  832
306  567  1068
384  652  920
494  677  1161
339  579  681
435  551  926
93  633  760
92  633  768
521  597  1085
506  880  907
410  444  661
10  11  883
435  585  1081
357  835  866
368  465  956
91  634  768
345  715  1040
393  717  980
496  618  983
493  690  1079
429  634  787
483  650  995
425  609  732
90  634  787
387  510  795
506  541  1118
344  878  1005
380  635  1061
109  110  729
612  653  1132
340  646  717
33  629  1111
66  659  791
492  542  879
406  649  1129
78  79  737
85  638  793
475  528  951
436  540  929
491  560  1101
130  644  854
364  876  886
157  620  803
364  682  846
129  644  857
639  870  940
480  895  1077
448  630  921
524  824  1057
420  673  1084
456  626  800
371  662  841
65  659  789
320  665  1132
84  638  798
441  674  928
379  682  846
392  602  1003
359  688  1113
15  16  1019
41  42  1032
446  726  984
329  564  1023
324  721  859
562  670  1013
430  638  793
318  652  824
561  667  863
139  140  746
922  1038  1093
596  653  977
434  729  969
370  576  1007
309  606  911
339  579  818
505  913  919
376  537  875
474  719  915
315  743  814
463  642  1007
473  663  756
640  866  1152
24  582  834
376  537  843
334  670  991
351  684  754
485  699  1098
392  602  1153
452  546  802
487  581  1167
401  720  1009
361  700  1135
438  541  1144
380  876  1061
409  901  1059
353  690  738
421  577  934
509  688  900
383  664  933
461  990  1066
127  128  750
323  651  1092
435  666  926
364  682  792
313  656  929
417  623  848
452  922  1038
125  126  752
41  603  1109
100  647  1055
150  151  770
311  718  1027
330  868  1131
464  738  739
441  618  928
542  871  1062
413  783  811
470  619  773
480  841  1094
329  554  1023
315  546  844
311  718  885
403  711  1008
406  649  685
467  828  845
106  107  751
306  837  985
428  747  881
421  578  966
490  669  1123
350  678  943
457  869  1032
424  569  1145
152  153  772
119  120  762
552  648  971
121  122  764
408  619  999
477  624  1143
406  774  1129
326  663  1000
447  676  979
40  603  851
508  671  1004
93  94  760
680  944  1139
401  523  776
502  647  891
432  591  874
327  521  945
356  677  903
411  681  914
503  882  918
652  824  920
790  1040  1160
409  654  901
419  668  1072
54  55  794
616  901  1059
91  92  768
375  744  956
508  735  1077
459  660  938
398  856  1091
404  709  968
449  705  875
591  775  1039
341  709  710
531  829  914
52  53  781
491  560  970
437  706  893
445  696  1097
493  690  923
425  732  1036
476  727  859
600  744  1148
454  761  997
556  665  1132
483  750  857
456  675  894
330  558  731
394  552  637
608  1004  1005
416  852  1033
314  696  981
156  157  803
24  582  1125
419  650  995
435  666  1081
392  758  1003
476  660  727
636  665  1096
394  637  964
313  719  929
447  676  840
429  694  1011
514  826  1039
554  1023  1083
479  766  783
379  682  1086
365  861  1051
398  856  1020
96  97  771
143  144  831
496  606  983
422  820  834
27  944  1139
360  711  1008
430  856  1020
134  135  782
66  67  791
402  526  924
338  679  1034
426  847  903
445  726  1115
546  844  1163
378  709  968
518  637  1030
397  754  1151
430  856  865
619  773  999
396  850  992
430  695  1020
415  711  749
344  1004  1005
348  741  817
319  712  953
617  681  1126
147  689  962
358  658  856
412  506  867
519  910  986
372  1026  1158
64  65  789
382  928  1111
374  676  979
381  550  823
311  699  1098
588  703  1046
101  102  891
146  689  963
481  737  799
76  77  788
377  664  933
451  643  777
488  947  1016
381  550  893
428  568  881
393  877  980
89  90  787
343  604  1039
105  106  765
398  536  1020
470  704  1043
398  536  1011
388  827  949
310  748  904
449  687  782
353  593  923
466  849  883
428  671  735
649  970  1129
451  643  890
347  730  1110
76  673  788
530  959  1117
376  705  875
85  86  793
698  1035  1131
339  829  914
108  109  780
431  602  1053
473  663  1000
364  846  886
346  645  957
504  574  991
384  767  920
348  571  741
71  72  797
460  770  925
379  1086  1100
441  674  941
134  687  782
504  670  811
409  580  1059
102  734  819
131  686  854
513  932  965
103  104  907
75  673  927
530  622  1105
130  131  854
83  84  798
549  869  1032
351  702  754
390  715  1088
465  701  833
128  129  857
333  841  1012
593  923  1133
318  824  1057
657  817  850
390  790  1040
518  946  1030
345  621  1122
352  816  1028
334  792  991
394  741  964
609  732  1164
413  562  1099
524  1010  1057
22  23  820
368  744  956
504  670  991
79  80  799
331  669  1123
347  757  1110
348  657  817
450  846  886
438  724  1144
465  693  833
112  728  908
383  761  997
575  753  1128
482  703  843
404  502  968
604  826  1039
103  742  819
420  583  1119
461  743  786
414  677  1161
316  733  1093
480  841  1012
515  759  769
132  686  1050
398  645  1091
149  150  808
431  601  1165
453  855  1108
489  698  868
133  687  1050
386  869  912
541  1118  1144
333  853  906
392  758  838
337  825  1117
385  741  964
38  654  901
468  605  771
102  103  819
386  615  869
437  728  908
552  637  1025
397  592  1151
490  1035  1131
469  912  1017
463  680  944
89  694  787
34  35  813
402  1021  1130
657  669  1078
470  773  1043
434  628  780
447  563  979
534  718  1027
86  695  793
433  754  1151
337  635  1061
71  691  797
492  868  954
454  714  798
481  713  799
20  602  1003
433  691  1089
314  666  926
585  747  1120
23  24  834
475  727  859
512  887  927
104  105  880
509  688  1116
21  22  810
544  1023  1083
532  601  1153
487  766  801
309  606  983
351  684  1009
455  821  1045
361  705  936
518  964  1154
96  716  771
521  775  945
461  786  1010
12  13  1103
527  993  1052
555  654  976
137  740  921
338  1018  1034
549  912  1017
335  727  951
391  717  980
490  607  669
615  990  1066
322  783  811
492  542  1062
116  707  918
88  694  1029
13  14  863
26  27  944
333  892  906
87  695  1029
520  898  984
595  728  1107
668  1086  1100
51  683  830
556  665  1136
483  750  995
512  678  1084
70  691  987
482  686  854
336  759  769
445  726  1065
399  704  1043
583  902  1119
533  838  1137
113  706  908
448  740  921
408  725  795
63  692  930
405  589  884
420  745  1119
69  697  987
117  118  882
325  725  915
531  736  914
621  700  982
68  697  989
510  725  795
502  647  967
333  662  841
620  889  1082
336  599  1147
73  74  887
311  978  1027
326  591  874
49  50  836
115  707  1080
114  706  1080
47  48  833
321  784  1167
62  692  946
0  46  842
83  714  798
373  703  1140
395  570  648
442  594  1095
599  861  1051
80  713  799
407  595  1107
50  683  836
528  1046  1135
340  593  1133
505  752  919
475  727  951
345  621  982
319  676  840
412  867  1152
99  722  1055
525  779  832
672  876  1061
449  687  875
458  872  1128
405  589  1041
311  545  1098
385  816  1154
402  757  924
109  729  780
522  684  1089
552  648  1047
320  665  1096
376  703  843
353  738  1168
148  149  896
63  64  930
74  75  927
24  25  1125
589  740  1041
144  145  899
482  686  843
116  117  918
355  608  1106
128  750  857
124  125  919
574  792  991
61  62  946
95  716  1134
19  20  1003
335  588  1141
517  829  1138
334  792  1067
454  761  865
328  839  1104
48  693  833
81  713  1064
104  880  907
369  828  845
373  650  910
82  714  1064
388  827  1127
524  748  904
417  848  1146
123  124  913
462  767  1076
407  909  1005
307  726  1115
321  801  1099
449  630  782
383  553  996
383  553  997
386  615  990
51  52  830
49  693  836
674  928  1111
362  1033  1083
355  724  935
323  735  1077
25  642  1125
431  832  1165
106  751  765
342  557  1015
455  906  1045
423  786  974
571  741  1028
118  119  931
450  627  764
466  718  1166
390  715  1040
510  690  1079
150  770  808
317  561  1034
503  707  823
31  32  941
79  737  799
461  904  1010
46  701  842
698  868  1131
154  155  932
418  736  911
570  648  1048
447  839  840
393  590  925
122  123  942
375  465  956
47  701  833
456  675  973
72  73  952
423  587  974
493  923  1133
481  737  902
125  752  919
393  590  877
324  721  1155
442  620  803
153  154  965
718  885  1166
342  785  948
112  113  908
375  661  1049
460  858  925
442  620  889
533  916  1149
0  842  988
425  609  994
564  763  950
632  752  972
443  738  1168
500  636  1037
390  624  1143
544  1026  1158
311  699  885
589  746  884
505  752  972
147  148  962
119  762  931
145  146  963
330  558  1063
471  723  1042
625  661  1049
611  1021  1130
388  464  1054
136  137  921
140  746  1052
122  764  942
491  774  1129
527  746  884
377  745  1119
503  707  918
69  70  987
420  678  1084
105  765  880
558  879  1063
67  68  989
439  623  1114
405  715  1122
419  650  1072
349  657  850
30  31  1058
632  750  995
419  632  972
459  660  1150
482  644  854
314  926  1071
513  772  965
325  774  915
433  592  1151
371  1118  1144
510  725  1079
544  1033  1083
609  855  1108
310  904  1066
307  726  984
153  772  965
400  666  1081
483  644  857
388  444  1127
19  758  1003
321  958  1099
144  831  899
471  781  830
311  545  978
333  892  1012
433  684  1089
419  632  995
141  142  993
581  784  1167
155  156  998
561  753  863
442  796  1095
432  775  945
386  699  912
587  844  974
572  848  1146
658  856  1091
580  732  1164
513  772  877
310  1066  1074
551  926  1071
142  143  1001
358  856  865
405  888  1122
579  818  1065
414  805  1014
339  681  914
410  444  1127
340  1101  1133
529  1000  1044
94  760  1134
550  707  823
423  786  1010
372  1016  1158
568  825  1117
395  648  971
438  628  751
143  831  1001
537  686  843
526  647  1055
327  802  954
515  1040  1160
547  708  1104
87  88  1029
509  900  1060
0  620  1082
407  595  969
393  858  925
394  817  971
579  681  1126
547  730  1110
149  808  896
156  803  998
454  638  798
354  668  1072
526  722  1055
343  597  1085
333  662  853
59  60  1025
501  769  905
370  1142  1157
455  640  853
117  882  918
392  838  1137
485  743  814
476  660  1002
548  682  1086
588  703  1140
549  869  912
60  61  1030
307  807  984
516  789  930
485  814  1038
415  696  1097
118  882  931
3  27  1139
3  28  1139
371  724  1144
72  797  952
132  133  1050
488  633  768
140  141  1052
454  714  997
481  713  996
554  804  1083
378  757  924
402  757  1130
23  820  834
403  749  1071
67  791  989
488  634  768
476  784  1002
99  100  1055
421  861  934
461  743  990
346  658  1091
64  789  930
124  913  919
308  975  1014
413  801  1099
497  862  1060
57  58  1047
382  855  1024
315  786  974
56  57  1048
434  909  969
397  678  943
415  617  1126
322  783  1120
515  769  905
356  847  903
451  890  1056
315  844  974
349  723  1148
32  674  941
537  687  875
307  812  1146
494  712  953
123  913  942
74  887  927
81  82  1064
502  734  891
372  947  1016
370  898  1142
497  900  1060
314  749  1071
308  805  1014
662  867  1152
323  895  917
58  59  1070
506  742  907
479  783  1120
500  636  1096
148  896  962
28  680  1139
145  899  963
527  746  1052
114  115  1080
355  806  1094
395  817  971
455  853  906
537  686  1050
491  755  1101
355  806  1106
422  834  1022
523  791  989
537  687  1050
73  887  952
414  1075  1161
394  552  971
601  1068  1165
385  964  1154
523  776  1069
480  895  1012
359  767  1076
55  56  1090
446  897  898
431  810  1053
468  605  1021
509  1031  1116
552  1025  1070
343  775  1085
550  706  893
504  811  1156
482  644  955
375  744  1006
391  796  1095
483  644  955
452  814  1038
331  669  1078
366  759  1160
327  802  1163
345  715  1122
368  723  1042
484  842  988
154  932  965
477  790  1143
481  933  996
444  625  661
493  755  1133
353  889  1168
341  890  1056
552  1047  1070
399  656  1043
615  1066  1074
94  95  1134
487  801  1167
484  988  1049
378  967  968
656  773  1043
55  794  1090
535  975  1014
608  1004  1106
590  772  877
52  781  830
661  1006  1018
408  795  948
155  932  998
516  816  1121
543  895  917
550  707  1080
550  706  1080
341  709  890
346  645  1091
545  733  1093
479  870  1102
326  1000  1044
378  924  967
13  753  863
502  967  968
312  870  1102
500  977  1073
545  733  978
383  933  996
492  954  1062
469  809  1166
401  684  1009
330  607  1131
308  805  1108
142  993  1001
370  1007  1157
595  729  969
507  839  840
321  801  1167
519  938  1141
570  1048  1090
141  993  1052
365  861  934
575  753  1103
321  784  1002
529  763  950
566  860  1058
346  950  961
659  791  1069
579  1097  1126
388  949  1054
590  770  925
453  855  1024
608  909  1005
489  868  954
512  673  927
543  892  1012
31  941  1112
407  909  969
448  740  1041
516  789  1121
61  946  1030
335  938  1141
540  721  1155
536  694  1029
354  668  1124
523  791  1069
332  864  1037
559  760  1134
536  695  1029
377  902  1119
496  822  1024
466  809  1166
414  1014  1075
492  879  1063
548  682  1067
318  756  1057
583  737  902
621  888  1122
453  822  1024
582  834  1022
508  1004  1106
349  657  1078
755  1101  1133
330  868  1063
324  685  1155
559  716  1134
503  823  960
609  855  994
350  871  1159
508  806  1106
440  816  1121
494  712  1161
390  790  1143
424  876  1145
407  878  1005
561  1018  1034
339  829  1138
545  1038  1093
489  802  954
443  889  1082
480  806  1094
440  776  1069
437  728  1107
385  816  1028
448  888  1041
492  868  1063
342  916  1015
474  725  915
389  862  1060
522  697  987
524  904  1010
440  659  1069
659  789  1121
358  761  865
479  766  1102
640  853  1152
522  691  987
471  683  830
427  734  819
553  713  1064
457  1032  1109
361  705  1135
553  714  1064
323  895  1077
598  1031  1116
523  697  989
60  1025  1030
355  724  1094
374  1073  1087
347  757  1130
567  832  1165
21  810  1053
368  723  1148
536  694  1011
31  1058  1112
508  806  1077
342  916  1149
682  792  1067
515  759  1160
662  853  1152
536  695  1020
427  742  819
59  1025  1070
485  1038  1098
327  954  1062
367  848  1114
370  897  898
513  877  980
440  659  1121
375  484  1049
316  698  1035
375  661  1006
453  805  1108
306  937  985
557  937  985
516  692  930
417  812  1146
623  848  1114
410  661  1018
553  713  996
317  679  872
553  714  997
342  785  1149
472  824  920
547  710  1110
437  878  1107
58  1047  1070
521  775  1085
339  818  1138
57  1047  1048
557  937  1015
471  781  1162
322  811  1156
544  1023  1026
506  867  1118
464  690  738
380  876  1145
500  977  1096
519  910  1140
56  1048  1090
518  692  946
529  950  961
533  916  1137
511  1035  1123
405  888  1041
499  892  906
310  1074  1116
569  882  931
490  607  1131
580  862  1059
642  1007  1157
532  916  1015
458  733  978
577  896  962
578  899  963
372  957  1026
512  673  1084
560  970  1147
542  702  1159
702  943  1159
441  941  1112
410  827  1127
535  1014  1075
573  913  942
322  881  1156
14  667  863
520  807  984
541  765  880
407  878  1107
490  1035  1123
509  1031  1060
458  978  1027
543  895  1012
778  988  1082
359  767  1113
527  884  1088
307  812  1115
350  943  1159
415  1097  1126
562  958  1099
316  922  1093
30  860  1058
522  691  1089
624  993  1001
366  790  1160
459  958  1150
373  910  1140
582  1142  1157
363  827  949
323  917  1092
504  825  1156
596  977  1073
469  885  1166
498  821  1045
594  932  998
462  1075  1076
532  916  1137
505  972  1100
529  961  1044
499  906  1045
546  802  1163
519  1140  1141
532  1137  1153
338  1006  1018
320  977  1096
596  1073  1087
336  970  1147
321  958  1150
514  961  1044
564  1023  1026
362  852  1033
542  871  1159
592  887  952
478  683  836
443  778  1082
461  904  1066
317  872  1128
327  945  1163
767  920  1113
570  794  992
484  701  842
317  679  1034
478  693  836
538  785  1149
660  1002  1150
520  898  1142
516  692  1154
570  794  1090
321  1002  1150
566  1058  1112
387  949  1054
396  631  992
631  794  992
532  937  1015
518  692  1154
544  1033  1158
520  1022  1142
13  753  1103
396  631  1162
599  1051  1147
567  1068  1165
564  957  1026
371  867  1118
338  744  1006
560  1051  1147
551  917  1092
491  970  1129
668  1086  1124
389  1031  1060
472  920  1113
416  1016  1158
598  1074  1116
625  988  1049
582  1125  1157
545  1038  1098
637  1025  1030
535  1075  1076
416  1033  1158
631  781  1162
392  1137  1153
588  1140  1141
642  1125  1157
582  1022  1142
648  1047  1048
625  778  988
548  1086  1124
443  889  1168
