0  2  1  0  12876.5  -3.3585e-17  7.47009e-18  1
1  1  2  2  12654.9  1.98667  -0.172951  1
2  1  2  -2  12645.5  2.00129  -0.138731  1
3  3  -2  -2  12792.9  1.99216  -0.182561  1
4  3  -2  2  12889.5  1.99164  -0.182717  1
10  1  2  1.6  12640.6  1.93257  -0.158972  1
11  1  2  1.2  12640.6  1.89127  -0.161454  1
12  1  2  0.8  12640.6  1.89736  -0.173138  1
13  1  2  0.4  12640.6  1.90175  -0.181002  1
14  1  2  5.50449e-12  12640.6  1.93304  -0.177339  1
15  1  2  -0.4  12640.6  1.97204  -0.160641  1
16  1  2  -0.8  12640.6  1.98692  -0.14594  1
17  1  2  -1.2  12640.6  1.99067  -0.140111  1
18  1  2  -1.6  12640.6  1.99672  -0.138764  1
19  0  1.6  -2  12662  2.00027  -0.134952  1
20  0  1.2  -2  12678.9  1.99846  -0.130387  1
21  0  0.8  -2  12691.5  1.99669  -0.126548  1
22  0  0.4  -2  12698  1.99354  -0.135977  1
23  0  5.50449e-12  -2  12712.9  1.99283  -0.179593  1
24  0  -0.4  -2  12740.6  1.99282  -0.210693  1
25  0  -0.8  -2  12759.5  1.99327  -0.200685  1
26  0  -1.2  -2  12775.7  1.99269  -0.188146  1
27  0  -1.6  -2  12788.7  1.99207  -0.184006  1
28  3  -2  -1.6  12796.8  1.99164  -0.182717  1
29  3  -2  -1.2  12805  1.99164  -0.182717  1
30  3  -2  -0.8  12818.9  1.99164  -0.182717  1
31  3  -2  -0.4  12837.6  1.99164  -0.182717  1
32  3  -2  -5.50449e-12  12855.1  1.99164  -0.182717  1
33  3  -2  0.4  12869.6  1.99164  -0.182717  1
34  3  -2  0.8  12878.6  1.99164  -0.182717  1
35  3  -2  1.2  12886.9  1.99164  -0.182717  1
36  3  -2  1.6  12888.7  1.99164  -0.182717  1
37  0  -1.6  2  12890.6  1.99164  -0.182717  1
38  0  -1.2  2  12891.9  1.99164  -0.182717  1
39  0  -0.8  2  12971.6  1.99164  -0.182717  1
40  0  -0.4  2  12943.8  1.8949  -0.0265353  1
41  0  -5.50449e-12  2  12927.1  1.8949  -0.0265353  1
42  0  0.4  2  12924.2  1.99164  -0.182717  1
43  0  0.8  2  12779.3  1.99164  -0.182717  1
44  0  1.2  2  12712.8  1.99164  -0.182717  1
45  0  1.6  2  12685.9  1.99164  -0.182717  1
46  2  0.978984  0.00592363  12772  0  0  1
47  2  0.958163  0.012553  12686.3  0  0  1
48  2  0.937228  0.0188121  12671.1  0  0  1
49  2  0.916146  0.0245563  12643.5  -5.64168e-17  1.11607e-17  1
50  2  0.894962  0.0299114  12591.6  0  0  1
51  2  0.873738  0.0351075  12555.6  0  0  1
52  2  0.852494  0.0402228  12524.8  0  0  1
53  2  0.831242  0.0453007  12478.4  0  0  1
54  2  0.809983  0.0503545  12449.8  0  0  1
55  2  0.78872  0.0553887  12426.9  1.2678e-16  -2.37016e-17  1
56  2  0.767452  0.0604021  12422.3  7.38e-17  -1.57514e-17  1
57  2  0.74618  0.0653971  12359.9  0  0  1
58  2  0.724901  0.0703633  12328.7  0  0  1
59  2  0.703616  0.0753059  12285.4  0  0  1
60  2  0.682321  0.0802006  12241.8  0  0  1
61  2  0.661015  0.0850489  12210.7  0  0  1
62  2  0.639694  0.0898321  12157.4  -9.73819e-17  1.39832e-17  1
63  2  0.618356  0.094538  12151.1  0  0  1
64  2  0.596999  0.0991601  12092.3  0  0  1
65  2  0.575618  0.103665  11994.4  0  0  1
66  2  0.554213  0.108057  11954.5  -8.84141e-17  1.30412e-17  1
67  2  0.532776  0.112288  11883.2  0  0  1
68  2  0.511308  0.116359  11815.4  -8.67546e-17  1.16727e-17  1
69  2  0.489801  0.120224  11748.9  0  0  1
70  2  0.468257  0.123869  11674.7  4.85272e-16  -5.66914e-17  1
71  2  0.446669  0.12725  11597.8  0  0  1
72  2  0.425035  0.13032  11506.1  0  0  1
73  2  0.403355  0.133042  11425  0  0  1
74  2  0.381624  0.135329  11343.3  0  -3.08149e-33  1
75  2  0.359849  0.137131  11286.4  0  0  1
76  2  0.338029  0.138289  11118.8  2.70688e-16  -7.52949e-19  1
77  2  0.316184  0.138764  11041.6  1.60273e-16  3.33606e-18  1
78  2  0.294337  0.138469  11085.8  0  0  1
79  2  0.272515  0.137371  11078  -4.07812e-16  -4.41754e-17  1
80  2  0.250752  0.135424  11124.5  0  0  1
81  2  0.229084  0.132615  11196.5  -1.59074e-16  -2.15116e-17  1
82  2  0.207553  0.128903  11328.2  0  0  1
83  2  0.186185  0.124342  11368.3  0  0  1
84  2  0.165023  0.118903  11409.4  2.58517e-16  7.33977e-17  1
85  2  0.144104  0.112595  11732.4  0  0  1
86  2  0.123491  0.105351  11957.4  -1.25628e-16  -3.45195e-17  1
87  2  0.103267  0.0970842  12157.4  0  0  1
88  2  0.0835384  0.0876982  12494.5  2.3199e-16  7.73858e-17  1
89  2  0.0644652  0.0770462  12763.9  -7.10968e-16  -3.67839e-16  1
90  2  0.0462877  0.064933  13303.4  0  0  1
91  2  0.0294055  0.0510791  13910.6  1.99103e-16  1.01798e-16  1
92  2  0.0145644  0.0350749  14331.8  0  0  1
93  2  0.00342039  0.0163609  14357.3  -1.43768e-16  1.35472e-17  1
94  2  0.00089569  -0.0049218  12009.1  0  0  1
95  2  0.0191738  -0.0152706  10139.2  2.59512e-16  -7.53092e-17  1
96  2  0.0406521  -0.0191943  10716.3  0  0  1
97  2  0.0624359  -0.0208234  11173.1  0  0  1
98  2  0.0842831  -0.0210108  11516.6  1.79817e-16  -1.75182e-17  1
99  2  0.106117  -0.0201717  11766.6  0  0  1
100  2  0.12791  -0.0185992  11879.5  0  0  1
101  2  0.149661  -0.0165189  12069.8  0  0  1
102  2  0.17138  -0.0141176  12216.4  0  0  1
103  2  0.19308  -0.0115563  12250.9  0  0  1
104  2  0.214776  -0.00896055  12259.5  -2.46519e-32  0  1
105  2  0.236473  -0.00637267  12249.9  0  0  1
106  2  0.258181  -0.00388142  12277.1  -1.2326e-32  2.31112e-33  1
107  2  0.279898  -0.00146347  12284  0  0  1
108  2  0.301629  0.000826021  12285.8  1.46155e-16  3.1598e-17  1
109  2  0.32337  0.00301493  12318  0  0  1
110  2  0.345125  0.00505294  12335.3  0  0  1
111  2  0.366896  0.00692366  12364.2  0  0  1
112  2  0.388679  0.00864077  12455  -1.18083e-16  -5.62985e-17  1
113  2  0.410478  0.0101417  12501.1  0  0  1
114  2  0.432291  0.011425  12526.6  5.0201e-17  8.15955e-18  1
115  2  0.454115  0.0125088  12628.6  -9.61785e-17  -4.05228e-18  1
116  2  0.475948  0.013387  12675.2  6.8184e-17  8.83639e-19  1
117  2  0.497789  0.0140494  12669.2  0  0  1
118  2  0.519634  0.0145441  12695.3  -1.42227e-16  -7.66411e-18  1
119  2  0.541482  0.0149031  12732.5  0  0  1
120  2  0.563332  0.0151073  12770.9  -3.29378e-17  -1.6083e-17  1
121  2  0.585183  0.0151796  12778.4  0  0  1
122  2  0.607033  0.0151268  12812.5  0  0  1
123  2  0.628883  0.0149387  12848.7  0  0  1
124  2  0.650732  0.0146135  12855.7  9.47449e-17  1.44149e-18  1
125  2  0.672577  0.014135  12863.5  0  0  1
126  2  0.69442  0.0135229  12876.6  -2.46519e-32  0  1
127  2  0.716258  0.0127821  12899.6  0  0  1
128  2  0.738091  0.011903  12898.6  0  0  1
129  2  0.759921  0.0109447  12894.5  0  0  1
130  2  0.781746  0.00988998  12892.7  1.06822e-16  2.08439e-18  1
131  2  0.803569  0.00877655  12883.9  0  0  1
132  2  0.825388  0.00760872  12879.3  1.16139e-16  -2.22559e-18  1
133  2  0.847206  0.00640892  12883.2  0  0  1
134  2  0.869023  0.00518397  12880.3  2.42363e-16  -2.72595e-18  1
135  2  0.890841  0.00399173  12865.5  0  0  1
136  2  0.912663  0.00287184  12859.1  0  0  1
137  2  0.934497  0.00200393  12858.4  0  0  1
138  2  0.95634  0.00143638  12864.7  -1.11404e-16  1.51368e-18  1
139  2  0.978187  0.00104117  12882.2  0  0  1
270  0  0.953921  -0.736355  12719  1.99583  -0.106206  1
271  0  1.19388  0.640232  12646.4  1.94319  -0.183347  1
272  0  0.0655638  -0.930045  12723.6  2.03612  -0.147801  1
273  0  0.324094  1.07038  12711.9  1.97078  0.00160994  1
274  0  -0.573485  0.787997  12855.3  2.01924  -0.209205  1
275  0  -0.718756  0.0993189  12899.3  1.99191  -0.260852  1
276  0  0.450188  -0.530931  12680.3  2.03614  -0.0883421  1
277  0  0.0150876  -0.473871  12690.2  2.05872  -0.165637  1
278  0  0.636889  0.618868  12523.7  2.05517  -0.120664  1
279  0  0.161817  0.607952  12603.4  2.07682  0.0613616  1
280  0  -0.269885  0.423152  12889.7  2.00339  -0.0244171  1
281  0  0.794319  -0.368475  12750.7  1.99418  -0.0705158  1
282  0  0.561205  -0.256562  12697.8  2.03876  -0.0263557  1
283  0  0.277132  -0.28867  12559  2.11902  -0.0841334  1
284  0  0.911577  0.399895  12562.7  2.0066  -0.234603  1
285  0  -0.759889  -0.788478  12801.1  2.01516  -0.239277  1
286  0  0.631269  0.348958  12339.1  2.1461  -0.216387  1
287  0  0.391377  0.385649  12240.1  2.22149  -0.0532595  1
288  0  0.0715379  -0.233349  12519.1  2.14245  -0.194666  1
289  0  -0.371622  -0.209767  12886.9  1.98843  -0.242838  1
290  0  0.00663063  0.358593  12736.7  2.03146  0.179462  1
291  0  -0.1419  0.187907  13135.5  1.86551  0.0698637  1
292  0  0.977409  -0.235185  12810.4  1.94696  -0.0754267  1
293  0  0.810122  -0.165804  12816.6  1.95886  -0.0372327  1
294  0  1.05032  0.218776  12681.4  1.9417  -0.283002  1
295  0  -0.0703633  -0.152096  12750  2.01905  -0.325788  1
296  0  0.214792  0.318797  12230.7  2.24539  0.160186  1
297  0  0.660526  -0.130873  12789.9  1.99332  0.000432362  1
298  0  -0.165344  0.026566  13250.4  1.77854  -0.163647  1
299  0  0.413758  -0.154344  12575.4  2.08343  0.0108504  1
300  0  0.773995  0.244289  12430.9  2.07345  -0.307528  1
301  0  0.532651  -0.112685  12696.8  2.05193  0.0321345  1
302  0  0.283461  -0.132198  12418.2  2.16127  -0.0304759  1
303  0  0.887363  0.170949  12561.5  2.07403  -0.356661  1
304  0  0.505223  0.276904  12097.5  2.25685  -0.200446  1
305  0  0.00314027  0.210541  12930.2  1.92312  0.317686  1
306  0  0.37711  0.251438  11880.3  2.3752  -0.0631232  1
307  0  0.176026  -0.12107  12299.6  2.20309  -0.0962527  1
308  0  0.120439  0.228922  12342.8  2.17738  0.368928  1
309  0  0.611081  0.218997  12182.7  2.22637  -0.304166  1
310  0  0.0800124  -0.123451  12229.5  2.22581  -0.236996  1
311  0  0.916744  -0.117354  12843.8  1.95062  -0.0509071  1
312  0  -0.0589699  0.12144  13411.3  1.67937  0.178656  1
313  0  1.48987  -0.197023  12733.3  1.92193  -0.134139  1
314  0  0.744678  -0.0871719  12839.4  1.94146  -0.00941547  1
315  0  0.897801  1.11307  12674.8  1.94128  -0.112493  1
316  0  0.834735  -0.0775518  12859.3  1.87822  -0.0306025  1
317  0  0.975181  0.114598  12692.1  2.03404  -0.368566  1
318  0  1.11804  0.0732903  12815.2  1.76852  -0.279208  1
319  0  1.1814  -0.0816185  12856.4  1.74801  -0.107612  1
320  0  1.40662  0.323496  12701.4  1.91123  -0.205487  1
321  0  1.24842  -0.53024  12730.4  1.97468  -0.111488  1
322  0  0.548223  -1.00969  12707.6  2.01697  -0.119466  1
323  0  0.687608  0.174556  12285.3  2.27876  -0.371983  1
324  0  0.779722  0.156338  12425.9  2.19215  -0.38218  1
325  0  1.04016  -0.112999  12864.6  1.90812  -0.0770559  1
326  0  -1.27706  0.574104  12874.6  1.99445  -0.226373  1
327  0  -0.129629  0.824335  12771.3  2.00517  0.0324139  1
328  0  0.365415  -0.0843943  12447.3  2.19254  0.0486703  1
329  0  0.446279  -0.0743051  12593.2  2.0589  0.0711007  1
330  0  0.276062  0.244022  11871.8  2.38919  0.121388  1
331  0  -0.438779  0.151072  12972.6  1.96983  -0.186886  1
332  0  0.596076  -0.0665401  12777.5  1.94732  0.043199  1
333  0  0.449792  0.212559  11871.9  2.45157  -0.207777  1
334  0  0.204927  0.208427  11903.7  2.38563  0.310886  1
335  0  0.535934  0.19343  12007.2  2.41202  -0.306487  1
336  0  -1.29518  -0.279524  12846.4  1.99052  -0.215973  1
337  0  0.681216  -0.0522214  12839.1  1.73119  0.0269642  1
338  0  -0.388468  -0.671806  12783.6  2.02861  -0.223518  1
339  0  1.08378  -1.36685  12688.8  1.99794  -0.125206  1
340  0  -0.449015  -1.34241  12756.9  2.02709  -0.21054  1
341  0  0.0186091  0.134188  13142.2  1.7535  0.497606  1
342  0  -1.10881  1.2382  12885.1  2.00023  -0.287663  1
343  0  0.83629  0.113773  12492.3  2.06325  -0.399351  1
344  0  0.897488  0.0987105  12588.4  2.00764  -0.400268  1
345  0  0.234125  -0.0789359  12319.3  2.29877  -0.0498203  1
346  0  0.296259  -0.0651329  12331.7  2.15595  0.0127668  1
347  0  -0.611664  0.448935  12892.1  2.01918  -0.238527  1
348  0  0.966003  -0.0684615  12863.6  1.82272  -0.0473632  1
349  0  1.37633  -0.912304  12692.4  1.98838  -0.125742  1
350  0  0.0180763  -0.0822526  12171  2.22063  -0.457669  1
351  0  -0.381222  1.43577  12859.5  1.94048  -0.0443293  1
352  0  -0.81513  -0.332649  12851  1.99523  -0.256691  1
353  0  0.0844924  0.167624  12539.7  2.05748  0.549367  1
354  0  0.510184  -0.050703  12671.6  1.81128  0.0704022  1
355  0  0.126907  -0.0775019  12105.7  2.41464  -0.128593  1
356  0  0.900206  -0.0595568  12861.1  1.76847  -0.0379102  1
357  0  0.704286  -0.604136  12716.6  2.00483  -0.0894737  1
358  0  0.433812  -0.317586  12635.9  2.07332  -0.0524331  1
359  0  0.234497  -0.511285  12661.1  2.0567  -0.116278  1
360  0  0.331806  0.191085  11495.7  2.64402  0.0027006  1
361  0  -0.0658353  -0.0608328  12973.1  1.86144  -0.464363  1
362  0  -0.075643  0.017699  13588.2  1.51914  -0.252219  1
363  0  0.703387  -0.265794  12755  2.00383  -0.0407941  1
364  0  0.61588  -0.400558  12710.2  2.02054  -0.0619812  1
365  0  0.203959  -1.41278  12717.5  2.00772  -0.147386  1
366  0  0.404806  0.616584  12511.7  2.09112  -0.0371184  1
367  0  -0.16913  -0.34029  12768.8  2.03622  -0.21821  1
368  0  1.45292  1.10557  12662.5  1.917  -0.156447  1
369  0  0.620721  0.157118  12159.4  2.33896  -0.373658  1
370  0  1.00548  0.0625006  12845.8  1.7305  -0.354368  1
371  0  -1.38751  -1.32889  12794.9  1.99642  -0.192519  1
372  0  0.789599  -0.0440152  12873.3  1.63557  -0.0117949  1
373  0  0.323454  -0.774381  12701.4  2.03491  -0.118636  1
374  0  0.403144  -0.0423925  12500.6  1.64644  0.0943902  1
375  0  0.727469  0.123403  12334.6  2.11903  -0.395578  1
376  0  0.395947  0.185076  11604  2.59599  -0.149355  1
377  0  -0.0876198  0.573604  12759.9  2.03154  0.0748303  1
378  0  -0.205366  -0.107433  12971.8  1.9343  -0.244281  1
379  0  0.162187  0.173822  11920  2.3772  0.503421  1
380  0  0.0729422  -0.0695875  11842.6  2.48256  -0.276441  1
381  0  0.902191  0.625054  12589.2  1.99534  -0.172644  1
382  0  1.00467  -0.455525  12754.2  1.97756  -0.0959309  1
383  0  0.487601  0.172727  11809.1  2.46374  -0.294373  1
384  0  0.188196  -0.0576475  12215  2.11347  -0.0412008  1
385  0  0.726764  -0.0308481  12872.1  1.41267  0.00328616  1
386  0  0.640174  -0.0287428  12831.9  1.31665  0.0400002  1
387  0  -0.0170835  0.080044  13780.1  1.3975  0.333269  1
388  0  0.280993  0.186259  11484.6  2.64328  0.174349  1
389  0  1.11165  -0.0140513  12905  1.45961  -0.134486  1
390  0  0.551366  -0.0261814  12736.8  1.23578  0.0585317  1
391  0  1.11086  0.418951  12642.5  1.94905  -0.221729  1
392  0  0.150166  -0.367014  12606.7  2.09269  -0.134012  1
393  0  0.33945  -0.0358219  12326.8  1.41918  0.0428366  1
394  0  0.619324  1.44335  12758.2  1.90087  -0.0608629  1
395  0  0.0840021  1.5089  12830.4  1.87066  0.0651801  1
396  0  -1.13195  0.128255  12868.4  1.99035  -0.231344  1
397  0  0.93843  0.065997  12656  1.6605  -0.358045  1
398  0  0.520754  0.404854  12308.7  2.16956  -0.138449  1
399  0  0.574651  0.145931  12014.4  2.24696  -0.36238  1
400  0  0.659115  0.129414  12198.8  2.06224  -0.36784  1
401  0  0.0935894  -0.67751  12703.8  2.04634  -0.143812  1
402  0  0.183403  -0.234771  12490.8  2.15648  -0.12122  1
403  0  -0.343112  -0.00639805  12998.9  1.93663  -0.201319  1
404  0  1.56309  0.715013  12660  1.91296  -0.176813  1
405  0  0.689214  0.262192  12339.2  2.12214  -0.28772  1
406  0  0.751422  0.357007  12444.8  2.07866  -0.244239  1
407  0  0.852059  -0.0391134  12863.5  1.55098  -0.0307382  1
408  0  0.267266  0.450669  12395.2  2.16357  0.049715  1
409  0  0.513911  0.848998  12621.9  2.01047  -0.0572793  1
410  0  0.114052  0.429828  12564.1  2.10506  0.13852  1
411  0  0.123907  0.880206  12705.7  2.01007  0.0455987  1
412  0  0.463077  -0.0315891  12620.2  1.33868  0.0829185  1
413  0  0.867791  -0.274593  12789  1.97382  -0.0633981  1
414  0  -0.28772  0.268241  12987.5  1.9616  -0.0565373  1
415  0  -0.133475  0.326577  12921.7  1.96981  0.0918154  1
416  0  -0.572333  -0.0992686  12903.1  1.98517  -0.25788  1
417  0  -0.00701705  -0.0556678  12371.3  2.15924  -0.701308  1
418  0  0.791316  0.0978613  12412.2  1.84005  -0.368307  1
419  0  -1.22579  -0.781308  12816.2  1.99809  -0.216097  1
420  0  0.655633  -1.42875  12703.1  2.00394  -0.127242  1
421  0  0.314904  0.335011  12143.7  2.27479  0.0291132  1
422  0  -0.894433  0.649324  12873.2  2.02298  -0.280483  1
423  0  -0.0865576  1.17268  12794.5  1.97225  0.0503221  1
424  0  0.889358  -1.07827  12702.8  2.00236  -0.117239  1
425  0  -0.26303  0.131406  13086.9  1.90296  -0.0908756  1
426  0  1.28583  0.0169199  12799.7  1.76268  -0.181658  1
427  0  -0.961764  0.310203  12877  1.99998  -0.254794  1
428  0  0.729343  -0.162298  12796.3  1.97109  -0.022656  1
429  0  -0.0578941  -0.290587  12696.3  2.06367  -0.217184  1
430  0  0.333866  -0.208008  12523.3  2.12611  -0.0390742  1
431  0  0.490145  -0.189111  12650.3  2.04798  -0.00116665  1
432  0  1.18079  1.5116  12696.5  1.89766  -0.134265  1
433  0  0.946634  0.285686  12589.2  1.98765  -0.275934  1
434  0  0.0554154  0.116001  12926.4  1.83926  0.730261  1
435  0  0.510033  -0.753985  12702.7  2.02383  -0.10741  1
436  0  0.232975  0.179152  11587.6  2.58081  0.324964  1
437  0  -0.313904  0.62627  12841  2.00979  -0.0633512  1
438  0  1.25087  0.240965  12716.6  1.92576  -0.229399  1
439  0  -0.171425  -0.567213  12748.8  2.04286  -0.195766  1
440  0  -0.353436  -0.442021  12805.5  2.02711  -0.231311  1
441  0  0.595992  -0.0231105  12796.3  1.20373  0.052278  1
442  0  -0.291603  -1.0595  12752.1  2.03363  -0.200279  1
443  0  0.00238523  -0.158814  12544.5  2.11706  -0.306585  1
444  0  0.245739  -0.0461166  12282.3  1.76602  -0.0192584  1
445  0  1.02853  -0.059694  12890.4  1.70409  -0.0446822  1
446  0  0.579814  -0.169592  12720.8  2.01228  0.00125733  1
447  0  0.441545  0.168905  11677.3  2.5181  -0.244157  1
448  0  0.76757  0.824701  12615.6  1.99303  -0.119895  1
449  0  0.322773  -0.408332  12632.7  2.06774  -0.0920765  1
450  0  -0.389401  1.05071  12827.8  2.0081  -0.0909132  1
451  0  -0.740608  1.13949  12861.2  2.01484  -0.262271  1
452  0  -1.53299  1.00895  12883.2  1.99366  -0.200975  1
453  0  0.118301  -0.177787  12401.5  2.19346  -0.175151  1
454  0  1.60983  -1.43378  12661.1  1.9944  -0.137222  1
455  0  1.14643  -0.321929  12778.4  1.95493  -0.0997531  1
456  0  1.01067  0.919376  12651.6  1.95529  -0.140088  1
457  0  0.529135  0.15116  11909.7  2.30743  -0.338878  1
458  0  0.116597  0.147344  12224.3  2.21557  0.660232  1
459  0  0.799725  0.523337  12532.6  2.03324  -0.185509  1
460  0  1.66719  -0.557147  12681.2  1.97923  -0.138987  1
461  0  0.746633  -0.866435  12709.3  2.0093  -0.108727  1
462  0  -0.0230743  0.0467836  14131.7  1.14903  0.0830386  1
463  0  0.944443  -0.0358251  12863.5  1.50151  -0.0356842  1
464  0  -0.0350233  0.0125328  13932.1  1.21238  -0.394698  1
465  0  0.114939  0.333509  12509.2  2.12561  0.20774  1
466  0  0.832807  0.176437  12483.6  2.11157  -0.359841  1
467  0  0.846584  0.0807282  12501.1  1.7179  -0.355869  1
468  0  0.633277  -0.0769316  12804.9  1.96176  0.0278117  1
469  0  -0.838377  -1.18201  12784  2.01679  -0.220523  1
470  0  -0.787936  1.60922  12903.6  1.92194  -0.264188  1
471  0  0.883935  -0.204313  12810.1  1.95017  -0.0553118  1
472  0  0.222935  -0.178261  12430.2  2.17631  -0.0872116  1
473  0  -0.47025  0.36679  12912.8  2.00808  -0.176834  1
474  0  0.0520164  0.276177  12631.2  2.07055  0.276075  1
475  0  0.973636  0.19266  12637.5  1.96743  -0.311056  1
476  0  0.989559  -0.0439146  12879.7  1.60561  -0.0364488  1
477  0  0.138971  -0.0518988  12060.3  2.1867  -0.0564627  1
478  0  0.682421  -0.0221887  12865.3  1.25729  0.0265212  1
479  0  -0.957089  -0.0802204  12868.1  1.98925  -0.249172  1
480  0  -1.6139  0.244969  12863.8  1.98989  -0.190387  1
481  0  -0.0736054  0.267172  12957.9  1.94158  0.167756  1
482  0  0.508061  -0.361324  12676.7  2.04568  -0.0557165  1
483  0  0.850366  -0.530712  12735.8  1.98997  -0.0903602  1
484  0  0.263918  0.798109  12644.3  2.02862  0.0149575  1
485  0  0.46899  -0.136124  12627.5  2.06678  0.0217253  1
486  0  0.0143156  0.0845914  13619.8  1.44549  0.612991  1
487  0  0.350768  0.172188  11482.1  2.64304  -0.065353  1
488  0  0.873725  0.262123  12532.4  2.01868  -0.294516  1
489  0  1.06302  0.131649  12736.7  1.97342  -0.307736  1
490  0  -0.105514  -0.784942  12739.9  2.03935  -0.17681  1
491  0  -0.0227327  -1.24852  12730.4  2.02348  -0.170712  1
492  0  0.284506  -1.17085  12716.1  2.01726  -0.135348  1
493  0  0.85031  -0.141716  12828.9  1.96112  -0.0426624  1
494  0  -0.600725  0.256909  12911.7  2.00401  -0.242436  1
495  0  -1.54371  1.49891  12882.5  1.98504  -0.20318  1
496  0  0.494137  0.21073  11957.6  2.40273  -0.252014  1
497  0  1.06523  0.0242417  12876.6  1.35468  -0.247323  1
498  0  1.5308  0.153053  12714  1.90313  -0.196674  1
499  0  0.630433  1.14007  12703.3  1.94061  -0.0725711  1
500  0  -0.0696997  0.0605172  13648.6  1.52797  -0.0274871  1
501  0  -0.150551  0.086687  13288.9  1.76731  -0.0514727  1
502  0  0.584999  0.297028  12231.3  2.19423  -0.225772  1
503  0  0.619882  0.507876  12454  2.09289  -0.145832  1
504  0  0.043288  -0.365201  12645.3  2.08026  -0.170372  1
505  0  0.353616  -0.155037  12505.7  2.11318  -0.0066968  1
506  0  0.509524  -0.0209405  12682.3  1.09311  0.0622011  1
507  0  0.0197716  0.507036  12680.7  2.06089  0.113927  1
508  0  0.59971  -0.124649  12748.9  2.01752  0.0150199  1
509  0  0.994279  -0.134059  12849.1  1.9405  -0.0699006  1
510  0  0.432437  0.322248  12124.2  2.26994  -0.09677  1
511  0  -0.620292  -0.40213  12839.1  2.00719  -0.257467  1
512  0  -0.0728926  0.195071  13109.1  1.85944  0.165823  1
513  0  0.760225  -0.0313837  12877.6  1.43905  -0.00514123  1
514  0  0.817854  -0.0288771  12878.2  1.41444  -0.0189446  1
515  0  0.294184  -0.0355038  12296  1.39866  0.0200152  1
516  0  0.0869011  0.13163  12533.5  2.0542  0.716834  1
517  0  0.429855  -0.0244849  12535.9  1.11665  0.0885553  1
518  0  0.372441  -0.031769  12405.7  1.33481  0.0704992  1
519  0  0.78884  -0.119902  12828.5  1.97425  -0.0260375  1
520  0  0.900351  -0.0317856  12868.9  1.46851  -0.0342835  1
521  0  0.656797  -0.214537  12752.4  1.99862  -0.0218996  1
522  0  0.2159  -0.044676  12244.9  1.78086  -0.0249328  1
523  0  -1.17592  0.94026  12880.5  2.00478  -0.262739  1
524  0  -0.158639  -0.248121  12801.9  2.01787  -0.239403  1
525  0  0.702279  0.110087  12287.2  1.84688  -0.352948  1
526  0  0.741998  0.100251  12354.3  1.76555  -0.351853  1
527  0  -0.153966  -1.65414  12729  2.0029  -0.19806  1
528  0  0.0508867  -0.0465124  11412.2  2.38514  -0.38264  1
529  0  0.892446  0.0679308  12583.5  1.62143  -0.355597  1
530  0  0.640995  -0.319771  12727.2  2.02042  -0.0470951  1
531  0  0.188511  0.163127  11733.9  2.52086  0.481939  1
532  0  0.0463658  0.716841  12690.3  2.03548  0.065889  1
533  0  0.788187  -0.261903  12777.4  1.98675  -0.0508525  1
534  0  0.439911  0.520072  12423  2.12993  -0.0617935  1
535  0  1.22433  -0.767611  12712.8  1.98669  -0.116169  1
536  0  0.174505  0.260944  12199.1  2.24995  0.270651  1
537  0  0.951891  -0.363659  12772.5  1.97453  -0.0863099  1
538  0  0.0955304  -0.0479834  11763.6  2.13443  -0.137261  1
539  0  -1.0372  -0.552786  12828.3  1.9981  -0.236179  1
540  0  0.705107  -0.114659  12816.1  1.98236  -0.00839625  1
541  0  -0.532077  -0.932084  12778.6  2.02907  -0.225062  1
542  0  1.37511  0.886341  12659.4  1.92574  -0.164247  1
543  0  0.409176  -0.105907  12544.6  2.15671  0.0440523  1
544  0  -1.67631  -0.573231  12829.1  1.99154  -0.190365  1
545  0  -0.947526  -1.68936  12772.8  2.00258  -0.19688  1
546  0  1.09915  -0.231505  12806.9  1.94413  -0.0941685  1
547  0  0.817648  0.0855654  12478.1  1.76164  -0.358652  1
548  0  0.986837  0.516183  12609.4  1.97536  -0.199292  1
549  0  1.03009  0.315872  12635.1  1.95981  -0.256342  1
550  0  0.613562  0.12408  12125.5  1.80527  -0.322578  1
551  0  1.55786  1.52795  12672  1.89983  -0.148355  1
552  0  0.161458  -0.0858954  12209.1  2.33238  -0.102699  1
553  0  0.982486  0.045133  12776.5  1.44935  -0.346529  1
554  0  0.304875  0.167169  11297  2.54432  0.0902913  1
555  0  0.322264  -0.107677  12421  2.21034  0.00213166  1
556  0  0.553562  -0.0743995  12727.9  1.99345  0.0489803  1
557  0  0.319186  0.253137  11874.7  2.38042  0.0325225  1
558  0  -0.459464  0.549484  12879.1  2.01488  -0.160817  1
559  0  -0.0254705  -0.105338  12556.5  2.05698  -0.429165  1
560  0  -1.65582  -1.08109  12807.1  1.99311  -0.188823  1
561  0  -0.128115  0.483371  12804.5  2.02091  0.0759474  1
562  0  0.12511  0.185663  12252.5  2.20448  0.48435  1
563  0  0.731095  -0.481116  12729.4  2.00008  -0.0767528  1
564  0  0.749025  0.195214  12388.6  2.14739  -0.346887  1
565  0  1.33011  -0.258075  12767.7  1.95763  -0.1202  1
566  0  0.33471  -0.597704  12681  2.04229  -0.107041  1
567  0  0.431426  -0.229878  12612.2  2.08167  -0.0221714  1
568  0  0.565476  0.244603  12148.1  2.2282  -0.260814  1
569  0  0.946556  -0.172055  12828.2  1.94459  -0.0636151  1
570  0  -0.598272  -0.611002  12808.8  2.01718  -0.244198  1
571  0  -0.409613  0.881537  12834.7  2.00839  -0.110528  1
572  0  1.1378  0.177805  12748.8  1.94152  -0.265414  1
573  0  0.488451  -0.0913624  12642.6  2.0782  0.0485373  1
574  0  1.13388  0.289749  12680.5  1.92868  -0.248564  1
575  0  0.562844  -0.568842  12698.5  2.01981  -0.0870459  1
576  0  0.929783  0.135586  12612.7  2.08017  -0.37741  1
577  0  0.0468409  0.16296  12858.6  1.9224  0.496073  1
578  0  0.0496129  0.199033  12738.5  1.99643  0.413937  1
579  0  0.365751  0.206892  11672.2  2.55908  -0.0756111  1
580  0  -1.65464  0.635501  12876.5  1.99048  -0.185738  1
581  0  -1.70604  -0.10263  12851.3  1.99104  -0.188845  1
582  0  1.09374  -0.898158  12706.1  1.99637  -0.116892  1
583  0  0.259219  0.162448  11310.4  2.55588  0.257628  1
584  0  0.00601421  0.0572484  14068.6  1.0867  0.484373  1
585  0  1.27334  0.493445  12661.7  1.92589  -0.200287  1
586  0  0.791352  -0.0162551  12880.6  1.10049  -0.0188502  1
587  0  0.11548  -0.131864  12273.1  2.22021  -0.177575  1
588  0  0.650189  0.193399  12224.8  2.26036  -0.343913  1
589  0  0.231825  0.256287  12006.1  2.33395  0.196118  1
590  0  0.870909  -0.105129  12843.8  1.95234  -0.0419775  1
591  0  0.220216  -0.128602  12351.5  2.17869  -0.0679961  1
592  0  0.426558  -0.411479  12657.4  2.05146  -0.0740789  1
593  0  1.18108  1.07933  12667.2  1.92961  -0.14274  1
594  0  0.417823  0.158696  11541  2.29689  -0.198675  1
595  0  0.461158  0.152659  11711.9  2.18547  -0.255316  1
596  0  0.574336  -0.00876998  12772.6  0.782033  0.0229369  1
597  0  0.617669  -0.00926119  12827.7  0.855742  0.0334667  1
598  0  -1.58458  -1.58458  12792.1  1.99329  -0.185167  1
599  0  0.401282  -0.0153535  12482.9  0.616999  0.00701792  1
600  0  -0.200571  0.279124  12995.1  1.94744  0.0237457  1
601  0  0.0422039  0.0902513  13147.9  1.60096  0.828299  1
602  0  0.119379  -0.288368  12558  2.12422  -0.154144  1
603  0  -0.180281  1.68284  12876.2  1.83463  0.0704481  1
604  0  0.908605  -1.63395  12690.8  1.99961  -0.127611  1
605  0  0.146466  0.140466  11805.1  2.32851  0.661108  1
606  0  1.08486  -0.612935  12730.9  1.98426  -0.107049  1
607  0  0.50575  0.144134  11812.7  2.04619  -0.286368  1
608  0  0.0223342  -0.0378469  11312.4  2.33748  -0.678325  1
609  0  0.548149  0.133759  11956  1.88992  -0.302737  1
610  0  0.245285  -0.358641  12596.3  2.09348  -0.103569  1
611  0  0.0585839  -0.180173  12462  2.16864  -0.234984  1
612  0  -0.472573  0.027075  12951.8  1.9683  -0.226123  1
613  0  0.706123  -0.357312  12739.6  2.0072  -0.0588394  1
614  0  -0.742537  -0.0910129  12882.1  1.9899  -0.264377  1
615  0  -0.316153  -0.115188  12950.4  1.95662  -0.230034  1
616  0  0.909051  1.44421  12717.7  1.901  -0.107941  1
617  0  -0.0327586  -0.609744  12719.9  2.04708  -0.168475  1
618  0  0.106153  -0.556061  12684.9  2.05425  -0.141832  1
619  0  1.70834  0.292051  12676.4  1.9081  -0.187914  1
620  0  0.303268  1.38457  12784.6  1.90531  0.013304  1
621  0  0.438051  0.270425  12004.5  2.30827  -0.133968  1
622  0  -0.649326  -1.73353  12758.9  2.00648  -0.208325  1
623  0  1.30417  -1.65278  12674  1.99752  -0.132151  1
624  0  0.573132  0.198621  12093.3  2.33576  -0.315014  1
625  0  0.125769  1.08307  12745.8  1.974  0.0454474  1
626  0  0.277653  -0.186554  12465.9  2.15173  -0.0559208  1
627  0  0.162401  -0.0381427  12170.6  1.56114  -0.00880522  1
628  0  1.02981  -0.188536  12827  1.94092  -0.0815848  1
629  0  -0.0309754  0.162307  13181.9  1.79452  0.28337  1
630  0  0.701568  0.428847  12444.7  2.08448  -0.199976  1
631  0  0.294981  0.571268  12495.9  2.11529  0.0158817  1
632  0  0.532026  0.573854  12478.2  2.09414  -0.0940179  1
633  0  0.70453  -0.00953708  12889  0.933112  0.0142955  1
634  0  0.66117  -0.00776503  12857.7  0.853386  0.0129838  1
635  0  0.372118  0.160034  11434.7  2.37825  -0.114988  1
636  0  0.263039  0.363185  12261.4  2.22775  0.0803739  1
637  0  0.170143  -0.181228  12412.7  2.18766  -0.12716  1
638  0  -0.00407649  -0.23215  12601.1  2.10459  -0.236946  1
639  0  0.252886  0.21095  11735.7  2.46983  0.200923  1
640  0  0.274732  -0.0949059  12357.6  2.2666  -0.0273006  1
641  0  -0.845991  0.865203  12867.5  2.02162  -0.27891  1
642  0  -1.13979  1.58614  12890.4  1.95374  -0.262231  1
643  0  -0.114389  -0.0192704  13257.9  1.76633  -0.285633  1
644  0  0.875861  0.127819  12548.6  2.11185  -0.394512  1
645  0  0.0732157  -0.0411835  11518.7  2.09638  -0.19402  1
646  0  0.373484  0.325915  12129.7  2.27499  -0.0349964  1
647  0  0.416875  0.22303  11827  2.44073  -0.146331  1
648  0  0.243223  -0.236065  12501.9  2.1495  -0.0883224  1
649  0  0.207705  -0.297121  12552.2  2.12399  -0.113843  1
650  0  0.922477  -0.018959  12862.7  1.20036  -0.0339658  1
651  0  0.522005  0.691761  12554.1  2.05074  -0.0722754  1
652  0  0.709624  -0.0655929  12841.3  1.84777  0.00649615  1
653  0  0.530909  -0.00662297  12718.2  0.640534  0.0345161  1
654  0  -0.0765153  -0.39896  12716.1  2.05433  -0.193811  1
655  0  0.48735  -0.00878867  12663.7  0.614147  0.00795912  1
656  0  0.356736  -0.272365  12581.4  2.10667  -0.0556242  1
657  0  -0.998824  -0.978358  12798.5  2.00811  -0.223825  1
658  0  -0.920661  0.128524  12880.6  1.99245  -0.255753  1
659  0  0.878625  -0.0180015  12865.4  1.18135  -0.0407571  1
660  0  0.119514  -0.0396909  11887.9  1.75249  -0.05925  1
661  0  0.314626  -0.0192085  12290.5  0.670679  -0.00834414  1
662  0  0.162171  0.214971  12101.4  2.28249  0.379623  1
663  0  0.270774  -0.0244974  12275.5  0.823552  -0.036113  1
664  0  0.214575  0.152468  11447.1  2.48997  0.42739  1
665  0  -0.0256884  -0.0206791  12986.2  1.62614  -0.93965  1
666  0  0.966795  -0.0219496  12879.9  1.24216  -0.0299218  1
667  0  0.281481  0.294146  12069  2.31196  0.086654  1
668  0  -0.712379  0.647765  12873.4  2.02628  -0.263436  1
669  0  0.972567  0.0753132  12729.2  1.83725  -0.377026  1
670  0  0.205167  -0.0923797  12281.2  2.30007  -0.0686082  1
671  0  -1.05494  -0.309543  12846.4  1.99129  -0.236458  1
672  0  0.910871  0.0487311  12631  1.15907  -0.266589  1
673  0  0.929797  -0.0832908  12856.6  1.89425  -0.0470953  1
674  0  1.23026  0.126751  12779.2  1.88576  -0.248327  1
675  0  0.868162  0.0586193  12544.1  1.18048  -0.255577  1
676  0  -0.00611082  0.275423  12813.8  1.99364  0.238094  1
677  0  0.502984  -0.268254  12664.7  2.05751  -0.0308422  1
678  0  0.76384  -0.0601507  12866.7  1.79245  -0.00543656  1
679  0  0.793311  -0.080439  12853.1  1.90098  -0.0200398  1
680  0  0.330665  0.160014  11218.7  2.43814  -0.00678196  1
681  0  0.676355  0.103223  12230.2  1.5142  -0.28416  1
682  0  0.590644  0.121991  12064.1  1.70161  -0.303021  1
683  0  0.761632  0.0840866  12396.9  1.36174  -0.282926  1
684  0  0.719249  0.0929723  12314.4  1.37633  -0.274283  1
685  0  0.633547  0.112693  12160.9  1.57771  -0.285927  1
686  0  0.354589  0.469558  12375.6  2.16249  -0.0189684  1
687  0  1.03726  -0.297373  12788.4  1.95796  -0.0893399  1
688  0  -0.0735419  0.4054  12806.9  2.01606  0.121006  1
689  0  0.879808  -0.420056  12754.7  1.98378  -0.0846211  1
690  0  0.461494  -1.68469  12701.9  1.99873  -0.130612  1
691  0  0.357854  -0.978523  12709.2  2.02464  -0.125273  1
692  0  0.95455  0.0375527  12690.1  1.11415  -0.253807  1
693  0  0.807716  0.306043  12479.5  2.05398  -0.275268  1
694  0  0.282386  0.158588  11242.2  2.48861  0.174717  1
695  0  1.22762  0.361459  12682  1.91694  -0.222194  1
696  0  0.531916  0.339272  12223.3  2.21464  -0.171386  1
697  0  0.173734  0.143427  11578.1  2.39836  0.570099  1
698  0  0.498584  -1.22246  12708.4  2.01198  -0.126936  1
699  0  1.05515  -0.0236253  12936.6  1.28166  -0.0602675  1
700  0  0.690659  0.137919  12267.9  2.20616  -0.390544  1
701  0  -0.125289  -0.103129  12967.2  1.91491  -0.311992  1
702  0  -0.0204473  0.117751  13451.8  1.61558  0.32652  1
703  0  -0.258069  -0.0420187  13032.8  1.9115  -0.208424  1
704  0  1.00244  0.030521  12840.1  1.09649  -0.262297  1
705  0  -0.0342909  0.963995  12760.2  1.99403  0.0478095  1
706  0  0.638229  0.28184  12290.2  2.15405  -0.259422  1
707  0  0.184501  -0.0320791  12221.3  1.17361  0.00611108  1
708  0  0.394556  0.153817  11442.9  2.21669  -0.162598  1
709  0  0.536385  -0.163516  12688.8  2.02916  0.00766188  1
710  0  0.482513  0.142722  11717.3  1.96819  -0.265419  1
711  0  -0.557775  0.127534  12931.8  1.98458  -0.236243  1
712  0  0.856825  -0.0125694  12867.8  1.04258  -0.0307469  1
713  0  1.23571  -1.12623  12690  1.99535  -0.126005  1
714  0  0.792313  0.199527  12436.1  2.09687  -0.341227  1
715  0  0.931808  0.0404756  12647.6  0.967656  -0.238193  1
716  0  0.726409  -0.00667182  12892  0.830817  0.0103966  1
717  0  0.639525  -0.00423736  12842.6  0.688811  0.0240824  1
718  0  0.552584  -0.0039097  12744.7  0.52808  0.0575014  1
719  0  0.465471  -0.00523482  12649.6  0.435277  0.0431129  1
720  0  1.73914  0.975494  12653.6  1.90726  -0.16821  1
721  0  0.336014  -0.0140044  12328.1  0.345075  0.00468313  1
722  0  0.350024  1.64887  12831.6  1.86914  -0.0153438  1
723  0  0.568735  0.124107  11971.9  1.62455  -0.282141  1
724  0  1.42587  -0.655422  12704  1.97781  -0.123128  1
725  0  0.653945  0.104042  12196  1.36446  -0.262  1
726  0  -0.394705  0.256596  12959.4  1.98279  -0.142536  1
727  0  0.78246  0.07532  12410.3  1.12104  -0.232108  1
728  0  0.773485  0.647908  12568.2  2.0178  -0.144676  1
729  0  1.6912  -0.849208  12670.5  1.98353  -0.135063  1
730  0  0.104471  0.526174  12611  2.08462  0.0988415  1
731  0  -0.105135  0.148605  13269  1.78028  0.096229  1
732  0  0.348941  -0.501928  12661.9  2.04974  -0.0947014  1
733  0  0.826788  -0.671121  12721  1.99915  -0.097742  1
734  0  -0.779259  0.269316  12891.9  2.0036  -0.26407  1
735  0  0.826211  -0.214984  12801.1  1.96161  -0.0480908  1
736  0  0.0293551  0.602292  12684.4  2.05279  0.0864743  1
737  0  0.530873  -0.461959  12689.3  2.02907  -0.072957  1
738  0  0.329792  -0.07101  12356.6  2.13118  0.0414906  1
739  0  0.806903  0.131532  12446.5  2.15663  -0.399361  1
740  0  -0.804107  -0.574632  12823.2  2.00575  -0.249414  1
741  0  -1.387  -0.0289842  12857.6  1.9896  -0.205919  1
742  0  0.20475  0.179056  11703.8  2.5079  0.402613  1
743  0  -0.527855  1.68916  12922.9  1.88221  -0.113961  1
744  0  0.694319  -1.16883  12705.2  2.00686  -0.121271  1
745  0  0.927225  -0.234504  12805.5  1.95417  -0.0665042  1
746  0  0.0498287  -0.0948863  12132.8  2.26231  -0.318616  1
747  0  0.761286  -0.206423  12787.9  1.97233  -0.0365382  1
748  0  0.70665  -0.211054  12771.7  1.98344  -0.027549  1
749  0  -0.222801  0.528233  12834.4  2.01472  0.00853456  1
750  0  0.955158  1.72832  12736.6  1.92287  -0.116272  1
751  0  0.208682  -0.655021  12689.6  2.04637  -0.126441  1
752  0  0.378575  -0.0580111  12461.9  1.97466  0.0789317  1
753  0  0.405149  -0.0710271  12518.9  2.09066  0.0724922  1
754  0  0.996354  -0.0872567  12865  1.87181  -0.0559505  1
755  0  1.01  0.152586  12699  1.99897  -0.326815  1
756  0  1.73856  -0.0467255  12690.3  1.91318  -0.168179  1
757  0  1.60747  -1.14357  12671.1  1.99023  -0.134528  1
758  0  1.34547  0.67332  12659.2  1.92585  -0.180898  1
759  0  1.51646  0.513839  12669.3  1.90797  -0.188993  1
760  0  1.42955  -0.426635  12727.8  1.96996  -0.124577  1
761  0  1.67957  -0.318966  12689.3  1.96047  -0.141274  1
762  0  0.765264  0.11955  12400  2.098  -0.398235  1
763  0  0.480157  -0.0590328  12645  1.91481  0.0776981  1
764  0  0.186801  0.385136  12404.2  2.16758  0.131669  1
765  0  0.699599  0.212593  12321.1  2.1595  -0.329291  1
766  0  0.743034  0.295748  12409.7  2.09366  -0.278499  1
767  0  -1.14686  0.356116  12871.7  1.99406  -0.233471  1
768  0  -0.219907  0.20331  13066.3  1.91708  -0.0136975  1
769  0  0.367905  0.904966  12657.9  2.00273  -0.0137181  1
770  0  0.858054  -1.31848  12698.6  2.00151  -0.123147  1
771  0  0.0940381  -0.0956314  12109  2.3023  -0.20364  1
772  0  0.274913  -0.0480263  12302.2  1.83943  0.0118657  1
773  0  0.875653  0.08328  12558.6  1.83524  -0.384409  1
774  0  0.926001  0.220064  12584.8  1.98727  -0.310109  1
775  0  0.835386  -0.0119912  12884.7  1.04609  -0.0200463  1
776  0  0.7469  -0.00884851  12886.5  0.930157  -0.00618378  1
777  0  -0.279254  -0.309539  12827  2.01373  -0.233358  1
778  0  0.325601  0.393431  12266.8  2.21788  0.0112393  1
779  0  0.126035  -0.231578  12478.2  2.16118  -0.156545  1
780  0  0.820172  0.403317  12510.2  2.03985  -0.229079  1
781  0  0.237373  0.153657  11325.4  2.47449  0.344408  1
782  0  -0.429942  -0.0970409  12926.3  1.97407  -0.239437  1
783  0  0.921257  -0.0412412  12862.3  1.59276  -0.03631  1
784  0  1.36164  0.15009  12749.6  1.89476  -0.214108  1
785  0  1.39148  1.74891  12693.6  1.94314  -0.148292  1
786  0  -0.65321  -0.230332  12869.7  1.99407  -0.264663  1
787  0  0.995961  0.416994  12602.2  1.98064  -0.228341  1
788  0  0.154422  -0.79682  12710.9  2.04037  -0.136266  1
789  0  -0.807385  0.453151  12883.7  2.01626  -0.270763  1
790  0  0.444093  -0.00595654  12582.2  0.452171  0.0734947  1
791  0  0.879451  -0.0430667  12871.3  1.61089  -0.0299996  1
792  0  0.356807  -0.0127988  12334.1  0.435604  0.0257788  1
793  0  0.617314  -0.264655  12726.2  2.02386  -0.0320197  1
794  0  -0.581985  0.996965  12847.5  2.01739  -0.197668  1
795  0  0.000635869  -0.0276016  11489.8  2.04354  -1.10971  1
796  0  -0.13522  1.39507  12835.6  1.92292  0.0572268  1
797  0  0.749981  -0.127921  12815.1  1.98119  -0.0211768  1
798  0  0.936849  0.0959713  12638.6  1.99989  -0.391459  1
799  0  0.438446  0.147566  11597.9  2.05024  -0.218556  1
800  0  -0.115471  0.0448112  13428.5  1.66627  -0.122977  1
801  0  0.113421  -0.454405  12651.5  2.06818  -0.141055  1
802  0  0.575163  -0.0422355  12762.9  1.62508  0.0574881  1
803  0  -0.336187  0.354838  12929.8  1.99328  -0.0853043  1
804  0  -0.370543  0.463931  12884.8  2.01038  -0.0932825  1
805  0  0.869618  -0.0679043  12860.7  1.83133  -0.0352178  1
806  0  0.815854  -0.0557046  12862.7  1.73937  -0.0226022  1
807  0  0.0658261  0.096796  12777.9  1.77689  0.881654  1
808  0  0.673611  -0.751132  12711.3  2.011  -0.101304  1
809  0  0.596059  -0.00256721  12792.6  0.581751  0.039053  1
810  0  -0.307939  -0.838574  12762.3  2.03404  -0.204659  1
811  0  0.719967  0.163849  12335.4  2.24776  -0.384135  1
812  0  1.31614  -0.123508  12791.7  1.85705  -0.120288  1
813  0  0.227717  -0.0252119  12279.5  0.867726  -0.0265648  1
814  0  1.04095  0.689387  12629  1.96419  -0.169997  1
815  0  0.891662  0.777145  12616.9  1.98163  -0.143322  1
816  0  0.107288  0.119335  12186.2  2.12237  0.791437  1
817  0  -0.0718761  -0.216986  12717.7  2.04803  -0.265304  1
818  0  -0.351474  0.0938492  13021.2  1.93382  -0.164544  1
819  0  0.464951  0.36849  12227  2.21817  -0.114895  1
820  0  0.381822  -0.204747  12564.1  2.10241  -0.0224819  1
821  0  -0.229132  0.346682  12938.6  1.97799  0.00439207  1
822  0  0.151859  -1.70403  12709.6  1.99662  -0.156158  1
823  0  0.768029  -0.00713052  12893.9  0.889697  -0.0122787  1
824  0  0.615807  -0.0432233  12813  1.62649  0.0487471  1
825  0  -0.0560206  0.326633  12850.9  1.98848  0.16178  1
826  0  0.0136873  0.17221  13001  1.87239  0.400812  1
827  0  0.42942  -0.0497997  12540.8  1.80704  0.0902137  1
828  0  0.636092  0.137419  12166.1  2.18931  -0.377879  1
829  0  0.0638158  0.375461  12622.1  2.07924  0.178655  1
830  0  0.373945  -0.119514  12497.3  2.15627  0.0189444  1
831  0  0.0194919  -0.119125  12364.1  2.16039  -0.364778  1
832  0  0.655235  0.160581  12210.1  2.32736  -0.380996  1
833  0  0.81471  -0.00814764  12882.5  0.930012  -0.0196586  1
834  0  -0.0765964  -0.966851  12737.1  2.03591  -0.170279  1
835  0  -0.603742  -1.15197  12770.6  2.02675  -0.219782  1
836  0  0.908646  -0.894408  12711.5  2.00193  -0.109809  1
837  0  0.247777  -0.021216  12256.6  0.632433  0.000808848  1
838  0  0.314862  -0.0453354  12293.6  1.73332  0.0372551  1
839  0  0.0837059  0.108091  12530.9  1.95451  0.842499  1
840  0  0.528489  -0.0314502  12708.3  1.39591  0.0686375  1
841  0  -1.32703  -0.524286  12830.6  1.99351  -0.211423  1
842  0  0.490058  -0.0342108  12666.1  1.45203  0.0811515  1
843  0  0.378638  -0.00921511  12397.3  0.3033  0.0564258  1
844  0  0.522365  -0.0803137  12692.2  2.0289  0.0528434  1
845  0  0.95043  -0.609218  12731.1  1.9898  -0.100122  1
846  0  0.824514  0.232411  12483.6  2.04509  -0.316179  1
847  0  -0.100391  -0.502291  12728  2.04896  -0.186384  1
848  0  0.260417  -0.0712295  12324.5  2.24955  -0.0228299  1
849  0  0.645043  0.765676  12591.1  2.01619  -0.100993  1
850  0  0.4236  -0.00484566  12511.1  0.265661  0.0542247  1
851  0  0.443105  -0.647751  12693.6  2.02993  -0.100641  1
852  0  0.169137  0.733266  12645.1  2.0451  0.0431847  1
853  0  0.525341  0.131725  11863.1  1.73005  -0.265277  1
854  0  0.692456  0.329099  12380.7  2.11754  -0.248893  1
855  0  0.825731  0.0649971  12490.2  1.08352  -0.232471  1
856  0  0.687035  0.952655  12648.7  1.97955  -0.0904766  1
857  0  -0.960582  1.07491  12874.4  2.01343  -0.296719  1
858  0  0.915217  0.0754681  12623.9  1.80422  -0.38043  1
859  0  0.897075  0.482356  12568.4  2.00496  -0.207828  1
860  0  -0.515295  -0.233251  12875.8  1.99452  -0.256911  1
861  0  0.157947  -0.0621161  12160.4  2.33084  -0.0774696  1
862  0  -0.20673  -0.447297  12768.8  2.03817  -0.210722  1
863  0  0.600723  0.420476  12373.7  2.12924  -0.168396  1
864  0  0.577641  -0.0988015  12738.9  2.02729  0.0311798  1
865  0  0.300524  0.21201  11645.2  2.52784  0.0884899  1
866  0  0.825576  -0.115287  12843.6  1.96509  -0.0331665  1
867  0  0.188231  0.495171  12511.4  2.11976  0.0815984  1
868  0  -0.179618  0.667767  12791.2  2.01277  0.0221033  1
869  0  -0.429482  0.710643  12847  2.01062  -0.131935  1
870  0  -0.243969  -0.193648  12888.6  1.97966  -0.241609  1
871  0  1.70261  -1.70261  12655.9  1.99904  -0.137627  1
872  0  0.204028  -0.0300219  12229.9  1.09941  -0.0313873  1
873  0  0.1185  0.275891  12434.2  2.15553  0.282773  1
874  0  0.127915  0.125711  12026.6  2.18993  0.743937  1
875  0  0.445096  -0.106997  12603.6  2.11312  0.0414885  1
876  0  0.598322  0.144713  12099  2.25699  -0.370416  1
877  0  -1.16582  -0.117452  12860  1.98775  -0.226977  1
878  0  0.70631  0.545367  12505.3  2.05779  -0.160271  1
879  0  -0.498699  1.20896  12842.7  2.0022  -0.142547  1
880  0  1.01278  0.100782  12763.8  1.97526  -0.346261  1
881  0  1.04198  0.061771  12855.7  1.68886  -0.327985  1
882  0  -0.325936  0.184079  13015.3  1.94928  -0.11314  1
883  0  0.387037  0.75394  12594.1  2.04231  -0.02516  1
884  0  0.944928  -0.0148888  12863.3  1.0955  -0.0241679  1
885  0  0.663456  -0.0333318  12846.6  1.45267  0.0386769  1
886  0  0.700911  -0.0360776  12856.8  1.50842  0.0161679  1
887  0  0.55222  0.168185  12001.1  2.41872  -0.347292  1
888  0  0.75106  -0.308158  12758.4  1.99898  -0.0551192  1
889  0  -0.706491  -1.43609  12769  2.01856  -0.212214  1
890  0  0.453834  -0.170366  12616.2  2.06212  0.00477541  1
891  0  0.523469  0.477316  12394.7  2.13037  -0.115605  1
892  0  1.80188  0.58571  12657.4  1.90072  -0.180529  1
893  0  0.316884  -0.337122  12599.7  2.09252  -0.0803428  1
894  0  -0.139006  0.254095  13027.8  1.92016  0.0894124  1
895  0  -1.30067  -1.70748  12785  1.99603  -0.189758  1
896  0  0.869809  -0.351863  12769.5  1.98264  -0.075597  1
897  0  0.80319  0.0690843  12431.1  1.13158  -0.222049  1
898  0  1.08397  -0.0761641  12900.5  1.73093  -0.0678014  1
899  0  0.462445  -0.877262  12705.1  2.02554  -0.116289  1
900  0  0.885759  -0.152894  12828  1.9538  -0.0505576  1
901  0  0.56462  -0.135889  12719  2.02975  0.0160615  1
902  0  1.01474  -0.0223568  12890.7  1.21157  -0.00780351  1
903  0  -0.22778  0.982348  12804.6  1.99827  -0.00654114  1
904  0  0.99157  0.246594  12628.2  1.95898  -0.287512  1
905  0  -0.232379  -1.32525  12741  2.02213  -0.195768  1
906  0  -1.3865  1.2486  12882.9  1.99856  -0.231607  1
907  0  0.622163  -0.155712  12755.5  1.99795  -0.00235947  1
908  0  0.650908  -0.0533318  12826.3  1.77637  0.0383884  1
909  0  0.684598  -0.169603  12779.4  1.98103  -0.0143941  1
910  0  0.844842  0.0579736  12487.3  0.960653  -0.220397  1
911  0  0.668115  -0.0865509  12811.6  1.97146  0.0128224  1
912  0  -0.237155  0.0508681  13129.7  1.86459  -0.138491  1
913  0  -1.41445  1.76154  12888  1.96213  -0.197969  1
914  0  0.868882  0.212397  12530.2  2.02391  -0.325504  1
915  0  1.36819  -1.34464  12676.5  1.99506  -0.132128  1
916  0  0.959588  -0.104413  12854.3  1.93102  -0.0554169  1
917  0  0.463228  0.187022  11807.8  2.53203  -0.24953  1
918  0  0.884237  0.331577  12542.3  2.0176  -0.26073  1
919  0  1.33768  1.31239  12675.6  1.90654  -0.145063  1
920  0  -0.0401511  0.230923  13007.3  1.90246  0.235361  1
921  0  1.20766  -0.217777  12797.1  1.94158  -0.107158  1
922  0  -1.35301  0.266412  12866.2  1.98933  -0.209514  1
923  0  -0.0637537  -0.0185393  13376.5  1.62067  -0.442512  1
924  0  0.0251906  0.106151  13270.8  1.63212  0.628985  1
925  0  0.608571  -0.0958338  12771.2  2.01082  0.0247048  1
926  0  0.989856  -0.017436  12866.6  1.12594  -0.0277111  1
927  0  -1.70874  1.24565  12886.4  1.99682  -0.186055  1
928  0  0.46564  0.242488  11963.2  2.33113  -0.185696  1
929  0  0.138925  0.163462  12047.2  2.29369  0.573915  1
930  0  0.597047  -0.875779  12707.9  2.01765  -0.111156  1
931  0  -1.38521  0.771082  12877.3  1.9955  -0.217859  1
932  0  0.850949  0.917388  12644.9  1.97025  -0.120121  1
933  0  0.427145  0.191518  11727.3  2.5631  -0.20408  1
934  0  1.43244  -0.0125169  12756.8  1.83657  -0.167699  1
935  0  0.814233  -0.312998  12768.8  1.98974  -0.062966  1
936  0  1.68719  1.24111  12660  1.89978  -0.155496  1
937  0  0.0912468  0.201901  12502.7  2.1036  0.438838  1
938  0  0.0873932  -0.152173  12342.2  2.20735  -0.214847  1
939  0  -1.72616  -1.33092  12799.3  1.9927  -0.185515  1
940  0  0.514753  0.17529  11919.4  2.46776  -0.322848  1
941  0  1.11493  0.547544  12635.4  1.95216  -0.195846  1
942  0  1.1851  0.0187467  12864.9  1.64509  -0.20016  1
943  0  0.683024  -0.0023666  12870.2  0.69016  0.0222691  1
944  0  -0.612795  0.0127292  12912  1.98535  -0.256464  1
945  0  -0.0906454  0.0923941  13453  1.65681  0.0374414  1
946  0  0.027447  -0.795697  12722.7  2.04154  -0.154629  1
947  0  0.14025  -0.0328737  12029.4  1.36847  -0.00376191  1
948  0  -0.300571  -0.564482  12778.2  2.03511  -0.217211  1
949  0  0.967978  0.152597  12653.6  2.03319  -0.344827  1
950  0  0.217825  -0.0639512  12247.6  2.22513  -0.0393519  1
951  0  -1.71513  1.75831  12889  1.98343  -0.183972  1
952  0  0.202548  -0.425942  12630.9  2.07328  -0.117694  1
953  0  1.02992  0.0117586  12923.5  1.02623  -0.147889  1
954  0  -0.218965  -0.695065  12755.7  2.0377  -0.197132  1
955  0  0.312169  -0.159955  12470.5  2.13651  -0.0256854  1
956  0  0.107041  -1.11226  12723.3  2.02589  -0.149689  1
957  0  0.540188  -0.0508805  12712  1.79757  0.0606502  1
958  0  0.790873  1.27293  12710.6  1.91606  -0.0960892  1
959  0  -0.746582  -1.00658  12788  2.02041  -0.229611  1
960  0  0.137442  -0.107509  12217.2  2.24022  -0.136359  1
961  0  0.256508  0.186235  11547.3  2.60229  0.24092  1
962  0  0.350286  0.153531  11356.7  2.24333  -0.0633711  1
963  0  0.899772  -0.0880985  12846.7  1.91631  -0.0430827  1
964  0  0.0344469  -0.281931  12604.9  2.10461  -0.1948  1
965  0  -0.0154241  0.828675  12736.8  2.01107  0.0554334  1
966  0  -0.443307  -0.357531  12840.9  2.0109  -0.247337  1
967  0  -0.450724  -0.508162  12810  2.02405  -0.239633  1
968  0  0.497006  1.02148  12681.7  1.97515  -0.0449949  1
969  0  -0.0488701  0.0383686  13888.1  1.32316  -0.109078  1
970  0  0.0833111  0.238858  12574.6  2.08137  0.351885  1
971  0  0.647567  0.237479  12260.5  2.16246  -0.297991  1
972  0  -1.30059  -1.05154  12803.8  1.99801  -0.203183  1
973  0  0.438801  1.21179  12735.3  1.93746  -0.025215  1
974  0  0.435503  -1.43522  12708.4  2.00643  -0.132352  1
975  0  0.570699  -0.312358  12699.3  2.03785  -0.0423786  1
976  0  -0.145917  -0.170235  12862.6  1.9795  -0.267653  1
977  0  0.16579  0.316936  12355.5  2.19435  0.209314  1
978  0  0.965777  -0.044602  12872.2  1.62658  -0.0419513  1
979  0  0.847447  -0.176574  12816.7  1.94995  -0.0458809  1
980  0  -0.28648  1.20759  12824.1  1.9822  -0.0185758  1
981  0  0.624901  1.76411  12800.9  1.90851  -0.0808508  1
982  0  -0.0739457  -0.106  12822.7  1.96453  -0.376341  1
983  0  0.609193  0.187623  12150.8  2.33209  -0.343635  1
984  0  0.573932  0.362117  12298.2  2.17283  -0.185426  1
985  0  0.377332  -0.354261  12622.1  2.07692  -0.07032  1
986  0  0.63206  -0.111758  12777.7  2.00683  0.0127182  1
987  0  0.372318  0.18347  11558.9  2.65013  -0.0989305  1
988  0  -0.0078361  0.0292514  14430.8  0.647474  -0.061011  1
989  0  0.507538  -0.140082  12666.4  2.0534  0.0203488  1
990  0  1.72814  1.76156  12663.3  1.96028  -0.157174  1
991  0  1.18617  0.784741  12651.2  1.94225  -0.1638  1
992  0  0.130749  1.76812  12906.4  1.81931  0.0259111  1
993  0  0.238382  0.962779  12695.1  1.99415  0.0218658  1
994  0  0.250925  -0.149649  12403  2.15894  -0.0522213  1
995  0  0.474516  0.315468  12133.6  2.25908  -0.14564  1
996  0  1.04955  1.28892  12688.8  1.91354  -0.124723  1
997  0  0.152313  -0.145145  12330.3  2.20559  -0.133429  1
998  0  -1.03469  0.509939  12876.9  2.0065  -0.25773  1
999  0  0.860777  0.101842  12531.5  2.02513  -0.401671  1
1000  0  0.542756  -0.210601  12689.8  2.03028  -0.0109458  1
1001  0  0.0278892  0.0695569  13663.8  1.30955  0.779738  1
1002  0  0.0916573  1.29253  12790.1  1.93583  0.0605081  1
1003  0  0.530927  0.225419  12063.2  2.29736  -0.261952  1
1004  0  0.74781  0.143379  12382.8  2.23761  -0.399044  1
1005  0  -0.876886  1.33262  12887  1.99313  -0.29438  1
1006  0  0.944813  -0.291009  12789.4  1.96733  -0.0776595  1
1007  0  0.847845  0.144102  12505.7  2.15302  -0.387365  1
1008  0  0.345448  0.291927  12014  2.32771  -0.00731562  1
1009  0  0.812153  -0.450093  12743.1  1.99015  -0.0812853  1
1010  0  0.207795  -0.948267  12715.5  2.03141  -0.134829  1
1011  0  0.959694  0.348979  12588.4  1.99021  -0.25077  1
1012  0  0.84278  -0.789449  12714.1  2.0033  -0.103628  1
1013  0  0.509041  -0.00155171  12685.2  0.373  0.034174  1
1014  0  0.280283  0.680186  12578  2.06853  0.0125206  1
1015  0  -1.53092  -0.80191  12817.9  1.99345  -0.195361  1
1016  0  -0.492447  0.23178  12938.5  1.9921  -0.204004  1
1017  0  0.244211  -0.106951  12348.4  2.23413  -0.0489421  1
1018  0  -1.10222  0.718319  12873.1  2.0111  -0.263156  1
1019  0  -0.00409556  -1.47125  12725.9  2.00807  -0.173638  1
1020  0  0.192321  -0.15113  12362.6  2.19325  -0.100728  1
1021  0  0.936291  0.175875  12609.7  2.02071  -0.337214  1
1022  0  0.596675  -0.211943  12723.7  2.01388  -0.0151936  1
1023  0  -0.179145  0.150087  13173.4  1.85054  -0.0164109  1
1024  0  0.0581481  0.328253  12656.9  2.06087  0.219995  1
1025  0  0.297722  -0.238332  12526.4  2.13676  -0.0653543  1
1026  0  -1.47419  0.459547  12871.4  1.98869  -0.198546  1
1027  0  0.292222  -0.0159694  12288.9  0.379232  -0.000150153  1
1028  0  0.938576  -0.0588862  12861.5  1.74813  -0.0396693  1
1029  0  0.0496159  -0.138104  12340.8  2.19464  -0.281611  1
1030  0  0.767915  -0.15647  12810  1.96482  -0.0276574  1
1031  0  -0.431863  -1.5819  12750.5  2.01526  -0.212981  1
1032  0  0.0627204  0.141503  12813.9  1.91315  0.598235  1
1033  0  0.00265167  0.103679  13481.1  1.55819  0.480459  1
1034  0  0.021125  0.425569  12691.9  2.05991  0.144045  1
1035  0  -1.80501  0.990566  12881.6  1.99146  -0.181834  1
1036  0  -1.06857  -1.3391  12786.7  2.00571  -0.205565  1
1037  0  0.183654  0.18995  11901.8  2.39056  0.407537  1
1038  0  0.0342699  0.240446  12746.8  2.00561  0.321347  1
1039  0  0.605934  0.255951  12216.4  2.18216  -0.269202  1
1040  0  0.900991  -0.0123765  12868.6  1.04268  -0.0359662  1
1041  0  0.888036  0.04806  12572.1  0.923864  -0.21861  1
1042  0  -0.0580471  0.698545  12739.3  2.0233  0.0641576  1
1043  0  1.10898  -0.147188  12827.9  1.92597  -0.0966391  1
1044  0  -0.012918  0.00750797  13939.1  0.707064  -0.785067  1
1045  0  -0.556892  0.65125  12869.6  2.02068  -0.209352  1
1046  0  1.13136  -0.431539  12755.5  1.9703  -0.102004  1
1047  0  -0.635534  1.40254  12873.5  1.97351  -0.206524  1
1048  0  0.639077  -0.505248  12710.3  2.01202  -0.0774869  1
1049  0  0.373843  0.544869  12452  2.12616  -0.0260119  1
1050  0  0.589412  0.168476  12090.2  2.39627  -0.364077  1
1051  0  -1.78513  -1.78513  12792.6  1.99208  -0.18305  1
1052  0  -0.0595863  0.484012  12752.2  2.03642  0.108592  1
1053  0  0.587883  -0.665013  12703.7  2.01745  -0.0967756  1
1054  0  0.338875  0.222912  11729.1  2.47474  -0.00445042  1
1055  0  0.813039  0.107183  12449  2.03486  -0.406211  1
1056  0  -0.176405  0.407221  12865.8  2.00159  0.0507567  1
1057  0  0.0286824  -0.0605337  11827.5  2.48779  -0.563017  1
1058  0  -1.53714  -0.328675  12841.8  1.99087  -0.196558  1
1059  0  1.26651  -0.37123  12755.4  1.96125  -0.109007  1
1060  0  0.115092  -0.0576145  11959.4  2.42135  -0.117208  1
1061  0  0.099083  -0.0700448  11964.1  2.48596  -0.185718  1
1062  0  -0.508727  -0.755388  12789.1  2.02436  -0.230991  1
1063  0  0.355166  -0.0586127  12382  1.97232  0.0690234  1
1064  0  0.397082  0.292255  12022.8  2.31661  -0.0733466  1
1065  0  -0.0405547  0.0636034  13837.8  1.40693  0.0959766  1
1066  0  -0.0495667  0.0892917  13626.9  1.52905  0.155834  1
1067  0  -0.186518  -0.0332334  13104.5  1.86374  -0.223678  1
1068  0  0.738427  -0.0558697  12854.9  1.75495  0.000852941  1
1069  0  0.258682  1.21091  12754.4  1.94562  0.0232824  1
1070  0  -0.833142  0.017993  12879.3  1.99133  -0.26133  1
1071  0  0.699866  -1.01069  12707  2.01118  -0.114987  1
1072  0  0.0473647  -0.0710395  11895.3  2.44886  -0.411064  1
1073  0  1.08921  -0.753765  12716.6  1.99229  -0.112386  1
1074  0  -0.993859  -0.760749  12813.2  2.00438  -0.234795  1
1075  0  0.696356  0.0915188  12264.4  1.17655  -0.237641  1
1076  0  0.738671  0.0817016  12338.8  1.09  -0.229435  1
1077  0  0.732084  0.248581  12382.8  2.09931  -0.307096  1
1078  0  -0.281671  0.78215  12812.6  2.00429  -0.0368237  1
1079  0  0.194112  0.142453  11543.6  2.36776  0.497827  1
1080  0  0.449175  0.437656  12325.3  2.17214  -0.0806839  1
1081  0  -0.690911  0.351116  12894.2  2.01464  -0.262151  1
1082  0  1.53257  0.920605  12658.9  1.91665  -0.166327  1
1083  0  0.975325  0.0263366  12736.1  0.825785  -0.231472  1
