346  619  828
467  799  844
424  495  906
440  515  892
341  515  892
306  525  740
450  552  884
286  444  868
321  796  867
113  114  484
308  471  766
485  548  621
374  411  591
498  589  683
307  518  588
439  489  758
303  462  668
293  437  537
333  588  778
417  576  642
19  679  714
347  508  712
286  444  804
323  419  694
489  758  905
309  508  523
297  581  794
38  587  691
131  132  498
293  437  536
299  466  522
377  429  528
308  500  595
297  581  618
303  522  708
271  415  443
341  465  529
374  576  642
344  379  516
339  634  938
361  459  611
21  679  790
338  704  768
437  536  913
0  700  805
0  46  526
372  548  621
351  544  637
378  510  737
341  465  759
95  96  511
375  508  840
356  587  630
284  518  519
423  557  580
523  728  797
363  658  788
282  421  664
378  510  862
335  450  884
398  610  755
279  576  582
339  410  634
304  479  626
326  581  618
286  499  600
281  427  730
388  467  696
314  452  705
294  551  792
403  532  724
342  490  819
342  463  684
276  420  776
281  480  787
374  411  576
356  587  691
284  519  808
353  492  877
513  619  828
351  449  783
282  506  653
19  20  679
352  509  562
327  500  769
1  10  614
1  45  614
379  589  683
342  463  819
338  474  704
403  527  724
340  567  690
415  443  845
324  490  885
273  467  818
419  694  750
369  480  787
49  50  517
286  460  804
301  438  646
388  467  818
280  597  732
351  463  783
339  410  459
276  776  838
378  475  734
373  512  761
25  465  910
473  644  715
26  465  529
386  699  710
297  476  603
361  532  724
307  518  519
25  26  465
351  463  544
305  508  523
364  510  755
505  634  938
403  532  789
268  410  634
268  467  844
307  588  778
290  479  943
346  491  828
339  459  545
20  21  679
350  595  702
481  610  932
338  530  559
347  508  840
340  690  766
85  86  512
328  572  636
370  629  701
430  587  630
341  759  892
289  523  728
447  491  828
327  352  395
322  424  906
296  581  752
324  490  579
441  704  768
368  390  549
335  584  884
361  459  545
307  519  629
394  691  886
313  473  643
486  536  913
340  455  562
393  679  790
288  451  601
337  423  487
309  508  689
31  544  637
298  579  819
270  510  755
302  574  943
404  640  820
286  499  868
313  473  715
363  495  788
397  553  672
308  595  703
358  512  761
339  534  545
348  557  580
351  449  671
274  497  678
291  518  588
588  593  717
326  581  752
285  616  927
488  525  740
348  580  883
325  422  556
281  730  930
268  410  467
333  381  835
272  456  774
463  544  684
431  566  791
307  370  778
273  408  628
402  500  769
409  499  600
267  527  724
394  565  691
325  422  800
373  620  770
399  669  809
323  419  759
315  643  717
493  796  867
464  567  690
398  481  610
352  468  469
346  491  935
352  395  469
556  729  749
38  39  691
386  514  710
393  505  634
466  522  708
25  571  910
300  438  902
331  443  685
280  486  536
520  584  884
376  666  786
299  466  664
417  576  582
475  586  734
93  758  905
448  730  930
303  462  708
292  437  837
383  506  653
282  506  607
346  497  935
100  101  535
294  551  793
281  480  604
296  554  752
438  646  902
98  99  533
293  483  917
331  504  865
418  694  750
272  480  774
392  679  714
333  588  593
357  539  654
343  470  600
377  528  940
461  557  781
68  69  540
387  597  650
296  581  730
448  581  794
104  105  541
370  526  701
102  103  539
364  510  800
349  474  704
345  457  823
417  738  873
344  436  516
314  542  893
335  450  869
323  571  810
324  447  828
375  508  689
377  429  773
313  492  877
16  631  812
55  56  549
475  586  955
394  507  565
273  435  628
384  539  822
357  535  654
282  664  833
278  532  650
270  610  755
384  541  757
439  489  780
357  539  822
277  414  625
23  773  801
278  531  830
419  759  892
369  480  774
324  447  725
4  36  707
371  541  757
372  548  673
308  471  703
332  442  502
285  441  521
490  579  819
133  134  555
373  487  770
454  592  713
297  476  794
314  452  727
457  570  823
89  90  530
304  479  798
468  509  849
412  551  792
87  88  547
298  579  864
399  502  809
4  37  707
310  537  837
490  552  885
269  513  619
282  421  832
113  484  622
348  461  557
450  513  885
53  54  560
455  509  562
114  484  623
353  492  699
272  456  916
464  799  844
380  568  614
51  52  561
273  408  567
342  490  552
358  547  641
417  642  873
305  508  712
283  558  831
362  524  665
456  597  732
471  690  766
450  513  887
299  525  914
338  474  559
437  537  837
389  592  713
402  519  808
401  421  723
275  524  742
293  483  606
409  624  807
399  623  718
354  506  607
440  515  928
363  612  674
324  513  885
399  705  718
301  494  735
391  631  812
331  504  610
359  678  935
345  586  955
344  379  716
404  820  831
269  513  887
376  514  786
525  580  771
309  523  550
429  571  810
493  796  868
2  19  714
2  18  714
338  530  706
337  522  660
377  534  940
386  682  775
365  577  811
350  500  595
302  509  574
405  528  810
37  38  587
497  678  935
354  607  609
131  498  683
627  644  948
359  553  672
39  40  565
470  531  830
331  610  932
525  580  883
121  122  563
379  635  683
273  467  799
553  616  927
363  590  658
26  27  529
484  623  718
365  577  670
267  545  940
447  491  908
123  124  564
318  524  742
287  644  715
392  679  736
39  565  691
442  577  811
378  475  737
33  34  520
132  498  675
302  509  711
372  621  667
337  522  771
16  17  631
96  511  613
269  556  729
309  543  550
301  494  872
400  460  728
423  487  741
95  511  594
553  616  900
333  381  593
378  608  734
291  518  627
385  456  597
343  600  624
410  467  696
22  23  801
300  438  640
358  512  641
401  421  832
538  700  805
276  420  746
311  483  606
367  589  626
386  514  775
318  416  569
125  126  573
403  531  709
337  423  580
424  495  744
29  30  515
361  545  724
482  574  943
300  636  902
355  420  558
271  415  881
275  524  665
46  526  645
304  603  798
290  482  943
356  496  630
348  461  612
368  560  677
37  587  707
365  563  670
374  591  692
292  542  837
310  542  651
380  568  657
509  711  849
368  549  677
28  29  615
516  635  816
430  584  915
341  529  615
317  527  695
42  43  586
296  452  856
270  610  909
542  651  893
366  573  676
294  499  648
357  543  822
423  760  858
488  525  914
368  390  731
341  515  615
489  639  762
385  532  650
785  830  939
367  555  675
380  570  657
119  120  577
405  528  813
566  791  853
349  551  762
420  558  831
305  712  796
457  504  955
372  585  667
393  679  736
324  513  828
543  550  875
345  457  955
351  671  928
366  564  676
274  497  899
371  583  661
294  499  868
343  470  531
13  595  702
135  136  592
410  459  933
422  556  619
43  586  907
360  485  548
394  729  749
331  685  932
403  527  922
266  671  739
106  107  583
301  438  890
108  109  585
381  517  835
271  443  861
272  480  921
423  557  858
293  536  721
300  572  636
360  484  718
392  596  631
292  437  913
129  130  635
404  776  821
325  510  800
441  704  891
312  699  710
327  352  562
306  525  883
85  512  620
336  489  762
318  453  742
473  643  717
43  44  546
442  502  779
312  492  699
395  519  629
457  504  865
327  500  925
77  78  590
377  505  938
277  432  625
276  578  609
331  443  865
617  618  825
401  607  609
383  616  900
397  672  874
50  517  680
34  520  584
403  531  789
86  512  641
344  603  716
22  790  801
400  460  785
332  554  811
318  524  743
49  517  656
375  613  659
396  560  949
427  698  787
448  581  730
66  67  599
379  589  716
378  507  608
29  515  615
466  664  833
357  535  946
389  555  937
64  65  598
357  543  745
360  485  622
332  442  811
362  665  725
441  521  891
360  484  622
367  555  937
328  572  815
278  532  789
354  578  720
354  575  720
377  773  801
342  884  924
368  560  949
379  516  635
321  439  780
452  697  727
305  523  797
285  441  870
70  71  602
413  466  708
304  589  626
399  623  669
24  25  571
72  73  605
30  31  637
396  561  923
310  548  673
288  451  740
289  638  896
275  672  908
336  762  793
378  507  862
398  481  926
21  22  790
287  625  644
436  516  782
435  604  818
409  499  648
469  629  701
402  500  829
355  420  746
342  552  884
721  896  920
94  95  594
376  598  666
457  570  861
288  723  821
385  597  650
31  32  544
274  575  649
354  575  722
365  563  895
334  688  713
307  370  629
281  427  787
405  527  695
310  537  673
317  527  922
364  575  649
314  542  727
288  601  821
343  582  624
293  606  721
340  562  766
33  520  924
391  596  631
311  483  757
349  704  784
400  638  763
358  668  860
387  478  638
279  576  936
394  507  749
30  515  637
369  486  698
431  791  851
324  579  725
292  697  727
444  796  868
90  91  559
401  609  838
503  776  821
319  668  860
321  439  719
366  564  901
459  611  933
468  469  700
491  672  908
329  673  917
303  522  660
534  545  940
426  550  896
507  565  608
35  584  915
96  97  613
350  500  829
381  561  923
365  752  811
334  454  538
41  608  734
305  796  804
34  35  584
504  610  909
380  546  823
372  673  854
110  111  621
329  673  854
430  584  951
112  113  622
367  498  675
114  115  623
363  590  918
277  414  777
400  785  830
358  668  761
15  471  812
462  668  847
101  535  654
314  705  718
59  60  632
318  453  765
32  33  684
100  535  652
290  482  628
362  725  864
267  545  724
84  85  620
334  454  713
377  534  938
99  533  652
57  58  633
450  552  885
369  698  787
391  464  690
320  646  902
299  525  771
291  588  717
0  526  701
319  434  860
271  570  657
344  436  617
283  558  853
318  416  765
98  533  659
277  432  767
104  541  655
105  541  661
103  539  655
269  556  619
102  539  654
376  514  710
371  541  661
316  626  857
358  547  860
273  567  799
68  540  663
503  776  838
413  462  708
69  540  662
344  603  825
491  672  935
429  528  810
28  615  834
397  553  927
321  712  719
392  596  736
279  624  807
354  578  609
287  625  791
279  582  624
271  570  861
452  705  856
433  563  895
46  47  645
288  488  740
274  575  722
446  568  657
418  694  695
89  530  754
92  639  905
313  492  715
311  543  822
433  564  901
426  550  875
386  632  682
426  721  896
409  648  807
380  546  806
284  518  627
322  424  815
352  468  509
359  672  935
306  612  674
304  589  716
446  702  879
40  41  608
478  638  896
327  395  769
322  572  815
347  712  719
432  558  767
511  594  719
275  672  874
322  572  866
389  713  937
377  505  801
449  671  739
88  547  754
87  547  641
408  567  733
461  612  918
333  425  835
471  690  812
479  626  857
391  690  812
515  637  928
86  87  641
329  458  854
568  614  941
268  596  736
329  458  852
409  600  624
294  493  868
369  732  774
90  530  559
310  542  837
270  510  737
48  49  656
426  606  721
428  476  794
99  100  652
416  648  807
397  521  927
360  548  651
356  496  886
381  561  680
391  464  844
524  743  947
56  549  686
286  460  785
332  705  856
300  601  640
362  524  947
103  104  655
101  102  654
387  650  763
290  476  798
401  503  723
55  549  677
133  555  675
413  616  653
405  694  810
293  537  917
406  599  663
366  573  945
405  694  695
383  506  888
367  498  589
318  569  743
385  456  916
312  494  710
355  685  932
134  555  687
283  820  831
364  575  720
414  627  644
388  480  604
299  522  771
355  746  932
424  744  751
392  631  863
423  741  760
276  609  838
269  729  887
413  466  833
387  478  850
431  566  889
266  671  747
91  559  841
366  617  618
393  505  790
3  27  834
3  28  834
372  585  854
371  583  852
319  668  847
319  434  706
271  657  748
312  494  735
289  550  896
412  765  792
76  77  658
54  560  677
397  521  756
387  638  763
272  611  933
15  16  812
287  791  851
280  486  732
398  578  926
296  452  919
53  560  681
121  563  670
132  133  675
268  634  736
354  506  722
105  106  661
292  542  727
52  561  681
280  597  850
97  98  659
454  538  805
54  55  677
51  561  680
385  532  931
33  684  924
124  564  676
67  68  663
122  563  753
332  554  856
298  692  783
69  70  662
464  567  799
323  571  910
400  638  728
123  564  753
15  471  703
124  125  676
375  613  840
120  121  670
430  587  707
304  603  716
411  569  743
109  110  667
295  521  891
335  584  951
343  531  709
440  671  928
52  53  681
427  697  919
300  601  859
63  64  666
50  51  680
476  603  798
40  565  608
115  116  669
13  14  595
302  688  857
356  691  886
439  594  758
94  594  758
382  689  745
289  523  550
290  479  798
349  551  784
268  596  844
367  626  937
337  487  894
503  723  821
520  884  924
93  94  758
328  772  815
375  533  659
427  730  919
44  45  806
130  131  683
451  601  859
405  527  813
281  604  836
371  757  911
134  135  687
376  710  953
415  647  777
297  618  825
291  627  948
43  546  907
316  688  713
125  573  676
60  61  682
278  531  789
317  695  738
380  570  823
449  692  783
474  559  841
413  616  871
456  732  774
478  896  920
32  544  684
276  578  926
388  604  818
294  648  792
296  554  856
411  591  947
106  583  661
266  642  739
56  57  686
328  636  803
439  594  719
45  614  806
109  585  667
368  643  949
126  573  795
350  702  880
12  13  702
120  577  670
364  649  800
416  569  807
387  597  850
27  529  834
77  590  658
321  780  867
273  435  818
481  746  932
14  15  703
82  83  741
88  89  754
312  492  876
470  830  939
73  74  751
407  602  662
44  546  806
460  728  797
122  123  753
347  511  719
537  673  917
349  474  639
538  700  849
278  650  763
411  576  936
12  702  879
119  577  817
289  638  728
74  75  744
406  540  912
339  534  938
309  543  745
294  493  793
47  48  693
376  598  846
436  782  795
301  735  889
362  591  947
505  790  801
295  521  756
107  583  843
41  42  734
108  585  843
81  82  760
579  725  864
267  527  813
351  637  928
386  699  842
274  678  888
473  717  948
381  517  680
496  630  869
346  497  839
384  757  822
346  619  839
380  614  806
67  599  663
325  749  862
285  616  871
373  487  894
407  540  912
325  556  749
390  633  686
391  596  844
383  616  653
78  590  878
473  644  948
23  24  944
397  756  874
373  660  761
554  752  811
446  568  879
374  692  739
442  779  817
70  602  662
483  757  911
310  548  651
412  765  814
286  600  939
413  462  871
64  598  666
381  593  923
130  635  683
343  582  950
135  592  687
401  503  838
363  612  918
284  627  647
529  615  834
374  642  739
330  646  827
363  495  906
290  628  764
83  84  770
282  607  832
572  859  866
73  605  751
432  558  853
129  635  816
368  643  731
297  603  825
110  621  667
448  794  930
333  425  778
455  509  574
330  472  826
136  592  824
66  599  882
61  62  775
126  127  795
97  613  659
340  455  733
334  688  711
65  598  882
115  623  669
366  618  901
292  697  698
395  519  769
330  472  846
434  530  706
117  118  779
429  571  944
127  128  782
71  602  904
62  63  786
75  76  788
72  605  904
14  595  703
435  604  836
406  540  663
415  647  726
422  649  800
413  653  833
79  80  781
369  486  732
435  764  836
92  639  841
323  694  810
332  502  929
84  620  770
385  916  931
0  137  805
446  702  880
446  657  748
284  647  726
399  502  929
373  512  620
91  92  841
295  704  784
292  698  913
398  578  720
325  510  862
494  710  953
364  720  755
315  593  717
288  488  897
298  591  692
418  738  873
0  700  701
428  476  934
404  601  640
111  621  954
411  569  936
445  829  880
338  706  768
551  762  793
112  622  954
408  482  574
373  660  894
60  632  682
461  781  878
386  632  842
116  117  809
406  827  912
335  630  869
432  625  791
118  119  817
414  625  644
328  477  772
337  580  771
353  699  842
425  656  693
392  714  863
496  729  887
328  477  802
303  668  761
266  747  750
17  18  863
128  129  816
416  765  792
308  500  925
136  137  824
406  599  826
57  633  686
328  802  803
320  636  803
393  634  736
383  678  888
496  729  886
408  482  628
422  619  839
415  777  845
291  717  948
320  646  827
447  665  725
11  12  879
362  591  864
401  607  832
345  586  907
303  660  761
10  11  941
418  695  738
360  718  893
59  632  952
355  685  767
345  823  907
449  692  739
35  36  915
425  645  693
311  606  875
58  633  952
274  722  888
414  627  647
283  566  820
107  108  843
428  764  836
282  653  833
319  706  768
280  536  920
290  476  934
433  895  901
355  558  767
277  685  767
400  763  830
76  658  788
82  741  760
11  568  879
349  639  762
388  480  921
47  645  693
489  639  905
296  730  919
407  602  802
424  605  751
80  81  858
11  568  941
402  519  769
83  741  770
74  744  751
285  521  927
42  586  734
272  611  916
436  617  945
453  756  874
389  592  687
403  709  922
316  713  937
407  540  662
48  656  693
78  79  878
410  696  933
330  646  872
384  541  655
384  539  655
316  626  937
382  535  652
116  669  809
566  820  890
440  671  747
311  543  875
382  533  652
363  674  906
63  666  786
321  712  796
65  66  882
507  749  862
75  744  788
302  857  943
336  793  867
361  532  931
452  697  919
383  678  900
61  682  775
277  685  845
271  748  881
295  784  814
382  689  942
337  660  894
280  850  920
438  640  820
81  760  858
486  698  913
71  72  904
388  696  921
428  794  930
23  773  944
315  643  949
92  93  905
299  664  914
274  649  899
336  489  780
492  715  851
350  829  880
330  826  827
279  569  807
434  530  754
488  897  914
326  618  901
348  612  883
390  633  848
62  775  786
375  689  942
422  839  899
424  605  772
272  696  921
117  779  809
10  614  941
320  636  902
127  782  795
342  684  924
118  779  817
359  553  900
390  549  686
80  781  858
320  827  912
275  665  908
111  112  954
366  617  945
427  697  698
24  571  944
434  547  754
283  566  853
407  803  912
316  688  857
79  781  878
444  796  804
58  59  952
453  765  814
546  823  907
317  709  950
454  805  824
128  782  816
445  748  881
315  593  923
421  897  914
335  630  951
422  649  899
398  720  755
390  731  877
389  555  687
611  916  931
309  689  745
562  766  925
322  674  866
375  533  942
417  582  903
311  757  822
458  583  843
433  563  753
458  585  843
278  763  830
497  839  899
433  564  753
425  656  835
450  869  887
330  872  953
329  852  911
430  707  915
353  501  842
453  742  874
340  567  733
478  850  920
360  651  893
266  642  873
344  617  825
267  813  940
298  591  864
353  501  848
36  707  915
301  889  890
407  802  803
347  511  840
17  631  863
419  747  750
440  747  892
329  911  917
334  711  849
426  606  875
305  797  804
276  746  926
275  742  874
461  590  878
137  805  824
412  784  814
442  577  817
361  611  931
18  714  863
266  750  873
284  726  808
272  696  933
470  600  939
322  674  906
430  630  951
425  645  855
414  647  777
399  705  929
418  750  873
436  573  795
477  605  772
298  783  819
441  768  847
506  722  888
279  569  936
396  560  681
408  574  733
421  664  914
319  768  847
300  572  859
334  538  849
472  599  882
485  621  954
396  561  681
431  735  876
485  622  954
359  678  900
406  826  827
472  598  882
477  602  904
445  748  880
477  605  904
496  869  887
313  643  731
306  612  883
295  756  814
447  665  908
511  613  840
402  808  829
435  628  764
395  469  629
477  602  802
327  562  925
451  859  866
317  903  950
390  848  877
404  776  831
434  547  860
412  551  784
365  752  895
458  583  852
428  836  930
458  585  854
317  738  903
417  738  903
288  723  897
404  601  821
382  745  946
438  820  890
472  599  826
312  735  876
425  778  855
420  776  831
382  535  946
396  923  949
431  851  876
306  740  898
277  777  845
472  598  846
290  764  934
326  895  901
461  590  918
343  709  950
428  764  934
454  592  824
382  533  942
416  648  792
336  780  867
270  737  909
320  803  912
424  772  815
330  846  953
419  747  892
501  632  952
421  723  897
441  847  870
443  861  865
394  729  886
501  633  952
357  745  946
370  526  855
302  688  711
455  574  733
323  759  910
501  632  842
446  748  880
332  705  929
429  773  944
301  646  872
313  731  877
501  633  848
483  911  917
487  741  770
504  909  955
281  836  930
495  744  788
492  851  876
469  700  701
432  791  853
463  783  819
436  573  945
517  656  835
465  759  910
493  793  867
479  857  943
445  808  829
370  778  855
494  872  953
557  781  858
502  779  809
468  700  849
528  813  940
526  645  855
443  685  845
460  797  804
286  785  939
306  674  898
326  752  895
462  870  871
566  889  890
536  721  920
314  718  893
451  740  898
514  775  786
415  726  881
371  852  911
353  848  877
516  782  816
287  715  851
308  766  925
475  909  955
411  743  947
317  709  922
453  756  814
457  861  865
481  746  926
474  639  841
674  866  898
376  846  953
582  903  950
295  704  891
475  737  909
285  870  871
462  847  870
445  726  808
431  735  889
315  923  949
445  726  881
451  866  898
