0  2  1  0  11291.9  3.41057e-16  1.32592e-17  1
1  1  2  2  11107.1  1.823  0.23986  1
2  1  2  -2  11208.6  2.03716  -0.104831  1
3  3  -2  -2  11335.1  1.9631  0.382398  1
4  3  -2  2  11450.7  1.9656  0.364104  1
10  1  2  1.6  11101.1  1.80569  0.242946  1
11  1  2  1.2  11101.1  1.76186  0.23025  1
12  1  2  0.8  11101.1  1.69493  0.169256  1
13  1  2  0.4  11101.1  1.71337  0.100323  1
14  1  2  5.50449e-12  11101.1  1.85998  0.101293  1
15  1  2  -0.4  11101.1  1.91158  0.129332  1
16  1  2  -0.8  11101.1  1.82305  0.118504  1
17  1  2  -1.2  11101.1  1.69072  0.0726016  1
18  1  2  -1.6  11101.1  1.78702  0.0155396  1
19  0  1.6  -2  11673.7  2.12047  -0.242222  1
20  0  1.2  -2  11406.8  2.22456  -0.337226  1
21  0  0.8  -2  10911.7  2.14154  -0.00166343  1
22  0  0.4  -2  11083.6  1.9631  0.382398  1
23  0  5.50449e-12  -2  11205.7  1.9631  0.382398  1
24  0  -0.4  -2  11306.6  1.9631  0.382398  1
25  0  -0.8  -2  11337.7  1.9631  0.382398  1
26  0  -1.2  -2  11344.5  1.9631  0.382398  1
27  0  -1.6  -2  11339.3  1.9631  0.382398  1
28  3  -2  -1.6  11333.6  1.9631  0.382398  1
29  3  -2  -1.2  11332  1.9631  0.382398  1
30  3  -2  -0.8  11327.4  1.9631  0.382398  1
31  3  -2  -0.4  11314.9  1.9631  0.382398  1
32  3  -2  -5.50449e-12  11298.2  1.9631  0.382398  1
33  3  -2  0.4  11293  1.9631  0.382398  1
34  3  -2  0.8  11283.7  1.9631  0.382398  1
35  3  -2  1.2  11318.9  1.9631  0.382398  1
36  3  -2  1.6  11404.4  1.9631  0.382398  1
37  0  -1.6  2  11547.3  1.94469  0.294125  1
38  0  -1.2  2  11414.2  1.84105  0.424109  1
39  0  -0.8  2  11174.3  1.76227  0.537737  1
40  0  -0.4  2  11083.3  1.81449  0.402395  1
41  0  -5.50449e-12  2  11024.8  1.86131  0.319785  1
42  0  0.4  2  11047.8  1.85961  0.298702  1
43  0  0.8  2  11078.1  1.85156  0.278066  1
44  0  1.2  2  11101.3  1.83581  0.253466  1
45  0  1.6  2  11107.2  1.8263  0.23972  1
46  2  0.978756  0.00554606  11171.2  0  0  1
47  2  0.957409  0.0108124  11104.8  0  0  1
48  2  0.936011  0.0158667  11069  0  0  1
49  2  0.914577  0.0207653  11056.1  -5.63381e-17  9.59345e-18  1
50  2  0.893113  0.0255319  10998.1  0  0  1
51  2  0.871624  0.0301864  10951  0  0  1
52  2  0.850109  0.0347146  10903  0  0  1
53  2  0.828571  0.0391344  10857.9  0  0  1
54  2  0.807007  0.0434282  10798.3  0  0  1
55  2  0.785417  0.0475875  10741.3  1.49637e-16  -2.42079e-17  1
56  2  0.763804  0.0516261  10694.5  0  0  1
57  2  0.742163  0.0555076  10638.4  -4.93038e-32  6.16298e-33  1
58  2  0.720498  0.0592594  10578.9  0  0  1
59  2  0.698808  0.0628565  10524.5  0  0  1
60  2  0.677088  0.0662747  10479.7  0  0  1
61  2  0.655345  0.0695405  10405.7  0  0  1
62  2  0.633575  0.0726242  10378.6  0  0  1
63  2  0.611779  0.0755144  10328.8  0  0  1
64  2  0.589961  0.078229  10294.7  0  0  1
65  2  0.568117  0.0807388  10230.1  0  0  1
66  2  0.546251  0.0830341  10176.8  0  0  1
67  2  0.524364  0.0851275  10139.3  0  0  1
68  2  0.502456  0.0869959  10094  0  0  1
69  2  0.48053  0.0886286  10039.5  0  0  1
70  2  0.458588  0.090033  9985.51  0  0  1
71  2  0.436632  0.0911923  9922.81  0  0  1
72  2  0.414662  0.0920444  9863.72  4.11143e-17  1.40271e-18  1
73  2  0.392683  0.0926476  9829.9  0  0  1
74  2  0.370701  0.0931178  9733.42  0  0  1
75  2  0.348716  0.0932713  9704.95  0  0  1
76  2  0.32673  0.0930374  9656.45  -4.67393e-16  -1.90442e-17  1
77  2  0.304748  0.0925514  9583.24  -5.15571e-16  -3.12883e-17  1
78  2  0.282776  0.0917552  9528.89  0  0  1
79  2  0.260817  0.0906419  9446.22  0  0  1
80  2  0.238881  0.0891584  9353.52  0  0  1
81  2  0.216979  0.0872332  9273.29  -4.96985e-16  -6.64966e-17  1
82  2  0.195131  0.0847676  9151.48  -1.93927e-16  -2.69897e-17  1
83  2  0.17337  0.0816304  9077.22  0  0  1
84  2  0.15174  0.0776943  9025.08  0  0  1
85  2  0.130284  0.0728986  8976.5  2.81705e-16  7.74081e-17  1
86  2  0.109047  0.0672122  9029.51  0  0  1
87  2  0.0880579  0.0606689  9068.34  2.72466e-16  1.00816e-16  1
88  2  0.067355  0.0532706  9030.7  0  0  1
89  2  0.0470951  0.04474  8883.54  -1.23051e-15  -6.071e-16  1
90  2  0.0277565  0.0343115  8990.54  0  0  1
91  2  0.0106668  0.0205632  9901.85  0  0  1
92  2  5.74908e-05  0.00172749  11689.6  -2.5405e-16  -2.08826e-16  1
93  2  0.0125938  -0.014563  12747.2  -2.50771e-16  2.70925e-18  1
94  2  0.0334846  -0.0212436  12274.8  -3.41469e-16  2.79114e-17  1
95  2  0.0552109  -0.0245619  11758  0  0  1
96  2  0.0771199  -0.0263874  11691.6  0  0  1
97  2  0.0990793  -0.0274769  11695.9  0  0  1
98  2  0.121057  -0.0281035  11645.5  9.24074e-17  -2.62698e-18  1
99  2  0.143042  -0.0283749  11594.8  0  0  1
100  2  0.165029  -0.0283607  11573.8  1.14949e-16  1.79395e-19  1
101  2  0.187014  -0.0281027  11550.1  0  0  1
102  2  0.208997  -0.027667  11529.4  2.46519e-32  0  1
103  2  0.230977  -0.0271001  11516.4  0  0  1
104  2  0.252954  -0.026438  11526.3  7.03514e-17  3.11104e-18  1
105  2  0.274929  -0.0257208  11519  0  0  1
106  2  0.296903  -0.0249826  11518.2  1.35049e-16  3.95672e-18  1
107  2  0.318877  -0.0242251  11516.4  0  0  1
108  2  0.340851  -0.0234552  11513.1  5.75751e-17  3.88311e-18  1
109  2  0.362825  -0.0226907  11505.8  0  0  1
110  2  0.384798  -0.0219236  11497.4  0  0  1
111  2  0.406772  -0.0211554  11484.6  0  0  1
112  2  0.428745  -0.0203886  11481.9  0  0  1
113  2  0.450719  -0.0196253  11461.3  0  0  1
114  2  0.472693  -0.0188647  11416.1  0  0  1
115  2  0.494667  -0.0181046  11436.4  0  0  1
116  2  0.51664  -0.0173435  11453.7  0  0  1
117  2  0.538614  -0.0165819  11449.4  3.55275e-16  1.22768e-17  1
118  2  0.560588  -0.0158214  11461.6  0  0  1
119  2  0.582562  -0.0150633  11463.2  0  0  1
120  2  0.604536  -0.0143068  11438.8  0  0  1
121  2  0.62651  -0.01355  11429.9  5.16791e-17  2.31668e-18  1
122  2  0.648484  -0.0127915  11425.2  0  0  1
123  2  0.670458  -0.0120321  11411.7  3.87041e-16  1.14894e-17  1
124  2  0.692431  -0.0112723  11399.9  0  0  1
125  2  0.714405  -0.0105115  11394.9  1.44515e-16  5.96295e-18  1
126  2  0.736379  -0.00975062  11390.8  0  0  1
127  2  0.758353  -0.00899179  11388.9  0  0  1
128  2  0.780327  -0.00823433  11392.8  0  0  1
129  2  0.802301  -0.00748092  11378.9  0  0  1
130  2  0.824275  -0.00673604  11383  0  0  1
131  2  0.84625  -0.00599633  11368  1.32266e-16  2.94652e-18  1
132  2  0.868224  -0.00525502  11350.8  0  0  1
133  2  0.890199  -0.00451173  11359.6  1.38864e-16  3.52233e-18  1
134  2  0.912173  -0.00375712  11348.6  0  0  1
135  2  0.934146  -0.00297834  11342.6  1.87282e-16  6.06231e-18  1
136  2  0.956117  -0.002138  11327  0  0  1
137  2  0.978082  -0.00117585  11338.3  0  0  1
266  0  -0.885673  -0.689795  11357.3  1.96263  0.393309  1
267  0  0.0244174  -0.996054  11385.7  1.96866  0.210381  1
268  0  1.01067  -1.00433  11302.9  1.93029  0.0358223  1
269  0  -0.667447  0.893298  11146.1  2.02708  0.476456  1
270  0  0.251831  1.04847  10957.9  1.98689  0.28354  1
271  0  1.11122  0.842539  11031.7  1.87916  0.117014  1
272  0  0.505024  -0.593602  11409.7  1.90391  0.100678  1
273  0  0.963436  -0.481151  11331.7  1.89353  0.0678644  1
274  0  -0.118201  0.603  10912.6  2.07257  0.379159  1
275  0  -0.417072  0.20908  11186.1  1.97598  0.473945  1
276  0  0.343864  0.544603  10685.4  2.14988  0.22077  1
277  0  0.783062  0.49683  10866.3  2.01857  0.0344966  1
278  0  0.0674025  -0.505333  11495.1  1.87271  0.185939  1
279  0  -0.369505  -0.295638  11444.9  1.88797  0.337519  1
280  0  0.33716  -0.333241  11491.6  1.85129  0.112775  1
281  0  0.648106  -0.320493  11409.2  1.88149  0.0750482  1
282  0  0.117768  0.367057  10529.6  2.2323  0.371872  1
283  0  0.542176  0.363094  10590  2.17791  0.0530705  1
284  0  1.0753  0.331879  11072  1.86532  -0.048219  1
285  0  -0.0668463  0.223405  10751.8  2.10615  0.578951  1
286  0  -0.0461592  -0.240616  11644.5  1.76184  0.221744  1
287  0  0.754482  0.295419  10766.7  2.0607  -0.0751994  1
288  0  0.312074  0.295992  10287.1  2.34241  0.208516  1
289  0  0.150354  -0.242731  11599.8  1.7956  0.129908  1
290  0  0.873785  -0.229265  11361.7  1.88403  0.0716907  1
291  0  0.942288  0.226305  11001  1.92978  -0.143557  1
292  0  0.456521  -0.195997  11468.5  1.86563  0.0723752  1
293  0  0.315488  -0.179611  11520.7  1.84393  0.0868194  1
294  0  -0.126489  -0.108625  11687.2  1.70782  0.358052  1
295  0  -0.139804  0.099153  11165.4  1.90764  0.617531  1
296  0  0.592417  -0.145134  11432.1  1.87189  0.0696725  1
297  0  0.731984  -0.143724  11394.6  1.8787  0.0690942  1
298  0  -0.952702  -0.0486861  11301  1.98764  0.414833  1
299  0  0.176442  0.233283  10124.3  2.40864  0.388898  1
300  0  0.441381  0.236965  10272.1  2.33183  0.044867  1
301  0  0.573735  0.21972  10447  2.24322  -0.0678067  1
302  0  1.0022  -0.153562  11341.1  1.90484  0.0596269  1
303  0  0.0872988  0.180929  10068.5  2.3912  0.583722  1
304  0  0.845209  -0.123503  11370.1  1.92566  0.0628618  1
305  0  0.0555363  -0.157286  11751.6  1.71493  0.131539  1
306  0  0.286885  0.196876  9971.45  2.48877  0.214215  1
307  0  1.02313  0.130265  11160.1  1.87363  -0.166047  1
308  0  1.56424  -0.0930995  11179.7  1.86119  0.0326279  1
309  0  0.149325  -0.136879  11641.4  1.77562  0.0758315  1
310  0  0.399365  -0.123939  11486.9  1.86135  0.0666703  1
311  0  0.245796  -0.123256  11563.8  1.81591  0.0780543  1
312  0  0.65963  0.173577  10529.7  2.24518  -0.157237  1
313  0  0.778097  0.170435  10764.9  2.11336  -0.193048  1
314  0  0.488655  -0.115483  11456.9  1.88776  0.0661878  1
315  0  0.861003  0.129625  10909.2  2.05711  -0.249515  1
316  0  0.927801  -0.0964089  11358.4  1.96776  0.0638219  1
317  0  -0.297599  -0.724445  11421.7  1.91875  0.242779  1
318  0  -0.365589  -0.0132107  11348.5  1.90128  0.435485  1
319  0  0.0254778  0.120621  10162.7  2.31212  0.843077  1
320  0  0.497931  0.174269  10231  2.42265  -0.0535553  1
321  0  0.00233323  -0.0871043  11974.5  1.5442  0.155461  1
322  0  0.362918  0.170247  9980.89  2.543  0.0958017  1
323  0  -0.64043  -1.33526  11347.8  1.9819  0.359705  1
324  0  -0.836319  0.41611  11212  2.01307  0.448348  1
325  0  -0.230252  1.06785  11043  1.99884  0.394586  1
326  0  0.662001  -0.100496  11422.1  1.94425  0.0673388  1
327  0  1.25992  0.0169431  11273.2  1.7007  0.00981964  1
328  0  0.428271  0.159278  10067.6  2.51936  -0.00254465  1
329  0  0.331625  -0.0902541  11520.3  1.92092  0.0639984  1
330  0  0.563542  0.151019  10317.2  2.40679  -0.132603  1
331  0  0.600953  0.839512  10914.9  1.98358  0.183951  1
332  0  0.554908  -0.0831838  11452.2  1.9699  0.0663528  1
333  0  0.938231  0.0953231  11057  1.86432  -0.25311  1
334  0  0.991253  -0.0723412  11361.1  1.9933  0.0631507  1
335  0  -1.33697  0.89097  11254  2.02661  0.301552  1
336  0  -0.0448818  -0.0481089  12049  1.45445  0.351884  1
337  0  0.172088  0.155738  9741  2.61835  0.452375  1
338  0  -0.0166784  0.0743914  10581.4  2.04448  1.05552  1
339  0  0.485238  -1.06981  11345.8  1.98176  0.0985776  1
340  0  1.24884  -0.312095  11268.7  1.89994  0.0515174  1
341  0  -1.29415  -1.32935  11338  1.95921  0.401643  1
342  0  -1.36551  0.268828  11279.9  1.98354  0.365357  1
343  0  -0.195507  -0.467684  11486.9  1.86481  0.241841  1
344  0  0.772902  -0.0813826  11381.6  1.97889  0.0626791  1
345  0  0.719698  1.42805  11035.2  1.91349  0.247208  1
346  0  -0.450364  0.582266  11077.8  2.04031  0.461094  1
347  0  0.0615972  -0.0890585  11836.9  1.63652  0.044787  1
348  0  0.250794  0.149543  9727.17  2.67067  0.267427  1
349  0  -0.0703384  0.0231275  11580.2  1.6165  0.733601  1
350  0  1.5555  0.376939  11134.5  1.76275  0.0383746  1
351  0  -1.38483  -0.413247  11325.3  1.96847  0.393361  1
352  0  1.1427  -0.0304572  11322  1.66156  0.0405876  1
353  0  0.717773  0.128504  10618.9  2.19822  -0.23619  1
354  0  0.110024  0.589781  10771.1  2.12048  0.317422  1
355  0  0.565357  0.588562  10785.6  2.08055  0.137484  1
356  0  -1.02308  1.40744  11216.7  1.9964  0.397117  1
357  0  0.197863  -0.0821951  11576.6  1.87562  0.040193  1
358  0  0.0818144  0.117631  9644.88  2.58664  0.801789  1
359  0  -0.220519  0.395425  10966.4  2.0554  0.448232  1
360  0  0.443161  -0.0731006  11466.4  1.98559  0.0548084  1
361  0  0.24072  -0.759663  11412.7  1.93464  0.15489  1
362  0  -0.670702  0.0752722  11275.7  1.97975  0.467497  1
363  0  0.315562  0.139041  9751.9  2.63493  0.137745  1
364  0  0.00268396  0.858402  10939.5  2.02808  0.326941  1
365  0  0.618284  -0.059907  11422.1  1.968  0.0595383  1
366  0  0.705218  -0.0628835  11389.4  1.98011  0.0637113  1
367  0  0.879671  -0.0563011  11354.4  1.9792  0.0589857  1
368  0  0.804205  0.100019  10772.7  1.90449  -0.262912  1
369  0  0.495948  -0.357115  11442  1.87368  0.085693  1
370  0  1.01103  0.0675965  11254.7  1.58647  -0.225001  1
371  0  0.288526  -0.0705635  11515  1.9618  0.0581704  1
372  0  0.375505  -0.0708187  11492.9  1.96888  0.0554816  1
373  0  0.134264  0.121886  9481.79  2.71606  0.604562  1
374  0  -0.736221  -0.350363  11359.1  1.95825  0.410866  1
375  0  0.110003  -0.0751892  11735.5  1.77327  0.00204667  1
376  0  0.609054  0.116747  10350.5  2.14636  -0.185721  1
377  0  0.164554  -1.44808  11311.1  2.06143  0.154998  1
378  0  0.0363734  1.43477  11040.1  1.94146  0.331674  1
379  0  0.814941  -0.0558856  11379.8  1.98205  0.0564895  1
380  0  1.28809  1.41252  11073.1  1.84151  0.205585  1
381  0  0.895605  0.0789773  10994.2  1.69925  -0.258572  1
382  0  0.153514  -0.0736098  11633.3  1.85011  0.0195728  1
383  0  -0.0540493  0.409484  10780.8  2.12553  0.420844  1
384  0  0.243263  -0.0698419  11540.4  1.9525  0.0492417  1
385  0  0.273229  -0.540735  11459.9  1.88658  0.143568  1
386  0  0.667138  0.110228  10456.8  2.03546  -0.212688  1
387  0  0.201334  -0.388821  11517.9  1.84174  0.150115  1
388  0  0.724121  -0.566103  11372.1  1.90361  0.0779945  1
389  0  0.92513  -0.0465104  11349.1  1.9478  0.0608947  1
390  0  0.761851  0.0980229  10696.1  1.91223  -0.256102  1
391  0  1.43331  -0.828604  11242.8  1.88158  0.0383484  1
392  0  1.45026  -1.36443  11322.5  1.81801  -0.0910202  1
393  0  0.906049  -1.48211  11298.6  2.06635  -0.0646622  1
394  0  -0.588711  1.40225  11127.2  1.95102  0.511737  1
395  0  1.1381  0.0674087  11276.8  1.61833  -0.0567441  1
396  0  0.848188  0.080043  10891  1.66836  -0.249893  1
397  0  -0.20648  0.223637  11039.8  1.99927  0.512125  1
398  0  0.282846  0.757286  10845.2  2.05371  0.257779  1
399  0  0.510826  -0.0598295  11454.1  1.96507  0.0677499  1
400  0  0.0599164  -0.342995  11575.4  1.80909  0.174582  1
401  0  0.237879  0.420684  10532.8  2.22684  0.277175  1
402  0  1.27505  0.227031  11161.5  1.81215  -0.0130691  1
403  0  -0.0359465  -0.726321  11439.5  1.91204  0.207734  1
404  0  0.434154  0.339595  10455.6  2.25624  0.115784  1
405  0  -0.305213  -1.1018  11379.5  1.99692  0.243366  1
406  0  0.51771  0.130392  10158.2  2.33703  -0.117007  1
407  0  0.472344  0.132839  10067.9  2.4121  -0.0716093  1
408  0  1.02332  -0.341766  11325.3  1.88979  0.060268  1
409  0  -0.20454  -0.249597  11539.9  1.82495  0.300033  1
410  0  0.693444  -0.901565  11345.7  1.94894  0.069643  1
411  0  -0.575531  -0.167213  11360.4  1.93521  0.415492  1
412  0  -0.176298  -0.00971294  11496.4  1.78094  0.498652  1
413  0  0.0375865  0.276532  10495.4  2.23624  0.498876  1
414  0  0.87761  0.391991  10914.3  1.9796  -0.0341743  1
415  0  1.00423  0.604906  10999.9  1.91268  0.0571507  1
416  0  -0.282663  -0.107666  11463.9  1.84392  0.391967  1
417  0  -0.524672  -0.549115  11404.3  1.92753  0.32902  1
418  0  -0.593584  -0.87138  11376.7  1.95049  0.320388  1
419  0  -0.850527  -1.10233  11358.3  1.96415  0.37546  1
420  0  0.467074  0.502585  10675.3  2.14605  0.155891  1
421  0  0.20809  0.336492  10398.2  2.28903  0.315506  1
422  0  -0.302095  0.824719  11037.2  2.02433  0.415946  1
423  0  0.201638  0.12514  9487.68  2.71943  0.383068  1
424  0  0.376231  0.135363  9873.32  2.54006  0.0465097  1
425  0  0.95678  0.055973  11115.5  1.43115  -0.231732  1
426  0  0.231334  -0.199163  11564.7  1.8182  0.102223  1
427  0  0.562433  -0.25514  11432.4  1.87446  0.0718406  1
428  0  0.748721  -0.25845  11386.8  1.87893  0.0761368  1
429  0  -0.212056  -1.52977  11327.4  2.04916  0.266181  1
430  0  -1.52664  1.32527  11307.8  1.99303  0.251221  1
431  0  0.655104  0.26318  10614.5  2.14531  -0.0672212  1
432  0  0.684501  0.431611  10763.9  2.08112  0.0292474  1
433  0  0.66086  -0.0526045  11418.9  1.95477  0.0561969  1
434  0  0.0394945  0.0881024  9810.77  2.45344  1.00881  1
435  0  0.830428  -0.397864  11362.2  1.88822  0.076814  1
436  0  0.751903  -0.050139  11396.3  1.95976  0.0653093  1
437  0  0.38567  -0.199391  11492.7  1.85762  0.0803206  1
438  0  0.507155  0.245964  10382.3  2.27335  -0.00460457  1
439  0  0.0108897  -0.0558958  12169.4  1.43004  0.0899739  1
440  0  -1.27362  -0.82314  11339.1  1.96469  0.397957  1
441  0  -0.0573415  0.15543  10770.5  2.06397  0.68269  1
442  0  0.568414  -0.0523492  11457.8  1.9478  0.0620465  1
443  0  0.847562  0.771797  10956.7  1.9452  0.122886  1
444  0  -0.0275179  -0.179523  11729.6  1.71048  0.216452  1
445  0  1.28733  0.493368  11087  1.82783  0.0453864  1
446  0  1.56364  0.83267  11092.1  1.7925  0.135737  1
447  0  -0.598886  0.359916  11177.9  2.01034  0.485391  1
448  0  0.670599  -0.210208  11411.3  1.87142  0.0741143  1
449  0  -1.09134  -0.382865  11334.2  1.97447  0.396891  1
450  0  -1.03009  0.745469  11226.4  2.02836  0.371412  1
451  0  0.344712  0.246608  10188.7  2.37259  0.153749  1
452  0  0.535734  -0.144498  11446.9  1.86801  0.0681266  1
453  0  -0.282917  0.0787751  11278.7  1.90831  0.481694  1
454  0  0.975269  -0.0403729  11343.3  1.9177  0.0711936  1
455  0  1.15741  -0.223844  11307.8  1.89458  0.0447674  1
456  0  0.401963  -0.469999  11450.6  1.87776  0.115768  1
457  0  0.793418  1.15749  11010.6  1.9172  0.203869  1
458  0  0.331046  -0.0604766  11524.5  1.96884  0.058097  1
459  0  0.451957  -0.869675  11379.7  1.95295  0.113715  1
460  0  0.0353023  -0.25001  11636.1  1.77098  0.177712  1
461  0  0.266995  0.128194  9620.87  2.67263  0.222825  1
462  0  0.0271117  0.205011  10372.8  2.26384  0.611531  1
463  0  -1.38625  -0.058636  11305.2  1.97466  0.382553  1
464  0  1.25394  -0.664568  11270.1  1.90005  0.0492921  1
465  0  -1.05924  -1.6398  11340  1.9488  0.399765  1
466  0  0.113259  0.254639  10289.7  2.33324  0.454908  1
467  0  0.904024  -0.716654  11326.5  1.91612  0.0665322  1
468  0  1.07237  -0.0426387  11357.6  1.73329  0.0757788  1
469  0  1.07484  0.0178801  11389.9  1.32032  -0.0197668  1
470  0  -0.0906173  -0.415959  11527.3  1.83683  0.219557  1
471  0  1.64375  -0.386948  11183.1  1.90673  0.0731057  1
472  0  0.560912  0.118779  10259.3  2.19327  -0.154363  1
473  0  0.830459  0.209632  10847.7  2.0234  -0.160865  1
474  0  -0.0309656  0.0344112  11218.5  1.6446  1.04789  1
475  0  0.314118  1.43281  11025.4  1.93993  0.287555  1
476  0  0.794594  -0.192437  11380  1.87915  0.0726789  1
477  0  0.427054  0.12833  9982.82  2.43911  -0.0310107  1
478  0  0.223041  -0.321369  11536.1  1.83097  0.136231  1
479  0  0.894397  -0.162773  11358.5  1.89815  0.0655826  1
480  0  0.597579  -0.454193  11407.1  1.88882  0.0829807  1
481  0  0.401454  0.726179  10836.9  2.05597  0.222073  1
482  0  0.963443  -0.263643  11343  1.88686  0.0642413  1
483  0  0.286023  -0.130515  11536.2  1.82902  0.0774697  1
484  0  0.462763  -0.0497711  11425.7  1.79099  0.0493063  1
485  0  0.421255  -0.055193  11485.5  1.93995  0.0557522  1
486  0  0.417567  -0.303218  11471.9  1.86124  0.0910544  1
487  0  0.16661  0.121703  9478.54  2.74845  0.499302  1
488  0  0.254481  0.258032  10179.6  2.39154  0.265918  1
489  0  -0.0187932  -0.0315251  12296.1  1.29909  0.326121  1
490  0  -1.08199  0.30203  11258.8  2.00049  0.381237  1
491  0  -0.436213  0.423214  11109.1  2.02377  0.47383  1
492  0  0.718219  0.178082  10650.4  2.17348  -0.174849  1
493  0  -0.0668398  -0.110507  11806.2  1.64316  0.294806  1
494  0  0.613127  0.18117  10462.8  2.28509  -0.12756  1
495  0  0.34556  0.130016  9808.36  2.58372  0.0797769  1
496  0  -0.968761  1.14768  11215.3  2.03905  0.414898  1
497  0  -0.27866  0.576896  10996.4  2.05626  0.421395  1
498  0  0.858277  -0.0364576  11337.1  1.74199  0.0515237  1
499  0  -0.131393  -0.206867  11624.4  1.77056  0.289832  1
500  0  1.42176  0.141236  11195.9  1.77264  0.00199889  1
501  0  0.715083  0.0969281  10584.9  1.86575  -0.237843  1
502  0  0.53934  -0.0526603  11462.8  1.95225  0.0670804  1
503  0  0.328274  0.399749  10502.9  2.23891  0.219651  1
504  0  0.578801  1.05217  10965.2  1.95685  0.225746  1
505  0  0.560198  -1.48106  11241.1  2.09579  0.0851564  1
506  0  0.0440568  0.463978  10710.9  2.15495  0.37212  1
507  0  -0.295587  1.44638  11090  1.93137  0.415724  1
508  0  0.0929516  -0.116862  11741.5  1.7161  0.0726374  1
509  0  1.08944  -0.132462  11320.5  1.92498  0.0452271  1
510  0  0.0167738  1.09042  10997.5  1.98989  0.327614  1
511  0  0.0625521  -0.05442  11830.9  1.66216  -0.0734716  1
512  0  0.112419  0.098621  9297.6  2.53737  0.697231  1
513  0  -0.773521  0.676908  11174.3  2.02875  0.447101  1
514  0  0.637014  0.110086  10403.8  2.06049  -0.205327  1
515  0  -1.56286  -0.986772  11332.7  1.96265  0.397527  1
516  0  0.785074  -0.0442139  11389.1  1.93228  0.0621167  1
517  0  0.909771  0.0500429  11012  1.07849  -0.187546  1
518  0  1.01374  0.22235  11076  1.88363  -0.120201  1
519  0  1.12016  0.177752  11161.3  1.84115  -0.0772293  1
520  0  -1.7496  0.642675  11290.7  1.96444  0.373508  1
521  0  -0.12902  0.172081  10978.2  2.00395  0.588004  1
522  0  0.137663  0.200232  10039.1  2.42979  0.476114  1
523  0  0.119304  -0.18371  11655.5  1.76562  0.114423  1
524  0  -0.49806  0.0911953  11271.2  1.955  0.46059  1
525  0  0.236533  0.210144  10011  2.45836  0.295905  1
526  0  0.995402  0.029041  11203.6  0.896493  -0.18417  1
527  0  -0.168095  -0.909822  11403.5  1.94275  0.221528  1
528  0  -0.132394  -1.27876  11363.9  2.05304  0.219157  1
529  0  -1.41927  -1.64156  11338  1.95325  0.396212  1
530  0  0.022877  0.0637719  9685.9  2.23039  1.18766  1
531  0  -0.0642069  -0.543455  11483.1  1.87836  0.209278  1
532  0  0.135497  -0.638096  11452.2  1.90484  0.175054  1
533  0  0.131799  -0.0542851  11642.6  1.79389  -0.0181998  1
534  0  0.26391  -1.20434  11353.1  1.99898  0.149569  1
535  0  0.176074  -0.0552334  11582.8  1.82124  0.0100124  1
536  0  0.349977  -0.252375  11501.3  1.84932  0.0968555  1
537  0  0.362496  -0.1486  11501.9  1.84835  0.0750856  1
538  0  1.00457  -0.0419786  11376.7  1.9201  0.0811135  1
539  0  0.221241  -0.05652  11535.9  1.82521  0.0324774  1
540  0  0.493434  0.113881  10085.9  1.98794  -0.0935294  1
541  0  0.264783  -0.0518628  11531.9  1.80669  0.0471908  1
542  0  0.44905  -0.140522  11471.7  1.85989  0.0663569  1
543  0  0.199647  -0.124402  11595.2  1.79947  0.0749344  1
544  0  -1.68481  -0.188346  11309.9  1.96492  0.391828  1
545  0  0.231764  -0.987634  11377.1  1.97171  0.166904  1
546  0  1.06002  1.70235  11078.5  1.8531  0.245389  1
547  0  0.0683199  0.0821445  9416.83  2.45415  0.908069  1
548  0  0.405379  -0.0833381  11487.6  1.95702  0.0599256  1
549  0  0.779491  0.0757253  10715.3  1.34781  -0.218045  1
550  0  0.183922  -0.184137  11601.6  1.80009  0.101626  1
551  0  -0.109174  -0.0302338  11687.9  1.66039  0.5069  1
552  0  -1.19166  0.511327  11249.7  2.00022  0.353848  1
553  0  -0.174679  0.314444  10938.2  2.05349  0.478669  1
554  0  0.590377  -0.105911  11435.2  1.92114  0.0659496  1
555  0  0.902512  -0.0321072  11351.7  1.72132  0.0498026  1
556  0  -0.471244  0.985841  11092.1  2.00937  0.462371  1
557  0  0.234024  0.125261  9566.2  2.70433  0.291675  1
558  0  0.573288  0.455947  10695.7  2.12626  0.0874552  1
559  0  0.000471929  0.0412853  10202.8  1.83439  1.37332  1
560  0  0.823915  0.0702587  10830.4  1.3711  -0.211559  1
561  0  0.866551  0.0602906  10945.4  1.2578  -0.202427  1
562  0  1.24377  -0.132258  11282.2  1.88176  0.0547951  1
563  0  0.638555  -0.0382509  11420.5  1.72559  0.0510762  1
564  0  0.681817  -0.0390095  11409.1  1.74308  0.0517435  1
565  0  -0.506604  1.67962  11129.3  1.85081  0.485833  1
566  0  0.594896  0.307506  10577  2.17474  -0.00754834  1
567  0  1.14451  -0.456701  11294.8  1.89492  0.055335  1
568  0  1.61777  1.21121  11083.5  1.80186  0.198516  1
569  0  -0.411343  -0.153843  11411.5  1.89195  0.387024  1
570  0  1.07667  1.13669  11041.2  1.87476  0.172228  1
571  0  -0.496663  -1.64273  11328  1.98102  0.376949  1
572  0  0.398412  0.1961  10111.1  2.44112  0.0596076  1
573  0  0.72643  -0.0346605  11395.8  1.71589  0.049223  1
574  0  1.04412  -0.232582  11330.3  1.88952  0.0550945  1
575  0  -0.00234104  0.694653  10882.7  2.06661  0.336316  1
576  0  -0.54215  -0.365182  11396.6  1.92679  0.366662  1
577  0  0.593453  -0.0398367  11443.1  1.73727  0.0546076  1
578  0  0.2378  0.64046  10772.1  2.10826  0.268269  1
579  0  -0.910619  0.172702  11264.8  2.00067  0.424014  1
580  0  0.220012  0.162269  9749.78  2.6172  0.335293  1
581  0  0.657567  -0.153321  11417.2  1.87701  0.0706762  1
582  0  -0.363667  -0.465867  11442  1.89332  0.29201  1
583  0  0.309018  -0.0478982  11516.7  1.77713  0.0483353  1
584  0  -1.66867  0.994754  11284.6  1.97866  0.336369  1
585  0  0.352467  -0.0468183  11515.7  1.77386  0.0512484  1
586  0  0.518008  1.67287  11041.7  1.90039  0.281781  1
587  0  -1.29935  1.61785  11343.3  1.97426  0.272587  1
588  0  0.954633  0.151159  11057.1  1.934  -0.194157  1
589  0  0.847266  -0.0699425  11361  1.98972  0.0577662  1
590  0  0.292492  0.11529  9625.69  2.32192  0.14091  1
591  0  -0.754865  -0.104175  11320.9  1.97108  0.439527  1
592  0  0.947714  -0.0290172  11337.4  1.68689  0.0546044  1
593  0  0.901863  0.122441  10991.8  1.98967  -0.241672  1
594  0  0.0371767  -0.0445114  12046.8  1.53784  -0.125702  1
595  0  1.734  0.180134  11129.5  1.7798  0.0292727  1
596  0  1.31866  -1.09665  11264  1.88447  0.00354732  1
597  0  0.295152  -0.426451  11483.7  1.85966  0.13267  1
598  0  0.581816  0.101965  10285.2  1.71078  -0.145644  1
599  0  0.537447  0.106453  10184.4  1.81361  -0.113306  1
600  0  -0.142253  -0.322366  11553.5  1.81794  0.249612  1
601  0  0.39398  0.285257  10315.7  2.32087  0.122605  1
602  0  0.448783  0.112822  9996.44  1.99343  -0.0596117  1
603  0  0.786269  -0.134934  11379.4  1.90433  0.0654127  1
604  0  0.715266  -0.421288  11383.3  1.8904  0.0778376  1
605  0  0.403671  0.115077  9867.59  2.08769  -0.00639574  1
606  0  0.264892  -0.165663  11549.6  1.83119  0.0901433  1
607  0  0.146183  0.453931  10626.7  2.18931  0.323763  1
608  0  -0.172505  1.71496  11053.5  1.88755  0.362724  1
609  0  0.230678  0.520185  10671  2.16511  0.275057  1
610  0  0.397773  0.90154  10911  2.00242  0.242277  1
611  0  0.390836  -0.698526  11412.3  1.92404  0.122937  1
612  0  0.284618  0.15884  9808.44  2.62806  0.206089  1
613  0  0.0870229  -0.0486353  11753.1  1.73403  -0.0612836  1
614  0  1.62362  1.62362  11094.6  1.81786  0.228707  1
615  0  -1.6652  -1.4121  11336.5  1.96013  0.393743  1
616  0  -0.0470412  0.315614  10740.6  2.13115  0.486272  1
617  0  0.735652  -0.0791486  11397.5  1.98752  0.0664948  1
618  0  0.703757  -0.103755  11408.9  1.94107  0.0655245  1
619  0  -0.51868  0.753617  11105.9  2.03202  0.467202  1
620  0  0.136343  0.0961857  9140.83  2.43438  0.57825  1
621  0  0.397084  -0.0442322  11482.3  1.74203  0.0490259  1
622  0  0.439378  -0.0414988  11492.9  1.69664  0.0470715  1
623  0  0.487664  -0.0433407  11424.8  1.74157  0.0543317  1
624  0  -0.262968  -0.351382  11492.5  1.85687  0.287212  1
625  0  0.770751  0.374091  10818.6  2.04172  -0.0287708  1
626  0  0.88677  -0.103833  11360.6  1.95672  0.0633886  1
627  0  0.94546  0.306011  10981.6  1.92584  -0.0862472  1
628  0  0.909546  -0.325981  11349.4  1.88635  0.0717043  1
629  0  1.0658  0.0799687  11295.9  1.62891  -0.151794  1
630  0  -1.25321  1.1791  11237  2.03542  0.27277  1
631  0  1.67386  -1.05163  11199.1  1.81218  0.0270246  1
632  0  0.690946  0.086883  10506  1.46634  -0.176735  1
633  0  0.73501  0.0794543  10633.7  1.37912  -0.198311  1
634  0  0.74008  -1.21637  11305.4  1.99227  0.039871  1
635  0  0.812248  -0.0292422  11395.1  1.64725  0.0559491  1
636  0  0.457282  0.193816  10189.7  2.40905  -0.000678585  1
637  0  -1.68379  -0.632136  11324.3  1.96362  0.395496  1
638  0  0.151174  -0.320142  11561.7  1.81823  0.150238  1
639  0  -0.0284275  0.0027876  11964.3  1.1065  0.83966  1
640  0  0.456291  0.284821  10378.6  2.28473  0.0633767  1
641  0  0.0919317  0.0852556  9252.17  2.43129  0.786004  1
642  0  -0.719353  -0.533687  11373.9  1.95282  0.384101  1
643  0  0.818001  0.146421  10835.9  2.08074  -0.230347  1
644  0  0.836132  0.297139  10867.6  2.00019  -0.0940206  1
645  0  0.973279  0.0292404  11132.7  0.845635  -0.166538  1
646  0  0.534139  0.192378  10333.1  2.33915  -0.0673587  1
647  0  0.99432  0.418032  11000.1  1.91787  -0.0160742  1
648  0  -0.209092  -0.160267  11556  1.79901  0.346548  1
649  0  -0.131519  0.761434  10961  2.03995  0.367559  1
650  0  0.173243  -0.49818  11488.7  1.87055  0.162028  1
651  0  0.433667  -0.109176  11478.3  1.9013  0.0597409  1
652  0  0.154049  -0.0486431  11613.6  1.77179  -0.0103309  1
653  0  0.0304589  0.357108  10620.9  2.18849  0.430755  1
654  0  0.198403  -0.047931  11560.7  1.7643  0.0152794  1
655  0  0.242567  -0.0467348  11531.4  1.74021  0.0358012  1
656  0  0.930004  0.0389251  11075.9  0.932143  -0.151171  1
657  0  1.34991  1.04312  11067.6  1.83476  0.15438  1
658  0  0.315305  0.112408  9624.72  2.10495  0.0857677  1
659  0  0.109792  -0.046738  11720.7  1.73053  -0.0480535  1
660  0  0.133429  0.159734  9811.83  2.55391  0.543156  1
661  0  0.286566  -0.0446982  11510.7  1.70554  0.0455976  1
662  0  0.470736  0.107641  10020.5  1.7825  -0.0830447  1
663  0  0.515068  0.105506  10105.8  1.71483  -0.0992179  1
664  0  0.15683  0.291595  10331.1  2.32035  0.383457  1
665  0  -0.560574  0.215927  11214.5  1.98855  0.481857  1
666  0  0.603404  0.0944929  10304.1  1.44078  -0.144523  1
667  0  0.374479  -0.0414484  11490  1.66914  0.0497592  1
668  0  0.0555728  0.148002  10076.3  2.37189  0.710169  1
669  0  0.506651  -0.0362396  11452.1  1.57935  0.046148  1
670  0  0.616268  -0.0331703  11424.6  1.61569  0.0512597  1
671  0  -1.13977  -0.617761  11342.1  1.96685  0.397296  1
672  0  -0.317988  0.315093  11074.6  2.01189  0.471395  1
673  0  0.364371  -0.101865  11503.7  1.8934  0.063451  1
674  0  0.32328  0.17755  9933.9  2.54686  0.152099  1
675  0  0.879777  -0.0269266  11356.4  1.61978  0.0457753  1
676  0  0.70406  -0.0316675  11379  1.61871  0.048892  1
677  0  0.800023  0.0652919  10759.5  1.19801  -0.196552  1
678  0  -0.151299  0.482846  10913.5  2.08012  0.415707  1
679  0  1.17957  -1.68636  11303  2.11588  -0.210657  1
680  0  0.887133  0.048587  10971.7  1.01769  -0.184018  1
681  0  0.843467  0.0568883  10873.5  1.0757  -0.176165  1
682  0  0.667499  0.0843571  10438.6  1.28462  -0.160921  1
683  0  0.833876  -0.0340434  11370.5  1.72755  0.0540301  1
684  0  -1.70324  0.138717  11292.5  1.96899  0.384408  1
685  0  0.695663  0.654566  10873.3  2.01603  0.11779  1
686  0  0.756464  0.0720672  10672.8  1.18206  -0.203144  1
687  0  0.924028  -0.0228969  11344.4  1.55695  0.0448435  1
688  0  0.971121  -0.106747  11352.9  1.94827  0.0608567  1
689  0  0.133801  -0.0994813  11669.8  1.75463  0.0465732  1
690  0  1.40912  -0.508049  11243  1.89274  0.0555537  1
691  0  -0.845084  1.6627  11184.9  1.89476  0.518908  1
692  0  -0.930196  -0.253255  11331.5  1.97716  0.41113  1
693  0  0.950697  0.0301635  11096.4  0.756854  -0.14087  1
694  0  -0.569987  -1.07745  11371.8  1.9709  0.314258  1
695  0  -0.399483  -0.904189  11389.5  1.94804  0.261999  1
696  0  0.655991  -0.697919  11370.1  1.92192  0.0818254  1
697  0  0.517945  -0.197874  11448.6  1.86887  0.0700992  1
698  0  0.496576  -0.263002  11451.5  1.87004  0.0761271  1
699  0  0.682852  0.140539  10538.9  2.26381  -0.209646  1
700  0  1.02856  -0.0187881  11368.2  1.46897  0.0701479  1
701  0  1.02878  0.0263191  11326.4  1.0686  -0.132978  1
702  0  1.74077  0.597081  11115.3  1.73199  0.0955168  1
703  0  1.7838  -0.14926  11133.1  1.90272  0.0670544  1
704  0  -0.0719106  0.0817072  11028.7  1.91592  0.794276  1
705  0  0.519563  -0.096162  11454.9  1.94244  0.065544  1
706  0  0.0106462  0.0945682  10213  2.25995  0.983022  1
707  0  -1.6612  1.66083  11424.3  1.97352  0.288721  1
708  0  0.0708945  0.225265  10279.7  2.32304  0.532884  1
709  0  -0.173357  -0.628636  11450  1.89861  0.225922  1
710  0  0.637801  0.140413  10444.9  2.30594  -0.185531  1
711  0  1.01988  -0.109961  11336.7  1.94556  0.0564582  1
712  0  0.0330425  -0.118687  11863.5  1.64679  0.113466  1
713  0  0.949451  -0.0660522  11353  2.00035  0.0657265  1
714  0  1.66161  -1.66161  11308.2  1.89282  -0.154804  1
715  0  0.761495  0.224187  10765  2.06275  -0.133292  1
716  0  0.813318  -0.0931295  11377.9  1.96274  0.0613554  1
717  0  0.883832  0.173406  10940.5  1.99245  -0.192387  1
718  0  0.480812  -0.076427  11445.5  1.98361  0.0637831  1
719  0  0.0344188  -0.0741114  11965.2  1.55559  0.0361137  1
720  0  0.135905  0.741873  10858.9  2.06249  0.29626  1
721  0  0.277287  -0.224083  11537.8  1.83115  0.104073  1
722  0  -0.00433733  0.57691  10824.6  2.10524  0.355054  1
723  0  0.276281  0.358478  10411.7  2.28129  0.247481  1
724  0  0.0850173  -0.83931  11412.3  1.93602  0.194774  1
725  0  -0.727223  0.221157  11235.2  2.00065  0.470533  1
726  0  1.13178  0.470989  11051.6  1.86873  0.0181746  1
727  0  0.489581  -0.158875  11457.4  1.86387  0.0675542  1
728  0  0.0975929  -0.26296  11613.6  1.78687  0.152151  1
729  0  -0.707424  1.12695  11155.2  2.0076  0.496334  1
730  0  0.617351  -0.216791  11421  1.87249  0.0726719  1
731  0  0.782602  0.12918  10756.4  2.12738  -0.243153  1
732  0  0.412659  -0.378391  11463.1  1.86418  0.104453  1
733  0  1.12364  -0.313398  11304.5  1.89396  0.0511793  1
734  0  0.182666  1.70924  11043.9  1.89949  0.30385  1
735  0  0.63154  0.216475  10533.7  2.19803  -0.0986578  1
736  0  1.10088  -1.30837  11311.6  1.93388  -0.0404766  1
737  0  0.198656  1.24595  11005.2  1.96007  0.297588  1
738  0  -0.486061  -0.73195  11402.6  1.93189  0.294511  1
739  0  -0.89831  -0.461609  11350.1  1.96902  0.402963  1
740  0  0.300086  0.242968  10121.3  2.40322  0.214811  1
741  0  0.183353  0.102429  9256.21  2.41426  0.391166  1
742  0  -0.376735  0.11083  11250.4  1.93973  0.464354  1
743  0  -0.494432  -0.0563495  11338.7  1.92921  0.430596  1
744  0  0.359837  0.111595  9775.41  2.0485  0.0354094  1
745  0  0.17094  -0.10096  11620.7  1.78671  0.0537882  1
746  0  0.438541  0.606687  10764.5  2.10061  0.192431  1
747  0  -1.02531  -0.867327  11349.8  1.96427  0.395309  1
748  0  1.32848  0.736961  11074.7  1.83162  0.0995226  1
749  0  -0.40437  1.21392  11098.7  1.9744  0.446202  1
750  0  -0.798645  -0.893524  11363.7  1.95868  0.369897  1
751  0  0.380625  0.10956  9807.41  1.90005  -7.09454e-05  1
752  0  0.623603  -0.101419  11426.8  1.93504  0.0667636  1
753  0  0.660113  -0.0310065  11423.6  1.58482  0.045945  1
754  0  0.0490283  0.0664059  9388.33  2.3205  1.03774  1
755  0  0.169057  0.893338  10920.9  2.01896  0.286459  1
756  0  -0.206695  0.13189  11166.7  1.93755  0.531334  1
757  0  0.265363  -0.0909451  11544.4  1.89495  0.0625757  1
758  0  0.0117453  -0.0304633  12478.5  1.25867  -0.000928212  1
759  0  -0.939149  -1.33751  11343.6  1.96583  0.390429  1
760  0  0.204279  0.102809  9300.82  2.23822  0.299474  1
761  0  0.103214  0.142709  9753.31  2.55739  0.656857  1
762  0  -0.0618087  -0.0177043  11938.8  1.44358  0.514442  1
763  0  0.109835  -0.412222  11530.7  1.83846  0.17099  1
764  0  0.817756  -0.308362  11370.4  1.88311  0.0771474  1
765  0  -0.250467  -0.0128295  11414.3  1.84596  0.454372  1
766  0  1.41357  -0.247461  11227.7  1.89631  0.0548485  1
767  0  0.660374  0.525503  10806  2.06228  0.0810291  1
768  0  -0.0177845  0.120275  10574.6  2.13579  0.831748  1
769  0  1.21691  0.126114  11227.2  1.77745  -0.0462046  1
770  0  0.157613  0.100255  9244.77  2.45917  0.496463  1
771  0  0.187795  0.191135  9922.58  2.49415  0.387359  1
772  0  0.406213  0.139576  9950.82  2.55032  0.00529247  1
773  0  0.00686951  -1.69293  11273.7  2.07426  0.208584  1
774  0  0.496985  -0.455905  11430.6  1.88118  0.096259  1
775  0  0.647598  0.0897587  10419.3  1.43273  -0.160311  1
776  0  0.388016  0.427072  10557  2.20986  0.178005  1
777  0  0.90357  0.507405  10939.2  1.9607  0.0210154  1
778  0  0.977294  0.0902899  11147  1.81177  -0.232467  1
779  0  0.551219  -0.0338743  11470.3  1.60002  0.0552898  1
780  0  -0.0180568  -0.0587918  12110.8  1.43633  0.233253  1
781  0  0.249718  0.107236  9472.42  2.22364  0.19499  1
782  0  0.769255  -0.0272571  11392.3  1.57575  0.0504834  1
783  0  -1.14774  -0.171834  11314.6  1.98054  0.390199  1
784  0  -0.127652  0.0368651  11406.8  1.79968  0.61892  1
785  0  0.000286576  -0.305014  11596.6  1.7962  0.19571  1
786  0  0.623737  0.0932038  10351.2  1.48631  -0.151497  1
787  0  0.570671  -0.333172  11427.4  1.8789  0.0761951  1
788  0  0.335285  0.113228  9700.27  2.13372  0.0733628  1
789  0  0.0283278  -0.599644  11466.5  1.89577  0.195282  1
790  0  0.726717  -1.71519  11119  2.26839  0.0506769  1
791  0  0.682577  0.325862  10703.1  2.10385  -0.0301854  1
792  0  -0.194608  -0.0768238  11555.3  1.77257  0.418289  1
793  0  -0.0749584  -0.0659109  11857.1  1.57344  0.384553  1
794  0  0.729089  -0.201744  11399.3  1.87444  0.0727612  1
795  0  0.747983  -0.0272318  11386.9  1.53728  0.0486623  1
796  0  -0.0124512  -0.135373  11826.6  1.65624  0.202085  1
797  0  0.0658012  -0.209212  11672  1.74879  0.148068  1
798  0  0.846943  -0.169793  11370.2  1.88661  0.0685791  1
799  0  1.098  -0.641101  11302.8  1.90295  0.0587324  1
800  0  -0.143318  0.925234  10994.5  2.01523  0.363475  1
801  0  0.325595  -1.72095  11208.3  2.15159  0.173374  1
802  0  0.448436  0.139365  10046.2  2.50238  -0.042273  1
803  0  0.466166  0.160624  10131.6  2.50237  -0.0413782  1
804  0  0.0212707  -0.192097  11714.8  1.72151  0.177334  1
805  0  0.992388  -0.020185  11343.9  1.53598  0.0597143  1
806  0  1.33815  1.72891  11088.2  1.83418  0.235112  1
807  0  -0.304321  -0.211345  11487.8  1.85299  0.340779  1
808  0  1.21028  0.345305  11109.2  1.82214  -0.00807672  1
809  0  0.528207  -0.033687  11457.4  1.60275  0.047667  1
810  0  -0.390724  -1.32837  11358.9  2.02279  0.30395  1
811  0  0.590241  -0.075807  11433.5  1.98006  0.0618784  1
812  0  1.7178  -0.673238  11178.8  1.87617  0.0790402  1
813  0  -0.116816  -1.09052  11373.7  2.00246  0.218971  1
814  0  -0.197835  0.0555545  11316.6  1.86545  0.533792  1
815  0  0.392565  0.160373  9988.32  2.54791  0.0421934  1
816  0  0.789841  -0.0232857  11400.8  1.48446  0.0480134  1
817  0  0.572151  -0.0321456  11472.9  1.55381  0.0562501  1
818  0  0.837241  -0.513923  11354.6  1.89706  0.0739927  1
819  0  -1.14318  0.0549159  11292.3  1.98864  0.383535  1
820  0  0.511222  0.306851  10486.4  2.2321  0.0416287  1
821  0  0.358797  0.341248  10417.8  2.28039  0.180341  1
822  0  0.227764  -0.0926513  11567.2  1.8669  0.0584481  1
823  0  0.95696  1.41557  11049.5  1.88424  0.221078  1
824  0  0.969914  -0.0185778  11320.4  1.48089  0.0522138  1
825  0  0.754328  -0.113895  11388.5  1.92965  0.063529  1
826  0  0.542079  0.133263  10242.3  2.37014  -0.136238  1
827  0  0.526732  0.15617  10252.6  2.44957  -0.100383  1
828  0  -0.624132  0.527124  11149.1  2.02721  0.480365  1
829  0  1.37583  0.345309  11130.2  1.79284  0.0250855  1
830  0  0.00596473  -0.410186  11536.2  1.83276  0.194789  1
831  0  0.473715  0.395682  10573.6  2.19532  0.108923  1
832  0  0.176892  0.393325  10517  2.23581  0.323609  1
833  0  0.0899575  0.308386  10460.2  2.25971  0.431573  1
834  0  -1.7149  -1.7149  11336.3  1.95965  0.387619  1
835  0  0.929365  0.063973  11046.3  1.53626  -0.249858  1
836  0  0.733553  -0.335776  11386.8  1.88367  0.0772671  1
837  0  0.41062  -0.16169  11484.1  1.85539  0.0725615  1
838  0  0.305742  0.462459  10589.3  2.19709  0.23293  1
839  0  -0.360656  0.681439  11046.1  2.04101  0.437791  1
840  0  0.0828254  -0.076833  11785.7  1.70062  0.00568439  1
841  0  -0.0108247  0.0202627  11063.9  1.27146  1.334  1
842  0  0.694758  0.112616  10549.5  2.09868  -0.237087  1
843  0  0.330452  -0.0405747  11526.6  1.64622  0.0453141  1
844  0  1.18529  -0.842778  11280.8  1.90755  0.0432774  1
845  0  0.846817  0.607101  10925.2  1.972  0.0706332  1
846  0  0.582223  0.127811  10307.4  2.30582  -0.165574  1
847  0  0.00399543  0.162217  10421.9  2.21377  0.717883  1
848  0  0.736114  0.106782  10637.7  2.03229  -0.251111  1
849  0  1.03434  -0.0696949  11383.4  1.96726  0.0648321  1
850  0  0.270127  -0.358332  11509.2  1.84298  0.131805  1
851  0  0.708606  0.24903  10688.6  2.10371  -0.100952  1
852  0  0.312549  -0.0731198  11524.1  1.96936  0.0610281  1
853  0  0.615488  0.376804  10668.3  2.133  0.0280594  1
854  0  0.351003  -0.0740466  11510  1.97264  0.0561373  1
855  0  0.982757  0.0544281  11191.9  1.44033  -0.242029  1
856  0  0.5586  -0.114978  11445.7  1.89665  0.0649482  1
857  0  0.932919  -0.137343  11353.8  1.91372  0.0621982  1
858  0  0.226568  0.103692  9383.92  2.25608  0.254949  1
859  0  0.389727  0.237003  10202.3  2.36613  0.0987162  1
860  0  0.0541359  0.1113  9843.02  2.47179  0.8696  1
861  0  0.926479  0.94771  11002.1  1.91036  0.152441  1
862  0  -0.163296  1.25169  11048.8  1.96862  0.374593  1
863  0  1.75715  -1.37553  11225.1  1.68759  -0.0479757  1
864  0  -0.825005  0.0446453  11283.8  1.9902  0.448168  1
865  0  0.749443  0.953736  10968.9  1.94203  0.176684  1
866  0  0.356398  0.206943  10081.9  2.4366  0.12045  1
867  0  -0.0358091  -0.0842992  11945.8  1.54533  0.269196  1
868  0  -0.0768766  -0.157492  11724.5  1.70808  0.268342  1
869  0  -1.09292  0.972617  11228.9  2.05906  0.343308  1
870  0  -0.0248769  0.197958  10591  2.16786  0.632212  1
871  0  -0.0128593  0.246426  10599  2.1804  0.558127  1
872  0  0.575202  0.182885  10392.2  2.32682  -0.106295  1
873  0  -0.680771  -0.717154  11378.4  1.94846  0.356119  1
874  0  -0.307111  0.17036  11167.4  1.96044  0.48469  1
875  0  0.225118  -0.159324  11572.4  1.81946  0.0896739  1
876  0  0.677886  0.210591  10605.4  2.15774  -0.123631  1
877  0  0.749109  0.135168  10683.1  2.17165  -0.230397  1
878  0  0.27056  0.106624  9534.44  2.0971  0.145906  1
879  0  1.79503  0.992726  11094.6  1.76072  0.181051  1
880  0  1.47306  0.570621  11106.5  1.79264  0.0753882  1
881  0  1.18444  0.624954  11050  1.86215  0.0675652  1
882  0  0.558909  0.0981941  10215.9  1.51555  -0.121708  1
883  0  0.256405  0.176859  9859.61  2.55969  0.261695  1
884  0  -1.42787  0.63336  11273.5  1.98594  0.346619  1
885  0  -0.995389  0.541158  11218.5  2.01086  0.392783  1
886  0  -0.817799  1.33837  11180.9  1.98462  0.511338  1
887  0  -0.873997  0.919359  11191.3  2.04663  0.433384  1
888  0  -0.056766  0.507244  10829.7  2.11096  0.386098  1
889  0  0.60085  0.254495  10529.6  2.19141  -0.0512841  1
890  0  0.55336  0.266263  10478.3  2.22394  -0.0184558  1
891  0  -0.0995189  0.127093  11007.8  1.96196  0.66305  1
892  0  -1.15388  -1.06784  11342.5  1.96466  0.397244  1
893  0  0.459069  -0.102942  11468.5  1.91517  0.0619943  1
894  0  0.151598  0.139765  9639.87  2.67988  0.528286  1
895  0  0.646133  -0.0718138  11420.4  1.99377  0.0631377  1
896  0  0.210992  -0.252277  11562.8  1.8172  0.121872  1
897  0  0.257434  0.30856  10296.5  2.33807  0.274418  1
898  0  0.322272  0.214189  10066  2.43247  0.169137  1
899  0  -0.238226  0.689498  10995.6  2.0457  0.401388  1
900  0  -0.142341  0.394529  10869.5  2.08852  0.447259  1
901  0  0.676631  -0.0717603  11414.3  2.00109  0.0618992  1
902  0  0.487577  0.208679  10285.6  2.33314  -0.0175205  1
903  0  -0.388324  -0.611473  11423.7  1.91219  0.276585  1
904  0  0.42616  0.107893  9914.55  1.8002  -0.0383975  1
905  0  -0.00487995  -0.015041  12554.1  0.698963  0.400692  1
906  0  0.338632  0.153469  9875.7  2.6119  0.106781  1
907  0  0.795721  1.64775  11060.6  1.88144  0.263661  1
908  0  -0.466147  0.304646  11152.1  2.00159  0.479874  1
909  0  0.383271  1.16292  10980.5  1.9628  0.267956  1
910  0  -0.787096  -1.59106  11334  1.95873  0.392222  1
911  0  0.301361  -0.0970536  11528.8  1.88845  0.0665634  1
912  0  0.495588  0.145441  10158  2.47446  -0.0818287  1
913  0  0.423247  -0.241253  11477  1.8608  0.0815392  1
914  0  0.2101  0.267682  10218.9  2.3758  0.324022  1
915  0  -1.79159  1.38859  11335.3  1.97426  0.339723  1
916  0  0.36777  -0.57936  11437.8  1.89874  0.126337  1
917  0  0.326894  -0.12465  11516.6  1.84003  0.0725685  1
918  0  0.289876  0.136112  9715.87  2.68738  0.187913  1
919  0  0.565176  -0.191888  11436.8  1.86879  0.0702887  1
920  0  0.278097  -0.29028  11524.3  1.838  0.118724  1
921  0  0.620082  -0.580926  11391.6  1.90393  0.0868651  1
922  0  -0.167007  -0.758057  11428.6  1.91761  0.222385  1
923  0  0.869631  0.0982126  10939.7  1.90569  -0.262538  1
924  0  -1.6502  0.406081  11280.8  1.97175  0.373362  1
925  0  1.38065  -0.0629278  11257.8  1.82814  0.0449802  1
926  0  0.339927  0.652455  10777.6  2.09854  0.233509  1
927  0  -0.133392  0.2449  10892.6  2.0564  0.52569  1
928  0  -1.43939  -0.674452  11332.7  1.96379  0.397983  1
929  0  0.531159  -0.0729589  11456.1  1.98745  0.0686652  1
930  0  0.690126  -0.261326  11402.7  1.87709  0.0747471  1
931  0  0.245382  -0.644723  11438.7  1.91098  0.147301  1
932  0  0.536935  0.718704  10851.7  2.03954  0.183773  1
933  0  0.536605  -0.752959  11387.9  1.93198  0.0955499  1
934  0  0.808714  -0.247128  11375.7  1.88104  0.0758849  1
935  0  -0.314173  0.463295  11023.7  2.04499  0.446041  1
936  0  -0.476008  -0.24704  11402.1  1.91043  0.376584  1
937  0  0.909921  -0.0688764  11360  2.00087  0.0640662  1
938  0  0.442796  -1.28393  11303  2.01437  0.106483  1
939  0  -0.0630921  -0.332612  11574  1.80534  0.214595  1
940  0  0.0710912  -1.17459  11371  2.01471  0.191695  1
941  0  1.81035  1.40871  11092.4  1.7967  0.229077  1
942  0  0.132279  -0.0756413  11668.6  1.80508  0.013113  1
943  0  0.951811  -0.196528  11349.6  1.88977  0.0630503  1
944  0  -0.22037  -1.77309  11308.5  2.00007  0.331279  1
945  0  0.729801  -0.0567079  11404  1.99013  0.0652714  1
946  0  0.174598  -0.0779997  11602.9  1.85797  0.029627  1
947  0  -0.598718  -0.0322541  11314.2  1.95572  0.450035  1
948  0  0.885119  0.245894  10934.6  1.96103  -0.135433  1
949  0  0.83749  0.104097  10863.1  1.96398  -0.265321  1
950  0  -0.279876  -0.551857  11445.5  1.89626  0.250316  1
951  0  -1.44637  1.09752  11268.5  2.01263  0.266608  1
952  0  0.712069  0.0770762  10557.1  1.16691  -0.163834  1
953  0  0.596825  0.150008  10379.9  2.37041  -0.15357  1
954  0  0.418526  -0.0357975  11489  1.56565  0.0430551  1
955  0  0.551219  1.31772  11013.5  1.93613  0.254458  1
