0  2  1  0.0057  14338.8  7.55287e-17  -1.56649e-17  1
1  1  2  2  14380.9  1.9734  0.0707107  1
2  1  2  -2  14360.1  2.07089  0.175208  1
3  3  -2  -2  14439.1  1.98923  0.207275  1
4  3  -2  2  14274.2  1.99094  0.206149  1
10  1  2  1.6  14387  1.97073  0.0618298  1
11  1  2  1.2  14387  1.95007  0.0505519  1
12  1  2  0.8  14387  1.90298  0.0134593  1
13  1  2  0.4  14387  1.91097  -0.0311634  1
14  1  2  5.50449e-12  14387  2.04165  -0.00676332  1
15  1  2  -0.4  14387  2.12671  0.0664274  1
16  1  2  -0.8  14387  2.08933  0.112654  1
17  1  2  -1.2  14387  2.05812  0.122528  1
18  1  2  -1.6  14387  2.10364  0.131307  1
19  0  1.6  -2  14390.5  1.98923  0.207275  1
20  0  1.2  -2  14447  1.98923  0.207275  1
21  0  0.8  -2  14427.6  1.98923  0.207275  1
22  0  0.4  -2  14405.8  1.98923  0.207275  1
23  0  5.50449e-12  -2  14395  1.98923  0.207275  1
24  0  -0.4  -2  14399.5  1.98923  0.207275  1
25  0  -0.8  -2  14424.8  1.98923  0.207275  1
26  0  -1.2  -2  14438.7  1.98923  0.207275  1
27  0  -1.6  -2  14439.6  1.98923  0.207275  1
28  3  -2  -1.6  14438.6  1.98923  0.207275  1
29  3  -2  -1.2  14436.7  1.98923  0.207275  1
30  3  -2  -0.8  14427.3  1.98923  0.207275  1
31  3  -2  -0.4  14410.2  1.98923  0.207275  1
32  3  -2  -5.50449e-12  14384.4  1.98923  0.207275  1
33  3  -2  0.4  14353.4  1.98923  0.207275  1
34  3  -2  0.8  14322.8  1.98923  0.207275  1
35  3  -2  1.2  14297.8  1.98923  0.207275  1
36  3  -2  1.6  14282.6  1.98923  0.207275  1
37  0  -1.6  2  14258.8  1.99898  0.209541  1
38  0  -1.2  2  14245.3  2.00857  0.219769  1
39  0  -0.8  2  14252.4  2.01267  0.227267  1
40  0  -0.4  2  14282.6  2.0092  0.206802  1
41  0  -5.50449e-12  2  14308.2  2.00196  0.178377  1
42  0  0.4  2  14328  1.99422  0.139668  1
43  0  0.8  2  14342.5  1.99486  0.0847788  1
44  0  1.2  2  14353.5  1.99454  0.0685037  1
45  0  1.6  2  14370.6  1.98162  0.0754285  1
46  2  0.980034  0.0140368  14343.1  0  0  1
47  2  0.958998  0.0202552  14290.4  0  0  1
48  2  0.938058  0.0267844  14241.9  0  0  1
49  2  0.917025  0.0330075  14199.2  1.65974e-17  1.15493e-18  1
50  2  0.895873  0.0388156  14166.2  0  0  1
51  2  0.874675  0.0444535  14145  -4.56275e-17  5.66788e-18  1
52  2  0.853453  0.0500023  14089.7  0  0  1
53  2  0.832216  0.0554897  14047.9  -2.78921e-17  4.22523e-18  1
54  2  0.810964  0.0609222  13992.3  0  0  1
55  2  0.789701  0.0663102  13933.6  -5.67132e-17  1.07464e-17  1
56  2  0.768443  0.0717196  13875.3  0  0  1
57  2  0.747171  0.0770735  13811.9  4.93038e-32  -1.2326e-32  1
58  2  0.725861  0.0822709  13758.2  0  0  1
59  2  0.704489  0.0872081  13688.6  0  0  1
60  2  0.683045  0.0918218  13599.6  0  0  1
61  2  0.661546  0.0961733  13537.9  1.65549e-16  -3.26604e-17  1
62  2  0.640003  0.100303  13513.7  0  0  1
63  2  0.618425  0.104249  13433.5  0  0  1
64  2  0.596822  0.108051  13398.7  0  0  1
65  2  0.575192  0.111693  13342.3  0  0  1
66  2  0.553532  0.115158  13310.9  0  0  1
67  2  0.531846  0.118454  13232.5  0  0  1
68  2  0.510136  0.12159  13171.1  0  0  1
69  2  0.488408  0.124593  13123.4  0  0  1
70  2  0.46667  0.127529  13026  2.02806e-16  -1.2576e-17  1
71  2  0.444911  0.130303  12896.7  0  0  1
72  2  0.423118  0.132796  12806.4  0  0  1
73  2  0.401284  0.134892  12720.3  0  0  1
74  2  0.379417  0.136616  12630.7  2.00116e-16  -6.2748e-18  1
75  2  0.357529  0.138049  12549.2  0  0  1
76  2  0.335619  0.139092  12445.3  2.12042e-16  3.51977e-18  1
77  2  0.313691  0.139646  12337  0  0  1
78  2  0.291757  0.139606  12262.1  -5.70343e-16  -2.92202e-17  1
79  2  0.269833  0.138934  12190.4  0  0  1
80  2  0.247927  0.137802  12108.4  1.97079e-16  1.89518e-17  1
81  2  0.226044  0.136295  12013.5  0  0  1
82  2  0.20419  0.134414  11773.4  -6.13553e-16  -9.53553e-17  1
83  2  0.182415  0.131798  11524.8  0  0  1
84  2  0.160954  0.127305  11552  0  0  1
85  2  0.139742  0.121722  11831.7  0  0  1
86  2  0.11879  0.115233  11879.8  2.90082e-16  1.0555e-16  1
87  2  0.0980491  0.108098  11971.8  0  0  1
88  2  0.0779757  0.0992973  12178.5  -3.98224e-16  -2.20225e-16  1
89  2  0.0585646  0.0890894  12485.4  0  0  1
90  2  0.0403352  0.0769163  12911.8  1.03617e-16  3.36001e-17  1
91  2  0.0232196  0.0632025  13467.1  0  0  1
92  2  0.00851033  0.0470397  14747.3  1.40893e-16  1.13873e-16  1
93  2  0.000597283  0.0275458  15840.2  0  -1.2326e-32  1
94  2  0.0146585  0.0110399  15291.6  0  0  1
95  2  0.0358929  0.00582065  14633.1  2.92504e-16  -2.69154e-17  1
96  2  0.0575522  0.0024369  14646.1  0  0  1
97  2  0.0794426  0.00105551  14559.8  -2.77227e-16  1.14882e-17  1
98  2  0.101368  0.000490063  14553  0  0  1
99  2  0.123303  0.000486933  14580.8  0  0  1
100  2  0.145238  0.000646726  14649.7  0  0  1
101  2  0.16717  0.000985342  14636.8  0  0  1
102  2  0.1891  0.00147327  14613.3  0  0  1
103  2  0.21103  0.00193014  14655.6  -1.3331e-16  -1.67343e-18  1
104  2  0.23296  0.00241023  14680.4  0  0  1
105  2  0.25489  0.0028821  14677.1  0  0  1
106  2  0.276821  0.00331707  14684.6  0  0  1
107  2  0.298753  0.00368233  14699.5  0  0  1
108  2  0.320686  0.00398259  14701.4  3.15938e-16  1.78099e-19  1
109  2  0.342619  0.00424501  14694.9  0  0  1
110  2  0.364554  0.00443496  14699.4  0  0  1
111  2  0.386489  0.00451761  14689.6  0  0  1
112  2  0.408424  0.00445488  14685.1  1.38789e-16  -3.64554e-18  1
113  2  0.430357  0.00421396  14682.1  0  0  1
114  2  0.45229  0.00385254  14656.1  1.87853e-16  -2.39212e-18  1
115  2  0.474221  0.00344341  14626.7  0  0  1
116  2  0.496153  0.00305935  14615.1  0  0  1
117  2  0.518085  0.0027247  14600.9  0  0  1
118  2  0.540018  0.00238533  14587.6  1.42179e-16  -3.22489e-18  1
119  2  0.56195  0.00204884  14577.3  0  0  1
120  2  0.583883  0.00172474  14559  -3.82941e-16  5.76083e-18  1
121  2  0.605816  0.00142056  14541.3  0  0  1
122  2  0.627749  0.0011119  14524.1  5.26155e-17  6.74499e-19  1
123  2  0.649682  0.000810427  14503.3  0  0  1
124  2  0.671616  0.000544612  14489.7  4.6423e-17  -3.00408e-18  1
125  2  0.69355  0.00034295  14478.8  0  0  1
126  2  0.715485  0.000224519  14466.6  0  0  1
127  2  0.73742  0.00017264  14473.4  0  0  1
128  2  0.759355  0.00017673  14470.3  0  0  1
129  2  0.78129  0.000227289  14464.1  3.34643e-16  6.1282e-19  1
130  2  0.803225  0.000315356  14439.5  0  0  1
131  2  0.825159  0.000456303  14436.6  1.83653e-16  1.08682e-18  1
132  2  0.847094  0.000642883  14436.8  1.90766e-16  1.20249e-18  1
133  2  0.869028  0.000860015  14414.2  0  0  1
134  2  0.890962  0.00109808  14418.8  -3.76165e-16  -4.11625e-18  1
135  2  0.912896  0.00131784  14396.1  0  0  1
136  2  0.93483  0.00151564  14370.7  1.85577e-16  4.4074e-18  1
137  2  0.956753  0.00222615  14356.2  1.40591e-16  5.48835e-18  1
138  2  0.978682  0.00272951  14309.7  0  0  1
268  0  -0.817347  0.825103  14276.5  2.01545  0.274865  1
269  0  -0.00213942  0.959933  14113.5  2.09977  0.195121  1
270  0  0.967481  1.03072  14219.4  2.0549  0.0246584  1
271  0  -0.86997  -0.693511  14472.1  1.95891  0.259854  1
272  0  0.0657576  -0.954956  14519  1.95515  0.148123  1
273  0  0.966622  -0.891483  14477.3  2.00306  0.0884548  1
274  0  0.487983  -0.548877  14552.7  1.95561  0.0810627  1
275  0  0.506194  0.696421  13947.1  2.18405  0.0565979  1
276  0  0.957026  0.521355  14160.5  2.07441  -0.0857819  1
277  0  0.0388513  -0.478092  14618.9  1.89482  0.116083  1
278  0  -0.314072  -0.251105  14611.7  1.8917  0.237409  1
279  0  -0.472272  0.235087  14365.7  1.9933  0.355509  1
280  0  0.927901  -0.446436  14506.2  1.99468  0.0517626  1
281  0  -0.118094  0.44858  14019.8  2.13952  0.354917  1
282  0  0.312896  -0.313826  14621.1  1.91488  0.0606412  1
283  0  0.590981  -0.277329  14555.6  1.95746  0.0392165  1
284  0  0.209412  0.459175  13636.9  2.32058  0.222948  1
285  0  0.666843  0.397676  13830.8  2.25569  -0.110818  1
286  0  1.10783  0.274601  14353  1.98162  -0.176506  1
287  0  0.434103  0.362066  13476.9  2.41555  0.0041841  1
288  0  0.844186  0.265849  14031.9  2.15079  -0.235529  1
289  0  0.820062  -0.227946  14502  1.98646  0.0359993  1
290  0  0.109894  -0.221325  14708.1  1.85521  0.0615028  1
291  0  1.0156  -0.202524  14507.2  1.99193  0.0459999  1
292  0  -0.150848  -0.110601  14792.9  1.79785  0.232591  1
293  0  -0.159565  0.214775  14277.8  2.00391  0.480256  1
294  0  0.0129042  0.267905  13693.3  2.26296  0.564837  1
295  0  0.178561  0.292067  13195.5  2.51179  0.35159  1
296  0  0.249186  -0.144282  14667.4  1.87609  0.033529  1
297  0  0.420639  -0.162047  14620.9  1.90995  0.0262653  1
298  0  0.000719109  -0.137614  14844.5  1.77657  0.075643  1
299  0  0.56969  0.257358  13529.8  2.39615  -0.174385  1
300  0  0.71225  0.229528  13796  2.30879  -0.257261  1
301  0  0.543075  -0.129532  14577.9  1.93861  0.0113736  1
302  0  0.686049  -0.133456  14519.7  1.9742  0.0125104  1
303  0  0.97871  0.19149  14261.9  2.08693  -0.275892  1
304  0  0.298304  0.273498  13086.8  2.56521  0.14805  1
305  0  -0.856254  -0.161383  14447.2  1.97297  0.298035  1
306  0  0.792709  -0.112204  14482.8  2.01969  0.0198558  1
307  0  0.901548  -0.1132  14466  2.03774  0.0362589  1
308  0  -0.360401  -0.75415  14526.6  1.92054  0.194038  1
309  0  -0.0464554  0.174812  14057.9  2.0534  0.681407  1
310  0  -0.166502  0.0547553  14668.6  1.81937  0.429596  1
311  0  -0.0696661  -0.0518256  15042.5  1.63974  0.197271  1
312  0  0.469073  0.233123  13271.6  2.5465  -0.121689  1
313  0  0.147555  -0.099997  14697.4  1.86061  0.0185395  1
314  0  0.335384  -0.102024  14658.2  1.88819  0.0217881  1
315  0  0.77937  0.175189  13903.4  2.34506  -0.330238  1
316  0  1.00292  -0.107744  14492.5  2.0385  0.053899  1
317  0  1.50843  -0.0462396  14474.1  1.98459  -0.0368739  1
318  0  0.499756  1.23989  14188  2.06525  0.102152  1
319  0  1.40927  -0.396472  14476.7  2.0383  0.0356646  1
320  0  0.866885  0.142089  14082.4  2.22496  -0.361118  1
321  0  -0.100864  -0.317803  14677.4  1.86103  0.143522  1
322  0  0.0972921  0.215886  13112.6  2.48385  0.628134  1
323  0  1.0308  0.0924095  14472.1  1.85458  -0.303902  1
324  0  1.43706  0.7117  14329.8  1.97751  -0.0282489  1
325  0  0.460807  -0.0877325  14622.5  1.92691  0.00287466  1
326  0  0.628711  0.187983  13549.5  2.51897  -0.277568  1
327  0  0.0636875  -0.080296  14793.1  1.81035  -0.0162648  1
328  0  0.231143  0.221921  12737  2.72167  0.283768  1
329  0  0.370881  0.228435  12983  2.67182  -0.00302268  1
330  0  -0.337757  -0.0471774  14579.7  1.89973  0.311197  1
331  0  1.24332  -0.00450947  14583.5  1.74971  -0.0483489  1
332  0  0.223286  -0.0670044  14676.5  1.8992  0.0240319  1
333  0  -0.946885  0.310537  14358.6  1.99161  0.290427  1
334  0  0.531564  0.191046  13333.4  2.63502  -0.230287  1
335  0  0.615268  -0.0935329  14547.5  1.987  -0.00110493  1
336  0  0.94919  0.10216  14229.8  1.88079  -0.337405  1
337  0  0.684795  0.161799  13663  2.40631  -0.330853  1
338  0  -0.6374  -1.36181  14457.6  1.96257  0.21635  1
339  0  -0.50664  0.657061  14236.5  2.04914  0.307771  1
340  0  0.527989  -0.0661173  14593.1  1.97926  -0.0112096  1
341  0  0.397568  -0.0642707  14658.6  1.92119  0.00617771  1
342  0  0.0337703  0.164222  13413.8  2.28914  0.85724  1
343  0  -0.0762338  0.0700865  14752.4  1.71569  0.620346  1
344  0  -0.49637  1.39412  14245.5  2.02676  0.234918  1
345  0  -1.23786  -1.21149  14446.4  1.98165  0.223241  1
346  0  0.727393  -0.0729267  14489.3  2.03321  0.000441596  1
347  0  0.00672481  -0.0506904  15020.9  1.66823  -0.0341571  1
348  0  0.492905  -1.04294  14502.3  1.97338  0.114554  1
349  0  -1.29834  -0.428745  14429.9  1.97973  0.240876  1
350  0  0.723061  0.626633  14018.9  2.1524  -0.0212864  1
351  0  -0.583934  -0.467519  14514.4  1.93071  0.266935  1
352  0  0.158773  0.191233  12527.9  2.7839  0.558935  1
353  0  -0.560011  -0.188234  14510.7  1.94513  0.30212  1
354  0  0.298933  -0.0524344  14680.9  1.90571  0.0226434  1
355  0  -0.0463765  1.47177  14232.9  2.04766  0.171213  1
356  0  -0.00468859  0.115571  13926.4  1.98148  1.00388  1
357  0  0.843385  -0.0558941  14446.4  2.04466  0.0129337  1
358  0  -1.36183  0.647898  14327.2  1.99315  0.24231  1
359  0  -1.27347  1.31499  14277.3  1.99874  0.233207  1
360  0  0.114496  -0.0490816  14663.4  1.88671  -0.0150377  1
361  0  0.298731  0.20678  12722.7  2.81775  0.119679  1
362  0  0.226148  0.761418  13969.7  2.17094  0.15847  1
363  0  0.263391  -0.543733  14581  1.93132  0.0997815  1
364  0  1.12654  0.0127846  14613.6  1.44045  -0.0433774  1
365  0  1.17081  -0.15973  14552.1  2.01705  0.0304918  1
366  0  -0.272383  -0.496159  14583.3  1.89363  0.183219  1
367  0  0.947793  -0.0550176  14421.4  2.05464  0.0435941  1
368  0  1.38061  0.271722  14423.9  1.93503  -0.0922644  1
369  0  0.419149  0.18635  12955.1  2.75044  -0.124225  1
370  0  0.178545  -1.40714  14464.7  2.00106  0.140971  1
371  0  0.0789289  0.37814  13651.2  2.31159  0.366571  1
372  0  1.45704  1.20268  14324.1  1.98993  0.0383389  1
373  0  0.693144  0.901437  14112.9  2.1048  0.0444499  1
374  0  0.573461  0.152427  13361.3  2.26636  -0.260016  1
375  0  0.810089  0.115298  13957  1.85394  -0.333489  1
376  0  0.483092  0.173923  13117.4  2.56576  -0.200232  1
377  0  0.660017  -0.0514712  14497.2  2.00615  -0.0124173  1
378  0  -0.0910241  -0.728924  14552.4  1.91914  0.149468  1
379  0  0.180503  -0.0498721  14662.5  1.91031  0.0161362  1
380  0  0.114555  0.165978  12518.1  2.73833  0.81246  1
381  0  -0.0303555  -0.0152408  15393.6  1.36308  0.149068  1
382  0  -1.24438  0.0230091  14395  1.98528  0.257583  1
383  0  0.0228109  0.631498  13966  2.17535  0.24714  1
384  0  0.72612  0.132116  13727.8  2.01189  -0.328054  1
385  0  0.898482  0.091297  14155.3  1.56127  -0.304754  1
386  0  0.738646  -0.411607  14523.6  1.9797  0.0510311  1
387  0  0.572215  -0.0456082  14556.5  1.96263  -0.0245014  1
388  0  0.165604  -0.371383  14639.2  1.89658  0.0845269  1
389  0  0.352389  -0.040384  14671.8  1.8872  0.00780727  1
390  0  0.439791  -0.0405847  14642.3  1.9078  -0.0160331  1
391  0  0.52244  0.517362  13806.1  2.26189  0.00478729  1
392  0  1.25459  0.530686  14315.4  1.99016  -0.0773615  1
393  0  0.76511  -0.0467168  14470.5  2.00491  -0.00213772  1
394  0  0.976489  0.0648885  14308.8  1.29185  -0.268802  1
395  0  -0.313364  0.383286  14226.4  2.04887  0.362002  1
396  0  0.463022  -0.291078  14589  1.93706  0.0495119  1
397  0  0.770957  0.117862  13879.2  1.86213  -0.327231  1
398  0  0.484441  -0.0393588  14608.2  1.92399  -0.0183304  1
399  0  0.883613  1.45674  14268.3  2.01913  0.0673722  1
400  0  1.39854  -1.4165  14438.3  2.0558  0.11191  1
401  0  -0.23437  0.70596  14130  2.09743  0.28026  1
402  0  -0.298613  -1.12055  14490.8  1.95973  0.188342  1
403  0  0.333034  -0.193534  14639.1  1.89945  0.0383381  1
404  0  0.398243  0.964353  14084.8  2.11706  0.110197  1
405  0  0.882621  -1.42859  14453.5  2.01995  0.136379  1
406  0  1.15164  0.152122  14476.4  1.99772  -0.203082  1
407  0  -0.403441  0.98045  14205.8  2.05192  0.258091  1
408  0  0.87974  -0.045484  14428.4  2.01584  0.0209393  1
409  0  0.853727  0.094902  14071.4  1.53672  -0.291494  1
410  0  0.925984  0.755417  14155.5  2.08027  -0.0149174  1
411  0  -0.297247  0.145822  14425.5  1.95381  0.392866  1
412  0  0.80391  0.420155  14008.3  2.16492  -0.128038  1
413  0  -0.00268146  -0.244655  14728.4  1.8403  0.100574  1
414  0  -0.664437  0.0683109  14425.8  1.97457  0.328843  1
415  0  0.632438  0.147895  13488.9  2.21943  -0.288199  1
416  0  0.372246  0.50893  13717  2.30103  0.0946948  1
417  0  1.07459  -0.0416774  14563.7  1.81145  0.0835945  1
418  0  0.347961  0.182002  12666.1  2.81247  -0.00472052  1
419  0  0.546247  0.386829  13665.7  2.33287  -0.0653922  1
420  0  0.217623  -0.256802  14658.7  1.8877  0.0562091  1
421  0  0.211408  0.184195  12408.6  2.90783  0.362549  1
422  0  0.258967  0.177692  12417.8  2.93509  0.215087  1
423  0  -0.0850274  -0.189678  14770.6  1.81497  0.148869  1
424  0  -0.233673  -1.58574  14440.3  1.97902  0.21512  1
425  0  0.757927  -0.711924  14508  1.9856  0.0799301  1
426  0  1.5035  -0.914335  14434.2  2.04668  0.0918891  1
427  0  -0.609785  -0.941759  14488.8  1.94617  0.225526  1
428  0  0.348521  -0.828509  14530.6  1.95737  0.117584  1
429  0  1.3909  -0.16859  14504.5  2.02001  -0.000954445  1
430  0  1.18395  -0.348232  14500  2.00643  0.0459908  1
431  0  0.310877  0.388852  13465.7  2.41485  0.141923  1
432  0  0.997662  -0.0438415  14454.6  1.98468  0.0902418  1
433  0  0.973738  0.387304  14176.3  2.07092  -0.147242  1
434  0  0.0659025  -0.0393733  14748.2  1.82214  -0.0886085  1
435  0  -0.693661  0.406087  14325.5  2.00837  0.320086  1
436  0  0.0966849  -0.142953  14743  1.83283  0.0358849  1
437  0  0.710617  -0.247757  14525.7  1.97502  0.032851  1
438  0  0.751979  0.333729  13920.7  2.20785  -0.174236  1
439  0  0.244752  -0.035775  14670.4  1.8679  0.0261394  1
440  0  0.0646951  0.142625  12922.6  2.48772  1.01247  1
441  0  -0.194533  -0.206178  14696.3  1.85035  0.20575  1
442  0  -0.0890472  0.0109026  15005.9  1.62346  0.39644  1
443  0  -0.148351  -0.0451994  14831.3  1.75364  0.292061  1
444  0  1.03815  0.0528864  14565.7  1.19626  -0.245994  1
445  0  1.13077  -0.664913  14480.8  2.01645  0.0701089  1
446  0  0.616214  -0.0391155  14538.8  1.9602  -0.0253613  1
447  0  0.0857786  -0.672987  14567.9  1.92415  0.130433  1
448  0  -0.0398564  0.0581542  14981  1.49804  0.755842  1
449  0  0.707421  -0.0408057  14492.8  1.9874  -0.00426431  1
450  0  0.166634  -0.175555  14692.8  1.86231  0.0419694  1
451  0  0.648675  0.316382  13735  2.29017  -0.157601  1
452  0  1.25632  0.865688  14282.2  2.0136  -0.0125957  1
453  0  0.500329  -0.216768  14587.2  1.93574  0.0351467  1
454  0  0.404625  -0.450227  14578.2  1.94273  0.075474  1
455  0  0.548785  -0.429637  14554.5  1.95865  0.0644426  1
456  0  -1.29286  -0.87009  14444.9  1.98193  0.230943  1
457  0  0.37909  0.306857  13283.5  2.49212  0.0340574  1
458  0  -0.95426  -1.09564  14459.7  1.97108  0.231393  1
459  0  -0.448927  -0.380751  14550.5  1.91697  0.252031  1
460  0  0.526129  0.155592  13264.8  2.3349  -0.233532  1
461  0  -0.0138927  0.0790586  14463.3  1.63784  1.04948  1
462  0  -0.0774206  -0.115995  14890.6  1.74804  0.157439  1
463  0  -0.104136  0.329728  14023.3  2.13285  0.435472  1
464  0  0.0964761  0.298892  13405.2  2.41487  0.445585  1
465  0  -0.925055  1.30241  14264.5  2.00879  0.24548  1
466  0  0.777046  0.260244  13921  2.20897  -0.232164  1
467  0  -0.149968  -0.489363  14603  1.88878  0.152584  1
468  0  -0.89608  -0.44081  14467.9  1.96042  0.277303  1
469  0  0.483279  0.318492  13461.6  2.42086  -0.0607811  1
470  0  0.941144  0.0667965  14241.9  1.22883  -0.253064  1
471  0  -0.212923  -0.33537  14642.2  1.87325  0.177624  1
472  0  0.615755  -0.191783  14549.7  1.95762  0.0246954  1
473  0  0.0662328  -0.315143  14678.6  1.86979  0.0911484  1
474  0  -0.134887  0.151108  14386.7  1.93853  0.531673  1
475  0  0.727387  1.23178  14210.2  2.05374  0.0733907  1
476  0  0.595223  0.214619  13521.1  2.49821  -0.232872  1
477  0  0.306848  -0.0273906  14693.3  1.84041  0.0173317  1
478  0  -0.267633  -0.124639  14653.8  1.87001  0.268085  1
479  0  -0.17029  1.26492  14205.2  2.04888  0.200118  1
480  0  0.0295039  0.112124  13422.8  2.19618  1.18111  1
481  0  -0.421314  0.0448379  14486.1  1.94244  0.341821  1
482  0  0.817447  -0.0362936  14452.7  1.95842  0.00751372  1
483  0  -1.05449  -1.62157  14441.1  1.97999  0.211954  1
484  0  0.485172  -0.156062  14597.3  1.92546  0.0220518  1
485  0  0.916035  -0.20997  14495.3  1.99045  0.0405792  1
486  0  0.528473  -0.0340325  14600.5  1.91739  -0.0238075  1
487  0  0.851697  0.211435  14047.7  2.19132  -0.285537  1
488  0  0.397362  -0.0284348  14683.6  1.85453  -0.00358848  1
489  0  0.195877  1.13701  14145.7  2.08505  0.150387  1
490  0  0.678973  0.126991  13623  1.90306  -0.298675  1
491  0  0.237857  0.336556  13310.4  2.48037  0.232742  1
492  0  0.62243  0.254289  13617.7  2.34756  -0.195312  1
493  0  0.735492  0.184682  13823.2  2.38419  -0.316076  1
494  0  0.134496  -0.0303891  14667.7  1.8667  -0.00371974  1
495  0  0.926145  -0.0358896  14409.8  1.96128  0.0343323  1
496  0  -0.0879893  -1.25993  14481.6  1.98569  0.174705  1
497  0  0.261392  0.615464  13843.1  2.23886  0.159131  1
498  0  0.436993  0.161944  12917.3  2.46493  -0.169227  1
499  0  0.393958  0.167812  12789.3  2.61385  -0.107144  1
500  0  1.06459  0.184474  14372.4  2.02948  -0.241022  1
501  0  -1.60573  0.352967  14355.9  1.98883  0.229274  1
502  0  0.728025  -0.182746  14513.4  1.97804  0.0240535  1
503  0  0.209353  -0.0342917  14665.3  1.88449  0.0251276  1
504  0  0.26772  -0.108288  14666.4  1.87823  0.0281011  1
505  0  -0.256554  -0.0034899  14623  1.86546  0.337347  1
506  0  0.466833  1.64369  14277  2.01389  0.129226  1
507  0  1.13908  1.30482  14288.8  2.01194  0.0451974  1
508  0  1.42698  1.70338  14346.6  1.99364  0.065538  1
509  0  1.04468  0.665787  14203  2.05606  -0.0476621  1
510  0  0.379609  -0.116538  14641.9  1.89746  0.0198291  1
511  0  -0.628646  -0.696272  14500.7  1.93706  0.24959  1
512  0  -1.14546  0.591735  14326  1.9977  0.261636  1
513  0  -1.2689  0.961658  14298.1  1.99484  0.240946  1
514  0  -1.57852  1.1256  14294.8  1.99131  0.225069  1
515  0  0.601081  0.144792  13434.5  2.16268  -0.275398  1
516  0  1.76282  0.228619  14401.6  1.93441  -0.0590022  1
517  0  0.301999  0.176188  12516  2.87892  0.095127  1
518  0  1.09578  0.0797856  14559.9  1.69274  -0.237692  1
519  0  -1.16781  -0.236484  14423.6  1.97989  0.258184  1
520  0  0.297533  -1.18453  14488.9  1.98464  0.127864  1
521  0  0.521416  -1.38156  14467.9  1.99463  0.116217  1
522  0  0.174204  0.395829  13541.9  2.37184  0.2794  1
523  0  0.637746  0.539901  13902.7  2.21276  -0.0250655  1
524  0  0.029677  -0.186974  14766.8  1.81999  0.0763889  1
525  0  1.67685  -0.34129  14433.7  2.08599  0.0275722  1
526  0  0.957743  -0.314225  14504.2  1.99245  0.0456048  1
527  0  -0.955587  0.0870829  14395.2  1.9845  0.287442  1
528  0  0.141545  0.155987  12129.6  2.76461  0.729569  1
529  0  0.968419  -0.0281057  14367.9  1.79799  0.0609237  1
530  0  -0.0307696  -0.0808131  14987.4  1.69103  0.0995673  1
531  0  0.389281  -0.24624  14615  1.91759  0.0452543  1
532  0  0.958614  0.272017  14195.4  2.06642  -0.220878  1
533  0  -1.61534  -0.966664  14437.1  1.9873  0.216251  1
534  0  0.423166  0.233826  13139.2  2.6178  -0.0801123  1
535  0  -0.483046  0.393029  14299.9  2.02254  0.345842  1
536  0  -0.430765  -0.146859  14549.5  1.92407  0.296766  1
537  0  0.0183378  -0.022896  15047.3  1.57745  -0.173637  1
538  0  0.734945  -0.038974  14488.7  1.98823  -0.0025384  1
539  0  -0.980734  1.62819  14260.6  2.01003  0.233038  1
540  0  0.906404  0.131826  14168.7  2.11683  -0.35186  1
541  0  -0.066423  0.246266  13973.3  2.12991  0.551377  1
542  0  0.213554  -0.129879  14678  1.86941  0.0319022  1
543  0  -1.72123  -0.130457  14396.5  1.98878  0.220491  1
544  0  0.551533  -0.808151  14517.5  1.9715  0.0998838  1
545  0  0.147248  -0.0643114  14679.1  1.8885  0.00880088  1
546  0  0.849538  -0.16177  14487.7  1.99783  0.0346532  1
547  0  -0.247091  0.525279  14140.8  2.09317  0.325439  1
548  0  -0.031286  0.0199227  15479.6  1.33016  0.485605  1
549  0  0.654439  -0.533973  14531.4  1.97192  0.0687967  1
550  0  0.521206  0.245324  13394.3  2.46496  -0.151322  1
551  0  1.10703  0.405259  14278.2  2.01135  -0.128571  1
552  0  -1.2485  0.347142  14357  1.98978  0.256895  1
553  0  1.00069  0.0368686  14397.3  0.642968  -0.150211  1
554  0  0.458356  0.201636  13143.7  2.70126  -0.151404  1
555  0  0.192055  0.158586  12017  2.7632  0.429442  1
556  0  -0.227129  -0.887336  14520.6  1.93494  0.171549  1
557  0  -0.693322  0.631057  14278.9  2.02598  0.302847  1
558  0  0.328042  -0.0654178  14675.4  1.90457  0.0161975  1
559  0  -0.208226  0.882627  14147.7  2.08484  0.245294  1
560  0  0.0892939  -0.0265767  14633.6  1.75767  -0.0639771  1
561  0  0.0981947  0.137995  12376.9  2.61283  0.950711  1
562  0  -1.4142  -1.63934  14440.7  1.98507  0.212428  1
563  0  -0.00381719  0.207354  13744.5  2.1991  0.689051  1
564  0  0.235284  0.163131  12228.7  2.70337  0.2621  1
565  0  -0.0143137  0.368376  13851.7  2.21245  0.406057  1
566  0  0.462778  -0.0219098  14627.7  1.69203  -0.0215463  1
567  0  0.742945  0.104851  13796.2  1.32158  -0.224117  1
568  0  -0.580831  0.829661  14241.1  2.0384  0.284141  1
569  0  1.68699  0.947887  14355.1  1.95724  0.0187933  1
570  0  0.105927  -0.100926  14733.1  1.84094  0.011505  1
571  0  0.785489  0.0942325  13904.8  1.13378  -0.230283  1
572  0  -0.191454  0.129472  14468  1.91739  0.452568  1
573  0  0.140473  0.240224  13036  2.5495  0.483602  1
574  0  -0.460396  -0.637188  14528.5  1.91691  0.225003  1
575  0  0.276486  -0.425405  14604.6  1.92206  0.080727  1
576  0  0.0969757  0.554061  13853.7  2.23034  0.250963  1
577  0  1.67697  -0.646501  14429.7  2.07503  0.0725836  1
578  0  0.858329  -0.0263121  14412.6  1.71826  0.010831  1
579  0  0.567306  -0.0830936  14567  1.97837  -0.00600535  1
580  0  0.913602  0.201101  14154.1  2.1469  -0.289931  1
581  0  0.870806  0.0742779  14129.9  1.02493  -0.200464  1
582  0  0.828876  0.0861086  14028.1  1.15888  -0.218945  1
583  0  -0.0759024  0.764242  14072.7  2.12209  0.23959  1
584  0  1.44498  0.462808  14366.1  1.95164  -0.0636239  1
585  0  0.592444  -0.134594  14557.3  1.95212  0.0118764  1
586  0  1.25377  0.340904  14369.7  1.95839  -0.114913  1
587  0  0.276353  -0.0325903  14683  1.86456  0.0248776  1
588  0  1.05727  0.00040781  14598.4  1.18955  0.0445857  1
589  0  -0.0447393  0.100733  14472.5  1.79859  0.822295  1
590  0  -0.0146578  -0.377954  14653.3  1.87497  0.117719  1
591  0  0.833195  0.541221  14063.3  2.12843  -0.0685678  1
592  0  -0.274091  0.250925  14302.2  2.00886  0.395965  1
593  0  0.301595  -0.140152  14656.9  1.88315  0.0310302  1
594  0  0.637782  -0.0264755  14520.3  1.74876  -0.0218915  1
595  0  0.594764  -0.0245665  14539.2  1.72461  -0.0259445  1
596  0  0.954489  -0.151432  14481.4  2.00668  0.0435074  1
597  0  -0.0104812  0.00386597  15645.9  1.04084  -0.0414528  1
598  0  0.0559811  0.113744  12751.1  2.37708  1.21702  1
599  0  -1.61447  1.61276  14271  1.99528  0.216573  1
600  0  0.640752  0.757955  14036.3  2.13916  0.031091  1
601  0  -0.309104  1.63076  14260.9  2.03235  0.20264  1
602  0  0.80792  -0.546919  14513.2  1.98721  0.0601839  1
603  0  0.00838714  0.48461  13879.4  2.20966  0.313522  1
604  0  -0.381577  0.782581  14193.5  2.06672  0.282204  1
605  0  0.0171552  0.0868395  13617.5  1.90255  1.3114  1
606  0  0.682546  -0.0242147  14491.4  1.73527  -0.0185307  1
607  0  -1.10874  -0.609456  14450.3  1.97275  0.249091  1
608  0  0.546164  0.139667  13297.3  1.75608  -0.199504  1
609  0  0.501982  -0.108877  14598  1.92841  0.0077552  1
610  0  0.503097  0.147695  13142.3  1.95082  -0.187411  1
611  0  0.437958  0.282934  13314.7  2.47672  -0.0481445  1
612  0  0.190572  0.21487  12714.4  2.72288  0.404393  1
613  0  0.913652  0.0598296  14180.7  0.838381  -0.150784  1
614  0  0.82555  0.159831  13997.1  2.26931  -0.346412  1
615  0  0.155804  -0.480865  14608.8  1.90974  0.101012  1
616  0  0.27341  -0.206177  14653.3  1.88938  0.0432975  1
617  0  -0.0356246  -0.568121  14590.9  1.90157  0.134782  1
618  0  0.0436951  -0.0172526  14793.6  1.63214  -0.181378  1
619  0  0.955147  0.0456334  14268.8  0.597862  -0.136709  1
620  0  1.69564  0.552889  14379.5  1.92573  -0.0370866  1
621  0  0.149921  -0.293153  14665.5  1.88297  0.0712213  1
622  0  -0.726682  -0.295184  14482.2  1.95608  0.296265  1
623  0  0.992579  -0.019021  14364.2  1.61208  0.0898592  1
624  0  0.37154  0.708491  13926.5  2.19516  0.108875  1
625  0  0.0479633  0.210839  13399  2.35277  0.684857  1
626  0  -1.65767  -1.37131  14439.9  1.98797  0.212332  1
627  0  0.242886  0.276313  13039.4  2.57728  0.249301  1
628  0  0.0832727  0.176294  12946.5  2.51472  0.794462  1
629  0  1.30167  0.129133  14484.1  1.91685  -0.123166  1
630  0  0.702039  -0.932163  14493.7  1.98327  0.0979709  1
631  0  -0.491814  -1.666  14430.7  1.97323  0.21951  1
632  0  0.883033  0.380807  14082.5  2.12673  -0.153939  1
633  0  0.48205  0.437376  13659.3  2.32899  -0.00194431  1
634  0  -0.62479  0.233078  14370.8  1.99313  0.339225  1
635  0  0.848664  -0.359008  14511.2  1.98814  0.0446198  1
636  0  0.0506353  -0.143545  14787.7  1.80794  0.0458988  1
637  0  0.698481  0.11234  13668.3  1.36177  -0.238519  1
638  0  0.654613  0.120723  13524.7  1.46057  -0.206524  1
639  0  0.912436  -0.0660125  14437.9  2.06641  0.0337582  1
640  0  0.0267143  -0.093151  14881  1.75918  0.0197983  1
641  0  0.179701  -0.0225127  14630.2  1.70974  0.0106814  1
642  0  0.550387  -0.021207  14586.4  1.68765  -0.0227953  1
643  0  0.506781  -0.0192255  14608.1  1.66071  -0.0263412  1
644  0  -0.640917  1.68681  14260.5  2.01938  0.230493  1
645  0  0.330819  -0.0178235  14695.7  1.62782  0.0121286  1
646  0  -0.179656  -0.602531  14571.8  1.9009  0.158994  1
647  0  0.375621  -0.0179262  14677.6  1.62401  -0.00228194  1
648  0  1.13074  -1.21562  14450.9  2.02398  0.116506  1
649  0  0.418972  -0.0177561  14683.8  1.62282  -0.00948842  1
650  0  0.689915  -0.0692462  14507.3  2.03446  -0.0025607  1
651  0  0.657199  -0.0915251  14525.5  2.00568  -0.001696  1
652  0  -1.74095  -0.646482  14425.8  1.98683  0.214701  1
653  0  0.28077  0.161574  12357.2  2.5686  0.131596  1
654  0  -0.51451  -0.037348  14489.8  1.94966  0.325165  1
655  0  0.325209  0.161293  12500.5  2.46215  0.0181346  1
656  0  -0.107376  0.593362  14038.4  2.14043  0.29087  1
657  0  0.792579  -0.0234826  14445.7  1.72014  0.000683666  1
658  0  0.800909  -0.0680359  14462.7  2.04728  0.0107301  1
659  0  0.777783  0.765804  14094.9  2.10979  0.00695299  1
660  0  0.263102  -0.0694295  14670.7  1.89799  0.025798  1
661  0  0.169314  0.156359  11926.4  2.81031  0.577877  1
662  0  -0.221277  -0.0679622  14705.2  1.83149  0.28913  1
663  0  0.414493  0.153973  12818.7  2.08476  -0.12721  1
664  0  0.458164  0.150603  13023.2  2.00267  -0.173039  1
665  0  -0.196399  0.302279  14195.7  2.05595  0.41889  1
666  0  -0.662976  1.12578  14248.4  2.02188  0.257187  1
667  0  0.260588  1.39886  14212.1  2.0527  0.135316  1
668  0  0.20248  1.70106  14273.9  2.02316  0.157847  1
669  0  0.916405  0.626193  14133.5  2.09232  -0.0458424  1
670  0  0.369876  0.158777  12646.9  2.29434  -0.0639559  1
671  0  0.74033  -0.124913  14499  1.9976  0.0138886  1
672  0  -0.103845  -0.0818193  14901  1.73217  0.215317  1
673  0  0.441506  0.591802  13839.7  2.24526  0.0648115  1
674  0  0.721698  0.475652  13941.7  2.19423  -0.0786663  1
675  0  -0.0283923  -0.192926  14779.6  1.81176  0.108449  1
676  0  0.189343  -0.0822757  14678.2  1.87907  0.0229796  1
677  0  0.669292  0.204807  13667.8  2.43701  -0.275037  1
678  0  0.590219  0.336386  13658.2  2.33157  -0.11804  1
679  0  0.220798  0.94492  14071.1  2.12084  0.150814  1
680  0  1.09383  -1.64979  14443.5  2.06026  0.15232  1
681  0  0.421131  -0.097504  14634.3  1.90875  0.0105281  1
682  0  0.902156  -0.021467  14418  1.6941  0.018538  1
683  0  0.59611  0.45324  13793.8  2.26718  -0.0533537  1
684  0  0.338943  0.215331  12847  2.76252  0.043209  1
685  0  0.114316  -0.019775  14596.8  1.69044  -0.0255372  1
686  0  0.6726  -1.6899  14445.5  2.02504  0.142966  1
687  0  0.362336  -0.0732025  14662.3  1.90745  0.0130303  1
688  0  0.662928  -0.336625  14540  1.96908  0.0459358  1
689  0  0.274102  0.237487  12865.5  2.664  0.180625  1
690  0  1.61792  1.48522  14350.5  1.98643  0.058365  1
691  0  0.122566  0.139383  12178.5  2.65964  0.842688  1
692  0  1.1999  0.0731863  14591  1.73549  -0.161636  1
693  0  0.213796  0.155324  12124.7  2.61472  0.32438  1
694  0  0.377882  -0.663027  14550  1.9523  0.0994605  1
695  0  0.348611  0.263877  13074.9  2.56727  0.0573051  1
696  0  0.502811  0.206396  13264.4  2.64007  -0.185635  1
697  0  0.152639  -0.0177218  14666  1.6352  -0.00096302  1
698  0  1.07119  -0.437214  14498.3  2.00384  0.0546198  1
699  0  0.608803  0.64487  13962.4  2.17995  0.0131975  1
700  0  0.56745  0.130929  13313.8  1.43593  -0.181116  1
701  0  0.258359  0.156441  12218.1  2.47154  0.182855  1
702  0  0.719579  0.103757  13698.5  1.13849  -0.216628  1
703  0  0.347239  0.155842  12523.4  2.19742  -0.0368132  1
704  0  0.763001  0.0931477  13853.6  0.984058  -0.209117  1
705  0  -0.31782  -0.361911  14595.4  1.89498  0.214645  1
706  0  -0.419885  -0.258125  14564.8  1.91564  0.265327  1
707  0  0.631664  0.119981  13457.7  1.29557  -0.197596  1
708  0  1.66558  -1.22226  14417.7  2.04622  0.107071  1
709  0  0.805227  0.082931  13943.4  0.938429  -0.19215  1
710  0  0.480122  0.145184  13058.7  1.79424  -0.187852  1
711  0  0.847815  0.0721561  14052.7  0.799345  -0.160895  1
712  0  0.484849  -0.0160089  14611.1  1.56507  -0.0244284  1
713  0  0.3532  -0.0134908  14681.7  1.52393  0.00880348  1
714  0  0.57264  -0.0175216  14561.5  1.59347  -0.0208881  1
715  0  0.441009  -0.0150273  14655.9  1.54684  -0.0142981  1
716  0  0.660329  -0.0201613  14480.6  1.62955  -0.019027  1
717  0  0.497418  -0.0716002  14606.5  1.95799  -0.00561068  1
718  0  0.835271  -0.0209312  14453.2  1.6542  0.0097892  1
719  0  0.944696  -0.0204022  14399.8  1.67153  0.0396983  1
720  0  0.890335  0.0606618  14138.7  0.715066  -0.137585  1
721  0  -1.73412  0.607474  14335.7  1.99023  0.22176  1
722  0  0.773741  -0.299364  14517.3  1.98174  0.039647  1
723  0  0.319721  0.32954  13277.4  2.50026  0.119111  1
724  0  1.01373  0.140207  14359.5  2.08397  -0.310832  1
725  0  0.201717  0.254978  12939.4  2.60168  0.345523  1
726  0  0.169751  -0.81793  14539.6  1.94443  0.132879  1
727  0  -0.419243  -0.94441  14501.1  1.93954  0.200834  1
728  0  0.770101  -0.01866  14464.9  1.58854  0.00381442  1
729  0  0.943722  -0.616482  14497  2.00036  0.0654462  1
730  0  -0.0956524  -1.05313  14505.2  1.96203  0.164466  1
731  0  1.65029  -1.65029  14393.5  2.10308  0.118205  1
732  0  0.552067  -0.196007  14571  1.94447  0.0274296  1
733  0  1.07438  -0.11684  14523  2.0259  0.0432615  1
734  0  0.511645  0.844867  14039.7  2.1375  0.0787849  1
735  0  0.143701  0.647283  13912.2  2.20342  0.20381  1
736  0  0.0745481  0.775793  14021.7  2.14492  0.198259  1
737  0  0.974712  0.0358536  14303.4  0.469456  -0.11235  1
738  0  -0.0214473  -0.040293  15169.6  1.57452  0.041175  1
739  0  -0.0995817  0.196023  14196.8  2.01872  0.564474  1
740  0  1.12202  -0.225028  14517.6  1.98927  0.042195  1
741  0  -0.787653  0.186655  14383.5  1.98757  0.315689  1
742  0  1.18257  1.06437  14270.6  2.0252  0.0180897  1
743  0  0.782723  -1.14873  14474.5  1.98844  0.110198  1
744  0  0.709141  0.29145  13819.2  2.24788  -0.199789  1
745  0  0.880043  -0.018261  14414.9  1.58488  0.0103791  1
746  0  0.23209  -0.321131  14637.8  1.90271  0.0682275  1
747  0  0.842087  -0.112951  14473.8  2.03324  0.0262064  1
748  0  0.755352  0.148909  13830.6  2.29568  -0.351912  1
749  0  0.344533  -0.145299  14645.8  1.89066  0.0290389  1
750  0  0.563751  1.06648  14138.1  2.09344  0.081336  1
751  0  -0.319337  0.0433346  14522.2  1.91917  0.354744  1
752  0  0.763625  -0.0863678  14479.9  2.03483  0.00841647  1
753  0  -0.753435  -0.561157  14487.7  1.94524  0.274077  1
754  0  1.01808  0.239689  14278.5  2.0205  -0.22169  1
755  0  0.386786  0.432379  13596.6  2.35683  0.071417  1
756  0  -0.685861  -0.107481  14463.4  1.96634  0.315381  1
757  0  0.872377  -0.082848  14456.4  2.07084  0.0281032  1
758  0  0.862613  0.906196  14164.5  2.07962  0.0185893  1
759  0  0.597547  1.45185  14241.9  2.03127  0.0993282  1
760  0  -0.547888  -0.317963  14521.8  1.93485  0.282253  1
761  0  -0.149037  -0.249176  14701.2  1.8484  0.171116  1
762  0  0.0672334  -0.016635  14657.6  1.67128  -0.124592  1
763  0  0.0375104  -0.0506099  14887.2  1.7489  -0.0804393  1
764  0  -0.0118914  0.0495188  15143.4  1.26905  1.02568  1
765  0  0.136077  -0.138266  14711.6  1.85008  0.0316199  1
766  0  1.3593  -0.67364  14461.5  2.03755  0.0692684  1
767  0  -0.146806  -0.175199  14752.8  1.82308  0.192541  1
768  0  0.0160364  1.21517  14178.3  2.06605  0.173291  1
769  0  -0.90091  -1.3362  14452.6  1.96879  0.219724  1
770  0  -0.00612257  -0.0211771  15324.1  1.39378  -0.0444515  1
771  0  0.061657  -0.238476  14716.9  1.84904  0.0765847  1
772  0  0.29913  -0.0896243  14667.1  1.88828  0.0241623  1
773  0  0.387236  -0.359175  14598.4  1.93049  0.0636486  1
774  0  0.233176  -0.67501  14559.6  1.9388  0.116344  1
775  0  1.41727  0.951561  14314.8  1.99418  0.00764396  1
776  0  0.281638  0.1868  12549.9  2.92463  0.158247  1
777  0  -0.00658685  0.154283  13820.9  2.1154  0.839267  1
778  0  1.02489  -0.0205536  14546.9  1.56456  0.101672  1
779  0  1.03732  0.462909  14211.9  2.04481  -0.111913  1
780  0  1.22118  0.701664  14269.5  2.01657  -0.0433523  1
781  0  0.0789791  0.120352  12441.4  2.49651  1.11763  1
782  0  0.322569  0.188319  12656.4  2.88549  0.0621277  1
783  0  0.0303206  -0.808237  14543.1  1.93459  0.143997  1
784  0  0.616465  -0.017525  14541  1.5819  -0.0251587  1
785  0  0.611559  0.125358  13452  1.44517  -0.203049  1
786  0  0.223803  -0.0159755  14679.7  1.57452  0.0262876  1
787  0  -0.340928  -1.37157  14464.5  1.97237  0.207456  1
788  0  0.315726  -0.245198  14634.2  1.90501  0.048518  1
789  0  0.455808  -0.123571  14616.8  1.91286  0.0145476  1
790  0  0.369784  0.364733  13430.2  2.43989  0.0738667  1
791  0  1.07564  1.66013  14314.8  2.00268  0.0607905  1
792  0  0.0143639  -1.69409  14430.2  1.99144  0.184578  1
793  0  1.02852  0.019594  14587.1  0.713562  -0.0559387  1
794  0  0.535215  -0.336209  14564.9  1.95321  0.0524072  1
795  0  0.37748  0.192326  12839.3  2.81714  -0.0503703  1
796  0  0.671192  -0.187332  14531.9  1.96854  0.0228181  1
797  0  0.245179  -0.992537  14513  1.96645  0.134561  1
798  0  0.828064  0.329832  14013  2.16031  -0.187367  1
799  0  1.15541  -0.0686842  14592.5  1.89996  0.0330496  1
800  0  0.244379  -0.0137622  14666.4  1.49149  0.022266  1
801  0  0.0703959  0.25357  13393.4  2.39281  0.555291  1
802  0  0.161444  -0.229382  14684.3  1.86975  0.0562639  1
803  0  -0.906635  0.542418  14315.9  2.00534  0.284418  1
804  0  0.0859143  -0.40257  14641  1.88901  0.100485  1
805  0  0.789713  0.141951  13915.2  2.24682  -0.361623  1
806  0  0.587594  0.128875  13370.4  1.47637  -0.189598  1
807  0  1.26743  -0.12181  14533.8  1.99329  0.00257446  1
808  0  0.599831  0.172526  13460.5  2.51426  -0.27988  1
809  0  0.208071  -0.181653  14674.3  1.87403  0.0419617  1
810  0  0.72641  -0.0176428  14483.3  1.61235  -0.00515979  1
811  0  1.74982  -0.937414  14408.3  2.05974  0.102841  1
812  0  0.444322  -0.21849  14602.7  1.9253  0.0362413  1
813  0  0.950487  1.22629  14243.2  2.03875  0.0458084  1
814  0  0.70442  -0.0177057  14473.1  1.55992  -0.0118522  1
815  0  -0.064799  0.0328423  15075.3  1.56042  0.499166  1
816  0  -1.30767  1.66817  14260.7  2.00174  0.22252  1
817  0  0.202597  -0.0138753  14646.7  1.52969  0.0231832  1
818  0  1.72902  -0.0786231  14416.2  2.03643  -0.0215878  1
819  0  -0.210039  0.405924  14130.1  2.08896  0.371705  1
820  0  -1.01116  -0.0983171  14422.3  1.97985  0.28018  1
821  0  -0.236478  0.0618037  14571.8  1.88423  0.386793  1
822  0  -0.0658252  -0.250458  14727  1.83802  0.131563  1
823  0  -0.0289492  -0.308507  14692.6  1.85766  0.116145  1
824  0  0.763481  0.212008  13874.3  2.28969  -0.280474  1
825  0  0.28914  -0.0125183  14695.2  1.50351  0.0201938  1
826  0  0.322586  -1.70004  14441.3  2.0017  0.131151  1
827  0  -0.412567  0.518592  14229  2.05535  0.330227  1
828  0  0.795417  -0.1646  14496.9  1.99017  0.0277589  1
829  0  0.731054  0.401741  13908.6  2.21699  -0.129141  1
830  0  -1.43447  -0.181611  14406.4  1.98571  0.236958  1
831  0  -0.206737  -0.146201  14714.8  1.84113  0.235332  1
832  0  0.09114  -0.0624568  14712.7  1.85607  -0.0259165  1
833  0  -0.511896  -1.15657  14477.3  1.95597  0.210503  1
834  0  1.07877  0.0360323  14602.5  1.07232  -0.132754  1
835  0  -0.0632994  -0.0138435  15191.8  1.51188  0.293209  1
836  0  -0.101187  -0.0283233  14981.1  1.65526  0.290517  1
837  0  -0.133535  0.00628473  14841.2  1.73145  0.377905  1
838  0  -0.193783  0.00103204  14712.9  1.81165  0.352116  1
839  0  0.70006  0.347683  13838.8  2.24813  -0.156212  1
840  0  -0.515678  0.114703  14426.2  1.9703  0.345905  1
841  0  1.06583  0.855691  14226  2.04718  -0.00837449  1
842  0  -1.10352  0.201464  14376.1  1.9863  0.271336  1
843  0  0.291709  0.487565  13673.2  2.31803  0.151812  1
844  0  0.509021  -0.0460668  14604.7  1.95751  -0.0176545  1
845  0  -0.33824  -0.170088  14604.5  1.89558  0.26785  1
846  0  0.660825  0.146185  13584.1  2.23885  -0.322069  1
847  0  0.654279  0.171588  13596.9  2.48082  -0.312693  1
848  0  0.246044  0.408574  13513.3  2.38648  0.206548  1
849  0  0.74889  -0.020274  14486.5  1.64464  0.00150255  1
850  0  -0.81152  -0.9048  14475.1  1.96005  0.241951  1
851  0  -1.03673  -0.857568  14457.5  1.97471  0.241694  1
852  0  -0.737628  -1.13279  14469  1.95981  0.223775  1
853  0  -0.123962  -0.399528  14636.9  1.87569  0.147535  1
854  0  0.335831  0.847659  14017.6  2.14637  0.122807  1
855  0  1.2391  0.233697  14429.6  1.95174  -0.143096  1
856  0  -0.125728  0.0944733  14589.9  1.83376  0.522785  1
857  0  -0.233492  -0.718159  14543.5  1.91439  0.168644  1
858  0  0.933005  0.0464103  14222.1  0.477077  -0.117273  1
859  0  1.73381  1.24185  14359.8  1.97174  0.0494793  1
860  0  -0.0781944  0.134179  14377.4  1.90422  0.651239  1
861  0  0.701212  0.138428  13674.3  2.16499  -0.334514  1
862  0  0.700177  -0.0984134  14508.2  2.00973  0.0023971  1
863  0  0.952202  -0.0979273  14463.9  2.0638  0.0466274  1
864  0  1.02859  -0.0661173  14527.7  2.03547  0.0695746  1
865  0  0.667077  0.256693  13716.7  2.31126  -0.218276  1
866  0  0.523475  0.1366  13206.1  1.55002  -0.16816  1
867  0  0.644655  -0.429734  14537.9  1.96996  0.0574383  1
868  0  0.148106  0.339394  13432.5  2.4215  0.343039  1
869  0  1.24305  -0.919915  14458.8  2.02613  0.0925086  1
870  0  0.377055  -0.0448436  14670.6  1.90898  0.00504471  1
871  0  0.123734  0.192527  12718.7  2.6434  0.660836  1
872  0  0.129549  0.467413  13723.8  2.28193  0.273803  1
873  0  0.463333  -0.0576633  14623.6  1.95212  -0.00993966  1
874  0  0.416095  -0.0439324  14662.2  1.92095  -0.00892838  1
875  0  0.431309  -0.066234  14642.1  1.94047  -0.00109798  1
876  0  0.887962  0.455965  14100.3  2.11025  -0.113299  1
877  0  1.37689  -0.00212027  14501.3  1.90962  -0.049925  1
878  0  0.873388  -0.278841  14505.6  1.98725  0.0404252  1
879  0  0.389982  0.256392  13128.8  2.5512  -0.0140767  1
880  0  -1.71023  1.34845  14285  1.99202  0.217531  1
881  0  -1.71339  -1.71339  14439.6  1.98771  0.208755  1
882  0  -0.732975  1.44963  14255.8  2.01681  0.243538  1
883  0  0.547717  0.16545  13322.1  2.47945  -0.24954  1
884  0  0.549274  -0.0500117  14578.3  1.97966  -0.0216059  1
885  0  0.0355532  0.31633  13642.1  2.30355  0.475806  1
886  0  0.599942  -0.0577012  14545.1  2.01056  -0.0160576  1
887  0  0.184424  0.181049  12408.3  2.90287  0.471568  1
888  0  -0.036348  0.303909  13855.2  2.20619  0.484567  1
889  0  1.02648  0.312815  14246.9  2.0306  -0.179035  1
890  0  -0.368652  0.276931  14330.2  2.00252  0.368799  1
891  0  0.639651  -0.138704  14540.8  1.9629  0.0116719  1
892  0  0.494013  0.366182  13568.1  2.37565  -0.0435353  1
893  0  0.510473  0.176836  13225.5  2.59285  -0.22375  1
894  0  0.701183  0.191444  13740.8  2.42416  -0.305707  1
895  0  0.537485  0.309234  13540  2.38006  -0.10907  1
896  0  0.158917  -0.0369614  14659.2  1.89689  0.00187476  1
897  0  0.467777  -0.373265  14577.6  1.94496  0.0628649  1
898  0  0.083645  -0.558126  14593.6  1.9103  0.118826  1
899  0  -0.56931  0.51317  14276.5  2.03291  0.32459  1
900  0  0.791471  1.05445  14181.5  2.07293  0.0487362  1
901  0  -0.999028  1.05947  14277.8  2.00465  0.251904  1
902  0  0.957493  0.144402  14233.8  2.13558  -0.336971  1
903  0  0.565618  0.186492  13408.4  2.59555  -0.248333  1
904  0  0.731375  1.72627  14300.9  2.00109  0.0931883  1
905  0  -0.0598681  1.7327  14276.1  2.02616  0.175546  1
906  0  0.444315  0.513142  13724.7  2.29602  0.0481106  1
907  0  0.189434  0.543858  13774.2  2.26842  0.210893  1
908  0  0.373043  -0.174246  14631.1  1.90243  0.0321845  1
909  0  0.200621  -0.058361  14673.5  1.9061  0.0220062  1
910  0  1.07131  0.1298  14469.3  2.0276  -0.270486  1
911  0  -1.6372  -0.398237  14416.7  1.98627  0.222447  1
912  0  1.53671  0.137323  14445  1.91552  -0.0728971  1
913  0  0.4898  0.277822  13387.8  2.44013  -0.100132  1
914  0  0.81461  -0.0158251  14441.9  1.52167  0.00468367  1
915  0  -0.0666453  -0.890599  14528.6  1.94027  0.154909  1
916  0  0.266146  -0.0115615  14678  1.51645  0.0182644  1
917  0  0.0398814  0.135984  13231.9  2.2915  1.04312  1
918  0  0.546817  0.219817  13417.7  2.54177  -0.202793  1
919  0  -0.193386  1.08311  14176.4  2.0656  0.218982  1
920  0  -0.0471449  -0.148456  14844.3  1.77332  0.127066  1
921  0  -0.0590379  -1.47387  14457.2  1.99373  0.187028  1
922  0  0.528749  -0.013871  14603.9  1.52051  -0.023552  1
923  0  0.67528  0.108743  13578.8  1.06127  -0.179002  1
924  0  1.10749  0.542934  14245.9  2.02915  -0.0856653  1
925  0  0.874366  0.110021  14136.7  1.89508  -0.338412  1
926  0  -0.108603  0.0447089  14822.4  1.71809  0.483469  1
927  0  -0.0665392  -0.0819035  14953.9  1.70867  0.163566  1
928  0  0.63107  -0.0599702  14532.4  2.02512  -0.0153186  1
929  0  0.397404  -0.0103769  14694.3  1.45247  -0.00674194  1
930  0  -0.776923  -1.59711  14439.6  1.97231  0.211699  1
931  0  1.39258  -1.75755  14435.7  2.09652  0.130214  1
932  0  0.59752  0.29459  13616.5  2.33502  -0.153029  1
933  0  0.543338  0.598071  13885.5  2.2205  0.0219933  1
934  0  -0.356449  0.637895  14186.8  2.07345  0.30655  1
935  0  -0.315613  -0.617143  14551.5  1.90553  0.189603  1
936  0  1.76349  1.76349  14367.4  1.98046  0.0699411  1
937  0  0.234365  -0.100193  14674.4  1.87635  0.027423  1
938  0  0.309249  -0.0100135  14708.7  1.43451  0.0168679  1
939  0  0.924105  -0.014825  14393.1  1.51499  0.0241717  1
940  0  0.98989  0.101397  14356.1  1.90981  -0.338083  1
941  0  -0.2783  1.41254  14234.6  2.0381  0.208572  1
942  0  1.56415  0.330672  14399.4  1.92871  -0.0632626  1
943  0  0.125328  -0.182518  14711.6  1.8518  0.0474545  1
944  0  0.0796228  -0.186441  14739  1.83631  0.0569424  1
945  0  0.370682  -0.556182  14572.7  1.94178  0.0884583  1
946  0  0.0408416  0.0956465  13064.6  2.16573  1.3488  1
947  0  -1.50556  0.0908627  14381.8  1.98729  0.234876  1
948  0  -0.826825  -0.00418877  14423.9  1.97807  0.306267  1
949  0  0.806888  0.214093  13960  2.2417  -0.281382  1
950  0  0.00457944  0.0653917  14234.3  1.52476  1.37423  1
951  0  0.398754  0.21249  12995.4  2.71767  -0.0518061  1
952  0  -0.399846  -0.493445  14554.9  1.90574  0.222428  1
953  0  0.347679  0.58245  13796.9  2.26346  0.116779  1
954  0  0.532226  -0.0954133  14585.6  1.94922  -0.00104883  1
955  0  -0.259859  -0.194609  14654.9  1.87002  0.23511  1
956  0  1.23089  -0.504094  14484.8  2.01795  0.0557772  1
957  0  0.121273  -0.0753546  14704.6  1.86339  0.00217736  1
958  0  0.827886  -0.448259  14514.5  1.98808  0.0503662  1
959  0  0.00583523  -0.0056762  15282.5  1.28788  -0.304807  1
960  0  -1.06518  0.798562  14301.1  2.00123  0.260239  1
961  0  0.6462  -0.238471  14540.3  1.96606  0.0328972  1
962  0  0.263519  0.204804  12664.2  2.82643  0.200665  1
963  0  -1.4489  -0.653279  14434.4  1.98252  0.227156  1
964  0  0.842075  0.121125  14041.8  1.99313  -0.350948  1
965  0  -0.392255  1.19553  14220  2.03827  0.235821  1
966  0  -0.743834  -0.436851  14486.9  1.94864  0.286247  1
967  0  0.717454  0.159372  13741.7  2.39335  -0.340056  1
968  0  1.37501  -1.15156  14444.1  2.03121  0.106466  1
969  0  1.0072  0.0696901  14433.5  1.47125  -0.296124  1
970  0  -0.12555  0.267658  14125  2.07815  0.484442  1
971  0  0.172959  -0.585565  14582.8  1.92306  0.113424  1
972  0  0.309895  0.237774  12906.6  2.64806  0.104833  1
973  0  0.874589  0.177027  14076.2  2.23031  -0.32462  1
974  0  0.326401  -0.0403094  14687.9  1.90205  0.0135061  1
975  0  0.574954  -0.654705  14532.3  1.96798  0.0860783  1
976  0  0.603471  0.392325  13740.5  2.29835  -0.0969452  1
977  0  -0.224467  0.204544  14337.7  1.9883  0.431051  1
978  0  0.240064  0.190348  12486  2.90724  0.275124  1
979  0  0.527654  -0.26914  14572.7  1.94671  0.0426471  1
980  0  0.0727798  -0.112515  14779.2  1.81353  0.0185341  1
981  0  0.457504  0.172946  13047.9  2.66043  -0.178545  1
982  0  0.921775  0.0903818  14177.6  1.68335  -0.321895  1
983  0  -0.113771  -0.14346  14821.2  1.78595  0.178286  1
984  0  1.25739  -0.236644  14515  2.01276  0.0272637  1
985  0  -1.77009  0.140232  14374.2  1.98839  0.219042  1
986  0  0.835286  0.663053  14090.5  2.11298  -0.0262314  1
987  0  1.54289  -0.206243  14456  2.05914  -0.00486737  1
988  0  0.684975  -0.0464344  14507.4  2.01784  -0.00793574  1
989  0  -0.399084  0.143453  14423.9  1.96517  0.360483  1
990  0  0.134369  -0.0129683  14653.9  1.53239  -0.0066803  1
991  0  -0.221556  -1.79687  14409.8  1.97829  0.222158  1
992  0  0.905402  -0.159093  14480  2.00055  0.0395949  1
993  0  -1.80362  1.80319  14272.3  1.99271  0.208763  1
994  0  0.270349  -0.268627  14641.2  1.90107  0.0553919  1
995  0  -0.967106  -0.283752  14448  1.97116  0.280431  1
996  0  0.762016  -0.22959  14511.6  1.98168  0.0324284  1
997  0  -0.0361329  0.135915  14141.1  1.97544  0.801589  1
998  0  1.34333  1.47125  14323.3  1.99846  0.0528222  1
999  0  -0.215411  -0.416466  14611.9  1.88318  0.173815  1
1000  0  0.302685  0.155661  12355.5  2.30398  0.060611  1
1001  0  -1.08762  -0.399849  14444.7  1.97174  0.261345  1
1002  0  -0.241374  -0.266391  14645.9  1.87483  0.207045  1
1003  0  -0.0462023  -0.0339133  15166  1.56351  0.156866  1
1004  0  0.364382  1.1121  14143  2.0897  0.120078  1
1005  0  0.101373  -0.268356  14690.3  1.86706  0.072166  1
1006  0  0.176872  -0.134604  14689.6  1.86288  0.0320195  1
1007  0  -0.495694  -0.794756  14509.6  1.92931  0.219827  1
1008  0  0.903646  0.257253  14109.8  2.10976  -0.240604  1
1009  0  0.898547  0.31551  14105.1  2.10955  -0.19543  1
1010  0  0.637042  0.223019  13609.3  2.42107  -0.240782  1
1011  0  1.0701  -0.305444  14506.5  1.99681  0.0459183  1
1012  0  0.0160104  0.132458  13592.9  2.1482  0.976309  1
1013  0  0.978877  -0.0730447  14457.3  2.07378  0.05754  1
1014  0  -0.0520848  -0.460085  14621.6  1.88599  0.13127  1
1015  0  0.435541  0.14489  12861.2  1.72551  -0.1396  1
1016  0  0.100562  -1.14204  14492.6  1.98259  0.15012  1
1017  0  -1.62236  0.826076  14312.9  1.99018  0.225239  1
1018  0  0.74867  0.126251  13817.4  2.00594  -0.337017  1
1019  0  0.0236839  -0.00579286  14924.4  1.43365  -0.326978  1
1020  0  0.391551  0.149596  12701  1.90207  -0.0929119  1
