0  2  1  0  18149.6  0  0  1
1  1  2  2  17998.6  2.01662  0.0602679  1
2  1  2  -2  17995.9  2.03533  0.151062  1
3  3  -2  -2  18025.1  1.99447  0.148579  1
4  3  -2  2  17913.9  1.99549  0.148553  1
10  1  2  1.6  18000.5  2.01162  0.0641511  1
11  1  2  1.2  18000.5  2.00063  0.0648781  1
12  1  2  0.8  18000.5  1.98414  0.0620508  1
13  1  2  0.4  18000.5  1.97936  0.0455299  1
14  1  2  5.50449e-12  18000.5  2.02057  0.0579772  1
15  1  2  -0.4  18000.5  2.0531  0.0986319  1
16  1  2  -0.8  18000.5  2.04069  0.11805  1
17  1  2  -1.2  18000.5  2.03604  0.129667  1
18  1  2  -1.6  18000.5  2.05911  0.145034  1
19  0  1.6  -2  18000.3  1.99447  0.148579  1
20  0  1.2  -2  18008.4  1.99447  0.148579  1
21  0  0.8  -2  17995.1  1.99447  0.148579  1
22  0  0.4  -2  17991.5  1.99447  0.148579  1
23  0  5.50449e-12  -2  18003.7  1.99447  0.148579  1
24  0  -0.4  -2  18016  1.99447  0.148579  1
25  0  -0.8  -2  18023.1  1.99447  0.148579  1
26  0  -1.2  -2  18021.6  1.99447  0.148579  1
27  0  -1.6  -2  18023.3  1.99447  0.148579  1
28  3  -2  -1.6  18025.8  1.99447  0.148579  1
29  3  -2  -1.2  18026  1.99447  0.148579  1
30  3  -2  -0.8  18023.3  1.99447  0.148579  1
31  3  -2  -0.4  18014.7  1.99447  0.148579  1
32  3  -2  -5.50449e-12  18000.3  1.99447  0.148579  1
33  3  -2  0.4  17982.2  1.99447  0.148579  1
34  3  -2  0.8  17960.6  1.99447  0.148579  1
35  3  -2  1.2  17941.2  1.99447  0.148579  1
36  3  -2  1.6  17924.6  1.99447  0.148579  1
37  0  -1.6  2  17904.1  1.99893  0.162018  1
38  0  -1.2  2  17911.6  1.9977  0.170378  1
39  0  -0.8  2  17912.8  2.00496  0.15265  1
40  0  -0.4  2  17911.9  2.0217  0.121681  1
41  0  -5.50449e-12  2  17928  2.02458  0.107972  1
42  0  0.4  2  17942.4  2.01435  0.107795  1
43  0  0.8  2  17964.6  2.01023  0.0802069  1
44  0  1.2  2  17967.1  2.0183  0.0573572  1
45  0  1.6  2  17978  2.01932  0.0571115  1
46  2  0.978363  0.0027803  18203.4  -5.6715e-17  8.86167e-18  1
47  2  0.956781  0.00600039  18196.8  0  0  1
48  2  0.935157  0.00892099  18147.1  0  0  1
49  2  0.913511  0.011674  18119.5  -6.44037e-17  7.58072e-18  1
50  2  0.891865  0.0144338  18106.9  2.51744e-16  -2.90901e-17  1
51  2  0.870232  0.0172877  18030.2  1.45694e-16  -1.51262e-17  1
52  2  0.848611  0.02023  17997.2  1.22312e-16  -1.61979e-17  1
53  2  0.827003  0.0232738  17980  1.22312e-16  -1.61979e-17  1
54  2  0.805408  0.0264047  17899.8  -3.96279e-17  3.93274e-18  1
55  2  0.783827  0.0296246  17878.6  0  0  1
56  2  0.762256  0.0329212  17878.5  2.58125e-16  -2.84209e-17  1
57  2  0.740698  0.036292  17798.5  0  0  1
58  2  0.719149  0.0397277  17756.4  0  0  1
59  2  0.697608  0.04321  17733.6  0  0  1
60  2  0.676075  0.0467407  17728.9  2.78253e-16  -3.07159e-17  1
61  2  0.654545  0.0502925  17716.1  1.36655e-16  -8.35393e-18  1
62  2  0.633019  0.0538662  17690.5  8.21928e-17  -1.00491e-17  1
63  2  0.611494  0.0574447  17623  3.43537e-16  -4.04704e-17  1
64  2  0.589967  0.061011  17560.8  0  0  1
65  2  0.568437  0.0645668  17516.3  -7.11426e-16  8.407e-17  1
66  2  0.5469  0.0680725  17454.6  1.79866e-16  -2.14256e-17  1
67  2  0.525356  0.0715369  17374.1  -3.57322e-16  4.23946e-17  1
68  2  0.5038  0.0749228  17309.7  -3.86664e-16  3.97815e-17  1
69  2  0.482229  0.0782136  17257.1  1.93332e-16  -1.98908e-17  1
70  2  0.460642  0.0813981  17189.8  0  0  1
71  2  0.439033  0.0844306  17113.7  -4.37792e-16  4.15391e-17  1
72  2  0.417403  0.0873132  17021.7  1.9297e-16  -1.29044e-17  1
73  2  0.395746  0.0899788  16909  -4.50646e-16  3.71841e-17  1
74  2  0.374063  0.0924192  16807.7  9.86076e-32  6.16298e-33  1
75  2  0.352349  0.094572  16696.9  5.30061e-17  -2.914e-18  1
76  2  0.330606  0.0964107  16575.3  -1.84721e-16  1.21252e-18  1
77  2  0.308833  0.0978505  16467.1  2.66078e-16  -6.23861e-18  1
78  2  0.287035  0.0988298  16346.6  0  0  1
79  2  0.265218  0.0992224  16226.7  0  0  1
80  2  0.243401  0.0988975  16114.6  -7.55449e-16  -5.53972e-17  1
81  2  0.221609  0.0978062  16030.7  -1.07743e-16  -9.64099e-18  1
82  2  0.199877  0.0958598  15955.3  0  0  1
83  2  0.178238  0.0930619  16006.5  2.91758e-16  4.25147e-17  1
84  2  0.156737  0.08935  16062.4  0  0  1
85  2  0.135423  0.0846813  16113.5  2.76058e-16  7.43636e-17  1
86  2  0.114355  0.0790093  16200.8  -3.76624e-16  -1.3443e-16  1
87  2  0.0936169  0.0722304  16223  5.26628e-16  1.87809e-16  1
88  2  0.073329  0.0642069  16353.1  5.26628e-16  1.87809e-16  1
89  2  0.0536713  0.0547486  16727.8  2.47156e-16  1.05887e-16  1
90  2  0.0349675  0.0435302  17120.3  1.967e-16  1.14252e-16  1
91  2  0.0178761  0.030001  17856.7  0  0  1
92  2  0.00420776  0.0131089  18938.9  1.14348e-16  2.3851e-17  1
93  2  0.00344028  -0.00665648  19202.9  -3.0032e-17  2.93993e-17  1
94  2  0.0236036  -0.014718  18444.9  0  0  1
95  2  0.044906  -0.0194043  18031.2  -5.47416e-16  3.96463e-17  1
96  2  0.066466  -0.0227571  18085.5  2.09887e-16  -2.42474e-17  1
97  2  0.0881215  -0.0254328  18040.9  1.09526e-16  -8.9079e-18  1
98  2  0.109824  -0.0277035  18055.2  4.98128e-16  -5.77836e-17  1
99  2  0.131548  -0.0297554  18052.8  -1.37043e-16  1.1647e-17  1
100  2  0.153286  -0.0316474  18058.7  0  0  1
101  2  0.175035  -0.0334188  18009  0  0  1
102  2  0.196792  -0.0350805  17902.4  4.76036e-16  -2.8646e-17  1
103  2  0.218556  -0.0366456  17906.2  0  0  1
104  2  0.240328  -0.0381105  17941.6  0  0  1
105  2  0.262105  -0.0394854  17913.5  2.11047e-16  -1.2465e-17  1
106  2  0.283889  -0.040752  17875.6  7.85925e-17  -5.11542e-18  1
107  2  0.305679  -0.0419143  17842  0  0  1
108  2  0.327474  -0.0429688  17827  -5.94227e-16  2.85544e-17  1
109  2  0.349274  -0.0439129  17809.6  -7.36925e-16  3.22283e-17  1
110  2  0.371079  -0.044752  17790  -1.48207e-16  5.06012e-18  1
111  2  0.392887  -0.0454851  17764.8  5.09864e-16  -1.92948e-17  1
112  2  0.414699  -0.0461158  17753.1  4.93038e-32  -1.54074e-33  1
113  2  0.436513  -0.0466394  17715.1  4.93038e-32  0  1
114  2  0.45833  -0.0470579  17666.9  2.27357e-16  -5.21107e-18  1
115  2  0.480148  -0.0473686  17693.6  4.84167e-17  -3.24764e-18  1
116  2  0.501968  -0.0475688  17685.8  -1.61283e-16  2.59983e-19  1
117  2  0.523789  -0.0476583  17664  3.86891e-17  4.97131e-19  1
118  2  0.545609  -0.0476311  17668.3  0  0  1
119  2  0.567429  -0.0474864  17643.3  -1.62081e-16  -9.02116e-19  1
120  2  0.589248  -0.0472175  17637.3  -1.70159e-16  -1.30891e-18  1
121  2  0.611065  -0.0468208  17634.8  1.70159e-16  1.30891e-18  1
122  2  0.63288  -0.0462886  17614.1  1.59224e-16  3.88586e-18  1
123  2  0.65469  -0.0456117  17582.6  0  0  1
124  2  0.676495  -0.0447814  17571.9  0  0  1
125  2  0.698292  -0.0437799  17561.3  0  0  1
126  2  0.720081  -0.0425959  17557.1  1.66821e-16  9.3542e-18  1
127  2  0.741856  -0.0411963  17554.7  0  0  1
128  2  0.763616  -0.0395622  17537.6  -1.61577e-16  -1.28997e-17  1
129  2  0.785348  -0.0376064  17527.5  -6.28753e-17  -5.36948e-18  1
130  2  0.807044  -0.0352792  17539.9  0  0  1
131  2  0.828668  -0.0323599  17566.7  -4.30971e-16  -4.69083e-17  1
132  2  0.850201  -0.0288312  17639.8  0  0  1
133  2  0.871626  -0.0246994  17733.9  0  0  1
134  2  0.892982  -0.0202206  17832.6  0  0  1
135  2  0.914297  -0.0155518  17921  5.68392e-16  8.53544e-17  1
136  2  0.935628  -0.0109531  17995.3  0  0  1
137  2  0.957  -0.00655177  18048.3  0  0  1
138  2  0.978473  -0.00267935  18063.8  0  0  1
268  0  1.05516  -0.641987  17990.6  2.0338  0.114152  1
269  0  0.191004  -0.992513  18026.5  2.00733  0.0981526  1
270  0  0.568475  -0.613136  17969.5  2.03956  0.0826452  1
271  0  0.0748366  -0.514145  18075.4  1.97788  0.0657278  1
272  0  -0.899684  0.748158  17945.8  2.00516  0.198471  1
273  0  0.0111761  0.996634  17841.6  2.06965  0.128021  1
274  0  1.01194  1.00803  17916.4  2.03652  0.0379311  1
275  0  -0.72981  0.0251143  18042.6  1.95819  0.215663  1
276  0  0.506394  0.672467  17741.8  2.12246  0.0391386  1
277  0  0.964644  0.498987  17919.5  2.03413  -0.0281375  1
278  0  -0.348171  0.312214  17965.9  2.00035  0.248017  1
279  0  0.0520164  0.539319  17694.3  2.12348  0.187471  1
280  0  -0.31097  0.0143867  18160.2  1.88106  0.223625  1
281  0  0.831138  -0.372628  17923.8  2.0593  0.118173  1
282  0  0.57273  -0.304039  17865.6  2.08185  0.0629913  1
283  0  0.303112  -0.32073  17978.8  2.01792  0.00697182  1
284  0  0.0719999  -0.256965  18151.9  1.91967  -0.00307799  1
285  0  0.311174  0.393042  17436.7  2.25141  0.0873081  1
286  0  0.59553  0.350199  17634.4  2.17862  -0.0659909  1
287  0  0.830792  0.247631  17880.8  2.05821  -0.118585  1
288  0  -0.079354  0.261561  17780.4  2.06936  0.339901  1
289  0  1.02066  -0.234349  18007  2.00768  0.153959  1
290  0  -0.528216  -0.542949  18083.7  1.96892  0.145842  1
291  0  0.107572  0.271021  17342.6  2.28359  0.3148  1
292  0  1.02608  0.202127  18052.4  1.99386  -0.0821279  1
293  0  -0.161499  -0.19655  18257.2  1.8484  0.105861  1
294  0  0.714509  -0.20979  17792.2  2.10795  0.110522  1
295  0  0.857871  -0.180621  17860.2  2.06928  0.177555  1
296  0  0.444247  -0.212327  17853  2.07384  0.00693914  1
297  0  0.311937  -0.177486  17927  2.03241  -0.0421111  1
298  0  0.175685  -0.168173  18063  1.96133  -0.0697164  1
299  0  0.265063  0.259159  17133.4  2.39479  0.129604  1
300  0  0.401615  0.239678  17252.5  2.34492  -0.0458656  1
301  0  0.54725  0.211304  17500.4  2.2377  -0.143055  1
302  0  0.679279  0.207362  17709.1  2.15134  -0.158568  1
303  0  -0.112685  0.112952  18119.6  1.881  0.402795  1
304  0  -0.00882388  0.177436  17645.6  2.1058  0.498586  1
305  0  0.0598464  -0.138457  18235.4  1.86841  -0.0757408  1
306  0  0.55122  -0.172271  17775.1  2.1137  0.0363337  1
307  0  0.755985  -1.10629  17999.1  2.01811  0.102482  1
308  0  -0.107819  0.00674549  18497  1.68275  0.265522  1
309  0  0.790305  0.144233  17871.4  2.17237  -0.189249  1
310  0  0.900137  0.125161  18024.2  2.09544  -0.166637  1
311  0  -0.0163317  -0.0941877  18439.9  1.75436  -0.052904  1
312  0  0.945405  -0.115353  17961.9  2.08083  0.229877  1
313  0  0.646681  -0.139256  17715.5  2.16545  0.0753781  1
314  0  1.48296  -0.0543687  18048.7  1.94747  0.0640985  1
315  0  1.46388  0.425695  18009.8  1.9894  0.00812392  1
316  0  1.0759  -0.103733  18128  2.00929  0.170557  1
317  0  1.2067  0.0843483  18158.3  1.80881  -0.00197738  1
318  0  -0.306668  0.726662  17867.6  2.05564  0.196316  1
319  0  -1.26346  -0.464824  18031.4  1.98661  0.166996  1
320  0  0.982445  0.0959999  18137.9  1.97418  -0.136077  1
321  0  0.782766  -0.130635  17731.2  2.17302  0.166773  1
322  0  0.176808  0.191591  16912.3  2.47394  0.307485  1
323  0  0.379135  -0.12985  17845.6  2.08613  -0.0472258  1
324  0  0.247859  -0.123131  17959.1  2.02204  -0.0866598  1
325  0  -0.480569  -1.29776  18034.3  1.98753  0.146775  1
326  0  0.326649  0.189676  16961.7  2.48728  0.000991634  1
327  0  0.10239  0.160173  17001.3  2.41241  0.520987  1
328  0  0.494403  -0.129482  17764.2  2.14738  -0.00124286  1
329  0  0.614575  0.15362  17599.6  2.30599  -0.206754  1
330  0  0.848738  -0.102148  17771.1  2.22258  0.237947  1
331  0  0.463599  0.175715  17286.4  2.40076  -0.149705  1
332  0  0.252915  0.171956  16742.5  2.59257  0.138194  1
333  0  -1.36239  0.286638  17988.6  1.99105  0.176332  1
334  0  0.713003  -0.11342  17681.6  2.24583  0.120272  1
335  0  0.509113  1.21697  17874.2  2.05549  0.0796511  1
336  0  0.313312  -0.109913  17892  2.0826  -0.0759404  1
337  0  -0.542263  1.35577  17909.1  2.01766  0.162486  1
338  0  1.30405  -0.326653  18027.3  2.01501  0.106152  1
339  0  -0.212988  -0.849649  18058.1  1.98949  0.108482  1
340  0  -0.461912  -0.257938  18118.9  1.92171  0.165211  1
341  0  0.135986  -0.104586  18097.1  1.94743  -0.119941  1
342  0  -0.0269359  0.0976107  17965.8  1.8929  0.641351  1
343  0  0.392573  0.159339  17059.5  2.54714  -0.120153  1
344  0  0.715679  0.12311  17766.9  2.22039  -0.215315  1
345  0  0.525118  0.140334  17403.4  2.4117  -0.215318  1
346  0  -0.203108  0.473374  17840.9  2.0636  0.230728  1
347  0  1.37259  -1.17049  18001.7  2.02195  0.109192  1
348  0  0.998934  -0.0689693  18101.1  2.07319  0.254331  1
349  0  -1.29778  -1.28282  18030  1.99108  0.153605  1
350  0  0.319353  -0.565089  18004.1  2.02036  0.0643563  1
351  0  -0.0927273  -0.388018  18142.9  1.92845  0.0777634  1
352  0  -1.1925  1.35169  17929.7  1.99824  0.177932  1
353  0  -0.700061  0.398478  17975.6  1.99901  0.228252  1
354  0  0.0368146  0.114939  17337.5  2.16984  0.767543  1
355  0  -0.822152  -0.321272  18057.8  1.97014  0.178633  1
356  0  1.52964  -0.728241  18005.6  2.03052  0.10704  1
357  0  0.442698  -0.353535  17925.5  2.05253  0.0405906  1
358  0  0.579103  -0.109331  17708.5  2.22663  0.0350848  1
359  0  0.825488  0.0888606  17933  1.92718  -0.206317  1
360  0  -0.0238098  -0.208733  18248.2  1.8623  0.0182289  1
361  0  0.812523  -0.629151  17968.8  2.04045  0.102579  1
362  0  0.04873  -0.0697202  18296.6  1.84801  -0.188254  1
363  0  -0.0507476  -0.00244226  18888.1  1.43138  0.210658  1
364  0  -0.501971  0.132957  18045.3  1.94859  0.236392  1
365  0  0.424328  -0.0996251  17773.9  2.20474  -0.0528922  1
366  0  0.204702  -0.0874479  17972.7  2.07465  -0.125497  1
367  0  -0.262507  0.173864  18036.5  1.94631  0.275446  1
368  0  0.269335  0.642128  17695.5  2.14195  0.0996997  1
369  0  -1.36755  0.773376  17957.7  1.99482  0.17683  1
370  0  0.65135  0.104179  17687.6  2.11543  -0.228151  1
371  0  0.418773  -0.828114  18004.4  2.02076  0.0882603  1
372  0  0.892668  -0.0718794  17820.7  2.14774  0.288471  1
373  0  0.984279  -0.430678  17975.6  2.03739  0.123826  1
374  0  -0.918734  -0.739068  18047.6  1.98267  0.167208  1
375  0  0.435708  -1.45825  18008.7  2.01199  0.0992271  1
376  0  0.931393  0.0643167  18114.9  1.63984  -0.161507  1
377  0  0.0972636  -0.0726648  18145.9  1.98041  -0.169879  1
378  0  0.667436  -0.0936282  17619  2.28389  0.0820532  1
379  0  0.46368  0.365859  17515.9  2.22808  -0.0170403  1
380  0  0.191747  -0.287256  18050.1  1.97696  -0.00880893  1
381  0  0.532115  -0.0855646  17696.5  2.24801  0.00112958  1
382  0  0.745583  0.607357  17816.2  2.08618  0.00169175  1
383  0  0.755311  0.0799033  17829.2  1.74632  -0.20365  1
384  0  0.56371  0.110303  17484.8  2.13938  -0.228926  1
385  0  0.622214  -0.0893265  17656.3  2.27629  0.0459613  1
386  0  -0.0784717  -0.0573706  18562.9  1.67498  0.0986704  1
387  0  -0.199779  -0.0576092  18296.6  1.81261  0.187197  1
388  0  -0.200292  0.0613975  18209.5  1.84998  0.274808  1
389  0  -1.08285  -0.0617155  18021.8  1.98247  0.185309  1
390  0  0.934062  -0.0554575  17970.2  2.02482  0.289816  1
391  0  0.801874  -0.0831421  17621  2.26698  0.211428  1
392  0  0.756031  -0.0842552  17616.1  2.27829  0.155296  1
393  0  1.0995  0.06921  18210.8  1.71232  -0.06924  1
394  0  -0.0209682  0.0585333  18219.1  1.71429  0.765742  1
395  0  0.0582617  1.44968  17894.4  2.04572  0.105164  1
396  0  0.859347  0.0648078  18014.2  1.61859  -0.182257  1
397  0  0.154876  0.136536  16529.3  2.6408  0.47667  1
398  0  0.206598  0.143114  16458.6  2.73429  0.283801  1
399  0  0.6077  0.1013  17588.2  2.02137  -0.227828  1
400  0  0.695731  -0.457834  17928.7  2.05663  0.0926441  1
401  0  0.000178207  0.388166  17662.1  2.13585  0.254971  1
402  0  0.200772  -0.427045  18039.3  1.99215  0.0342465  1
403  0  0.299367  0.144946  16630.7  2.70741  0.0144213  1
404  0  0.345208  0.13961  16777.7  2.6188  -0.0885448  1
405  0  -0.287108  -0.357961  18146.9  1.91941  0.124458  1
406  0  0.357739  -0.0861059  17821.6  2.18594  -0.0839114  1
407  0  0.157851  0.411863  17519.6  2.20459  0.187348  1
408  0  -0.0477174  -1.37133  18023.7  2.00542  0.120888  1
409  0  1.41982  1.42481  17961.1  2.01208  0.0511427  1
410  0  1.07773  -0.0453394  18197.3  1.83191  0.188161  1
411  0  0.266725  -0.0842674  17920.1  2.11678  -0.11261  1
412  0  0.625833  -0.226945  17807  2.10215  0.0734923  1
413  0  0.695632  -0.315511  17869.4  2.08271  0.0974565  1
414  0  0.346252  0.968753  17823  2.08435  0.087014  1
415  0  0.147081  -0.75459  18037  2.00227  0.0860117  1
416  0  0.953098  -0.881342  17992.1  2.02847  0.10779  1
417  0  0.918596  -0.283674  17937  2.04738  0.14788  1
418  0  -0.499674  0.549369  17926  2.02918  0.223002  1
419  0  1.20258  0.382804  18009.4  1.98833  -0.0153067  1
420  0  1.23818  0.692389  17958.3  2.01493  0.00988109  1
421  0  -0.00618954  -0.0558201  18583.1  1.64887  -0.128295  1
422  0  0.478286  0.122813  17240  2.32284  -0.216965  1
423  0  0.433888  0.128414  17107.8  2.43515  -0.190825  1
424  0  0.924889  1.50806  17931.8  2.0185  0.0677207  1
425  0  0.468646  -0.0888269  17731.8  2.24306  -0.0250483  1
426  0  1.00802  -1.49209  18001.2  2.03834  0.113734  1
427  0  -0.461129  -0.0467457  18108.1  1.9095  0.206854  1
428  0  0.995598  0.0509043  18217  1.49398  -0.124426  1
429  0  -0.217939  -0.626361  18088.1  1.9737  0.105611  1
430  0  -0.0799501  0.712185  17804.9  2.08853  0.176176  1
431  0  -0.533348  -0.911912  18054.3  1.98526  0.145144  1
432  0  0.800162  -0.260935  17863.2  2.08007  0.13259  1
433  0  0.160947  -0.0719856  18051.4  2.06832  -0.164799  1
434  0  0.753019  0.918135  17861.7  2.06298  0.0445337  1
435  0  -0.615595  0.932361  17913.4  2.0178  0.192228  1
436  0  0.72384  0.310742  17763.8  2.11732  -0.100045  1
437  0  1.30268  -0.153429  18076.6  1.98628  0.0934294  1
438  0  0.617778  0.232594  17625.1  2.17818  -0.139731  1
439  0  -0.355927  -0.13907  18160  1.88849  0.1761  1
440  0  0.237784  -0.192145  17999.1  1.99727  -0.0492907  1
441  0  -1.51292  -0.125041  18010.3  1.9923  0.163368  1
442  0  -0.944482  0.217046  18003.4  1.98083  0.210237  1
443  0  0.393535  0.542176  17635.8  2.16356  0.054607  1
444  0  0.0926477  0.119255  16786.1  2.48047  0.691071  1
445  0  0.970893  0.367508  17941.1  2.02715  -0.0559538  1
446  0  0.864496  0.415752  17870.1  2.05929  -0.0493908  1
447  0  0.70087  0.0874286  17742.2  1.86118  -0.203329  1
448  0  0.359909  -0.254868  17928.8  2.03973  -0.00364738  1
449  0  0.950319  -0.192345  17962.2  2.0203  0.180495  1
450  0  0.419789  -1.17528  18012.4  2.01252  0.0965968  1
451  0  0.316265  0.269257  17206.8  2.36856  0.0661112  1
452  0  0.680553  -0.837711  17989.1  2.02882  0.0934707  1
453  0  0.547068  -0.433894  17930.2  2.05483  0.0710474  1
454  0  1.29367  -0.881774  18002.1  2.02586  0.107455  1
455  0  -0.215408  0.306975  17904.4  2.02289  0.269645  1
456  0  0.539569  0.52379  17688.6  2.14191  0.00677756  1
457  0  0.522535  -0.253955  17853  2.08272  0.042331  1
458  0  1.02406  -0.138772  18055.4  1.99516  0.185008  1
459  0  -0.306535  1.05266  17883.1  2.03697  0.16162  1
460  0  -0.0774688  0.0496106  18414.1  1.6891  0.454998  1
461  0  0.115304  -0.375348  18087.3  1.96266  0.0285911  1
462  0  0.0073301  0.273423  17600.6  2.15406  0.354632  1
463  0  0.917085  0.218677  17973.4  2.0171  -0.111542  1
464  0  1.17773  -0.248748  18051.9  1.99345  0.116807  1
465  0  -0.0449949  -0.690763  18066.3  1.98556  0.0902851  1
466  0  0.110236  0.722025  17753.6  2.11765  0.139335  1
467  0  0.84521  -0.0684529  17705.3  2.19043  0.26414  1
468  0  -0.178299  0.199285  17988.9  1.96767  0.312361  1
469  0  0.435772  -0.162386  17833.2  2.08478  -0.0130751  1
470  0  -0.855209  -1.55631  18027.8  1.98601  0.159084  1
471  0  0.491548  0.290966  17474.3  2.25504  -0.066888  1
472  0  0.109203  -0.206006  18131.1  1.92989  -0.0376777  1
473  0  -1.15353  0.48847  17975.4  1.99348  0.191855  1
474  0  -1.53178  -0.852046  18028.1  1.9923  0.153809  1
475  0  0.253625  0.137715  16494.3  2.75984  0.133716  1
476  0  0.0256722  0.0807536  17459.8  2.08527  0.932837  1
477  0  1.58946  1.00423  17979.4  2.00326  0.0444626  1
478  0  -0.0280424  -0.0270703  18874.5  1.43171  -0.0199535  1
479  0  0.80608  0.0655559  17908.7  1.5617  -0.192632  1
480  0  0.711223  -0.0803368  17626  2.26616  0.117102  1
481  0  -0.689265  -0.150664  18069.2  1.95019  0.195654  1
482  0  -0.550016  0.315184  17986.2  1.994  0.239411  1
483  0  -0.983008  1.10519  17929.2  2.00162  0.18568  1
484  0  0.98091  -0.0413085  18062.9  1.84152  0.265754  1
485  0  0.199062  0.332267  17357.6  2.28252  0.189153  1
486  0  -0.100586  -0.143995  18344.4  1.79987  0.0740004  1
487  0  0.314822  -0.0786705  17869.9  2.17174  -0.101969  1
488  0  0.345427  -0.468267  17986.9  2.02479  0.0504607  1
489  0  0.906005  -0.124864  17896.3  2.09399  0.224981  1
490  0  0.891898  0.730639  17878.2  2.05608  0.0163087  1
491  0  0.49963  -0.187321  17812.6  2.09242  0.0190996  1
492  0  1.68534  -0.391313  18024.9  2.03755  0.0950308  1
493  0  -0.375749  0.115416  18072.8  1.92754  0.239388  1
494  0  1.26406  -0.472749  18013.5  2.02954  0.109558  1
495  0  1.15649  0.224843  18075.1  1.99042  -0.0343292  1
496  0  1.3328  0.239404  18056.3  1.9982  -0.00112266  1
497  0  0.388997  0.127748  16956.4  2.48469  -0.156281  1
498  0  0.520207  0.109139  17379.7  2.13811  -0.226513  1
499  0  -0.853051  -1.13872  18037.6  1.98566  0.16467  1
500  0  0.245747  1.20982  17865.9  2.05906  0.0977686  1
501  0  -0.0707651  0.196315  17829.3  2.02819  0.405803  1
502  0  0.2339  -0.0738856  17959.3  2.11892  -0.119249  1
503  0  0.89496  -0.51448  17964.3  2.04273  0.112975  1
504  0  0.40404  -0.0782896  17781.6  2.19096  -0.0680292  1
505  0  0.393355  -0.189862  17874.3  2.0608  -0.01399  1
506  0  1.06245  0.0352084  18245.6  1.29569  -0.0487183  1
507  0  0.0266339  -0.0437937  18333.9  1.75239  -0.294236  1
508  0  0.570928  0.162815  17532.3  2.31409  -0.193862  1
509  0  0.128014  -0.0655037  18112.3  2.04205  -0.16828  1
510  0  1.03788  0.0786752  18212.3  1.80471  -0.105452  1
511  0  1.47403  -1.56139  17999.5  2.05131  0.106231  1
512  0  1.08124  -1.21326  17998.6  2.02353  0.109232  1
513  0  0.501209  -0.084515  17720.3  2.25645  -0.0103279  1
514  0  1.61049  0.183274  18021.6  1.98335  0.0255643  1
515  0  0.809938  -0.202274  17832.2  2.08471  0.154156  1
516  0  0.0658607  0.233265  17360.3  2.25863  0.399382  1
517  0  0.856997  0.187215  17932  2.04874  -0.141189  1
518  0  0.578777  -0.0821187  17680.9  2.2591  0.0249461  1
519  0  -0.897269  1.58741  17920.1  2.00228  0.172808  1
520  0  0.127588  0.120947  16611.6  2.59113  0.587388  1
521  0  -0.106504  0.39682  17776.1  2.08498  0.255466  1
522  0  0.950139  0.0383322  18160.9  1.0772  -0.111243  1
523  0  0.76878  0.221783  17821.4  2.08785  -0.140684  1
524  0  0.90661  0.0438186  18103  1.13375  -0.13101  1
525  0  -0.0227381  -0.332181  18159.3  1.91836  0.0500339  1
526  0  0.296187  -0.255378  17968.4  2.01848  -0.0149343  1
527  0  -0.0227979  0.00425993  19147.9  1.02996  0.21483  1
528  0  0.471269  1.62687  17923.1  2.0277  0.0976384  1
529  0  -0.145684  0.072522  18244.2  1.82665  0.333567  1
530  0  1.19415  -0.0428086  18188.3  1.82848  0.0895083  1
531  0  0.398152  0.338986  17416.4  2.27167  0.0135041  1
532  0  0.954691  0.153721  18055.6  2.04764  -0.127972  1
533  0  0.0739109  -0.0514732  18139.9  1.89049  -0.218402  1
534  0  -0.646289  0.192669  18017.2  1.9707  0.233009  1
535  0  -0.104664  1.27093  17888.2  2.04363  0.122054  1
536  0  -0.278031  1.53492  17907.9  2.03031  0.126229  1
537  0  0.558579  0.281224  17560.7  2.21548  -0.0964448  1
538  0  -1.55138  -1.55138  18026.3  1.99373  0.149133  1
539  0  1.09144  -0.35161  18007.5  2.02188  0.124943  1
540  0  1.06592  0.310994  18007.1  1.99608  -0.0537127  1
541  0  -0.127702  -1.09878  18036.6  1.99861  0.110691  1
542  0  0.727441  0.0754385  17788.7  1.6436  -0.197622  1
543  0  0.738453  -0.160249  17747.8  2.13662  0.131227  1
544  0  0.185495  0.122011  16235.3  2.62792  0.382938  1
545  0  -1.59753  1.16279  17939.6  1.99598  0.164288  1
546  0  -1.55226  1.58153  17921.6  1.997  0.163722  1
547  0  0.730415  -1.49389  18000.9  2.02522  0.115541  1
548  0  0.601075  -0.150978  17736.7  2.14313  0.0541922  1
549  0  -0.357375  -1.56531  18025.1  1.98958  0.147102  1
550  0  0.124696  0.21293  17118.1  2.37784  0.374777  1
551  0  0.172899  0.259637  17186.4  2.35996  0.262213  1
552  0  0.0441851  -0.201115  18203.7  1.88917  -0.0232771  1
553  0  -0.519505  0.727337  17911.3  2.03153  0.206153  1
554  0  0.776841  -0.0647967  17570.4  2.02169  0.164554  1
555  0  0.702247  0.462618  17771.3  2.1061  -0.0303532  1
556  0  0.683065  0.152219  17719.3  2.22861  -0.1964  1
557  0  1.00966  -0.0346362  18148.2  1.67622  0.231316  1
558  0  0.738835  0.169821  17792.9  2.15811  -0.177374  1
559  0  0.176373  -0.123557  18046.8  1.96575  -0.0980465  1
560  0  0.237968  0.5049  17593.8  2.17565  0.12362  1
561  0  0.644494  -0.0722729  17610.4  2.05591  0.0563193  1
562  0  0.691394  -0.155653  17727.8  2.14814  0.101961  1
563  0  -0.34883  0.495464  17899.9  2.04062  0.227056  1
564  0  -1.63715  0.512623  17974.2  1.9937  0.162954  1
565  0  -0.0939146  -0.279045  18205.7  1.88528  0.0686932  1
566  0  -0.409424  -0.729191  18073  1.9821  0.128805  1
567  0  0.321468  0.123567  16618.4  2.39662  -0.0561924  1
568  0  0.909131  -0.0429577  17889.4  1.70654  0.256268  1
569  0  -0.148978  -0.0564881  18384.1  1.76791  0.172578  1
570  0  0.84102  0.0454249  18001  0.975644  -0.129209  1
571  0  0.434251  -0.664949  17990.6  2.02936  0.0782026  1
572  0  0.0185654  -0.12189  18334.7  1.81706  -0.0685052  1
573  0  0.446937  -0.0723175  17697.2  2.04785  -0.0469371  1
574  0  1.07981  -0.185922  18058  1.98012  0.148514  1
575  0  0.021383  -0.418939  18110.4  1.94983  0.054118  1
576  0  -0.0808909  -0.537136  18098.4  1.96403  0.0831035  1
577  0  0.0776635  0.0916515  16576.3  2.37172  0.845814  1
578  0  0.458546  -0.506445  17964.4  2.03905  0.0663446  1
579  0  0.453415  0.108405  17163  1.97164  -0.187076  1
580  0  -0.605521  -0.340036  18086.9  1.95167  0.167768  1
581  0  -0.754488  -0.525268  18063  1.97524  0.165269  1
582  0  0.0121171  0.0562103  17721.8  1.77171  1.02909  1
583  0  0.217471  -1.27908  18017.4  2.01272  0.103442  1
584  0  0.62621  0.0830451  17653  1.54715  -0.182263  1
585  0  0.58336  0.0879659  17534.6  1.60199  -0.189309  1
586  0  0.184007  -0.0599494  17979.8  1.98059  -0.154413  1
587  0  0.268172  0.321528  17322.9  2.3089  0.122205  1
588  0  0.459123  -0.285698  17888.9  2.06493  0.0287493  1
589  0  0.0985861  -0.115315  18167.7  1.90607  -0.107356  1
590  0  0.126942  -0.156769  18123  1.92917  -0.0742508  1
591  0  -1.68159  -0.464153  18019.2  1.99288  0.15427  1
592  0  0.531313  -0.135356  17750  2.14664  0.0164531  1
593  0  -0.157446  0.00544915  18350.4  1.77668  0.250423  1
594  0  0.0642608  0.147352  17138.4  2.32065  0.61162  1
595  0  0.0074081  -0.920905  18041.7  1.99841  0.0979528  1
596  0  -0.182963  0.130284  18101.8  1.90367  0.31497  1
597  0  -0.872988  -0.116467  18042.8  1.96932  0.194366  1
598  0  0.910129  -0.355997  17945.7  2.04881  0.13048  1
599  0  0.996074  -0.309489  17980.3  2.03028  0.140641  1
600  0  -0.0530859  0.48515  17744.8  2.10297  0.220748  1
601  0  0.473619  0.227989  17373.3  2.29093  -0.103323  1
602  0  0.289237  -0.147858  17930.1  2.03005  -0.0626896  1
603  0  0.190433  -0.559973  18036.7  1.99988  0.0626148  1
604  0  0.164259  -0.228023  18070.4  1.96334  -0.0355311  1
605  0  0.828385  -0.144653  17789.9  2.1243  0.185366  1
606  0  0.670389  0.0716423  17737.1  1.25314  -0.138332  1
607  0  0.821288  -0.0576106  17603.7  1.94092  0.211256  1
608  0  0.865199  -0.0508818  17734.9  1.83885  0.258136  1
609  0  0.336328  -0.150116  17890.5  2.05035  -0.0495932  1
610  0  0.686735  -0.69471  17975.4  2.03642  0.0920312  1
611  0  1.44542  -0.507098  18018.1  2.02848  0.104431  1
612  0  0.231408  0.122431  16283.4  2.59165  0.195271  1
613  0  0.276203  0.123086  16442.1  2.50438  0.0461676  1
614  0  0.776168  1.1464  17893.6  2.04623  0.0597243  1
615  0  0.897127  0.0778134  18062.6  1.82634  -0.183273  1
616  0  -1.65861  0.12111  17995.5  1.99366  0.15963  1
617  0  0.42164  0.194554  17203.8  2.38646  -0.101906  1
618  0  -0.646319  0.566555  17945.1  2.01794  0.218579  1
619  0  -0.280084  0.0944817  18118.2  1.89998  0.255707  1
620  0  -0.274581  -0.226092  18191.1  1.88124  0.136969  1
621  0  0.732374  -0.064554  17593.1  1.98698  0.119192  1
622  0  0.688695  -0.0680166  17589.1  2.01221  0.0810195  1
623  0  -0.435603  0.235636  18007.6  1.9756  0.244105  1
624  0  1.69556  -1.03317  18003.6  2.02771  0.116483  1
625  0  0.787299  -0.470791  17943.1  2.05076  0.104909  1
626  0  0.108647  -1.67561  18012.3  2.00363  0.114133  1
627  0  -1.12803  0.865368  17945.6  1.99945  0.187319  1
628  0  0.299514  -0.707063  18016.1  2.01555  0.0795555  1
629  0  0.337424  -0.0653879  17837.1  1.99832  -0.0912469  1
630  0  0.293295  -0.0641708  17861.1  2.00208  -0.110703  1
631  0  0.0825135  0.377182  17553.2  2.18561  0.240212  1
632  0  0.222808  0.213235  16965  2.46066  0.194426  1
633  0  0.283924  0.212178  16979.8  2.45926  0.0850621  1
634  0  0.372552  0.199481  17092.5  2.42673  -0.0527307  1
635  0  1.49511  0.699116  17987.6  1.99644  0.0242486  1
636  0  0.544893  0.848198  17810.6  2.09138  0.0553708  1
637  0  0.789577  0.0964376  17877.1  2.00303  -0.213491  1
638  0  0.777417  0.0555073  17867.5  1.16249  -0.127996  1
639  0  0.365405  0.115681  16815.8  2.17529  -0.121161  1
640  0  0.409292  0.110721  17010.9  2.02953  -0.167462  1
641  0  -1.00875  -0.497079  18044.8  1.98156  0.171203  1
642  0  0.706661  -0.564824  17954.9  2.04609  0.0922808  1
643  0  -0.042107  -0.0633586  18615.1  1.65146  0.00098859  1
644  0  -0.183974  0.876051  17851.5  2.06037  0.163941  1
645  0  0.496335  0.0983367  17302.6  1.74138  -0.17916  1
646  0  -0.333951  -1.06414  18044.4  1.98937  0.127625  1
647  0  0.539622  0.0915319  17439.5  1.60924  -0.190928  1
648  0  0.455193  -0.121051  17786.2  2.15237  -0.0202375  1
649  0  -0.0270791  -0.151761  18338.8  1.80798  0.00516905  1
650  0  -1.22735  -0.754199  18035.2  1.98725  0.162536  1
651  0  1.25623  -0.647684  18003.1  2.03058  0.109146  1
652  0  0.210792  -0.0611923  17909.1  1.97337  -0.129625  1
653  0  0.938924  0.103368  18091.8  2.00864  -0.163924  1
654  0  0.60054  -0.0680861  17661.2  1.99567  0.0332531  1
655  0  0.556682  -0.0690378  17659.9  1.9979  0.00706212  1
656  0  0.381275  -0.0661663  17783.3  1.97579  -0.0731232  1
657  0  0.653281  -0.188395  17768.7  2.11746  0.0825492  1
658  0  0.0521294  -0.0414297  18252.8  1.82329  -0.279273  1
659  0  1.30158  1.13946  17953.9  2.01543  0.0439053  1
660  0  -0.434063  -0.386129  18112.6  1.93946  0.144384  1
661  0  0.952371  -0.0331181  18020  1.54761  0.237196  1
662  0  -0.0065399  0.0357814  18451.3  1.34385  0.877031  1
663  0  0.380138  0.757942  17757.3  2.12056  0.0725621  1
664  0  0.212145  -0.148753  18009.7  1.98652  -0.0748982  1
665  0  0.0529367  0.082443  16906  2.22618  0.953745  1
666  0  0.0968263  -0.0470808  18077  1.8626  -0.199951  1
667  0  -0.597986  1.66284  17909.8  2.01448  0.153247  1
668  0  -1.60794  -1.18697  18027.9  1.9932  0.150451  1
669  0  0.595139  -1.73436  17998.1  2.02115  0.120826  1
670  0  0.16389  0.112043  16233.6  2.54874  0.475449  1
671  0  -0.155932  -0.11437  18328.3  1.80081  0.130634  1
672  0  1.04234  -0.00960641  18233  1.26045  0.124887  1
673  0  0.961788  -0.0723237  18003.1  2.09475  0.267136  1
674  0  0.631206  -0.376715  17898.3  2.07008  0.0821044  1
675  0  0.749375  -0.11627  17686.5  2.24726  0.148692  1
676  0  0.973453  0.0303457  18204.7  0.980177  -0.0816406  1
677  0  0.380226  -0.322079  17941.1  2.04008  0.0223506  1
678  0  0.920573  -0.0868228  17920.4  2.16573  0.271126  1
679  0  0.235586  -0.344297  18022.4  1.99753  0.0114457  1
680  0  -0.866434  0.533526  17963.3  2.00256  0.209906  1
681  0  0.000795131  -0.0268776  18800.4  1.44306  -0.285141  1
682  0  0.571366  -0.221305  17815.3  2.09703  0.0545363  1
683  0  0.927362  0.0334125  18122.3  0.948794  -0.108063  1
684  0  0.881193  0.0426139  18060.2  1.08262  -0.146651  1
685  0  0.672629  0.267948  17707.8  2.14244  -0.117034  1
686  0  0.798317  -0.0562147  17547.5  1.85724  0.176377  1
687  0  0.208997  0.116244  16171.1  2.53909  0.283013  1
688  0  -0.230578  -0.139891  18242  1.84576  0.153741  1
689  0  0.503871  0.178795  17387.5  2.34425  -0.163285  1
690  0  0.941554  -0.721444  17985  2.03359  0.109381  1
691  0  0.423358  -0.066569  17769.3  1.94485  -0.0566875  1
692  0  1.39144  0.0811961  18063.8  1.8785  0.0149387  1
693  0  0.847095  0.148344  17944.2  2.12669  -0.17404  1
694  0  0.739077  -0.267971  17843.8  2.09  0.113298  1
695  0  0.886338  -0.0416966  17778.3  1.61752  0.253233  1
696  0  0.154307  0.582758  17683.1  2.13564  0.148541  1
697  0  -0.058809  0.140791  17920.2  1.9681  0.490627  1
698  0  0.298827  0.118218  16472  2.31854  -0.0210169  1
699  0  0.754144  -0.0588729  17565.9  1.8614  0.133337  1
700  0  -0.394849  0.0194873  18113.6  1.90432  0.221321  1
701  0  0.666328  -0.0645302  17576.2  1.90881  0.0627746  1
702  0  0.271639  -0.0585202  17900  1.90095  -0.112275  1
703  0  0.742747  -0.385068  17908.5  2.06625  0.102089  1
704  0  -0.0647907  -0.101313  18451.2  1.74363  0.0398694  1
705  0  0.622439  -0.0656879  17635.4  1.90365  0.0454157  1
706  0  0.534201  -0.0629077  17688.3  1.8221  0.00147699  1
707  0  0.359358  -0.061265  17799.2  1.88846  -0.0785796  1
708  0  -1.22537  1.65187  17919.7  1.99671  0.171904  1
709  0  -0.0703935  0.0940945  18171.7  1.83196  0.497351  1
710  0  0.603961  0.0787278  17585.2  1.28969  -0.164305  1
711  0  0.506645  -0.332325  17896.6  2.06724  0.0504766  1
712  0  0.140954  0.890721  17803.2  2.09542  0.116882  1
713  0  0.141229  0.173529  16849.2  2.4988  0.422398  1
714  0  0.343007  0.113968  16656.5  2.12049  -0.0940803  1
715  0  0.817783  0.0449269  17933  0.921963  -0.132331  1
716  0  0.988313  -0.107871  18034.1  2.05735  0.225475  1
717  0  0.430775  0.105056  17068.8  1.80239  -0.177584  1
718  0  -0.237532  0.0105839  18226.8  1.84534  0.230909  1
719  0  0.651424  0.0763947  17695.5  1.37597  -0.165799  1
720  0  -0.200311  -0.462545  18123.1  1.94448  0.103551  1
721  0  0.47424  0.0988196  17208.7  1.65632  -0.171506  1
722  0  1.13294  0.524782  17960  2.0116  -0.0105967  1
723  0  0.856814  -0.23897  17886.5  2.06484  0.152831  1
724  0  0.560746  0.0852269  17475.9  1.37928  -0.18531  1
725  0  1.06042  0.421999  17966.5  2.01089  -0.0334027  1
726  0  -0.276623  -0.0546023  18211.1  1.85624  0.195601  1
727  0  0.249089  0.405397  17468.6  2.23319  0.132438  1
728  0  -1.05174  -0.280822  18037  1.98166  0.17768  1
729  0  -1.21367  -1.64879  18025.4  1.99208  0.151832  1
730  0  0.754431  0.0535011  17822.7  0.91206  -0.144954  1
731  0  -0.58065  0.020176  18066.1  1.93836  0.219166  1
732  0  -0.0801911  -0.0204999  18637.5  1.614  0.190209  1
733  0  0.928963  -0.031809  17960.8  1.42352  0.232899  1
734  0  0.754494  0.11831  17823.6  2.18671  -0.212436  1
735  0  1.70776  -1.37211  18000  2.03121  0.123161  1
736  0  0.676519  -0.24835  17822.2  2.09848  0.0931061  1
737  0  -0.284557  0.586906  17866.7  2.05445  0.213867  1
738  0  0.86008  0.0380729  18006.2  0.857677  -0.123314  1
739  0  1.11565  0.00452969  18255.6  1.49755  0.0712942  1
740  0  0.0860946  -0.631896  18056.5  1.99026  0.0763465  1
741  0  -0.433948  0.391268  17949  2.01587  0.237496  1
742  0  -0.197085  -0.280436  18192.7  1.88769  0.107909  1
743  0  0.675355  0.730232  17810.1  2.08832  0.0275016  1
744  0  0.38605  -0.100659  17809.3  2.17594  -0.0608783  1
745  0  -0.0149971  0.837005  17810.4  2.08885  0.146659  1
746  0  -0.277933  0.383922  17908.6  2.03149  0.245295  1
747  0  0.6408  0.179222  17650.5  2.2126  -0.178879  1
748  0  0.0198653  -0.0824844  18383.7  1.7727  -0.131452  1
749  0  0.563879  -0.98055  18000.7  2.01938  0.0938713  1
750  0  0.532828  0.341431  17564.7  2.20949  -0.0540626  1
751  0  1.17636  1.69973  17955.8  2.01471  0.0599084  1
752  0  -0.0415675  0.329398  17700.2  2.11392  0.297018  1
753  0  1.17427  -0.138257  18116.8  1.98283  0.116256  1
754  0  0.927662  -0.157965  17934.6  2.03798  0.200199  1
755  0  0.994032  0.0210843  18211.5  0.760127  -0.0622543  1
756  0  -0.410787  0.902389  17889.7  2.03522  0.184096  1
757  0  0.468992  -0.0640917  17686  1.86618  -0.0309936  1
758  0  -0.928492  0.061534  18021.2  1.97323  0.204705  1
759  0  1.72005  0.553655  18013.8  1.98054  0.0354909  1
760  0  -1.28107  -0.211586  18021.8  1.98844  0.170846  1
761  0  0.406024  -0.137937  17827.9  2.10031  -0.0328193  1
762  0  1.74688  -0.148204  18021.6  2.02053  0.0722464  1
763  0  0.612638  -0.117459  17697.2  2.22534  0.051639  1
764  0  -0.00162499  0.131457  17671.2  2.06076  0.622513  1
765  0  -0.656088  -0.730544  18060.6  1.98216  0.155483  1
766  0  1.65021  1.66912  17981.4  2.01313  0.0563119  1
767  0  1.10225  -0.796124  17995.5  2.02884  0.110944  1
768  0  1.01703  0.135368  18117.7  2.02685  -0.101185  1
769  0  1.08676  0.138973  18136.1  1.99671  -0.0647682  1
770  0  1.02275  0.0213914  18264  1.03005  -0.047466  1
771  0  0.230243  -0.246381  18016  1.9927  -0.0271136  1
772  0  0.384646  0.413096  17509.1  2.22404  0.0398571  1
773  0  0.250057  -0.0571616  17946.5  1.91603  -0.116549  1
774  0  -0.0433381  0.597612  17764.7  2.09642  0.192876  1
775  0  0.126596  -0.286961  18098.2  1.9509  -0.00284064  1
776  0  0.598654  -0.0932643  17682.5  2.28035  0.0352087  1
777  0  -0.0264083  0.225549  17680.9  2.10111  0.402647  1
778  0  0.00475458  -0.267932  18187.2  1.89896  0.024029  1
779  0  0.977381  0.275508  17980.2  2.01071  -0.0798089  1
780  0  0.0987628  0.0934238  16459.5  2.39264  0.758788  1
781  0  0.559034  -0.0926088  17689.4  2.27231  0.0164666  1
782  0  0.162788  -0.0495437  18061.3  1.8547  -0.156106  1
783  0  0.864397  0.558023  17862.9  2.06303  -0.0153781  1
784  0  0.683144  0.116667  17707.2  2.23308  -0.22025  1
785  0  1.06546  1.27494  17931.1  2.0244  0.0556039  1
786  0  0.972947  -0.152063  17990.6  2.01568  0.197843  1
787  0  0.118482  0.100404  16402.8  2.48651  0.669808  1
788  0  -1.38016  0.515277  17973.1  1.99343  0.177657  1
789  0  -0.0361307  0.0271083  18745  1.42225  0.527228  1
790  0  0.857342  0.104326  17985.5  2.06165  -0.198227  1
791  0  -1.25372  1.05168  17941.3  1.99714  0.177927  1
792  0  0.675532  -0.117125  17683.8  2.23603  0.0927726  1
793  0  -0.633177  -1.72989  18024.1  1.98497  0.157061  1
794  0  0.290389  -0.853682  18019.6  2.01211  0.0913676  1
795  0  -0.813249  1.32832  17917.7  2.00645  0.178848  1
796  0  0.341775  -0.203637  17917.7  2.04109  -0.027133  1
797  0  0.893261  0.311624  17913.1  2.04325  -0.0839111  1
798  0  0.429083  0.157492  17157.1  2.51675  -0.153807  1
799  0  0.0617535  0.450372  17635.3  2.15213  0.211754  1
800  0  0.864255  -0.137057  17839.2  2.10808  0.209799  1
801  0  0.142612  -0.0490094  18066  1.88018  -0.158535  1
802  0  -0.284049  0.259741  17967.3  1.99111  0.260765  1
803  0  0.999114  -0.541013  17980.9  2.03761  0.116533  1
804  0  1.69337  1.30304  17979.5  2.00763  0.0544611  1
805  0  0.0729794  -0.094796  18206.3  1.88456  -0.139335  1
806  0  0.234915  0.775846  17760.1  2.11938  0.10311  1
807  0  0.811028  -0.107329  17717.2  2.24323  0.20588  1
808  0  0.0528335  -0.327183  18131.7  1.9345  0.0259606  1
809  0  -0.336826  0.194678  18026.3  1.95626  0.252664  1
810  0  0.282358  -0.11266  17916.2  2.05497  -0.0851669  1
811  0  0.209825  1.71942  17916.9  2.03331  0.104358  1
812  0  0.690826  0.0620304  17727.1  0.994817  -0.111228  1
813  0  0.488962  -0.0661696  17709.2  1.92123  -0.022444  1
814  0  -1.06573  -1.00915  18036.9  1.98704  0.162428  1
815  0  0.142117  0.105107  16292.6  2.54087  0.564525  1
816  0  0.696115  1.39234  17911.6  2.03398  0.0763917  1
817  0  0.987929  -0.019823  18079.4  1.25895  0.200277  1
818  0  0.356704  0.166188  16952.1  2.57316  -0.0678566  1
819  0  1.02614  -0.0988777  18103.2  2.04693  0.208235  1
820  0  1.03748  -0.060929  18165.1  1.96872  0.216473  1
821  0  0.963773  -0.243818  17968.4  2.02613  0.161513  1
822  0  0.347451  -0.113372  17859.3  2.1117  -0.0650105  1
823  0  -1.7063  0.878823  17954.7  1.99365  0.15945  1
824  0  0.71141  0.0604025  17744.9  1.01861  -0.114136  1
825  0  0.778215  -0.321785  17886.8  2.0748  0.116463  1
826  0  0.591481  0.127336  17546.7  2.30638  -0.231106  1
827  0  0.514557  -0.108462  17733.1  2.21079  0.0003789  1
828  0  0.78928  0.344234  17821.2  2.08791  -0.0801469  1
829  0  0.81391  -0.787343  17983.4  2.0328  0.100929  1
830  0  0.294102  -0.0899364  17888.5  2.13049  -0.100372  1
831  0  0.63383  0.599293  17765.2  2.10905  0.00795268  1
832  0  0.512808  -0.0646468  17688.8  1.90323  -0.00998854  1
833  0  0.33415  -0.0906898  17859.5  2.16229  -0.0897864  1
834  0  0.21399  0.17242  16720.6  2.57342  0.237077  1
835  0  -1.11125  0.199043  18001  1.98462  0.192919  1
836  0  -0.325374  1.25836  17895.5  2.0318  0.146309  1
837  0  0.11909  -0.0456205  18104  1.86529  -0.176124  1
838  0  0.230046  -0.053486  17952.3  1.85718  -0.120732  1
839  0  0.599824  0.188517  17580.2  2.222  -0.17023  1
840  0  0.644056  -0.108328  17665.2  2.26672  0.0664477  1
841  0  0.825628  -0.0837364  17690.3  2.27064  0.238932  1
842  0  1.78514  -0.630897  18009.3  2.03859  0.108311  1
843  0  0.0143416  -0.164391  18274.5  1.84707  -0.0295836  1
844  0  0.624052  0.301691  17654.6  2.17206  -0.0969262  1
845  0  0.228922  -0.100216  17969.9  2.05015  -0.104286  1
846  0  0.172592  -0.0925213  18029.3  2.01862  -0.133149  1
847  0  0.38735  0.653678  17705.9  2.14003  0.0645692  1
848  0  1.2286  -1.41592  18000.8  2.03471  0.103329  1
849  0  0.291843  0.172792  16806.5  2.58831  0.0494382  1
850  0  -0.340557  -0.497243  18104.5  1.95733  0.124202  1
851  0  0.732401  -0.0917672  17639.9  2.29955  0.134826  1
852  0  -0.820887  0.313704  17990.3  1.98757  0.221154  1
853  0  0.231707  0.149527  16550.4  2.71334  0.202731  1
854  0  -0.133105  0.323886  17822.5  2.05812  0.28474  1
855  0  0.866897  -0.0782477  17773.1  2.23086  0.27299  1
856  0  -1.33485  0.0347413  18006.7  1.98948  0.173693  1
857  0  0.965071  0.0640204  18162.2  1.68201  -0.14828  1
858  0  0.411456  -0.254602  17897.3  2.05662  0.00789466  1
859  0  0.554142  -0.764587  17989.1  2.02947  0.0870267  1
860  0  -0.799714  0.933448  17929.7  2.00722  0.193303  1
861  0  0.000747263  0.0791273  17838.1  1.90417  0.825243  1
862  0  0.63078  -0.281491  17846.9  2.08974  0.0776202  1
863  0  1.49916  -0.271629  18032.9  2.02184  0.0912912  1
864  0  0.201007  -0.202447  18031.9  1.98142  -0.0499074  1
865  0  0.779118  -0.0999056  17657.6  2.28648  0.179856  1
866  0  1.1251  -0.999792  17998.5  2.02456  0.108828  1
867  0  0.732565  0.0545798  17804.1  0.951885  -0.129532  1
868  0  0.691178  -0.0945053  17644  2.29749  0.103697  1
869  0  0.410766  0.136743  17057.7  2.53928  -0.166643  1
870  0  0.118938  -0.0879597  18137.3  1.95906  -0.141942  1
871  0  0.369777  0.141713  16924.3  2.60607  -0.117636  1
872  0  0.274791  0.150099  16636.8  2.71044  0.0828453  1
873  0  0.303851  -0.394652  17992.3  2.01841  0.0301428  1
874  0  0.472523  -0.1608  17805.6  2.10058  -0.000213836  1
875  0  0.851164  -0.303633  17908.5  2.06382  0.133331  1
876  0  0.361099  1.40899  17895.7  2.04591  0.0925982  1
877  0  1.31146  0.528922  17988  1.99745  0.00151485  1
878  0  0.648655  0.140387  17666.4  2.28731  -0.214189  1
879  0  0.842113  -0.0476273  17640.7  1.70918  0.22261  1
880  0  0.0546208  0.313888  17524  2.19573  0.29897  1
881  0  0.744772  1.7045  17940.3  2.01479  0.0858098  1
882  0  0.502492  0.124242  17338.1  2.35233  -0.22459  1
883  0  0.489618  0.148088  17319.6  2.45406  -0.197658  1
884  0  -0.122562  0.171215  17988.4  1.95588  0.372522  1
885  0  0.856951  -1.26913  18000.2  2.02152  0.110357  1
886  0  0.252798  -0.162102  17971.1  2.00746  -0.0630523  1
887  0  -0.161785  0.596982  17819.2  2.07477  0.205783  1
888  0  -0.269463  -1.27946  18033.4  1.99546  0.128342  1
889  0  0.372662  -0.989293  18013  2.01399  0.0962088  1
890  0  0.0637805  0.118124  17045.9  2.32352  0.750208  1
891  0  0.253971  0.11627  16291.6  2.41077  0.105738  1
892  0  0.205381  -0.117749  18003.7  1.99861  -0.100809  1
893  0  1.07643  -0.263669  18024.6  2.00642  0.137046  1
894  0  0.332862  0.323571  17358.6  2.29496  0.0590441  1
895  0  0.805518  0.188885  17876.7  2.08865  -0.156486  1
896  0  0.819932  0.117734  17914.9  2.15561  -0.205104  1
897  0  0.562007  -0.136704  17733  2.15492  0.0322249  1
898  0  0.540863  0.117864  17432.9  2.27713  -0.230342  1
899  0  -1.74529  -0.216022  18010  1.99369  0.155027  1
900  0  -0.359899  -0.0413087  18151.4  1.8851  0.204961  1
901  0  -0.0867919  -0.205363  18274.2  1.84466  0.0574603  1
902  0  0.123715  -0.452294  18070.7  1.97531  0.0481776  1
903  0  1.74094  -1.71561  17991.8  2.06783  0.129321  1
904  0  0.62058  -1.25186  18004.9  2.01371  0.100159  1
905  0  0.252619  -0.291802  18007.3  1.99933  -0.00655923  1
906  0  0.933802  -0.609159  17977.9  2.03822  0.111445  1
907  0  -0.576083  0.44376  17957.8  2.01236  0.230616  1
908  0  1.47572  -0.95519  18003.9  2.02768  0.110254  1
909  0  0.342394  0.229179  17128.3  2.39623  0.00978176  1
910  0  0.710133  -0.0598566  17583.3  1.83121  0.0894738  1
911  0  -1.77909  1.39424  17929  1.99591  0.155459  1
912  0  -0.727951  -1.33452  18033.8  1.98537  0.161158  1
913  0  -0.077145  0.0169884  18631.4  1.57841  0.342443  1
914  0  0.272967  -0.48602  18013.8  2.01021  0.0478743  1
915  0  0.970599  -0.0204908  18047  1.2054  0.189868  1
916  0  0.900286  0.169855  17985.8  2.05934  -0.142752  1
917  0  0.601849  -0.192744  17781.7  2.11036  0.0606406  1
918  0  0.798103  0.0444039  17894.7  0.803232  -0.103099  1
919  0  0.467247  0.452766  17597.1  2.18458  0.00937646  1
920  0  -0.0403601  1.72403  17915.9  2.03358  0.104458  1
921  0  0.532242  -0.205944  17814  2.09434  0.0348275  1
922  0  0.720309  0.24468  17765.3  2.1148  -0.13444  1
923  0  0.7666  0.273814  17808.9  2.09381  -0.11348  1
924  0  0.180846  0.158116  16632.2  2.61063  0.350339  1
925  0  -0.702947  1.13012  17917.2  2.00884  0.184043  1
926  0  0.784232  -0.173394  17784.5  2.10669  0.153217  1
927  0  0.0358729  0.0635371  17224.4  1.97619  1.06725  1
928  0  0.430185  0.28738  17389.9  2.29024  -0.0336543  1
929  0  -0.792316  -0.934879  18046.8  1.9837  0.163984  1
930  0  1.01752  0.632784  17918.6  2.03474  -0.00177724  1
931  0  1.0935  0.799466  17927.1  2.03222  0.018109  1
932  0  1.12179  -0.490474  17999.6  2.03156  0.117297  1
933  0  0.131931  0.499168  17619.8  2.15944  0.172467  1
934  0  1.19181  -0.378047  18021  2.0212  0.114543  1
935  0  0.763602  -0.217213  17814.8  2.09704  0.130921  1
936  0  0.537791  0.170426  17459.4  2.33767  -0.183848  1
937  0  0.517749  0.252871  17468.4  2.25063  -0.104066  1
938  0  0.88304  -0.0995146  17837.3  2.196  0.25218  1
939  0  0.609657  -0.494105  17941  2.05158  0.0813414  1
940  0  -0.103555  0.0757376  18268.8  1.79805  0.407003  1
941  0  0.370471  -0.162235  17870.9  2.05725  -0.0327752  1
942  0  0.324297  0.157858  16799.9  2.64348  -0.0240563  1
943  0  0.559656  0.415827  17640.8  2.16713  -0.0304135  1
944  0  0.620323  1.02791  17852  2.06561  0.0659629  1
945  0  -1.78183  -0.973072  18026  1.99409  0.149933  1
946  0  1.3122  0.897535  17956.4  2.01585  0.028393  1
947  0  -0.220154  0.240802  17966.5  1.98665  0.282534  1
948  0  0.0910263  -0.163566  18172.3  1.90251  -0.0644843  1
949  0  -0.635594  -1.11857  18042.5  1.985  0.155314  1
950  0  0.567919  -0.366716  17904.3  2.06653  0.0665036  1
951  0  1.22092  -1.71407  18003.2  2.06067  0.110212  1
952  0  0.315739  -0.0586225  17853.1  1.88675  -0.0987384  1
953  0  0.6265  0.119826  17625.8  2.24921  -0.231872  1
954  0  0.909735  -0.207542  17920.5  2.04289  0.172889  1
955  0  0.447729  -0.095156  17756.6  2.2338  -0.0398017  1
956  0  0.477534  -0.421496  17934  2.05137  0.056743  1
957  0  -0.362718  -0.273438  18148.6  1.90761  0.1496  1
958  0  0.487744  -0.103908  17744.8  2.21155  -0.0101625  1
959  0  0.221743  0.280977  17198.1  2.36148  0.184221  1
960  0  -0.980483  0.363617  17986.6  1.98959  0.20651  1
961  0  0.386701  0.10731  16883.7  1.87238  -0.142066  1
962  0  1.30834  -0.0121537  18091.3  1.82087  0.0596022  1
963  0  0.925749  -1.73907  18001.6  2.04217  0.131037  1
964  0  0.158816  1.04939  17841.1  2.07175  0.106801  1
965  0  0.517064  0.0890934  17349.4  1.40172  -0.167783  1
966  0  -0.80561  0.156792  18016.4  1.97212  0.220826  1
967  0  0.488053  -0.22751  17843.4  2.08161  0.0250879  1
968  0  0.174001  -0.344181  18061.8  1.97609  0.0123626  1
969  0  -0.12048  0.220021  17901.1  2.00761  0.344849  1
970  0  -0.111031  -0.0887965  18432.5  1.74763  0.113325  1
971  0  0.279523  -0.205583  17962.2  2.01774  -0.038928  1
972  0  0.0439973  -0.10147  18286.2  1.8311  -0.110451  1
973  0  -1.79439  -1.40313  18026.4  1.99419  0.148597  1
974  0  -0.391847  0.617147  17896.3  2.04328  0.213248  1
975  0  -0.532321  -0.152453  18099.9  1.92551  0.189484  1
976  0  1.12667  -0.0593046  18202.2  1.90048  0.150558  1
977  0  0.507323  -0.153987  17781.6  2.11263  0.0139102  1
978  0  0.54697  -0.114037  17717.7  2.20925  0.018628  1
979  0  -0.478185  1.11109  17902  2.02134  0.173169  1
980  0  -0.193184  0.382484  17853.4  2.05186  0.254203  1
981  0  -0.0126722  0.0189908  18953.4  0.991383  0.644418  1
982  0  -0.0493522  0.0670609  18300.1  1.72277  0.580502  1
983  0  -1.48486  -0.598012  18026.7  1.99041  0.157776  1
984  0  0.792473  -0.9467  17993.6  2.02514  0.10074  1
985  0  0.258595  -1.11506  18019.8  2.01207  0.101603  1
986  0  -1.77298  -1.73306  18025.3  1.99461  0.148362  1
987  0  0.132071  0.148522  16759.2  2.52607  0.500972  1
988  0  -1.49486  -0.346607  18020  1.99087  0.161325  1
989  0  -0.0131323  -0.0136555  19100.6  1.31587  -0.150661  1
990  0  0.0333994  0.145408  17399.9  2.19854  0.616337  1
991  0  0.0459894  0.183139  17357.8  2.24346  0.513807  1
992  0  0.457397  0.140625  17217.2  2.48328  -0.190601  1
993  0  0.0831764  -1.12961  18027.1  2.00832  0.105281  1
994  0  1.00463  -0.18625  18007.7  1.99981  0.172768  1
995  0  0.00676564  -0.588848  18076.7  1.9801  0.0780562  1
996  0  0.913798  -0.0647608  17910.2  2.12798  0.294746  1
997  0  0.0167896  0.218562  17531.8  2.16685  0.429555  1
998  0  -0.0561661  -0.0366874  18723.1  1.57602  0.0917716  1
999  0  -1.76879  1.76879  17916  1.99613  0.152592  1
1000  0  0.040008  1.17923  17865.2  2.05616  0.113313  1
1001  0  -0.159805  0.262742  17897.6  2.01847  0.303857  1
1002  0  -0.977914  -1.79033  18023.1  1.99047  0.153499  1
1003  0  0.307899  -1.77364  18006.3  2.00534  0.108143  1
1004  0  0.144023  -0.189743  18096.3  1.94846  -0.0552225  1
1005  0  0.0120507  0.102073  17637  2.0217  0.746716  1
1006  0  0.129086  0.327643  17416.6  2.25022  0.248641  1
1007  0  -0.369843  -0.898548  18057.3  1.98794  0.125473  1
1008  0  -0.584145  -1.49953  18028.9  1.98392  0.157258  1
1009  0  0.67303  0.0953435  17712.1  1.97048  -0.216404  1
1010  0  0.829943  0.0619152  17964.3  1.54023  -0.18568  1
1011  0  0.893106  -0.16161  17889.1  2.05703  0.196035  1
1012  0  0.40138  -0.411079  17957.2  2.03872  0.044083  1
1013  0  0.315283  0.451722  17536.7  2.20421  0.0837864  1
1014  0  0.730759  0.0968381  17791.4  2.07164  -0.22586  1
1015  0  -0.144894  1.10564  17869.8  2.04935  0.137212  1
1016  0  -1.02222  -1.33191  18031.7  1.98805  0.15969  1
1017  0  -1.34612  -1.01704  18031.3  1.99087  0.155503  1
1018  0  0.933272  -1.06552  17996.5  2.02287  0.107795  1
1019  0  -1.06491  0.68687  17957.5  1.99906  0.193647  1
1020  0  -0.182641  -0.368553  18158.9  1.91497  0.0987892  1
1021  0  1.75082  0.813846  17993.8  1.99174  0.048682  1
1022  0  -0.711856  0.750337  17933.9  2.01467  0.204524  1
1023  0  0.0386542  0.63078  17741.5  2.1111  0.169734  1
1024  0  0.146029  -0.132382  18099.1  1.93769  -0.0955065  1
1025  0  -0.479765  0.0433925  18080.1  1.92416  0.225817  1
1026  0  0.370246  0.281342  17289  2.3334  0.0117527  1
1027  0  0.554982  0.13818  17473.2  2.39328  -0.21993  1
1028  0  -0.523271  0.224093  18014.3  1.97355  0.241538  1
1029  0  -0.114379  -0.0310524  18483.3  1.7102  0.184381  1
1030  0  0.140745  -0.0823737  18080.2  2.00432  -0.146009  1
1031  0  0.672466  0.367005  17720.3  2.13728  -0.070806  1
1032  0  0.403332  -0.0597044  17772.7  1.8087  -0.0613316  1
1033  0  -0.338468  0.06281  18115.9  1.90106  0.234515  1
1034  0  0.578535  -0.0627893  17655.4  1.83002  0.0182893  1
1035  0  -1.75145  -0.703373  18023.3  1.99349  0.151557  1
1036  0  -0.110513  0.0414082  18396.6  1.73604  0.338846  1
1037  0  0.881561  -0.428915  17949.1  2.04749  0.118213  1
1038  0  -0.133482  -1.74913  18014.8  1.99306  0.140466  1
