0  2  1  0  13854.9  0  0  1
1  1  2  2  13591.5  2.04095  -0.263639  1
2  1  2  -2  13602.6  1.97221  -0.188089  1
3  3  -2  -2  13824.3  1.9799  -0.283708  1
4  3  -2  2  14059.2  1.97992  -0.282718  1
10  1  2  1.6  13586.8  2.04624  -0.231975  1
11  1  2  1.2  13586.8  1.9611  -0.222534  1
12  1  2  0.8  13586.8  1.9445  -0.227712  1
13  1  2  0.4  13586.8  1.96375  -0.212503  1
14  1  2  5.50449e-12  13586.8  1.96119  -0.171433  1
15  1  2  -0.4  13586.8  1.92959  -0.148908  1
16  1  2  -0.8  13586.8  1.91925  -0.165884  1
17  1  2  -1.2  13586.8  1.94308  -0.183677  1
18  1  2  -1.6  13586.8  1.96417  -0.188584  1
19  0  1.6  -2  13635.2  1.97251  -0.187174  1
20  0  1.2  -2  13665.2  1.97891  -0.188307  1
21  0  0.8  -2  13684.1  1.99083  -0.1813  1
22  0  0.4  -2  13702.5  1.99606  -0.18232  1
23  0  5.50449e-12  -2  13734.6  1.9886  -0.215158  1
24  0  -0.4  -2  13772.6  1.9822  -0.251623  1
25  0  -0.8  -2  13805.8  1.97746  -0.270314  1
26  0  -1.2  -2  13823.8  1.97546  -0.281891  1
27  0  -1.6  -2  13825  1.97855  -0.284946  1
28  3  -2  -1.6  13830.1  1.97992  -0.282718  1
29  3  -2  -1.2  13842.1  1.97992  -0.282718  1
30  3  -2  -0.8  13862.4  1.97992  -0.282718  1
31  3  -2  -0.4  13890.6  1.97992  -0.282718  1
32  3  -2  -5.50449e-12  13924.1  1.97992  -0.282718  1
33  3  -2  0.4  13960.1  1.97992  -0.282718  1
34  3  -2  0.8  13995  1.97992  -0.282718  1
35  3  -2  1.2  14023.7  1.97992  -0.282718  1
36  3  -2  1.6  14044.8  1.97992  -0.282718  1
37  0  -1.6  2  14072.3  1.97992  -0.282718  1
38  0  -1.2  2  14101.6  1.97992  -0.282718  1
39  0  -0.8  2  14049.8  1.91636  -0.0698039  1
40  0  -0.4  2  14073.6  1.91636  -0.0698039  1
41  0  -5.50449e-12  2  14016.7  1.97992  -0.282718  1
42  0  0.4  2  13839.9  1.97992  -0.282718  1
43  0  0.8  2  13743.8  1.97992  -0.282718  1
44  0  1.2  2  13679.4  1.97992  -0.282718  1
45  0  1.6  2  13642.1  1.97992  -0.282718  1
46  2  0.97913  0.00497794  13904.1  -2.77185e-16  4.64309e-17  1
47  2  0.957744  0.00925129  13876.4  -6.34887e-17  1.40325e-17  1
48  2  0.93639  0.0136829  13839.2  0  0  1
49  2  0.915069  0.0182637  13819.4  -6.92034e-17  1.65221e-17  1
50  2  0.893765  0.0229284  13813  0  0  1
51  2  0.872462  0.0275977  13800.2  0  0  1
52  2  0.851168  0.0323089  13773.3  3.06393e-16  -5.99607e-17  1
53  2  0.829927  0.0372474  13736.1  -7.17354e-17  1.20562e-17  1
54  2  0.808786  0.0426021  13752.2  1.65059e-16  -3.82814e-17  1
55  2  0.787769  0.0484226  13691.3  3.08523e-16  -5.68522e-17  1
56  2  0.766859  0.0546153  13579.6  2.96436e-16  -7.77985e-17  1
57  2  0.746019  0.0610446  13513.6  0  0  1
58  2  0.725207  0.0675607  13428.1  0  0  1
59  2  0.704367  0.0739872  13317.9  0  0  1
60  2  0.683457  0.0801822  13227.5  0  0  1
61  2  0.662449  0.0860338  13105.9  2.1556e-16  -4.66931e-17  1
62  2  0.641309  0.0913902  13008.7  3.72739e-16  -7.05819e-17  1
63  2  0.620033  0.0961779  12924  0  0  1
64  2  0.598629  0.100356  12849.8  0  0  1
65  2  0.577113  0.103913  12841.4  9.50925e-16  -1.34634e-16  1
66  2  0.55551  0.106895  12806  9.05706e-16  -1.12957e-16  1
67  2  0.533838  0.109326  12778.1  8.74487e-16  -9.42658e-17  1
68  2  0.512115  0.111253  12765.5  0  0  1
69  2  0.490356  0.112709  12769.2  0  0  1
70  2  0.468571  0.113714  12808.2  0  0  1
71  2  0.446771  0.114296  12850.6  2.48991e-16  -8.80765e-19  1
72  2  0.424963  0.114465  12885.3  0  0  1
73  2  0.403156  0.114224  12903.6  0  0  1
74  2  0.381357  0.113578  12972.4  1.554e-16  3.14503e-18  1
75  2  0.359574  0.112532  13033.1  -4.65995e-16  -2.34622e-17  1
76  2  0.337815  0.111079  13054.2  0  0  1
77  2  0.316088  0.109199  13079.8  -2.86985e-16  -1.69982e-17  1
78  2  0.294401  0.106898  13110.5  -1.32781e-16  -1.24393e-17  1
79  2  0.272765  0.104165  13214.7  2.37643e-16  2.79561e-17  1
80  2  0.251189  0.100988  13319.8  5.9154e-16  9.30603e-17  1
81  2  0.229686  0.0973566  13403.8  2.28806e-16  3.67023e-17  1
82  2  0.208269  0.0932445  13483.2  4.39245e-16  8.80566e-17  1
83  2  0.186955  0.0886294  13615.1  -1.57989e-16  -3.39588e-17  1
84  2  0.165764  0.0834793  13746.1  -5.56766e-16  -1.30306e-16  1
85  2  0.144723  0.0777466  13856.6  0  0  1
86  2  0.123854  0.0714177  14014.9  0  0  1
87  2  0.103197  0.0644262  14124.9  0  0  1
88  2  0.0828068  0.0566949  14341  -1.01927e-18  -3.51824e-19  1
89  2  0.0627635  0.0481047  14693.4  0  0  1
90  2  0.043211  0.0384526  14935.2  -2.39612e-16  -5.30085e-17  1
91  2  0.0244454  0.027357  15269.6  0  0  1
92  2  0.00737545  0.0138424  15296.3  8.42653e-17  -1.77751e-17  1
93  2  0.00215026  -0.00518709  12587.6  0  0  1
94  2  0.0213101  -0.0151648  10748.2  5.74504e-16  -3.66357e-16  1
95  2  0.0424767  -0.0203577  11737.7  3.02649e-16  -9.17671e-17  1
96  2  0.0640189  -0.0237354  12162.4  -4.15212e-16  1.19648e-16  1
97  2  0.0856985  -0.0260913  12268.6  0  0  1
98  2  0.107442  -0.0277663  12399.1  0  0  1
99  2  0.129217  -0.0289697  12496.4  1.50336e-16  -2.68619e-17  1
100  2  0.151008  -0.0298431  12496.7  1.17101e-16  -1.07387e-17  1
101  2  0.172807  -0.0304948  12652  0  0  1
102  2  0.19461  -0.0309717  12715.4  0  0  1
103  2  0.216416  -0.0312955  12608.9  1.50306e-16  2.73375e-18  1
104  2  0.238224  -0.0314962  12584.9  1.50306e-16  2.73375e-18  1
105  2  0.260032  -0.0315915  12600.7  7.57696e-17  -9.39167e-18  1
106  2  0.28184  -0.0315962  12621.5  0  0  1
107  2  0.303649  -0.0315257  12620.7  3.38968e-17  -4.27039e-18  1
108  2  0.325457  -0.0313892  12659  2.76354e-18  1.17842e-17  1
109  2  0.347265  -0.0311899  12742.1  0  0  1
110  2  0.369071  -0.0309303  12817  -1.0954e-16  3.34032e-17  1
111  2  0.390878  -0.0306129  12825.1  5.17329e-17  -9.08008e-19  1
112  2  0.412683  -0.0302344  12843.6  -7.08593e-17  -3.39748e-18  1
113  2  0.434487  -0.0297954  12904.2  -3.54297e-17  -1.69874e-18  1
114  2  0.45629  -0.0293018  13026.2  -8.66608e-17  -7.51729e-18  1
115  2  0.478091  -0.0287471  13085.2  0  0  1
116  2  0.499891  -0.0281332  13067.6  2.4067e-16  2.33232e-17  1
117  2  0.52169  -0.0274734  13154.8  6.74842e-17  4.23239e-18  1
118  2  0.543487  -0.0267596  13218.1  6.74842e-17  4.23239e-18  1
119  2  0.565282  -0.0259892  13232.2  6.22111e-17  5.53329e-18  1
120  2  0.587074  -0.0251611  13295.3  -1.51516e-16  -8.84484e-18  1
121  2  0.608865  -0.0242671  13323.9  0  0  1
122  2  0.630652  -0.0233031  13331.7  1.35766e-16  1.15163e-17  1
123  2  0.652436  -0.0222675  13357.7  -4.36535e-17  -9.18919e-18  1
124  2  0.674215  -0.0211419  13372.2  1.55943e-16  1.62814e-17  1
125  2  0.695988  -0.0199036  13379.6  1.4287e-16  4.33102e-18  1
126  2  0.717753  -0.0185217  13402.9  -9.12929e-17  -1.03127e-17  1
127  2  0.739505  -0.0169521  13424.7  -1.71524e-17  -5.96907e-18  1
128  2  0.76124  -0.015167  13449.6  -1.48997e-16  -8.34256e-18  1
129  2  0.782955  -0.0131462  13481.7  0  0  1
130  2  0.804646  -0.0108917  13490.3  6.1581e-17  2.84485e-18  1
131  2  0.826325  -0.008513  13509.1  -9.20122e-17  -9.05543e-18  1
132  2  0.84801  -0.00619242  13542.2  4.60061e-17  4.52772e-18  1
133  2  0.869717  -0.00409798  13572.2  0  0  1
134  2  0.891456  -0.00236711  13624.8  0  0  1
135  2  0.913224  -0.00103615  13669.6  -8.59188e-17  -1.02276e-17  1
136  2  0.935014  -0.000159521  13696.4  4.16161e-17  1.65688e-18  1
137  2  0.95682  0.000179094  13734.7  0  0  1
138  2  0.978625  -0.000113033  13763.8  0  0  1
268  0  0.959026  -0.928788  13614.4  2.01676  -0.137355  1
269  0  0.0343296  -0.972439  13645.2  2.05167  -0.206177  1
270  0  -0.665495  0.926628  14000.3  1.93486  -0.196324  1
271  0  0.301814  1.05673  13830.8  1.90697  -0.145112  1
272  0  1.12299  0.846142  13683.1  1.93834  -0.210107  1
273  0  -0.662649  0.158651  13968.9  1.93172  -0.295727  1
274  0  -0.24369  0.522265  14010.1  1.88657  -0.0937454  1
275  0  0.246293  0.588344  13789.5  1.94802  -0.0908422  1
276  0  0.700396  0.564752  13648.6  1.98154  -0.196513  1
277  0  0.488125  -0.630477  13515.6  2.10898  -0.145061  1
278  0  0.917106  -0.463028  13593.4  2.03186  -0.0456773  1
279  0  0.0626769  -0.466906  13490.3  2.12272  -0.269211  1
280  0  0.634044  -0.336806  13429.6  2.13734  -0.0464874  1
281  0  0.339051  -0.32561  13268.1  2.22112  -0.168749  1
282  0  1.0618  0.392054  13693.8  1.94204  -0.232749  1
283  0  -0.111923  -0.254702  13615.7  2.05677  -0.383129  1
284  0  0.841023  -0.251829  13553.9  2.08174  0.0220468  1
285  0  0.126078  -0.261084  13235.6  2.24218  -0.329411  1
286  0  0.0522178  0.345205  13995.5  1.86139  0.00792443  1
287  0  -0.12842  0.203719  14229  1.73109  -0.109944  1
288  0  0.281099  0.335594  13655.1  2.02027  0.013052  1
289  0  0.511072  0.331163  13444  2.10586  -0.146946  1
290  0  0.767246  0.316787  13563.5  2.01914  -0.274447  1
291  0  0.991865  -0.173733  13708.3  2.01246  0.0646389  1
292  0  -1.02822  -0.770612  13830.2  1.99251  -0.323602  1
293  0  0.491732  -0.211658  13227.9  2.25737  -0.0456215  1
294  0  0.945341  0.234672  13703.3  1.93681  -0.284032  1
295  0  0.689734  -0.167562  13410.7  2.17652  0.0342746  1
296  0  -0.140549  0.0440204  14292.4  1.68177  -0.332228  1
297  0  0.272384  -0.185762  13015.4  2.34869  -0.205987  1
298  0  0.158638  0.228941  13869.5  1.9045  0.152199  1
299  0  0.045765  0.180015  14254.2  1.6924  0.135938  1
300  0  0.0321911  -0.156344  13186  2.21035  -0.50624  1
301  0  -0.435458  -0.679449  13743.8  2.02545  -0.293623  1
302  0  0.381671  -0.147311  12984.6  2.37739  -0.0792541  1
303  0  0.382387  0.253449  13391  2.13381  -0.0102812  1
304  0  0.575681  -0.140194  13274.7  2.19976  0.0244204  1
305  0  0.889487  -0.115013  13610.9  1.91343  0.107639  1
306  0  0.785016  -0.117282  13472.2  1.96539  0.0749315  1
307  0  0.277371  0.217387  13507.8  2.07331  0.119309  1
308  0  0.179519  -0.134583  12862.6  2.41214  -0.352988  1
309  0  1.49578  -0.0879607  13709.9  1.88078  -0.122681  1
310  0  0.604682  0.24616  13329.7  2.13859  -0.2485  1
311  0  -0.478035  -0.0938473  13922.3  1.9362  -0.307157  1
312  0  0.814386  0.184855  13591.6  2.00738  -0.350072  1
313  0  0.49066  -0.1232  13137.6  2.21862  0.0219463  1
314  0  0.494701  0.218459  13207.2  2.20418  -0.133526  1
315  0  1.21068  0.163218  13766.4  1.92501  -0.22129  1
316  0  1.44071  -0.709742  13636.9  1.9514  -0.109212  1
317  0  0.703928  0.193507  13410.5  2.10731  -0.357085  1
318  0  -0.010624  0.11671  14590.9  1.49487  0.0289201  1
319  0  0.96075  -0.0889326  13717.5  1.67151  0.121503  1
320  0  1.10155  -0.0890765  13843.5  1.59574  0.0392946  1
321  0  1.22156  -0.356869  13691.9  1.95271  -0.0505933  1
322  0  1.01723  0.118674  13819.5  1.96015  -0.298056  1
323  0  0.453837  -1.12094  13626.7  2.03576  -0.180331  1
324  0  -0.027457  -0.0879766  13418.9  2.00303  -0.690769  1
325  0  -1.2979  0.540177  13977.5  1.97578  -0.303903  1
326  0  -1.25688  -0.179352  13900.6  1.98282  -0.316256  1
327  0  0.313801  -0.113136  12811.6  2.38398  -0.139011  1
328  0  0.645128  -0.0981852  13333.4  1.8386  0.0568818  1
329  0  0.111337  -0.0990939  12750.5  2.45363  -0.472525  1
330  0  -0.39916  0.15524  14036.2  1.86898  -0.230015  1
331  0  0.133395  0.160806  13962.1  1.81852  0.263088  1
332  0  0.205508  0.165454  13673.5  1.97683  0.252866  1
333  0  0.883779  0.130323  13723.6  2.01495  -0.35939  1
334  0  0.711071  -0.0853657  13406.1  1.60163  0.0669222  1
335  0  -0.502814  -1.36919  13752.6  2.0259  -0.266002  1
336  0  0.248839  -0.0976527  12728.9  2.31413  -0.229382  1
337  0  -0.0621436  0.821892  13925.4  1.90058  -0.0789145  1
338  0  0.551343  0.180248  13098.7  2.31433  -0.227424  1
339  0  0.622861  0.167573  13176.7  2.27629  -0.337806  1
340  0  0.344829  0.191236  13297  2.18479  0.0811111  1
341  0  0.412032  0.180801  13152.2  2.27657  0.000939584  1
342  0  -0.242959  1.44847  13969.3  1.82362  -0.0479373  1
343  0  1.12762  0.0430625  13863.2  1.69425  -0.228218  1
344  0  -1.33106  1.41114  14049.8  1.97013  -0.285294  1
345  0  0.759535  0.137945  13519.9  2.13254  -0.42872  1
346  0  0.424916  -0.0961205  12952.4  1.96884  0.0158569  1
347  0  0.943098  0.0852339  13799.2  1.9377  -0.340564  1
348  0  0.843379  -0.070756  13531.9  1.42312  0.0905469  1
349  0  0.00869903  0.563314  13929.4  1.90028  -0.0699912  1
350  0  0.815158  0.106464  13659  2.04533  -0.417901  1
351  0  0.0490349  0.103219  14502.1  1.51657  0.291156  1
352  0  0.705919  -0.552298  13532  2.0859  -0.0901079  1
353  0  0.270465  -0.532812  13452.2  2.1425  -0.201289  1
354  0  0.482796  -0.356535  13352.1  2.17756  -0.104466  1
355  0  -0.58247  0.54592  14000.6  1.93475  -0.205516  1
356  0  0.780611  1.40852  13764.1  1.92733  -0.202874  1
357  0  0.532906  -0.0814063  13199.6  1.53418  0.0702849  1
358  0  0.0397042  -0.0946851  12915.1  2.31385  -0.640184  1
359  0  0.39183  0.485772  13663.2  2.01641  -0.0941206  1
360  0  0.427612  0.782986  13761.5  1.93768  -0.138779  1
361  0  -0.20301  -0.123406  13879.3  1.9128  -0.38497  1
362  0  0.905841  -0.0589588  13629.8  1.22278  0.113073  1
363  0  0.970351  -0.317078  13628.9  2.02567  0.00262556  1
364  0  0.875633  -1.46025  13648.3  2.00859  -0.166937  1
365  0  0.301996  -0.850726  13584  2.07331  -0.187437  1
366  0  1.53956  0.495186  13664.1  1.93324  -0.200539  1
367  0  1.37599  -1.26062  13626.4  1.98455  -0.157089  1
368  0  -0.36214  0.744856  13977.2  1.9173  -0.0994862  1
369  0  0.148318  -1.47127  13690.2  2.00952  -0.202257  1
370  0  0.358765  -0.0811961  12809.2  1.79955  -0.0287518  1
371  0  0.600011  -0.0744653  13296.2  1.4013  0.0644897  1
372  0  -0.199483  -0.507287  13663.2  2.04838  -0.28028  1
373  0  -1.07695  -1.40111  13807.6  1.99355  -0.29435  1
374  0  0.101062  0.114389  14165.7  1.74529  0.377738  1
375  0  0.304369  0.155358  13274  2.25502  0.181957  1
376  0  -0.0768878  0.0302888  14501.4  1.5278  -0.434196  1
377  0  -0.0155265  0.0603068  14965.3  1.17793  -0.104962  1
378  0  -0.712171  -0.460945  13829.3  2.00012  -0.350331  1
379  0  -0.762748  1.42468  14058.1  1.92529  -0.162336  1
380  0  0.200049  -0.38762  13347.4  2.1778  -0.241981  1
381  0  -0.821931  -0.105503  13908.8  1.97374  -0.348665  1
382  0  0.755844  -0.0610193  13438.7  1.17033  0.0647462  1
383  0  0.156361  -0.0759779  12661.8  2.22887  -0.333893  1
384  0  0.657022  -0.845929  13584.8  2.0515  -0.145344  1
385  0  0.465681  -0.0728459  13045  1.29777  0.0638719  1
386  0  0.781893  -0.376402  13528.6  2.08362  -0.0258244  1
387  0  -0.114286  0.370364  14069  1.83222  -0.0675941  1
388  0  -0.278366  0.295834  14084.8  1.8328  -0.143853  1
389  0  0.458975  0.162835  13005  2.39715  -0.0582292  1
390  0  0.801197  -0.0540258  13481.4  1.06471  0.0660889  1
391  0  1.35766  1.4217  13670.6  1.96114  -0.234278  1
392  0  0.255464  0.146806  13421.5  2.16773  0.274187  1
393  0  0.204868  -0.0745609  12680.6  1.92945  -0.244539  1
394  0  0.664178  0.137253  13181.9  2.27691  -0.427273  1
395  0  0.507385  0.155856  12954.5  2.41357  -0.167338  1
396  0  0.100713  -0.683371  13567.1  2.09392  -0.221538  1
397  0  0.945096  -0.0405035  13699.3  0.953264  0.0912469  1
398  0  0.989286  -0.0412763  13765.3  1.05634  0.100035  1
399  0  -1.0605  0.17447  13948.2  1.97009  -0.328607  1
400  0  -0.0328284  0.26585  14162.2  1.76353  -0.0121109  1
401  0  0.608035  -0.222897  13360.9  2.19428  -0.00966176  1
402  0  0.710436  0.118058  13353.2  2.12661  -0.46548  1
403  0  0.164669  0.351582  13837.9  1.93654  0.0237278  1
404  0  0.895184  -0.698384  13597.4  2.02835  -0.11029  1
405  0  1.11378  -0.609214  13632.4  1.98037  -0.0865998  1
406  0  0.397926  -0.244133  13176.9  2.25116  -0.111498  1
407  0  0.169654  1.48002  13893  1.83757  -0.170047  1
408  0  -0.00609419  -0.278801  13452.4  2.13512  -0.36936  1
409  0  -0.345849  -0.348463  13768.5  2.0029  -0.312832  1
410  0  0.164797  0.123318  13799  1.9695  0.39101  1
411  0  0.850557  0.0778333  13730.9  1.78772  -0.367367  1
412  0  0.892049  0.066032  13784.7  1.74149  -0.346217  1
413  0  -0.31956  0.00109321  14013.8  1.86813  -0.287894  1
414  0  0.768583  0.900658  13725.6  1.93484  -0.187377  1
415  0  -1.49786  -0.627633  13864.1  1.98354  -0.295874  1
416  0  0.97031  0.0545173  13849.1  1.72289  -0.304864  1
417  0  0.738437  -0.284137  13483.1  2.10646  -0.00637187  1
418  0  1.13059  -0.244042  13736  1.97441  -0.000400082  1
419  0  0.293823  -0.071087  12622.6  1.44972  -0.0948187  1
420  0  0.230613  -0.291755  13227.1  2.24696  -0.244087  1
421  0  0.6644  -0.0609075  13365.2  1.07517  0.0518631  1
422  0  -0.157716  -0.773749  13665.7  2.05503  -0.232327  1
423  0  0.664653  0.360647  13517  2.05537  -0.233438  1
424  0  0.120216  -0.176192  13057.9  2.28122  -0.383202  1
425  0  -0.252483  0.137348  14144.6  1.79198  -0.213903  1
426  0  0.442163  -0.154553  13090.8  2.34046  -0.0363982  1
427  0  -0.904588  0.617612  13990.5  1.96784  -0.298833  1
428  0  1.06375  -0.0440777  13907.9  1.15289  0.0527908  1
429  0  -0.489626  0.375596  14014.1  1.90448  -0.19492  1
430  0  -0.0106681  -0.0529376  13269.7  2.06459  -0.966928  1
431  0  0.362541  0.156064  13150.8  2.32665  0.101503  1
432  0  0.584036  -0.471421  13465.5  2.1225  -0.0932045  1
433  0  0.891477  0.481711  13656.9  1.96718  -0.227563  1
434  0  0.0882164  0.475428  13901.1  1.91458  -0.0469752  1
435  0  0.770179  -0.194766  13487  2.14493  0.036262  1
436  0  0.915323  -0.208731  13623  2.06616  0.0494174  1
437  0  0.0937869  -0.0629054  12510.2  2.29747  -0.485004  1
438  0  0.391831  0.37355  13568.5  2.06486  -0.0683589  1
439  0  -0.237428  -1.09772  13701.9  2.03952  -0.231507  1
440  0  -0.707845  -0.985456  13780  2.01576  -0.317009  1
441  0  -0.0765718  0.0882976  14498.3  1.55081  -0.206711  1
442  0  0.195571  -0.206137  13051.7  2.30399  -0.286327  1
443  0  1.30318  -0.0602166  13798.9  1.74251  -0.0887643  1
444  0  -0.0785417  -0.0337275  14044.8  1.70993  -0.607861  1
445  0  1.03878  -0.0850394  13837  1.58258  0.0925501  1
446  0  -0.244492  1.07193  13963.1  1.88159  -0.0653499  1
447  0  0.38022  -0.456874  13401.6  2.15875  -0.16357  1
448  0  1.65898  0.965641  13631.3  1.94007  -0.216473  1
449  0  0.405538  -0.0691747  12844.6  1.25106  0.000731775  1
450  0  0.568726  0.146563  12977.5  2.38959  -0.28063  1
451  0  0.840605  -0.160937  13550.2  2.11189  0.0670605  1
452  0  -0.0301067  0.202854  14283.5  1.69673  -0.00487959  1
453  0  0.184756  0.806946  13850  1.91277  -0.110003  1
454  0  0.0808266  0.270019  14021.6  1.83369  0.0696847  1
455  0  0.762855  0.0993791  13540  1.96545  -0.44277  1
456  0  0.507576  -1.48808  13666  2.00918  -0.179151  1
457  0  0.859666  -0.0416808  13558.4  0.872251  0.0789615  1
458  0  1.50875  0.21203  13695.2  1.92077  -0.187733  1
459  0  1.09848  0.241612  13744.4  1.91089  -0.245695  1
460  0  0.0360894  0.0768301  14758  1.34744  0.290506  1
461  0  0.324289  0.247418  13462.3  2.10003  0.0487959  1
462  0  0.637404  -0.157731  13368.6  2.20584  0.0278691  1
463  0  0.241775  0.448028  13760.9  1.98438  -0.0453439  1
464  0  0.105093  -0.376515  13404.6  2.15471  -0.282954  1
465  0  -1.68353  0.168775  13940.1  1.97842  -0.293164  1
466  0  0.541302  1.06671  13783.1  1.91761  -0.168544  1
467  0  0.341203  -0.209646  13086.4  2.31049  -0.143536  1
468  0  -1.02433  1.00124  14011.5  1.9661  -0.289167  1
469  0  0.23122  0.277633  13691.9  1.99765  0.0765926  1
470  0  0.211808  0.132512  13581.4  2.09692  0.346293  1
471  0  -0.100719  -0.411922  13602  2.07192  -0.304866  1
472  0  1.06058  0.0715809  13900.9  1.84301  -0.273573  1
473  0  0.56978  0.522539  13623.9  2.01139  -0.162593  1
474  0  -0.839235  0.439868  13984.6  1.95261  -0.299842  1
475  0  -0.0659037  -0.178683  13583.1  2.04464  -0.465471  1
476  0  0.529989  -0.306028  13341.3  2.17509  -0.0673266  1
477  0  -0.0657662  -0.630021  13615.5  2.07186  -0.244981  1
478  0  1.26196  -0.83644  13627.1  1.98096  -0.119282  1
479  0  -1.52783  -1.10784  13836.8  1.98247  -0.290203  1
480  0  1.0946  -0.446553  13650.6  1.9767  -0.0512922  1
481  0  0.709138  -0.0551974  13394.8  1.01123  0.0535016  1
482  0  -1.56425  0.898953  14003.9  1.98191  -0.293766  1
483  0  0.248988  -0.0674562  12626.5  1.51872  -0.145805  1
484  0  0.544462  0.257799  13314.2  2.15217  -0.186566  1
485  0  -0.184138  0.679598  13966.3  1.90248  -0.0776242  1
486  0  -0.0184901  0.447015  13988.3  1.87437  -0.0500184  1
487  0  0.557049  -0.0620317  13238.7  1.04061  0.0707272  1
488  0  0.51301  -0.0616728  13123.4  1.02261  0.0745706  1
489  0  -0.570213  0.0254439  13955.1  1.92984  -0.30005  1
490  0  0.413393  0.151057  13044.1  2.4043  0.0251052  1
491  0  -0.0330968  0.0200978  14813.3  1.24801  -0.539022  1
492  0  0.0255587  -0.0550015  12490  2.4143  -0.888713  1
493  0  -0.112602  -0.123179  13775.1  1.94383  -0.482724  1
494  0  0.753959  -1.08441  13617  2.02649  -0.154428  1
495  0  -1.10748  -0.490363  13862.5  1.98979  -0.324439  1
496  0  0.729146  -0.141554  13429.9  2.12408  0.0538015  1
497  0  0.628894  -0.0598079  13339.3  1.04574  0.0482497  1
498  0  0.32835  -0.0674748  12701.1  1.29244  -0.0410135  1
499  0  0.0704705  -0.21984  13244.9  2.22669  -0.394657  1
500  0  0.435685  -0.0679408  12939.9  1.24097  0.0489834  1
501  0  0.871659  0.285553  13638.6  1.97335  -0.281196  1
502  0  0.134052  0.116654  13986.3  1.87401  0.400948  1
503  0  0.459356  0.293452  13398.4  2.12583  -0.101557  1
504  0  0.616524  0.135489  13051.3  2.34302  -0.371338  1
505  0  0.240982  -1.05138  13631.1  2.04528  -0.194206  1
506  0  0.529251  -0.166576  13242.8  2.26947  -0.00405402  1
507  0  -0.0292413  1.23697  13928.7  1.84896  -0.0933908  1
508  0  0.236642  -0.147637  12870.7  2.43177  -0.264012  1
509  0  0.125764  -0.0699945  12593.5  2.29477  -0.404869  1
510  0  1.46117  -0.395971  13676.2  1.92541  -0.0923132  1
511  0  0.870277  -0.329593  13574.1  2.05891  -0.00206464  1
512  0  1.36267  0.383754  13705  1.91912  -0.204718  1
513  0  0.333019  0.147343  13212.3  2.32822  0.150782  1
514  0  1.24252  0.639901  13682.1  1.93993  -0.207648  1
515  0  1.38927  -1.67722  13639  1.97799  -0.18053  1
516  0  0.683198  -0.125824  13388  2.08524  0.0525246  1
517  0  -0.56592  1.18879  13998  1.89659  -0.131544  1
518  0  1.07743  -1.24175  13634  2.00617  -0.154821  1
519  0  0.940814  -0.13305  13671.9  1.96169  0.0978859  1
520  0  0.276949  -0.134636  12844.8  2.44976  -0.20864  1
521  0  0.0827674  0.0886139  14290.2  1.58564  0.444985  1
522  0  -0.0654347  -1.27533  13695.1  2.02787  -0.213562  1
523  0  -0.234941  -1.54222  13737.4  2.01268  -0.236867  1
524  0  -1.56451  -1.53768  13826.4  1.98181  -0.285149  1
525  0  0.698096  0.267983  13465.6  2.06804  -0.291411  1
526  0  -0.530447  -0.364804  13819.3  1.9928  -0.32624  1
527  0  0.368929  0.648358  13736.8  1.961  -0.115415  1
528  0  -0.0288604  -0.0185854  13843.8  1.57814  -1.07523  1
529  0  0.877396  0.71177  13685.9  1.94779  -0.205228  1
530  0  0.758666  0.231477  13519.5  2.03314  -0.32676  1
531  0  0.903927  -0.0277408  13640.6  0.628047  0.0715954  1
532  0  0.208102  0.222672  13712.4  1.97671  0.15684  1
533  0  -0.401791  0.518648  14010.7  1.90643  -0.14014  1
534  0  0.939253  0.33924  13671.2  1.96087  -0.254965  1
535  0  0.537326  0.147549  12971.1  2.4114  -0.224879  1
536  0  0.936408  0.0516047  13840.5  1.62678  -0.310785  1
537  0  0.693214  -0.435813  13501.4  2.09946  -0.0596783  1
538  0  0.805604  0.0721923  13704.3  1.48672  -0.344808  1
539  0  0.491475  -0.806511  13565.8  2.07423  -0.161961  1
540  0  0.830007  -0.0447508  13514.3  0.920645  0.0659016  1
541  0  1.06498  -0.155149  13772.4  1.92855  0.0522089  1
542  0  0.46122  -0.276673  13269.9  2.20981  -0.0865136  1
543  0  1.29441  -0.217736  13737.5  1.91416  -0.0468881  1
544  0  0.774832  -0.0395196  13464.6  0.671022  0.0375716  1
545  0  0.945379  0.141449  13755.5  1.97153  -0.319693  1
546  0  0.568551  -0.0896382  13261.8  1.72452  0.0692272  1
547  0  0.182919  -0.0587288  12707  1.36338  -0.194391  1
548  0  0.280159  0.13346  13251.2  2.14049  0.251806  1
549  0  -1.57297  1.57297  14052.1  1.97385  -0.287195  1
550  0  0.830322  -0.11668  13511.1  1.9333  0.0884835  1
551  0  0.319634  -0.156714  12952.3  2.41169  -0.154641  1
552  0  0.8791  0.190683  13665.8  1.96671  -0.321389  1
553  0  -0.833566  -1.61084  13793.8  1.9978  -0.280803  1
554  0  -1.12623  1.61161  14080.5  1.96762  -0.260862  1
555  0  0.0591606  -0.0617991  12494.8  2.44068  -0.659584  1
556  0  0.389013  -0.100265  12881  2.12344  -0.0349578  1
557  0  0.0894321  0.161551  14127.9  1.74255  0.224482  1
558  0  0.108964  0.221502  14015.2  1.8278  0.14755  1
559  0  -1.62686  -0.25194  13900.3  1.98064  -0.29532  1
560  0  0.291165  -0.260151  13163.3  2.27052  -0.193798  1
561  0  0.733818  0.101374  13465.9  1.9852  -0.457539  1
562  0  -0.943789  -1.04645  13806.9  1.99847  -0.315576  1
563  0  0.341039  -0.679628  13522  2.11051  -0.180602  1
564  0  0.975114  -0.236765  13662.4  2.02958  0.0332193  1
565  0  0.967388  -0.0249393  13739.9  0.722779  0.0613322  1
566  0  -0.335065  -0.133631  13910.8  1.92278  -0.320594  1
567  0  0.104247  0.68752  13871  1.91383  -0.0920054  1
568  0  0.619902  -0.688861  13549  2.08083  -0.128115  1
569  0  0.906098  -0.260246  13604.6  2.05344  0.024919  1
570  0  0.678844  -0.24469  13418.1  2.14928  -0.0050439  1
571  0  0.480688  0.139758  12881.3  2.25734  -0.0952917  1
572  0  1.0442  1.26829  13711.9  1.92493  -0.209787  1
573  0  -0.179747  0.289099  14123.3  1.79905  -0.106104  1
574  0  -0.654734  -0.705395  13789  2.0137  -0.33512  1
575  0  0.543857  -0.1216  13232.4  2.13371  0.0392711  1
576  0  1.0431  1.64659  13709.5  1.99424  -0.222868  1
577  0  1.66704  -0.853757  13612.9  1.94565  -0.136122  1
578  0  0.365899  1.29309  13834.6  1.87666  -0.177281  1
579  0  -0.152288  0.125402  14273  1.70597  -0.19791  1
580  0  0.680445  0.109186  13216.9  1.94159  -0.420574  1
581  0  0.925439  -0.0969018  13658.7  1.75679  0.120355  1
582  0  0.0221906  0.1408  14437.3  1.57674  0.129673  1
583  0  0.0747861  -0.124551  12965  2.31277  -0.503215  1
584  0  0.550005  0.665216  13699.2  1.96548  -0.155036  1
585  0  0.294452  -0.4139  13362.6  2.17318  -0.196045  1
586  0  0.213259  -0.111993  12772.7  2.43535  -0.314356  1
587  0  0.996  0.0294701  13863  1.24833  -0.209106  1
588  0  -0.512034  1.6549  14041.5  1.86899  -0.00473363  1
589  0  0.805937  -0.486728  13553.5  2.06364  -0.0583397  1
590  0  0.354877  0.311058  13511  2.08227  -0.0169631  1
591  0  0.020891  0.0539533  15015.7  1.07911  0.238729  1
592  0  -0.00138947  0.0307674  15277.1  0.758994  -0.160104  1
593  0  0.574982  -0.193389  13307.2  2.24153  -0.000952292  1
594  0  0.753421  0.429455  13600.6  2.00686  -0.231923  1
595  0  0.440597  0.248426  13305.4  2.16671  -0.0713652  1
596  0  0.589257  0.317446  13429.9  2.10139  -0.206939  1
597  0  -0.373788  -0.502511  13742.7  2.01717  -0.294482  1
598  0  -1.61046  0.545845  13975.2  1.9791  -0.293007  1
599  0  0.382187  -0.0526789  12812.6  0.465969  -0.00817861  1
600  0  0.312934  0.414397  13673.7  2.02293  -0.0471047  1
601  0  0.746551  -0.101334  13448.7  1.82828  0.0668497  1
602  0  -0.193417  -0.358708  13679  2.03517  -0.320766  1
603  0  0.35268  -0.12033  12881.6  2.34387  -0.0938252  1
604  0  0.145006  -0.569666  13503  2.12265  -0.231517  1
605  0  0.507107  1.61003  13811.7  1.93179  -0.233046  1
606  0  0.599721  -0.048191  13309.8  0.682368  0.0398336  1
607  0  1.71975  -0.569426  13622  1.92651  -0.122311  1
608  0  0.167594  0.191935  13820.6  1.90941  0.217791  1
609  0  -0.244234  -0.230554  13781.5  1.98541  -0.34585  1
610  0  0.610507  -0.114214  13310.9  2.01856  0.0547138  1
611  0  1.06322  -0.77587  13621.2  1.99847  -0.114581  1
612  0  0.192748  0.113403  13604.5  1.97818  0.396572  1
613  0  0.236503  0.121997  13434.2  2.0609  0.330585  1
614  0  0.867239  0.0544678  13772.3  1.3638  -0.280354  1
615  0  -0.854891  0.076366  13939.6  1.9624  -0.33633  1
616  0  0.153729  -0.311437  13291.9  2.21164  -0.286184  1
617  0  -0.0825379  0.154285  14366.6  1.64288  -0.0924036  1
618  0  0.405461  -0.190639  13099.1  2.33951  -0.0868437  1
619  0  0.730262  -0.0406165  13418.8  0.667798  0.0391237  1
620  0  0.686338  -0.0422626  13374.5  0.643428  0.0195052  1
621  0  1.6446  -1.51325  13617.9  1.96795  -0.177981  1
622  0  0.22712  -0.0531078  12574.7  0.875463  -0.136208  1
623  0  0.240982  0.184247  13560.3  2.04234  0.191982  1
624  0  0.270932  -0.0532942  12610.2  0.682472  -0.0845927  1
625  0  0.43579  0.138149  12949.5  2.24271  -0.00793322  1
626  0  0.390909  0.136822  12997.4  2.22365  0.072821  1
627  0  0.0812064  0.965394  13886.4  1.89775  -0.108184  1
628  0  -1.27454  -0.969777  13832.9  1.9869  -0.299568  1
629  0  -1.06308  0.432948  13974  1.96628  -0.315927  1
630  0  -0.119362  0.479411  14004  1.87378  -0.0713858  1
631  0  0.478407  -0.450076  13417.6  2.14801  -0.123467  1
632  0  0.457603  -0.109317  13050.1  2.1278  0.01638  1
633  0  -0.0323454  0.351696  14061  1.83076  -0.0287297  1
634  0  0.533284  -0.0483709  13192.1  0.607844  0.038122  1
635  0  0.591613  0.124769  12913  2.14129  -0.303168  1
636  0  0.489831  -0.0504549  13065.1  0.606354  -0.0175059  1
637  0  0.635781  0.117522  13050.5  2.05108  -0.378002  1
638  0  0.0612065  0.0718329  14574.8  1.3945  0.457808  1
639  0  1.05152  0.593043  13684.2  1.94349  -0.215396  1
640  0  0.00648052  -0.0820081  13067.6  2.17313  -0.755871  1
641  0  0.106729  0.0880037  14139.7  1.65157  0.473867  1
642  0  0.00180382  0.0842149  14791  1.34489  0.0832456  1
643  0  0.467577  0.428488  13574.3  2.0539  -0.123719  1
644  0  0.875973  -0.0668666  13587.6  1.37056  0.108786  1
645  0  1.02126  -0.0299238  13845.2  0.978357  0.0803423  1
646  0  0.148724  -0.111854  12813.2  2.44543  -0.4021  1
647  0  -0.071425  1.67807  14010.2  1.8391  -0.106091  1
648  0  0.780883  -0.0846444  13456.6  1.56148  0.0727618  1
649  0  0.810203  -0.0842455  13480.5  1.59747  0.0823727  1
650  0  0.136111  0.297346  13902.9  1.89622  0.06521  1
651  0  0.652989  0.213204  13327.6  2.13772  -0.306857  1
652  0  0.0224597  0.234275  14172.1  1.75369  0.0544522  1
653  0  -0.517171  0.239946  14007.5  1.89827  -0.237897  1
654  0  -0.213151  0.394137  14056.9  1.85079  -0.0993252  1
655  0  -0.337773  0.396844  14040.4  1.87532  -0.139049  1
656  0  1.17406  -0.142001  13804.5  1.83279  0.00627222  1
657  0  -1.64798  1.24528  14029.9  1.97923  -0.292826  1
658  0  0.495581  -0.0865173  13100.6  1.68405  0.0524506  1
659  0  1.73475  -0.238165  13644.5  1.92866  -0.126751  1
660  0  0.795875  -0.0319813  13490.6  0.486655  0.0360358  1
661  0  -0.819783  1.1104  14010.4  1.93507  -0.230767  1
662  0  -0.21251  0.210318  14160.6  1.77834  -0.157495  1
663  0  -0.31827  0.617461  13995.3  1.90605  -0.101462  1
664  0  0.753968  -0.687675  13569.9  2.0578  -0.115713  1
665  0  0.356219  -0.055638  12782.7  0.606623  -0.0164633  1
666  0  0.30309  0.128352  13138.9  2.08929  0.213927  1
667  0  0.16131  -0.0501623  12535.5  1.05475  -0.096726  1
668  0  -0.00890756  -0.211207  13421.1  2.13575  -0.439457  1
669  0  -0.149435  -0.0393609  14044.8  1.79599  -0.430565  1
670  0  0.484849  -0.161603  13172  2.30709  -0.014697  1
671  0  -1.12002  0.741522  13995.7  1.9791  -0.306842  1
672  0  0.356181  -1.29324  13654.8  2.02435  -0.188267  1
673  0  1.08568  0.136822  13802.3  1.92742  -0.251183  1
674  0  0.881293  -0.0232269  13588.3  0.480001  0.0565037  1
675  0  -0.650101  -0.104812  13912.2  1.96011  -0.33211  1
676  0  0.806819  -0.300107  13531.3  2.08417  0.00183254  1
677  0  0.924919  -0.0204682  13685.2  0.548909  0.0584053  1
678  0  0.905593  -0.573609  13591.2  2.02997  -0.077519  1
679  0  1.00876  -0.528344  13619.1  2.00228  -0.0640037  1
680  0  -1.02477  -0.0465115  13917.9  1.97818  -0.33895  1
681  0  0.561461  -0.370868  13406.2  2.15033  -0.0769006  1
682  0  0.414005  -0.337525  13303.6  2.20045  -0.131391  1
683  0  1.04224  0.0112809  13928.7  1.18453  -0.130215  1
684  0  0.172007  0.102533  13745.6  1.85935  0.422523  1
685  0  -0.324149  -0.871798  13711.6  2.04212  -0.253572  1
686  0  -0.665546  0.364235  13994.7  1.93095  -0.263639  1
687  0  0.575596  -0.0449465  13253  0.560348  0.0498395  1
688  0  0.306062  0.197236  13393.3  2.13265  0.11368  1
689  0  -0.42487  0.961053  13987.5  1.90618  -0.100517  1
690  0  0.752337  -0.0346549  13432.5  0.539482  0.0404791  1
691  0  0.703226  -0.353793  13475.2  2.11333  -0.0357253  1
692  0  0.803832  -0.849038  13598.9  2.03519  -0.135138  1
693  0  0.259216  0.121483  13333.8  2.04664  0.298634  1
694  0  0.502598  0.132337  12802  2.13085  -0.129468  1
695  0  0.205198  -0.0499002  12659.4  0.73951  -0.160518  1
696  0  0.467676  -0.0480936  13057.3  0.390285  0.0338549  1
697  0  0.909097  0.0419698  13818.4  1.24742  -0.241917  1
698  0  0.783229  0.0714933  13624.4  1.39306  -0.343811  1
699  0  1.64233  1.64233  13625.8  2.03568  -0.255262  1
700  0  1.04395  -0.221956  13711.1  2.00324  0.0296276  1
701  0  0.951191  0.0323221  13858.4  1.14261  -0.23242  1
702  0  -0.106829  0.272745  14155.4  1.77477  -0.0633662  1
703  0  0.458193  0.133558  12886.4  2.15632  -0.0460702  1
704  0  -0.735465  0.694992  13995.7  1.95743  -0.247948  1
705  0  0.824452  0.0600436  13733.4  1.27419  -0.277683  1
706  0  0.378569  0.187178  13215.3  2.22624  0.0411847  1
707  0  0.699682  0.0965598  13273.2  1.64662  -0.385333  1
708  0  0.65674  0.107899  13092.3  1.86056  -0.388899  1
709  0  0.349174  -0.265815  13184.6  2.25442  -0.150493  1
710  0  1.66587  1.30268  13636.6  1.96345  -0.223996  1
711  0  0.00318991  -0.0289612  12082  2.05006  -1.21096  1
712  0  0.675517  -0.094485  13379.7  1.75642  0.0530439  1
713  0  1.06371  -0.315712  13674.2  1.99135  -0.00601329  1
714  0  0.396959  -0.556459  13464.5  2.13561  -0.159305  1
715  0  0.180942  -0.0946163  12779.3  2.37522  -0.33904  1
716  0  0.946203  -0.0183852  13711  0.527619  0.0567082  1
717  0  -0.54514  0.74032  13992.5  1.93501  -0.164546  1
718  0  1.19212  -0.0382786  13828  1.55947  -0.0959832  1
719  0  0.631752  -1.26879  13638.1  2.02324  -0.170435  1
720  0  -0.00117836  -0.120654  13283.3  2.13423  -0.601314  1
721  0  -0.541319  -0.542621  13784.1  2.00873  -0.323772  1
722  0  -0.429519  0.0366728  13995.5  1.89224  -0.273376  1
723  0  -0.397431  0.27558  14046.3  1.86601  -0.187535  1
724  0  0.84843  0.383463  13625.9  1.98821  -0.25304  1
725  0  0.653484  -1.73496  13675.9  2.00009  -0.17317  1
726  0  0.284453  -0.0981169  12699.4  2.25061  -0.165519  1
727  0  1.70699  0.0380599  13653.7  1.92742  -0.161312  1
728  0  0.165823  -0.176296  12990.3  2.31178  -0.330035  1
729  0  -0.711957  0.0100292  13935.7  1.9538  -0.328541  1
730  0  0.839926  0.1448  13656.6  2.02851  -0.373097  1
731  0  -1.33441  0.272457  13952.4  1.9746  -0.307153  1
732  0  -1.0556  1.2611  14043.7  1.95257  -0.265414  1
733  0  0.417724  -0.127721  12993.9  2.30346  -0.0351537  1
734  0  1.34896  0.0879499  13762.6  1.8823  -0.181895  1
735  0  0.844669  0.0523802  13754.9  1.13073  -0.252031  1
736  0  0.8872  0.0439075  13794.1  1.12364  -0.229006  1
737  0  -0.719262  -0.27202  13871  1.98333  -0.348573  1
738  0  -0.229891  0.877627  13956.1  1.9023  -0.0702358  1
739  0  0.284378  -1.73647  13698.4  1.99563  -0.190102  1
740  0  0.277107  0.264351  13587.3  2.04759  0.0657284  1
741  0  -0.13619  -0.936856  13673.5  2.04988  -0.220155  1
742  0  0.0755077  -0.299139  13351.2  2.18209  -0.33092  1
743  0  0.776857  1.15757  13744.9  1.91826  -0.189825  1
744  0  0.971498  0.025899  13873.8  1.07664  -0.210818  1
745  0  0.516656  0.190778  13112  2.29763  -0.172785  1
746  0  0.00340658  -0.37372  13489.2  2.11748  -0.312751  1
747  0  0.29287  -0.049322  12611.6  0.305315  -0.0384643  1
748  0  1.00902  -1.7285  13660.6  1.9911  -0.177877  1
749  0  0.726591  -0.219725  13453.3  2.14617  0.016328  1
750  0  -0.531722  -1.63873  13774.1  2.0058  -0.26636  1
751  0  0.138214  -0.848962  13602.4  2.07073  -0.204317  1
752  0  0.277401  0.172416  13405.3  2.13936  0.188731  1
753  0  0.989415  -0.0194905  13770.2  0.662342  0.0471709  1
754  0  0.105513  0.400727  13912.1  1.90996  -0.00857331  1
755  0  0.418825  -0.961421  13601.4  2.05252  -0.178765  1
756  0  0.464732  0.568173  13670.2  1.99627  -0.128724  1
757  0  0.249301  0.695667  13806.3  1.92951  -0.110009  1
758  0  0.994684  -0.119204  13748.3  1.85216  0.0972746  1
759  0  0.664118  -0.0388404  13357.2  0.503428  0.0284312  1
760  0  0.689293  -0.0676436  13380.5  1.26416  0.0610064  1
761  0  0.588475  0.177396  13127  2.28612  -0.28381  1
762  0  -1.23231  -0.664303  13851.7  1.98699  -0.30607  1
763  0  -0.927312  -0.311159  13876.2  1.98952  -0.348464  1
764  0  0.649488  -0.199481  13390.1  2.1997  0.00969919  1
765  0  0.541676  -0.238224  13304.5  2.20516  -0.0359364  1
766  0  0.15693  -0.475752  13437.6  2.14488  -0.243759  1
767  0  0.890992  -0.160443  13603  2.07532  0.0767522  1
768  0  -0.226973  0.0461998  14135.5  1.78894  -0.287735  1
769  0  1.3083  1.07474  13673.8  1.92942  -0.214684  1
770  0  -1.3246  -1.68452  13820.9  1.98218  -0.285198  1
771  0  0.866179  -0.0978448  13567.5  1.75897  0.106781  1
772  0  0.269304  -0.0775616  12632.5  1.81825  -0.148289  1
773  0  0.313443  -0.0497759  12613.8  0.381731  -0.00418256  1
774  0  0.2272  -0.643441  13520.4  2.11616  -0.205842  1
775  0  0.643501  -0.0409795  13349.2  0.544924  0.0413449  1
776  0  0.239101  -0.230007  13105.9  2.29325  -0.241896  1
777  0  0.151084  0.0988215  13840.2  1.8344  0.437379  1
778  0  0.347992  0.131088  13093.6  2.13657  0.131274  1
779  0  0.757558  0.177595  13510.6  2.06854  -0.377169  1
780  0  0.368475  0.130017  13054.3  2.09866  0.105665  1
781  0  -0.289821  -1.31651  13724.4  2.02998  -0.240825  1
782  0  0.115132  -0.046922  12466.4  1.35411  -0.241951  1
783  0  0.0777749  -0.169905  13095  2.25479  -0.439793  1
784  0  1.28466  -0.543225  13656.3  1.9503  -0.0860979  1
785  0  0.599386  -0.580567  13509.8  2.10709  -0.113914  1
786  0  -0.316736  0.203946  14090.1  1.82882  -0.190755  1
787  0  0.800196  -0.155741  13494.5  2.12459  0.0571631  1
788  0  0.299067  0.517177  13736.8  1.98273  -0.0786396  1
789  0  -1.34946  -0.41348  13879.1  1.98337  -0.303624  1
790  0  0.444922  -0.224744  13190.1  2.24986  -0.0750201  1
791  0  -0.00369889  -0.79684  13626  2.06734  -0.218153  1
792  0  0.422704  -0.0483403  12874.2  0.319122  0.0153009  1
793  0  0.730573  -0.0687065  13419.6  1.30468  0.0662731  1
794  0  0.114232  -0.138129  12936.3  2.3332  -0.426028  1
795  0  0.119133  0.137392  14058.6  1.77172  0.315942  1
796  0  0.6998  0.736277  13696.3  1.9526  -0.182358  1
797  0  0.5743  0.848991  13739.9  1.93947  -0.163786  1
798  0  0.228615  -0.0809542  12642  2.0382  -0.23658  1
799  0  0.0680855  0.131253  14311.8  1.63469  0.259133  1
800  0  0.361057  0.220822  13338.2  2.15244  0.0368611  1
801  0  0.126917  0.0945056  14015.7  1.75059  0.455983  1
802  0  0.271802  -0.346672  13280.2  2.21436  -0.210204  1
803  0  0.726218  0.150383  13431  2.1669  -0.42157  1
804  0  0.181339  -0.251828  13169.7  2.27422  -0.288705  1
805  0  0.0950033  -0.0412206  12364.3  1.24769  -0.23632  1
806  0  0.230232  0.382  13753  1.98574  -0.00842251  1
807  0  -0.878281  0.848731  14000  1.96504  -0.278442  1
808  0  1.01815  0.188536  13758.6  1.91561  -0.276027  1
809  0  0.309089  0.890736  13816.3  1.9209  -0.131095  1
810  0  1.44251  0.744382  13664.6  1.94203  -0.207199  1
811  0  1.73118  0.622831  13631.1  1.94728  -0.214025  1
812  0  0.335896  -0.047658  12701.8  0.217291  0.0242791  1
813  0  1.74775  0.294684  13630.4  1.94205  -0.191734  1
814  0  0.0757549  -0.088607  12752.4  2.4438  -0.572735  1
815  0  0.391489  0.162384  13109.5  2.34457  0.0516953  1
816  0  0.446423  0.195806  13160.2  2.25198  -0.0617415  1
817  0  0.798725  0.1451  13583.7  2.07412  -0.39694  1
818  0  0.168649  0.426751  13832.9  1.94996  -0.0250938  1
819  0  0.622327  -0.0393097  13325  0.463421  0.0314082  1
820  0  -0.259393  -0.660802  13690.8  2.04071  -0.259738  1
821  0  0.139799  -0.0503116  12539.8  1.28787  -0.1996  1
822  0  0.568625  0.123337  12875.8  2.03947  -0.254357  1
823  0  0.048796  -0.0390798  12132.8  1.86995  -0.538847  1
824  0  0.168946  0.154752  13805.4  1.89948  0.291744  1
825  0  1.12486  -0.0250339  13907.6  1.26519  -0.0913908  1
826  0  0.188761  0.137888  13686.8  1.99971  0.340777  1
827  0  1.36862  1.74212  13669.9  2.03087  -0.256247  1
828  0  0.325442  0.127586  13158.1  2.10847  0.174044  1
829  0  0.0744107  -0.042472  12287.2  1.65731  -0.393674  1
830  0  0.650999  0.461956  13588.8  2.02256  -0.200814  1
831  0  -0.0969123  0.994764  13939.7  1.88616  -0.07487  1
832  0  -0.76604  -1.32093  13779.9  2.01375  -0.29429  1
833  0  0.946919  -1.11188  13623.5  2.01448  -0.15082  1
834  0  0.44671  -0.0484856  12963.7  0.402994  0.0958011  1
835  0  0.149808  -1.26321  13669.6  2.02732  -0.199517  1
836  0  0.855627  -0.410523  13568.3  2.05622  -0.029429  1
837  0  -0.84395  1.70571  14083.9  1.97008  -0.166883  1
838  0  0.0183759  0.108635  14619.1  1.46413  0.154698  1
839  0  0.75995  0.0734735  13544.3  1.27377  -0.328147  1
840  0  0.924633  -0.381389  13601.1  2.03658  -0.0187597  1
841  0  -0.0354954  -0.501778  13566.9  2.09045  -0.276138  1
842  0  -0.0817492  -0.335571  13573.4  2.07842  -0.3402  1
843  0  0.548091  0.126893  12862.7  2.11857  -0.225518  1
844  0  0.575556  0.403707  13533.1  2.06126  -0.179176  1
845  0  0.230053  0.150203  13535.1  2.08443  0.284866  1
846  0  0.840266  -0.0245611  13532.5  0.414386  0.040782  1
847  0  0.576073  0.21634  13226.2  2.19383  -0.235406  1
848  0  -1.69503  -0.894953  13848.6  1.98218  -0.289696  1
849  0  0.933018  -0.067632  13676.7  1.39858  0.11765  1
850  0  0.97919  0.0937693  13827.4  1.9586  -0.320973  1
851  0  -0.147534  -0.182105  13738.4  1.98455  -0.409466  1
852  0  1.1597  -1.01861  13623.4  1.99969  -0.138069  1
853  0  1.20507  0.328227  13717.7  1.91734  -0.220693  1
854  0  1.21524  0.480067  13694.7  1.93338  -0.21259  1
855  0  0.817252  -0.0257956  13492  0.463733  0.0223699  1
856  0  0.59764  0.150358  13046.9  2.3717  -0.327097  1
857  0  0.52427  0.128428  12857.7  2.13337  -0.172431  1
858  0  -0.0761443  0.21989  14244.6  1.72013  -0.053505  1
859  0  -0.871926  -0.59377  13832.1  1.99979  -0.346927  1
860  0  1.23477  0.0500945  13790.8  1.76035  -0.196316  1
861  0  -0.857651  0.274423  13969  1.95144  -0.315679  1
862  0  0.782576  -0.241375  13505.9  2.10821  0.0178578  1
863  0  -0.0257183  0.690477  13923.1  1.90417  -0.0793428  1
864  0  0.402437  -0.0464308  12830.1  0.207246  0.00955671  1
865  0  0.484625  0.180501  13059.4  2.3376  -0.117069  1
866  0  -0.024366  0.153786  14418.6  1.59501  0.00581316  1
867  0  -0.0124254  0.00904727  14780.5  0.725024  -0.887294  1
868  0  -1.28823  1.02567  14017.5  1.97869  -0.298999  1
869  0  0.740961  0.0811138  13510.5  1.43385  -0.357241  1
870  0  0.515793  -0.109922  13187.9  2.08876  0.0455021  1
871  0  -0.528026  -0.872578  13752.9  2.03007  -0.299678  1
872  0  0.381708  -0.0769868  12800.3  1.46406  -0.000758852  1
873  0  -0.0501511  0.1238  14514.7  1.54194  -0.0753835  1
874  0  0.310368  0.298572  13567.6  2.05762  0.0169895  1
875  0  0.410158  0.302713  13447  2.10974  -0.0593583  1
876  0  0.333254  -0.0932668  12787.7  2.08757  -0.0693411  1
877  0  0.94949  1.02473  13704.3  1.92726  -0.205949  1
878  0  -0.245607  -0.0474761  14002.1  1.85883  -0.338425  1
879  0  0.735362  -0.176244  13439.8  2.16661  0.0373374  1
880  0  0.624986  -0.0835283  13331  1.59529  0.0629714  1
881  0  -0.040449  -1.74999  13728.3  1.99207  -0.224281  1
882  0  0.403511  0.214414  13258.7  2.1882  -0.0109216  1
883  0  0.016725  0.298725  14082.8  1.80644  0.0168008  1
884  0  0.433614  0.164507  13064.1  2.36987  -0.0160135  1
885  0  -0.324072  0.0967499  14069.6  1.84028  -0.245646  1
886  0  0.662801  0.166774  13268.6  2.22839  -0.374717  1
887  0  0.8871  -0.0447933  13598.6  0.960983  0.102566  1
888  0  0.92256  -0.0430607  13670  0.979932  0.0997647  1
889  0  0.203779  -0.160675  12929.1  2.37117  -0.297774  1
890  0  0.230653  -0.18671  13005.3  2.32908  -0.25221  1
891  0  0.0436278  -0.566527  13547.8  2.10174  -0.248809  1
892  0  0.179908  0.281191  13807  1.94098  0.0887599  1
893  0  0.719719  0.0867681  13394  1.54237  -0.369837  1
894  0  1.72083  -1.19591  13603.9  1.95712  -0.166183  1
895  0  -0.048  0.0572677  14739.2  1.3421  -0.266339  1
896  0  0.603037  -0.289139  13385.7  2.15138  -0.0362732  1
897  0  0.89804  -0.0861585  13616.8  1.62708  0.118209  1
898  0  0.908326  0.0967345  13768.4  1.98233  -0.362691  1
899  0  0.577384  -0.066418  13257  1.14351  0.0781113  1
900  0  0.860325  -0.13079  13562.4  2.01586  0.0930246  1
901  0  0.85979  -0.0199519  13552.9  0.354243  0.0406772  1
902  0  0.493675  0.26462  13327.3  2.15287  -0.129515  1
903  0  0.141064  0.582874  13851.5  1.92592  -0.0796673  1
904  0  0.212364  0.326633  13751.7  1.97265  0.036557  1
905  0  -0.0483305  -0.126906  13546.5  2.04124  -0.567928  1
906  0  0.215803  0.111703  13511.6  1.9634  0.367636  1
907  0  0.197511  0.506434  13813.8  1.95289  -0.0626508  1
908  0  -0.479446  -1.11917  13746.6  2.03106  -0.274102  1
909  0  0.0655186  0.222364  14121.4  1.77493  0.121735  1
910  0  0.230474  -0.452521  13403.4  2.15737  -0.221815  1
911  0  0.367492  -0.388416  13340.3  2.18243  -0.159418  1
912  0  -0.442053  0.644426  13995.6  1.92243  -0.137071  1
913  0  0.81386  -0.198791  13526.6  2.12057  0.0412523  1
914  0  -0.48861  1.40492  14019.4  1.86081  -0.0669067  1
915  0  0.691334  0.14586  13314.8  2.22677  -0.424981  1
916  0  0.867983  -0.206829  13576.4  2.09263  0.0467472  1
917  0  0.849014  0.105415  13703  2.04775  -0.395636  1
918  0  1.43771  -0.97918  13620  1.97403  -0.134147  1
919  0  1.01515  0.0635414  13857.7  1.8066  -0.302114  1
920  0  -0.110245  -0.00421938  14232.4  1.68089  -0.470912  1
921  0  0.0448323  0.0578347  14846.8  1.20014  0.421666  1
922  0  0.624792  -0.399825  13451.9  2.12455  -0.0632761  1
923  0  0.128749  0.256307  13927.7  1.88243  0.107139  1
924  0  0.968352  -0.0568303  13734.1  1.25458  0.116879  1
925  0  0.994987  -0.0716656  13773.1  1.46128  0.119674  1
926  0  -1.77592  -0.573357  13873.1  1.98116  -0.290769  1
927  0  0.445971  -0.086556  13007.9  1.82349  0.0454885  1
928  0  0.447999  0.345873  13487.9  2.09277  -0.100547  1
929  0  0.789796  0.0939964  13633.4  1.94959  -0.434417  1
930  0  0.671517  -0.301713  13438.4  2.12515  -0.0239594  1
931  0  0.652686  -0.129439  13351.9  2.10552  0.0487687  1
932  0  0.639917  0.142979  13149.6  2.32775  -0.390298  1
933  0  -0.112842  0.587013  13967.5  1.89328  -0.0743815  1
934  0  0.143028  0.137229  13920  1.84778  0.332871  1
935  0  0.13594  -0.0889969  12726.6  2.48663  -0.425716  1
936  0  0.00718852  0.182346  14312.6  1.66845  0.0623279  1
937  0  -0.0331783  0.0884329  14685.1  1.43476  -0.0852314  1
938  0  -1.22519  0.0440596  13929.2  1.97814  -0.317834  1
939  0  -1.36476  1.76751  14070.9  1.97337  -0.28126  1
940  0  0.191344  1.76517  13890.4  1.93527  -0.228893  1
941  0  -0.0633469  -0.00234069  14322.8  1.56219  -0.60911  1
942  0  -0.41964  -0.231323  13849.1  1.9691  -0.320115  1
943  0  0.589383  1.29841  13787.4  1.90458  -0.189241  1
944  0  -1.73447  -1.30722  13834.2  1.98139  -0.286533  1
945  0  0.846025  -1.24049  13633.2  2.01731  -0.159614  1
946  0  0.60214  -0.168465  13334.6  2.2245  0.0155411  1
947  0  1.32723  0.235036  13747.7  1.92268  -0.204201  1
948  0  0.413642  0.130943  12960.8  2.11764  0.0349  1
949  0  1.01197  -0.662397  13613.7  2.00542  -0.0934437  1
950  0  0.310736  -0.0886164  12700.1  2.02545  -0.10041  1
951  0  -0.0432698  -0.0551664  13751.2  1.81807  -0.741528  1
952  0  -0.0708218  -0.0826046  13786.5  1.8929  -0.586244  1
953  0  0.707896  -0.0353003  13396.9  0.477395  0.0332116  1
954  0  0.638577  0.291353  13422.7  2.0957  -0.254196  1
955  0  0.330164  0.169447  13289.7  2.22943  0.123651  1
956  0  -0.0414918  1.46014  13944.6  1.80246  -0.0966137  1
957  0  0.249059  -0.0473892  12593.1  0.370699  -0.0303385  1
958  0  0.426577  -0.398567  13362.1  2.17073  -0.136029  1
959  0  0.783705  0.118476  13582.1  2.10339  -0.439621  1
960  0  0.612516  0.114863  12948.3  1.94199  -0.324719  1
961  0  0.808008  -0.597208  13566.7  2.05477  -0.0889983  1
962  0  0.0626964  0.788921  13890.1  1.90545  -0.0938913  1
963  0  0.456038  -0.188983  13157.9  2.31568  -0.0541455  1
964  0  0.593861  -1.00725  13606.7  2.04109  -0.165326  1
965  0  0.186782  1.21231  13872.9  1.86483  -0.139915  1
966  0  -0.388533  -0.0514025  13959.2  1.90587  -0.294934  1
967  0  0.947796  -0.17745  13658  2.05166  0.0656314  1
968  0  1.01261  0.279223  13712.2  1.93107  -0.258227  1
969  0  1.23287  -0.694898  13634.4  1.971  -0.103696  1
970  0  0.356671  -0.170755  13011  2.39073  -0.118089  1
971  0  0.762646  -0.147091  13475.7  2.12073  0.0505916  1
972  0  -1.75554  -1.75554  13825.9  1.97995  -0.28385  1
973  0  0.609016  0.204135  13232.3  2.18872  -0.283454  1
974  0  0.14325  -0.215229  13125.1  2.2848  -0.337643  1
975  0  0.996526  -0.408684  13630.3  2.00985  -0.0284778  1
976  0  0.817761  0.241446  13594.2  1.99221  -0.310587  1
977  0  1.75436  -1.76577  13612.8  1.97095  -0.187273  1
978  0  0.209414  -0.749556  13560.6  2.09306  -0.200257  1
979  0  -0.744648  0.540743  13994  1.95305  -0.270799  1
980  0  0.646812  -0.0762169  13373.1  1.48181  0.0496871  1
981  0  0.523854  -0.535597  13472.9  2.12821  -0.12607  1
982  0  0.820816  -0.0627789  13499.5  1.27942  0.080729  1
983  0  -1.77458  1.77458  14058.9  1.97747  -0.284058  1
984  0  -1.44315  0.00224466  13923.9  1.9794  -0.301808  1
985  0  -0.361584  1.23935  13986.7  1.85853  -0.0672439  1
986  0  0.55494  -0.0416196  13225.5  0.399622  0.0341559  1
987  0  0.511444  -0.0426778  13092.6  0.331162  0.0751769  1
988  0  0.828548  0.0835654  13701.7  1.87588  -0.39651  1
989  0  -0.0184258  -0.158759  13399.7  2.12511  -0.524882  1
990  0  0.515159  -0.136809  13197.1  2.25187  0.0146067  1
991  0  1.36784  0.543425  13682.9  1.93474  -0.204706  1
992  0  0.778189  -0.0598023  13466.6  1.17459  0.0702779  1
993  0  1.14547  -1.47367  13642.3  1.99467  -0.167555  1
994  0  0.145703  -0.147411  12925  2.33776  -0.373357  1
995  0  0.38768  -0.293223  13239.8  2.23345  -0.132116  1
996  0  -1.4116  -1.32643  13825  1.98466  -0.289131  1
997  0  0.793062  1.638  13768  1.98332  -0.225382  1
998  0  -0.821874  -0.822203  13805.7  2.00371  -0.336105  1
999  0  -1.37617  0.750433  13994.2  1.98261  -0.298591  1
1000  0  0.109728  0.343091  13930.3  1.88924  0.0286739  1
1001  0  -1.02326  -1.79327  13812.6  1.98274  -0.282196  1
1002  0  0.0390222  0.404014  13971.8  1.88088  -0.0244829  1
1003  0  -0.566557  -0.214298  13876.5  1.96994  -0.328826  1
1004  0  -1.80306  1.03606  14013.5  1.97978  -0.289962  1
1005  0  0.41098  -0.158759  13042.7  2.37723  -0.0629522  1
1006  0  0.0648463  -1.1246  13664.3  2.03761  -0.203659  1
1007  0  0.539303  0.214194  13199.6  2.20529  -0.189603  1
1008  0  -0.278134  -0.429242  13720.9  2.0249  -0.29672  1
1009  0  0.468819  -0.137168  13111  2.2971  -0.0023067  1
1010  0  0.876545  0.090361  13758.7  1.95533  -0.37837  1
1011  0  -0.515742  0.123191  13993.1  1.90178  -0.264636  1
1012  0  0.711605  -0.114335  13411.9  2.0126  0.0612342  1
1013  0  0.738573  0.121428  13457.3  2.14804  -0.458317  1
1014  0  0.330132  0.359843  13603.5  2.04874  -0.0254151  1
1015  0  0.134065  0.193334  13967.5  1.84294  0.204795  1
1016  0  0.917796  0.068315  13803.5  1.81958  -0.346947  1
1017  0  0.0283629  -0.0315571  11817.3  1.90745  -0.72709  1
1018  0  0.246256  0.239067  13620.5  2.02712  0.12118  1
1019  0  0.92924  0.0310053  13833.5  0.989086  -0.209032  1
1020  0  0.43873  0.932907  13788  1.92801  -0.151203  1
1021  0  0.527565  0.169038  13040.8  2.37712  -0.199998  1
1022  0  0.334059  0.214178  13375.8  2.13171  0.0698524  1
1023  0  -0.0702135  -1.08268  13677.2  2.04068  -0.21218  1
