431  513  955
295  516  1012
377  491  592
344  554  939
446  507  985
295  496  1012
344  549  939
383  667  821
276  433  529
282  433  534
380  464  766
578  605  943
401  570  896
515  621  977
375  666  828
384  494  692
297  467  551
283  408  668
300  358  583
491  592  867
293  542  765
321  510  543
336  508  520
268  494  692
321  418  713
445  541  758
415  628  848
290  423  525
368  689  738
295  516  931
19  515  977
386  537  589
326  680  763
54  55  538
409  526  597
283  475  668
297  467  560
291  541  758
289  484  902
276  433  594
440  832  908
398  645  925
351  521  638
365  505  751
294  501  534
11  12  448
385  696  834
321  480  784
36  549  657
443  656  718
342  588  647
378  763  859
407  578  605
386  417  676
369  522  523
455  561  1013
322  673  808
336  508  586
287  579  662
356  572  576
325  598  731
342  507  985
305  519  767
327  520  551
331  557  1015
374  521  799
360  527  757
355  429  533
332  532  608
87  88  521
268  404  692
19  20  515
24  523  881
479  628  848
424  499  974
351  521  799
444  669  952
304  546  610
371  546  610
300  358  720
446  689  738
40  588  647
427  629  671
385  632  658
326  495  763
279  464  766
570  896  930
346  632  733
277  539  563
277  539  568
134  135  531
354  631  681
321  480  713
385  636  658
384  539  964
281  560  802
393  547  715
380  420  616
415  559  789
295  462  931
329  437  509
307  461  688
374  641  801
440  562  832
383  509  821
453  627  809
352  432  537
32  33  465
358  492  555
299  582  799
420  560  802
309  458  734
274  485  933
321  510  784
317  525  651
35  36  657
273  653  1011
383  547  715
375  513  828
488  636  658
290  423  594
284  511  569
506  593  765
474  629  861
527  584  756
351  582  799
317  525  530
631  714  981
425  579  768
340  431  955
385  500  834
364  456  719
16  577  894
346  449  500
524  770  972
386  417  691
271  466  578
309  510  543
391  572  576
353  447  585
272  514  810
416  536  701
349  434  486
296  376  441
384  494  964
400  633  702
304  506  575
407  507  965
327  551  603
268  404  611
304  506  593
405  480  784
414  529  877
380  420  802
369  456  672
425  579  662
11  448  710
359  527  788
269  505  751
539  755  964
293  506  765
360  757  809
557  558  909
426  632  733
445  645  925
347  545  898
299  557  909
284  511  676
519  767  967
92  592  867
297  520  551
351  460  638
32  465  559
367  518  993
390  660  855
319  519  581
507  627  831
446  507  831
34  482  598
373  562  628
311  722  966
303  461  590
304  546  575
392  548  752
296  579  768
465  598  731
355  429  686
372  477  820
406  467  618
443  543  656
432  631  681
272  769  810
275  757  903
18  621  894
374  502  801
329  437  814
415  628  762
12  448  811
452  652  936
447  631  714
33  465  598
275  527  788
281  560  709
78  79  548
128  129  544
390  540  855
270  517  689
375  548  752
1  10  699
1  45  699
352  537  589
476  542  765
298  532  892
306  550  787
272  529  639
274  533  655
288  469  740
101  102  547
311  489  722
329  583  814
273  489  1011
399  629  861
333  545  898
366  458  512
400  452  652
304  610  946
415  559  926
282  433  639
271  466  1020
685  871  908
299  557  799
462  610  946
348  457  540
370  556  603
303  595  875
0  587  683
367  515  993
348  550  649
27  770  972
325  629  671
271  627  965
458  512  947
367  518  852
467  618  970
495  763  859
428  683  825
289  484  596
371  497  606
109  110  665
368  485  663
302  556  603
409  526  942
274  485  663
479  848  944
69  70  571
557  558  1015
308  586  889
0  645  753
418  543  656
522  523  781
306  550  649
396  477  791
367  515  621
137  138  565
285  499  974
17  18  894
346  449  556
309  443  543
380  464  616
497  606  819
347  545  850
93  528  867
344  657  868
387  486  633
365  505  755
419  498  773
272  529  877
305  519  581
292  495  859
294  501  552
93  528  711
421  497  775
368  689  717
285  616  742
333  545  552
469  532  892
321  418  543
332  532  623
29  848  944
387  633  702
60  61  580
407  507  956
507  627  965
356  605  943
377  491  895
410  502  777
23  24  881
278  679  975
373  628  996
482  657  868
297  508  520
349  486  630
423  525  954
436  569  916
24  523  750
439  685  908
372  471  841
401  764  946
357  488  658
359  438  600
382  601  793
354  476  542
428  445  645
429  653  686
492  555  823
357  546  575
316  577  607
424  499  783
16  17  894
309  443  734
287  573  702
357  487  546
360  527  584
367  852  918
377  591  592
361  566  609
313  632  658
454  650  1000
359  643  756
462  610  931
270  517  661
271  627  809
338  450  535
349  434  903
459  673  808
372  477  841
24  25  750
461  688  1022
283  602  842
38  554  837
276  473  584
429  533  655
387  630  654
391  710  769
320  656  718
277  714  981
374  557  795
508  586  889
453  757  809
348  550  771
364  456  725
296  669  768
372  471  602
326  559  789
347  416  536
357  487  634
357  488  634
449  500  792
283  408  842
303  461  800
110  599  665
274  533  663
287  573  662
40  41  647
25  553  750
317  530  779
336  520  726
307  461  740
387  486  630
288  740  874
373  553  1001
286  454  1000
314  595  902
358  640  720
493  669  952
39  40  588
298  558  1015
365  539  563
436  564  569
292  562  628
369  456  739
335  750  832
314  484  1007
282  534  968
319  519  758
296  441  579
334  601  793
306  648  649
316  510  607
344  549  657
309  458  727
288  600  806
120  121  606
282  459  968
384  568  664
436  767  967
385  636  696
382  619  690
414  466  797
370  498  665
599  665  872
422  477  820
316  478  918
361  566  878
359  527  756
396  477  891
410  684  777
433  529  639
437  509  782
322  545  850
363  511  569
526  597  721
384  539  568
309  510  659
382  601  648
34  482  1004
320  428  445
273  653  686
311  489  675
291  564  967
279  464  746
389  571  865
351  460  838
270  689  717
374  557  799
352  432  785
298  532  608
379  554  732
43  44  576
494  719  964
393  586  798
431  513  778
395  571  865
327  520  726
284  569  916
353  563  714
51  52  614
283  602  609
279  746  841
316  577  918
323  719  964
353  766  910
0  46  587
358  492  640
617  866  873
567  757  903
39  588  837
310  651  954
310  484  596
91  92  592
300  499  783
376  441  895
372  597  820
418  541  700
22  725  739
471  602  842
451  550  787
87  521  641
315  343  673
10  699  710
501  534  724
401  593  946
88  521  638
14  727  813
436  564  967
353  447  714
335  523  781
440  562  998
110  111  599
54  538  705
551  603  970
55  538  698
90  91  591
275  527  757
344  554  732
345  779  817
38  39  837
352  568  664
503  595  875
134  531  674
10  11  710
328  610  931
407  605  940
302  556  733
316  478  969
135  531  677
312  552  976
364  518  945
434  486  1002
345  455  1013
368  485  738
268  611  852
439  522  1023
352  568  785
314  745  1007
462  764  946
448  710  769
457  540  846
26  27  770
29  30  848
33  34  598
386  511  676
373  770  1001
292  495  762
473  643  756
510  607  659
301  574  721
441  579  617
406  542  995
460  642  838
336  586  798
456  725  739
289  503  902
359  438  643
413  566  878
328  712  931
422  477  791
427  474  629
326  559  984
82  83  612
452  617  858
292  562  998
329  583  794
320  445  541
286  454  883
408  742  746
437  555  829
401  765  896
0  645  683
80  81  613
330  653  723
388  655  723
452  617  866
329  509  935
272  769  877
293  542  790
353  604  766
377  591  642
402  707  893
361  609  851
395  694  857
373  553  832
468  732  868
358  583  814
348  457  644
553  750  832
422  685  820
23  739  881
333  552  730
31  32  559
341  816  882
323  505  672
429  655  723
294  534  968
383  547  667
274  630  933
295  570  764
399  629  731
302  603  970
427  474  979
406  467  709
356  572  743
464  742  746
583  783  794
312  530  779
383  646  715
295  462  764
387  573  654
293  506  670
366  811  813
288  469  904
277  563  714
363  564  713
564  700  713
387  573  702
272  514  639
419  747  773
349  567  903
353  585  910
22  23  739
280  896  930
364  719  945
126  127  619
124  125  620
277  568  785
73  74  626
427  671  807
353  563  774
386  537  691
384  664  692
392  623  845
105  106  624
473  584  756
400  452  858
103  104  622
463  788  907
42  43  605
300  499  668
71  72  625
331  557  795
319  758  925
129  544  660
381  680  763
43  576  997
421  497  980
395  535  857
421  759  775
323  505  755
340  431  706
21  22  725
128  544  690
419  498  950
278  589  678
414  466  743
295  570  749
302  618  970
401  593  765
64  65  635
307  623  1018
389  625  703
28  524  944
268  494  833
342  588  914
356  576  997
62  63  637
388  654  655
269  505  1006
276  529  796
377  642  937
426  632  1009
375  548  666
273  615  729
323  672  719
93  94  711
101  547  667
279  604  766
102  547  695
312  779  817
379  517  661
273  489  729
351  582  838
117  118  634
314  484  902
503  595  902
115  116  636
501  552  976
283  609  851
572  769  877
518  833  945
13  811  813
335  523  750
280  691  922
369  523  881
381  615  680
478  852  918
78  548  666
287  579  617
290  594  724
465  559  984
370  665  872
13  14  813
79  548  693
301  597  721
316  510  784
469  532  1018
301  685  820
354  476  681
669  768  878
337  485  863
290  501  724
388  573  662
391  572  769
332  623  845
446  738  831
487  546  899
480  713  975
386  589  836
406  542  790
372  597  1008
326  495  789
370  603  876
373  562  832
382  544  690
382  619  793
335  832  908
480  679  975
410  824  934
390  540  982
402  561  893
297  560  776
402  580  915
532  623  1018
270  661  807
525  651  954
274  630  654
88  89  638
274  654  655
86  87  641
331  608  824
281  585  802
421  712  980
479  628  996
442  804  974
315  459  673
299  652  936
324  430  640
91  591  592
325  598  999
306  601  971
298  558  923
28  524  972
379  554  837
435  749  862
393  586  715
407  578  965
394  580  915
290  501  976
310  484  847
419  726  950
354  542  682
450  535  843
471  746  841
271  578  965
449  556  872
397  677  716
516  712  931
566  609  942
442  776  804
271  809  1020
446  689  985
332  608  824
276  473  830
378  574  721
325  629  731
291  564  700
388  573  654
394  637  708
398  645  753
388  662  786
288  600  1014
42  605  940
287  617  858
439  522  781
371  610  880
366  458  813
138  565  753
587  683  919
393  622  695
375  688  752
20  515  748
292  628  762
301  574  871
362  849  897
390  648  649
309  659  727
467  560  709
363  564  569
448  769  810
437  805  829
363  511  840
344  732  868
137  565  716
331  824  934
290  525  530
468  671  807
343  472  683
399  615  861
70  571  703
318  642  937
129  130  660
432  681  922
374  502  795
285  499  742
464  616  742
289  596  844
43  605  997
302  618  1005
12  13  811
69  571  694
298  892  923
418  541  656
133  134  674
379  588  837
371  497  880
304  593  946
454  652  883
365  539  755
463  600  788
370  498  876
355  533  912
49  50  697
77  78  666
410  502  934
401  570  764
135  136  677
496  601  971
100  101  667
278  840  975
273  615  861
399  615  680
430  492  640
285  616  804
380  585  802
478  611  852
120  606  687
463  600  806
444  669  920
391  699  710
31  559  926
431  778  780
298  608  1015
281  585  911
349  630  933
437  782  805
379  588  914
445  758  925
315  459  853
14  15  659
337  485  738
16  577  607
433  534  724
606  687  899
424  783  794
425  662  786
485  863  933
355  686  979
397  849  924
308  646  715
47  48  701
379  517  914
55  56  698
319  581  849
422  741  791
273  686  861
426  618  1005
306  601  648
386  511  836
36  549  983
385  500  927
364  518  993
121  606  819
53  54  705
455  561  869
119  120  687
461  590  874
430  492  711
367  894  918
83  84  684
542  682  995
296  376  920
381  615  729
334  481  760
370  556  872
282  639  854
336  483  772
269  741  791
290  530  976
526  942  1003
334  481  793
68  69  694
413  566  966
61  580  708
127  128  690
60  580  707
322  472  919
409  597  1008
336  483  798
417  749  862
318  582  838
343  683  825
429  653  723
378  526  721
332  470  826
410  612  684
301  597  820
295  496  879
79  80  693
391  576  827
357  575  870
102  103  695
460  591  642
426  618  963
114  115  696
312  552  730
0  138  753
359  600  788
349  567  863
338  535  1021
439  781  908
498  665  812
482  598  999
355  704  717
327  603  876
289  643  844
332  470  845
458  727  813
392  613  693
371  546  899
342  507  956
278  589  836
59  60  707
476  681  896
106  107  747
90  591  921
392  623  752
291  541  700
320  541  656
346  556  733
94  711  1017
378  737  763
334  712  1012
279  604  891
441  617  873
476  765  896
15  16  607
383  509  935
378  574  859
111  599  864
83  612  684
282  459  853
437  555  814
420  776  804
322  545  808
397  565  924
70  71  703
123  124  759
294  545  552
577  894  918
319  849  924
334  601  1012
322  472  673
353  604  774
374  521  641
315  343  860
367  621  894
449  792  864
291  519  758
327  726  950
450  822  843
275  788  907
320  718  825
278  678  679
389  571  703
357  658  870
397  677  888
409  609  942
28  29  944
127  619  690
371  606  899
44  45  827
537  691  922
400  633  883
378  526  737
417  570  749
286  633  1002
328  610  880
440  871  908
80  613  693
430  528  711
61  62  708
420  616  804
328  712  980
349  863  933
136  137  716
369  522  835
396  604  891
453  627  962
74  75  780
338  450  761
419  624  747
124  620  759
409  602  609
103  622  695
106  624  747
347  416  850
595  816  882
517  689  985
432  537  922
404  664  692
396  604  774
393  622  798
303  590  875
423  594  830
468  661  807
457  846  901
297  508  890
373  770  996
82  612  906
389  625  884
492  711  1017
423  596  844
425  768  885
398  565  924
115  636  696
364  725  748
433  594  724
84  85  777
299  652  909
81  613  906
466  797  1020
453  567  757
425  786  885
369  672  835
549  939  983
75  76  778
107  108  773
346  500  927
421  620  759
122  123  775
404  611  949
324  430  951
20  21  748
572  743  877
404  678  961
420  560  776
394  580  708
408  499  668
491  528  867
342  647  956
98  99  782
339  651  886
97  98  805
126  619  953
475  493  905
311  942  1003
125  620  953
389  816  865
405  480  679
109  665  812
318  582  866
314  595  816
390  648  992
361  493  669
74  626  780
337  627  962
45  699  827
52  614  735
105  624  957
285  804  974
104  622  957
375  513  955
308  586  715
85  86  801
14  659  727
65  66  822
456  672  719
112  113  792
312  530  976
443  734  860
457  644  887
403  650  892
411  614  1010
51  614  736
393  547  695
324  640  720
50  51  736
71  625  703
581  849  897
280  681  896
379  661  732
455  839  869
118  634  986
117  634  987
382  648  992
116  636  987
365  563  978
25  553  1001
563  774  978
356  605  997
422  685  741
73  626  948
52  53  735
354  631  958
330  653  1011
276  584  796
390  544  660
307  688  752
37  939  983
86  641  801
270  704  717
404  664  961
408  499  742
369  739  881
419  624  772
421  712  760
72  625  948
421  620  760
489  675  729
407  647  956
506  575  990
99  100  821
341  490  815
411  705  735
56  57  839
364  748  993
121  122  819
350  730  817
95  96  823
44  576  827
524  770  996
92  93  867
76  77  828
331  608  1015
286  633  883
89  638  921
418  700  713
466  578  943
385  632  927
96  97  829
412  614  1010
383  646  935
451  550  900
341  490  884
468  661  732
113  114  834
65  635  822
337  738  831
62  637  708
391  699  827
38  554  939
650  892  923
329  646  794
388  723  786
410  612  826
108  109  812
413  722  885
495  762  789
381  737  763
419  726  772
66  67  843
486  633  1002
64  635  960
41  42  940
136  677  716
397  565  716
405  611  969
15  607  659
644  771  897
130  660  855
63  637  960
348  644  771
46  587  744
348  540  982
382  544  992
84  684  777
355  717  912
392  548  693
381  675  729
330  722  885
337  627  831
438  643  928
131  132  846
441  895  937
46  47  744
111  112  864
67  68  857
100  667  821
394  637  932
414  529  796
315  853  947
313  670  990
30  31  926
130  131  855
3  27  972
3  28  972
37  38  939
107  747  773
339  651  973
284  676  862
288  806  904
438  600  1014
440  574  871
457  674  887
380  585  910
123  759  775
392  613  845
77  666  828
57  58  869
330  723  786
270  704  807
516  712  1012
474  686  861
375  688  955
291  519  967
360  584  797
377  895  937
403  892  904
473  643  844
133  674  901
334  712  760
323  755  964
396  751  791
352  664  961
114  696  834
389  816  884
394  886  915
315  734  860
341  816  884
345  779  803
431  626  780
34  35  1004
474  686  979
427  704  979
25  26  1001
287  702  858
305  581  897
355  704  979
335  781  908
447  585  911
505  672  835
119  687  986
366  810  811
345  455  959
336  726  772
289  643  928
2  18  977
2  19  977
132  133  901
58  59  893
85  777  801
75  778  780
442  728  974
678  679  949
4  36  983
4  37  983
81  82  906
381  675  737
301  685  871
98  782  805
320  428  825
122  775  819
405  611  949
454  650  923
372  602  1008
340  706  800
431  706  815
346  632  927
108  773  812
310  596  954
363  713  975
459  808  968
417  676  862
427  704  807
311  566  966
89  90  921
99  782  821
318  642  838
307  623  752
390  649  982
358  555  814
417  691  930
268  833  852
407  647  940
400  702  858
447  631  958
417  570  930
361  493  851
435  787  971
435  879  971
113  792  834
289  503  928
76  778  828
438  590  875
413  768  885
68  694  857
314  816  865
398  565  753
467  551  970
97  805  829
482  868  999
492  823  1017
481  620  760
404  678  949
368  663  912
112  792  864
457  674  901
350  730  917
313  670  1009
496  601  1012
300  583  783
454  652  909
293  670  963
317  651  886
475  493  851
21  725  748
56  698  839
330  786  885
395  535  1021
395  745  865
72  73  948
428  645  683
50  697  736
399  731  938
362  531  887
125  126  953
303  595  882
96  823  829
406  618  790
53  705  735
104  105  957
449  599  864
460  638  921
362  531  888
483  624  772
444  528  951
308  728  889
454  558  909
515  748  993
63  64  960
481  619  793
431  626  815
343  718  825
283  475  851
434  754  818
435  862  913
448  810  811
731  938  984
416  701  744
438  875  928
618  790  963
308  728  994
589  678  961
503  875  928
324  905  952
95  823  1017
483  622  798
487  687  986
317  886  915
59  707  893
444  528  941
339  504  856
118  119  986
116  117  987
439  741  1023
460  591  921
131  846  855
362  644  887
468  671  868
339  504  932
394  886  932
440  574  998
454  558  923
49  697  1019
300  668  989
329  646  935
362  644  897
296  669  920
415  762  789
66  822  843
281  682  911
481  619  953
481  620  953
487  687  899
408  746  842
366  512  991
483  624  957
352  589  961
483  622  957
390  544  992
443  718  860
671  868  999
132  846  901
403  754  818
48  701  1019
284  862  913
318  866  873
341  706  815
94  95  1017
341  706  882
439  685  741
466  743  943
487  634  986
488  634  987
434  818  907
488  636  987
311  675  1003
376  920  941
339  886  932
340  688  955
395  571  694
280  691  930
305  767  900
411  614  735
449  599  872
434  754  1002
35  657  1004
332  824  826
343  718  860
295  749  879
281  682  995
430  528  951
395  745  1021
67  843  857
288  874  1014
324  720  905
590  874  1014
348  649  982
48  49  1019
453  567  962
470  612  906
410  824  826
399  680  938
269  751  791
584  796  797
400  652  883
311  566  942
299  582  936
450  635  822
470  613  906
414  743  877
465  731  984
411  705  988
397  849  888
511  836  840
47  701  744
424  728  994
470  612  826
455  698  839
506  670  990
461  740  874
338  761  847
57  839  869
403  806  818
402  561  1013
315  734  947
380  766  910
533  663  912
706  800  882
18  621  977
279  841  891
396  751  978
317  779  803
396  774  978
313  658  870
451  767  900
482  657  1004
368  717  912
318  873  937
409  602  1008
350  817  959
403  754  1000
343  472  673
305  771  897
444  920  941
442  728  889
490  626  815
470  613  845
423  830  844
514  639  854
413  722  966
58  869  893
412  697  736
294  545  808
411  917  988
426  733  1005
402  580  707
451  913  916
531  674  887
280  681  922
426  670  1009
426  670  963
306  787  971
531  677  888
490  626  948
494  719  945
438  590  1014
490  625  948
330  722  1011
478  611  969
297  776  890
435  749  879
424  794  994
461  800  1022
402  803  915
450  761  856
416  850  919
286  754  1000
277  785  981
451  767  916
493  905  952
432  631  981
333  730  917
675  737  1003
402  803  1013
361  669  878
526  737  1003
450  635  856
276  594  830
360  797  1020
432  785  981
411  917  1010
414  796  797
490  625  884
496  879  971
282  853  854
413  768  878
307  740  1018
436  767  916
514  810  991
498  773  812
350  917  988
423  596  954
286  754  1002
424  728  974
405  784  969
308  646  994
434  903  907
415  848  926
442  776  890
362  849  888
550  771  900
350  538  988
442  889  890
313  632  1009
497  775  819
350  538  929
325  671  999
41  647  940
491  528  941
479  944  996
398  924  925
403  650  1000
582  866  936
403  806  904
350  929  959
416  587  919
502  795  934
500  792  834
376  491  895
646  794  994
363  840  975
366  810  991
30  848  926
354  682  958
455  698  929
284  913  916
524  944  996
469  892  904
340  688  1022
345  817  959
504  635  960
508  889  890
365  751  978
451  787  913
463  806  818
504  637  960
502  777  801
504  635  856
322  850  919
463  818  907
406  709  995
293  790  963
312  730  817
310  651  973
509  782  821
574  859  998
339  761  973
540  846  855
412  614  736
471  746  842
281  709  995
269  741  1023
339  761  856
412  898  1010
761  847  973
518  833  852
338  745  1021
412  898  1016
356  743  943
458  734  947
278  836  840
513  778  828
347  536  1016
472  683  919
512  853  947
416  587  744
497  880  980
360  809  1020
504  637  932
517  914  985
475  668  989
498  876  950
494  833  945
275  903  907
555  823  829
26  770  1001
326  680  938
505  835  1006
435  787  913
314  745  865
300  720  989
376  491  941
567  863  962
324  951  952
305  771  900
720  905  989
469  740  1018
313  870  990
340  800  1022
473  830  844
412  697  1016
338  745  1007
345  803  1013
294  808  968
342  914  985
575  870  990
522  835  1006
316  784  969
538  698  929
319  924  925
303  800  882
317  803  915
347  898  1016
682  911  958
489  722  1011
292  859  998
477  841  891
302  733  1005
535  843  857
338  847  1007
538  705  988
536  697  1019
452  866  936
331  795  934
441  873  937
536  701  1019
512  853  854
269  1006  1023
337  863  962
455  929  959
405  679  949
333  917  1010
561  869  893
326  938  984
484  847  1007
522  1006  1023
447  911  958
327  876  950
328  880  980
536  697  1016
512  854  991
333  898  1010
310  847  973
475  905  989
444  951  952
514  854  991
