0  2  1  0  12091  0  0  1
1  1  2  2  12012.1  1.97559  -0.00355854  1
2  1  2  -2  12022.5  2.02053  0.00481996  1
3  3  -2  -2  12068.1  1.99997  0.0117449  1
4  3  -2  2  11920.2  2.00146  0.0108483  1
10  1  2  1.6  12017.4  1.94899  -0.0284035  1
11  1  2  1.2  12017.4  1.94498  -0.0495062  1
12  1  2  0.8  12017.4  1.93523  -0.0725713  1
13  1  2  0.4  12017.4  1.92653  -0.110201  1
14  1  2  5.50449e-12  12017.4  1.97371  -0.110431  1
15  1  2  -0.4  12017.4  2.03775  -0.0730671  1
16  1  2  -0.8  12017.4  2.0527  -0.0460411  1
17  1  2  -1.2  12017.4  2.04841  -0.0219315  1
18  1  2  -1.6  12017.4  2.04319  -0.00774266  1
19  0  1.6  -2  12040.8  1.99997  0.0117449  1
20  0  1.2  -2  12055.6  1.99997  0.0117449  1
21  0  0.8  -2  12063  1.99997  0.0117449  1
22  0  0.4  -2  12073.2  1.99997  0.0117449  1
23  0  5.50449e-12  -2  12079.4  1.99997  0.0117449  1
24  0  -0.4  -2  12080.6  1.99997  0.0117449  1
25  0  -0.8  -2  12078.5  1.99997  0.0117449  1
26  0  -1.2  -2  12074.6  1.99997  0.0117449  1
27  0  -1.6  -2  12070.4  1.99997  0.0117449  1
28  3  -2  -1.6  12066.2  1.99997  0.0117449  1
29  3  -2  -1.2  12061.5  1.99997  0.0117449  1
30  3  -2  -0.8  12052  1.99997  0.0117449  1
31  3  -2  -0.4  12038.7  1.99997  0.0117449  1
32  3  -2  -5.50449e-12  12018.1  1.99997  0.0117449  1
33  3  -2  0.4  11992.1  1.99997  0.0117449  1
34  3  -2  0.8  11965.7  1.99997  0.0117449  1
35  3  -2  1.2  11941.5  1.99997  0.0117449  1
36  3  -2  1.6  11926.6  1.99997  0.0117449  1
37  0  -1.6  2  11907.9  2.00734  0.0120428  1
38  0  -1.2  2  11888.5  2.01421  0.0180177  1
39  0  -0.8  2  11867.8  2.02154  0.0277778  1
40  0  -0.4  2  11856.5  2.0262  0.0354896  1
41  0  -5.50449e-12  2  11858.7  2.02551  0.036536  1
42  0  0.4  2  11872.2  2.01801  0.0311815  1
43  0  0.8  2  11904.6  2.00325  0.0187781  1
44  0  1.2  2  11943.5  1.99772  0.0113425  1
45  0  1.6  2  11984.2  1.99997  0.0117449  1
46  2  0.978458  0.00401839  12015.9  -1.0747e-16  3.00481e-17  1
47  2  0.95693  0.00818768  11970.4  0  0  1
48  2  0.935466  0.0126757  11942.9  0  0  1
49  2  0.914056  0.0174135  11907.4  -1.64943e-17  4.03075e-18  1
50  2  0.892706  0.0224183  11886.8  2.46519e-32  -6.16298e-33  1
51  2  0.871417  0.0276734  11855.8  2.04357e-16  -3.98225e-17  1
52  2  0.850187  0.0331624  11828.1  0  0  1
53  2  0.829012  0.0388612  11777.3  1.49584e-16  -4.07882e-17  1
54  2  0.807886  0.0447381  11700.5  0  0  1
55  2  0.7868  0.0507563  11731.2  0  0  1
56  2  0.765746  0.0568867  11666.2  -3.07192e-16  6.85353e-17  1
57  2  0.744715  0.0630946  11518.8  2.74825e-16  -6.65772e-17  1
58  2  0.723698  0.0693519  11445.4  -6.89612e-17  1.32066e-17  1
59  2  0.702684  0.0756194  11419.9  0  0  1
60  2  0.681658  0.081843  11344.4  -7.85188e-17  1.49302e-17  1
61  2  0.660594  0.0879395  11227.5  -1.08383e-16  1.93611e-17  1
62  2  0.639475  0.0938427  11151.4  -4.93038e-32  6.16298e-33  1
63  2  0.618283  0.0994762  11018.6  -4.29624e-16  8.41846e-17  1
64  2  0.596995  0.104733  10820.9  0  0  1
65  2  0.575597  0.109524  10734.1  4.79355e-16  -8.29735e-17  1
66  2  0.554087  0.113787  10647.6  -4.95512e-16  7.61202e-17  1
67  2  0.532475  0.117492  10557.6  1.95992e-16  -1.93349e-17  1
68  2  0.510777  0.120656  10470.2  0  0  1
69  2  0.489008  0.123297  10392.3  1.9048e-16  -1.49223e-17  1
70  2  0.467184  0.125426  10348  5.45018e-16  -4.01239e-17  1
71  2  0.445316  0.127045  10296  0  0  1
72  2  0.423416  0.128153  10286.8  0  0  1
73  2  0.401496  0.128743  10192.5  0  0  1
74  2  0.379569  0.128821  10172.8  5.87101e-16  2.20991e-17  1
75  2  0.357645  0.128399  10259.6  4.15296e-16  1.51647e-17  1
76  2  0.335736  0.127484  10305.3  0  0  1
77  2  0.313855  0.126056  10255.1  3.69165e-16  2.75487e-17  1
78  2  0.292014  0.124107  10199  2.91841e-16  3.46805e-17  1
79  2  0.270226  0.121632  10276.8  -1.68633e-16  -1.68173e-17  1
80  2  0.248507  0.118613  10406.9  -3.94903e-16  -6.04567e-17  1
81  2  0.226875  0.115025  10423.8  0  1.2326e-32  1
82  2  0.20535  0.110842  10457.7  -7.32737e-16  -1.36019e-16  1
83  2  0.183957  0.106033  10584.8  0  0  1
84  2  0.162725  0.100553  10619.9  0  0  1
85  2  0.141691  0.0943572  10728.7  1.01367e-16  3.69116e-17  1
86  2  0.120906  0.0873755  10859  0  0  1
87  2  0.100434  0.0795214  10942.9  7.0073e-16  2.72695e-16  1
88  2  0.0803701  0.0706798  11268.7  -8.85392e-17  -3.95391e-17  1
89  2  0.0608533  0.0606906  11628.3  2.09689e-16  9.71955e-17  1
90  2  0.0421123  0.0493165  11987.1  0  0  1
91  2  0.0245713  0.0361769  12670.1  1.25692e-16  6.30749e-17  1
92  2  0.00923773  0.0205522  13247.7  0  0  1
93  2  4.83936e-05  0.000983636  12727  -6.48325e-17  -1.73819e-17  1
94  2  0.0143854  -0.0124267  11008.8  0  0  1
95  2  0.0361773  -0.0146859  10653.2  1.16647e-16  4.67968e-18  1
96  2  0.0580998  -0.0150969  11411.1  0  0  1
97  2  0.0800257  -0.0148096  11563.8  4.50096e-16  -1.08102e-17  1
98  2  0.101944  -0.014145  11691.5  0  0  1
99  2  0.123853  -0.013236  11754.3  7.13607e-16  9.69241e-18  1
100  2  0.145755  -0.0121629  11818.6  -4.93038e-32  0  1
101  2  0.167652  -0.0109826  11865.7  -4.12184e-16  -9.04368e-18  1
102  2  0.189544  -0.00972477  11915.3  1.97546e-16  6.52138e-18  1
103  2  0.211433  -0.00841672  11957  4.52654e-17  4.89777e-18  1
104  2  0.233321  -0.00708173  11986.6  0  0  1
105  2  0.255208  -0.00573075  12011.3  0  0  1
106  2  0.277094  -0.00437446  12037.4  3.38032e-16  9.65228e-18  1
107  2  0.298981  -0.00302484  12062.1  0  0  1
108  2  0.320868  -0.00168769  12085.1  -1.49452e-16  -7.1652e-18  1
109  2  0.342757  -0.000368898  12107.3  3.11773e-17  -1.10734e-18  1
110  2  0.364648  0.000915952  12122.6  1.53601e-16  5.93936e-18  1
111  2  0.38654  0.00216496  12133.8  -6.2677e-16  -2.30022e-17  1
112  2  0.408435  0.00337483  12146.9  0  0  1
113  2  0.430333  0.00452998  12194.4  0  0  1
114  2  0.452234  0.00562844  12191.4  1.64557e-16  4.62991e-18  1
115  2  0.474138  0.0066667  12198.8  1.42866e-16  4.65091e-18  1
116  2  0.496044  0.00763723  12214.5  -2.85731e-16  -9.30183e-18  1
117  2  0.517955  0.00852369  12220.6  5.1253e-18  8.79632e-18  1
118  2  0.539869  0.00931769  12263.4  0  0  1
119  2  0.561786  0.010014  12263.6  3.18689e-16  5.70146e-18  1
120  2  0.583706  0.0106081  12254.5  0  0  1
121  2  0.605629  0.0110956  12281.8  1.60301e-16  9.42831e-19  1
122  2  0.627554  0.0114695  12280.1  3.20602e-16  1.88566e-18  1
123  2  0.649481  0.0117345  12269.7  8.76545e-17  -1.98694e-18  1
124  2  0.671409  0.0118902  12275.9  -1.15997e-16  -6.39016e-19  1
125  2  0.693337  0.0119358  12280.2  1.30084e-16  -5.25494e-19  1
126  2  0.715265  0.0118746  12284.8  0  0  1
127  2  0.737193  0.0117075  12293.1  1.34721e-16  -3.11789e-18  1
128  2  0.75912  0.0114345  12311.2  0  0  1
129  2  0.781044  0.0110459  12310.3  -3.08844e-16  4.7209e-18  1
130  2  0.802967  0.0105371  12291.2  1.19251e-17  -4.39951e-18  1
131  2  0.824886  0.00990378  12295.1  -4.34621e-16  1.1705e-17  1
132  2  0.846801  0.00914105  12284.9  0  0  1
133  2  0.868711  0.00824606  12274.4  1.33113e-17  -1.54818e-18  1
134  2  0.890615  0.00721677  12265.2  1.19606e-16  -3.3421e-18  1
135  2  0.912512  0.00604356  12240.1  -1.19606e-16  3.3421e-18  1
136  2  0.934402  0.0047431  12236.6  3.71716e-16  -1.73606e-17  1
137  2  0.956283  0.00330698  12213.9  0  0  1
138  2  0.978153  0.00170967  12175.3  0  0  1
268  0  -0.775999  -0.874448  12081.5  1.9877  0.019773  1
269  0  0.177533  -0.979491  12096.9  1.98698  -0.000220356  1
270  0  0.928576  -0.772251  12104  1.99304  -0.0292781  1
271  0  -0.780018  0.841187  11931.3  2.01513  0.0595931  1
272  0  0.0489453  1.02695  11808.3  2.06841  0.053558  1
273  0  1.03194  0.936884  11857.5  2.03733  -0.0666235  1
274  0  -0.263627  0.561424  11890.9  2.04101  0.118434  1
275  0  0.19978  0.582694  11616.8  2.16772  0.0929438  1
276  0  0.697901  0.589175  11658.2  2.1394  -0.0958457  1
277  0  -0.358218  0.167057  12097.5  1.94852  0.120838  1
278  0  0.451011  -0.541999  12119.5  1.97622  -0.00851226  1
279  0  -0.0234345  -0.483447  12111.4  1.97189  -0.00382261  1
280  0  0.790572  -0.362917  12161.5  1.96235  -0.0300911  1
281  0  1.05061  0.373678  11868.7  2.0265  -0.189916  1
282  0  -0.208294  -0.226198  12179.5  1.93006  0.00809371  1
283  0  0.449019  0.417211  11355.9  2.28512  -0.0326092  1
284  0  0.0108083  0.353694  11723.6  2.11143  0.23835  1
285  0  0.224829  -0.310292  12086  1.98933  -0.00208238  1
286  0  0.470763  -0.255133  12143.2  1.9649  0.00732366  1
287  0  0.227699  0.335565  11295  2.30917  0.195006  1
288  0  0.670938  0.320372  11435.6  2.23405  -0.224101  1
289  0  0.896992  0.247101  11766.9  2.05911  -0.276018  1
290  0  0.658352  -0.174567  12205.7  1.93423  -0.00965762  1
291  0  0.850081  -0.179202  12208.2  1.93964  -0.0451377  1
292  0  1.28013  -0.386667  12110.1  1.99593  -0.0719205  1
293  0  0.0405972  -0.213479  12069.8  1.98628  -0.0414964  1
294  0  -0.0755315  0.18809  12065.8  1.94424  0.309423  1
295  0  0.365733  0.277745  10995.4  2.44558  0.0530104  1
296  0  0.505513  0.281636  11098.8  2.39918  -0.125697  1
297  0  0.339223  -0.152118  12101.3  1.9723  0.030652  1
298  0  0.206389  -0.144125  12013.7  2.01268  0.0160839  1
299  0  1.01884  0.158812  11949.5  2.02934  -0.28217  1
300  0  1.46686  0.0362107  12036.6  1.85515  -0.127794  1
301  0  0.139286  0.235247  11320  2.2869  0.372735  1
302  0  -0.832435  -0.212824  12072.5  1.98177  0.0409983  1
303  0  0.0427198  0.178596  11732.9  2.08747  0.483356  1
304  0  0.978498  -0.134323  12201.3  1.95751  -0.0692364  1
305  0  0.447141  -0.111713  12162.7  1.96741  0.029738  1
306  0  0.554239  -0.097729  12209.1  1.95542  0.0152655  1
307  0  0.244836  0.224632  10959.4  2.44975  0.272397  1
308  0  -0.110852  0.0650043  12440.2  1.74382  0.185662  1
309  0  0.751295  0.210171  11529.9  2.19597  -0.333076  1
310  0  0.850392  0.147881  11757.5  2.18465  -0.377347  1
311  0  0.118763  -0.115959  11929.2  2.05438  -0.0242088  1
312  0  0.00837309  -0.124643  12069  1.98157  -0.106877  1
313  0  0.746365  -0.108949  12241.9  1.94045  -0.0275704  1
314  0  0.604205  0.221269  11155.1  2.36571  -0.284042  1
315  0  -0.132681  -0.0671381  12344.1  1.83012  -0.0118796  1
316  0  0.643353  -0.0806926  12243.7  1.94349  -0.000516016  1
317  0  0.827529  -0.0781689  12258.3  1.94244  -0.0500826  1
318  0  -0.0237611  0.117871  12226.7  1.81554  0.456731  1
319  0  0.441478  0.223909  10814.7  2.4987  -0.0730137  1
320  0  0.326669  0.205297  10712.6  2.53535  0.146013  1
321  0  0.269227  -0.0939974  12044.9  2.03827  0.0464304  1
322  0  0.923092  0.103998  11880.8  2.0668  -0.369402  1
323  0  1.00315  0.0945788  12013.2  2.0159  -0.334137  1
324  0  -0.437809  -0.590615  12103.5  1.97317  0.0186044  1
325  0  -0.874952  0.367766  12003  1.99442  0.0596458  1
326  0  0.380922  -0.0745342  12129.1  2.01488  0.0524094  1
327  0  0.507881  0.194706  10821.9  2.583  -0.208064  1
328  0  -0.324675  -1.09794  12090.1  1.98743  0.0119271  1
329  0  1.24227  -0.0859914  12153.6  1.82345  -0.0943511  1
330  0  0.670731  0.164932  11288.8  2.40235  -0.405767  1
331  0  -0.391655  1.05709  11872.7  2.03652  0.0611648  1
332  0  0.405892  0.839015  11713.9  2.1164  0.0122769  1
333  0  0.732539  0.138284  11486.7  2.30884  -0.430795  1
334  0  0.902506  -0.0683287  12228.5  1.90847  -0.0641661  1
335  0  0.14372  0.165633  11118.2  2.33125  0.514722  1
336  0  0.72298  -1.43501  12077.9  2.00525  -0.00455472  1
337  0  -1.36715  -0.58161  12056.9  1.99447  0.0229971  1
338  0  -1.35648  0.0118898  12025.7  1.99605  0.0322976  1
339  0  -1.31512  0.642934  11971.2  2.00266  0.0370825  1
340  0  0.964751  -0.0732291  12210.1  1.9239  -0.0695765  1
341  0  0.204522  0.17364  10869.2  2.45875  0.412285  1
342  0  0.182525  -0.0787089  11953.3  2.09739  0.0335963  1
343  0  0.488399  -0.0594902  12187.2  1.94758  0.0397294  1
344  0  -1.36932  1.30591  11925.7  2.00495  0.02702  1
345  0  -1.3149  -1.29245  12070.6  1.99695  0.0152624  1
346  0  0.493701  1.44906  11848.8  2.03727  0.0115846  1
347  0  1.06904  -0.0841446  12219.1  1.89537  -0.0671339  1
348  0  1.16422  0.032502  12148.5  1.7128  -0.159804  1
349  0  1.25427  0.24834  11985.9  1.96918  -0.171518  1
350  0  1.50099  0.70642  11962.4  1.97402  -0.0991424  1
351  0  0.702687  -0.0506039  12264.7  1.86434  -0.0144754  1
352  0  0.236175  -0.531393  12107  1.9789  -0.00484089  1
353  0  1.34453  -1.29883  12057.4  2.02115  -0.016918  1
354  0  -0.165952  0.346505  11938.6  2.01594  0.184264  1
355  0  -0.0235351  0.57543  11759.9  2.10018  0.131039  1
356  0  -0.76223  1.39623  11892.9  2.01874  0.0409857  1
357  0  -0.776264  -1.42586  12079.2  1.99387  0.0145397  1
358  0  0.961934  -0.320914  12162.6  1.96388  -0.0500336  1
359  0  0.630931  -0.362458  12154.8  1.96274  -0.0140072  1
360  0  0.696009  -0.601622  12124.6  1.97784  -0.0202184  1
361  0  0.390785  0.184787  10564.3  2.70901  0.016669  1
362  0  0.791909  0.115104  11667.6  2.15952  -0.422178  1
363  0  0.0985664  0.125259  11305.2  2.27945  0.70395  1
364  0  0.0698313  -0.0735958  11753.3  2.16006  -0.0826214  1
365  0  -0.169941  1.4912  11855.8  2.03448  0.0411348  1
366  0  0.313113  -0.0545512  12061.1  2.00065  0.0656375  1
367  0  0.275874  0.175426  10629.1  2.6217  0.278925  1
368  0  -0.513991  -0.103846  12116.7  1.95402  0.0548277  1
369  0  0.768489  -0.0480132  12281.6  1.84395  -0.0319414  1
370  0  0.595861  -0.0428024  12242.1  1.82544  0.0155249  1
371  0  0.0201656  -0.0629009  11842.4  2.08233  -0.263038  1
372  0  -0.0305537  -0.0362698  12472.8  1.69653  -0.301617  1
373  0  0.0469936  0.107531  11813.9  1.93997  0.726883  1
374  0  0.420678  -0.0405901  12155  1.88125  0.0596874  1
375  0  -0.160548  -0.791086  12101.1  1.97991  0.00769809  1
376  0  -0.0587078  0.0400207  12705.4  1.56444  0.214159  1
377  0  -0.55451  0.436239  11977.5  2.00209  0.0906794  1
378  0  0.137139  -0.0603554  11826.3  2.13153  0.0176001  1
379  0  0.225271  -0.055198  11973.7  2.0511  0.054309  1
380  0  -0.28311  0.00298825  12213.7  1.89315  0.0853867  1
381  0  0.00882263  -1.50621  12084.9  1.99502  0.00719632  1
382  0  0.550228  0.159748  10784.6  2.63901  -0.326288  1
383  0  0.452161  -0.814957  12105.4  1.98561  -0.00929863  1
384  0  0.626048  0.150109  11080.9  2.46736  -0.421523  1
385  0  0.527063  -0.0339655  12239.1  1.78923  0.0361138  1
386  0  0.874384  0.0811775  11838.8  1.79178  -0.35351  1
387  0  0.348392  -0.291845  12109.2  1.97992  0.00610384  1
388  0  0.956776  0.0610232  11970.3  1.6516  -0.30967  1
389  0  0.811426  -0.0321625  12277.1  1.68215  -0.042933  1
390  0  0.81845  0.443607  11672.8  2.12744  -0.169713  1
391  0  0.858673  -0.030836  12267.6  1.67957  -0.0509564  1
392  0  1.41021  -0.829881  12068.2  2.0171  -0.0400289  1
393  0  0.124073  0.435968  11574.4  2.18814  0.176681  1
394  0  1.11276  -0.230695  12153.8  1.97372  -0.0709665  1
395  0  0.460073  0.173019  10537.8  2.74977  -0.136653  1
396  0  -0.161126  0.814943  11832  2.06241  0.0852417  1
397  0  0.41566  0.651895  11613.1  2.16643  0.00711239  1
398  0  1.42755  1.41559  11951  1.98305  -0.0342683  1
399  0  0.833038  0.0839742  11756.4  1.77149  -0.356115  1
400  0  0.666462  -0.0306253  12273.7  1.71495  -0.000739873  1
401  0  0.104061  0.779175  11743.7  2.10401  0.0719214  1
402  0  0.306432  0.460154  11432.5  2.25406  0.0783053  1
403  0  0.9134  0.062385  11888.8  1.55563  -0.306155  1
404  0  0.0865935  -0.363941  12097.4  1.98069  -0.0117015  1
405  0  -0.462888  0.724831  11907.1  2.02917  0.0828371  1
406  0  -0.222763  -0.464941  12122.9  1.96346  0.00802639  1
407  0  -0.0136399  0.0583397  12683.5  1.51156  0.516662  1
408  0  0.336665  0.170516  10523.9  2.75494  0.171209  1
409  0  0.560689  -0.199515  12177.3  1.94414  0.00493568  1
410  0  -0.00101033  -0.725167  12103.8  1.97938  0.00218888  1
411  0  0.356068  -0.0400407  12121.1  1.91262  0.0672562  1
412  0  1.61351  0.395307  12004.4  1.9547  -0.120973  1
413  0  0.268669  -0.045695  12031.6  1.98887  0.0640191  1
414  0  0.256625  -0.218954  12071.9  1.99452  0.0101222  1
415  0  0.995876  0.684693  11825.4  2.0541  -0.107842  1
416  0  0.0527903  0.268072  11655.9  2.13794  0.338186  1
417  0  0.127369  0.33802  11499.4  2.21327  0.24573  1
418  0  0.141105  -0.204222  12039.9  2.00574  -0.0122013  1
419  0  0.690787  0.24134  11413.3  2.23294  -0.29817  1
420  0  0.952619  1.46495  11892  2.01323  -0.0142644  1
421  0  -0.627643  0.14867  12054  1.97421  0.0750345  1
422  0  0.165079  0.137234  10880.9  2.5404  0.590434  1
423  0  0.776616  -0.207139  12203.4  1.93785  -0.0314356  1
424  0  0.290274  0.27808  11070.2  2.41292  0.165178  1
425  0  0.322456  0.373209  11279.9  2.32054  0.088748  1
426  0  -0.750904  -0.529924  12086.3  1.97926  0.0282854  1
427  0  0.682508  0.124218  11321.7  2.21711  -0.438354  1
428  0  0.773149  0.327702  11599.2  2.15729  -0.23136  1
429  0  -0.0706383  -0.312719  12131.3  1.96093  -0.0169323  1
430  0  0.436961  0.302085  11087.7  2.40704  -0.034967  1
431  0  -0.382815  -1.52271  12082.9  1.99362  0.0118505  1
432  0  0.301062  -0.443212  12108.5  1.97895  -0.00384173  1
433  0  -0.477834  -0.35155  12113.9  1.96339  0.0291817  1
434  0  -0.215261  0.162339  12140.5  1.92323  0.171404  1
435  0  0.747461  0.932297  11793.3  2.07279  -0.0412047  1
436  0  -0.0963596  -0.212898  12163.7  1.93608  -0.032219  1
437  0  0.46812  -0.032429  12194.6  1.8041  0.0530969  1
438  0  0.539255  0.384884  11347.1  2.28649  -0.0970507  1
439  0  0.228419  0.152994  10664.4  2.64947  0.433262  1
440  0  0.997  0.0475694  12043.4  1.46046  -0.318084  1
441  0  0.971988  -0.564816  12122.5  1.98313  -0.0383678  1
442  0  0.420844  -0.191737  12136.2  1.96228  0.0185284  1
443  0  0.277873  -0.159831  12068.8  1.98962  0.0250168  1
444  0  0.722998  -0.0255079  12281.3  1.64501  -0.0157736  1
445  0  1.65772  -0.342345  12053.2  2.02945  -0.0732598  1
446  0  0.687491  -0.111057  12236.1  1.93921  -0.0138841  1
447  0  0.452712  -0.383724  12129.1  1.97199  -0.00293378  1
448  0  0.421874  -1.18722  12090.9  1.99414  -0.00376659  1
449  0  0.731852  -1.02134  12092.4  1.9964  -0.0137887  1
450  0  0.270974  -0.818536  12103.2  1.98403  -0.00418825  1
451  0  0.742367  0.103972  11519.8  1.97074  -0.415351  1
452  0  0.198387  0.277314  11234.6  2.33512  0.262958  1
453  0  0.331327  -0.107773  12093.4  1.99635  0.0409273  1
454  0  0.546269  0.565824  11573.6  2.18466  -0.0502452  1
455  0  0.921314  -0.0306857  12235.7  1.6756  -0.0675268  1
456  0  -1.16226  -0.895626  12069.1  1.9935  0.0198307  1
457  0  0.180678  -0.0468639  11926.7  2.06806  0.0488081  1
458  0  0.504263  0.158257  10638.3  2.69568  -0.245804  1
459  0  0.506842  -0.15183  12174.5  1.94287  0.0160858  1
460  0  0.921659  0.187567  11833.7  2.06513  -0.307821  1
461  0  0.9578  0.296026  11815.8  2.04487  -0.23435  1
462  0  0.604035  -0.135889  12209.4  1.93817  0.00248448  1
463  0  0.42535  1.19421  11813.5  2.05994  0.0124828  1
464  0  -1.62561  -0.946213  12060  1.99835  0.0159867  1
465  0  -1.12343  -0.449419  12060.7  1.99079  0.0283741  1
466  0  0.412014  0.163015  10494.6  2.77298  -0.0318062  1
467  0  0.017451  0.0827138  12238.9  1.72179  0.701506  1
468  0  -0.0952019  0.460245  11827  2.06937  0.167561  1
469  0  -1.04451  0.490579  11984.5  2.00072  0.0503238  1
470  0  -1.18045  1.0113  11938.3  2.00682  0.0381311  1
471  0  -1.67334  1.0126  11948.7  2.00117  0.0213921  1
472  0  -1.05395  -0.00826727  12039.7  1.98991  0.0425148  1
473  0  -0.524151  -0.900142  12089.6  1.98487  0.0165489  1
474  0  0.30584  0.16176  10494.4  2.78485  0.238709  1
475  0  0.254794  0.713081  11672.9  2.138  0.0535078  1
476  0  0.0904103  -0.0504675  11773.2  2.15666  -0.0285502  1
477  0  0.982468  -0.0385949  12193.9  1.75231  -0.0597506  1
478  0  0.398494  -0.136247  12135.9  1.96041  0.0310814  1
479  0  -0.0941844  0.300433  11919.1  2.02246  0.238149  1
480  0  0.0762975  1.37699  11839.7  2.04391  0.0370129  1
481  0  0.575021  -0.0161184  12247.5  1.43525  0.0256771  1
482  0  0.617105  -0.0188184  12261  1.44386  0.00849227  1
483  0  -0.366233  0.443851  11959  2.01172  0.118188  1
484  0  0.388845  -0.034458  12151  1.87241  0.0688447  1
485  0  1.05707  -1.59619  12064.5  2.01332  -0.00477188  1
486  0  -0.126144  1.20509  11842.3  2.04745  0.0495275  1
487  0  0.569154  0.220553  11063.1  2.4024  -0.251152  1
488  0  0.590846  0.284393  11233.9  2.3291  -0.20202  1
489  0  1.33863  0.467822  11949.1  1.98072  -0.13786  1
490  0  0.701105  -0.30612  12172.5  1.95522  -0.0200904  1
491  0  0.129351  0.134219  11112.8  2.39941  0.641029  1
492  0  0.498142  -0.0291482  12214.5  1.78235  0.0466685  1
493  0  0.400451  -1.4297  12083.6  1.99891  0.000464551  1
494  0  -0.150753  -0.623773  12109  1.97338  0.00592872  1
495  0  0.88235  -0.121515  12223.6  1.94985  -0.0585225  1
496  0  -0.116838  -1.06561  12093  1.98695  0.00756915  1
497  0  1.11378  -1.09567  12076.2  2.00952  -0.0216769  1
498  0  -0.437231  1.31703  11872.2  2.0302  0.0481394  1
499  0  0.695762  -0.023325  12281.7  1.63629  -0.00568832  1
500  0  -1.2749  0.34008  11999.9  1.99707  0.0388122  1
501  0  -1.55847  0.341885  11997.2  1.99826  0.0273259  1
502  0  -0.0266225  0.0244818  13058.4  1.25855  0.191447  1
503  0  0.0462265  -0.0454915  11575.3  2.10338  -0.176543  1
504  0  0.594878  0.132214  10847.7  2.15882  -0.373679  1
505  0  0.0838772  0.202387  11518.3  2.19216  0.458262  1
506  0  0.635877  0.122036  11101.8  1.93486  -0.379134  1
507  0  0.17398  -0.426288  12100.5  1.98058  -0.00590125  1
508  0  0.589066  0.746124  11691.8  2.12562  -0.0365053  1
509  0  -0.00435672  0.222622  11848  2.04471  0.364546  1
510  0  0.0783783  0.102038  11343.9  2.10387  0.818739  1
511  0  0.783786  0.0808818  11690.4  1.38347  -0.308655  1
512  0  -0.658921  -1.12506  12083.2  1.98999  0.0158553  1
513  0  0.65771  0.474022  11555.1  2.18752  -0.122269  1
514  0  1.07447  0.0269841  12194.7  1.4593  -0.180943  1
515  0  -0.654158  1.09158  11899.4  2.02253  0.0537443  1
516  0  0.769524  -0.0158231  12296.3  1.39091  -0.021261  1
517  0  -0.0540758  -0.00433726  12770.3  1.50677  -0.0648125  1
518  0  1.39303  1.03492  11934.1  1.99334  -0.064099  1
519  0  0.185001  0.235229  11179.1  2.35195  0.335227  1
520  0  0.712521  0.116467  11420.6  2.14412  -0.436037  1
521  0  -1.62894  -0.278156  12036.8  1.99976  0.0217241  1
522  0  -0.795666  0.550011  11971.1  2.00428  0.0660167  1
523  0  -1.11474  -1.60237  12074.5  1.99638  0.0139296  1
524  0  0.196756  0.146967  10747.5  2.59837  0.51078  1
525  0  0.787274  -0.143384  12227.2  1.93405  -0.0360452  1
526  0  0.219946  1.68074  11855.9  2.03118  0.0306911  1
527  0  1.52888  -0.597104  12065.7  2.02185  -0.0550423  1
528  0  0.222659  -0.090786  11998  2.05906  0.0384193  1
529  0  0.887729  -0.0358425  12243.2  1.72758  -0.0604965  1
530  0  1.22975  -0.600843  12097.2  1.99973  -0.0485002  1
531  0  0.0159002  0.446698  11716  2.12105  0.183203  1
532  0  0.654387  1.1865  11825.5  2.05376  -0.0110191  1
533  0  -0.352144  -0.162095  12160.9  1.93547  0.0369548  1
534  0  0.216888  0.438058  11481.6  2.23223  0.135079  1
535  0  0.367418  0.225247  10796.3  2.51766  0.0573417  1
536  0  -0.0587403  -0.111688  12221.4  1.89875  -0.0891335  1
537  0  -1.61953  -1.61716  12068.9  1.99885  0.0130192  1
538  0  0.365989  0.157885  10344.4  2.64407  0.0995255  1
539  0  0.560229  -0.0514489  12227.8  1.88688  0.0229926  1
540  0  0.924242  0.3892  11768.8  2.07997  -0.196867  1
541  0  0.823271  -0.276437  12182.8  1.95066  -0.0370755  1
542  0  0.246054  -0.0322031  11994.7  1.74183  0.0609839  1
543  0  0.289157  -0.0313029  12056  1.70804  0.0638953  1
544  0  0.588918  0.173649  10966.1  2.5336  -0.345945  1
545  0  -1.07754  1.6282  11896.2  2.01378  0.0283526  1
546  0  0.170767  0.196765  11101.6  2.36808  0.419569  1
547  0  0.333324  -0.0259226  12097.7  1.62697  0.0545643  1
548  0  1.08574  0.114505  12046  1.96254  -0.254846  1
549  0  0.0680911  -0.118174  11953.7  2.04486  -0.068345  1
550  0  1.04928  -0.0272176  12225.2  1.46352  -0.0593996  1
551  0  -0.433597  0.0413687  12126.4  1.94021  0.0832036  1
552  0  1.13896  0.243518  11973.4  1.98124  -0.203382  1
553  0  0.929877  -0.102626  12218.1  1.9516  -0.0654329  1
554  0  0.102444  0.532339  11656.7  2.14997  0.134442  1
555  0  0.922507  -0.171511  12200.7  1.9491  -0.0578599  1
556  0  0.951517  -0.0383752  12218.5  1.74835  -0.0680703  1
557  0  0.190013  -1.25835  12090  1.99246  0.0017979  1
558  0  -0.50994  1.6662  11868.6  2.02573  0.0380811  1
559  0  0.451534  -0.0657235  12166.8  1.97291  0.04176  1
560  0  0.279242  0.147184  10373.9  2.62867  0.312374  1
561  0  1.65293  -1.07476  12044.4  2.03261  -0.0300573  1
562  0  0.846213  0.0605866  11804.5  1.06269  -0.238304  1
563  0  0.163752  -0.123682  11974.5  2.02963  0.00174953  1
564  0  0.835271  -0.0164444  12275.2  1.37983  -0.0428655  1
565  0  0.560905  -0.309798  12155.8  1.96099  -0.00530344  1
566  0  0.241412  0.187313  10787.5  2.49647  0.324507  1
567  0  0.802311  0.165457  11646.7  2.20724  -0.374813  1
568  0  0.888107  0.0495343  11866.4  0.981761  -0.205856  1
569  0  1.59683  -1.59683  12039.9  2.03144  -0.00774064  1
570  0  0.605141  -0.0816524  12227.4  1.94562  0.00828883  1
571  0  0.930208  0.0396597  11936.9  0.924143  -0.188363  1
572  0  -0.0522685  0.0826847  12468.4  1.6837  0.363571  1
573  0  -0.988837  -1.09923  12075  1.99307  0.0175501  1
574  0  -0.174325  -0.0023126  12343  1.81965  0.0778219  1
575  0  -0.240773  -0.092621  12232.5  1.89224  0.0351364  1
576  0  0.377714  0.339667  11184.1  2.36548  0.0376185  1
577  0  -1.61777  1.61236  11917.7  2.00364  0.0172215  1
578  0  0.108033  -0.303904  12082.8  1.98896  -0.0143013  1
579  0  0.189639  0.918297  11761.2  2.09347  0.0455279  1
580  0  0.972393  0.0303675  11997.6  0.902433  -0.191997  1
581  0  0.0179092  -0.0343913  11492.9  2.0723  -0.459246  1
582  0  0.442909  -0.0184187  12175.7  1.4822  0.0417025  1
583  0  -0.71325  -0.0452798  12074.5  1.97352  0.0539741  1
584  0  0.524762  0.14231  10621  2.34793  -0.272371  1
585  0  0.48062  0.147985  10463.6  2.45454  -0.180702  1
586  0  0.960759  0.143467  11912  2.08537  -0.325154  1
587  0  0.584124  -0.498744  12132.4  1.97198  -0.0133449  1
588  0  0.534949  -0.662034  12116.3  1.98021  -0.0124853  1
589  0  0.706032  -0.812451  12106.6  1.98855  -0.0176394  1
590  0  0.50764  -0.104179  12189.8  1.9601  0.023745  1
591  0  0.158193  -0.035003  11854.3  1.85631  0.0407291  1
592  0  0.201627  -0.0324748  11954.7  1.77934  0.0587393  1
593  0  1.09081  -0.374658  12138.1  1.97708  -0.0558073  1
594  0  -0.917461  -0.651299  12076.3  1.98632  0.0247403  1
595  0  0.199146  -0.199749  12044.9  2.00457  0.00211703  1
596  0  0.336965  -0.634564  12110.1  1.98013  -0.00661654  1
597  0  -0.919446  1.08711  11920.1  2.01328  0.0459885  1
598  0  0.283254  0.210586  10802  2.4975  0.222481  1
599  0  -0.452083  0.285431  12029.5  1.97892  0.107291  1
600  0  1.22744  0.747384  11901.7  2.01149  -0.101158  1
601  0  1.40468  -0.233003  12085.1  1.99766  -0.0870137  1
602  0  0.435239  0.150531  10413.6  2.51235  -0.0835344  1
603  0  0.41372  0.511196  11478.1  2.23313  0.00516887  1
604  0  0.306021  0.569749  11560.1  2.19468  0.0554293  1
605  0  -0.146954  0.663176  11830.5  2.06639  0.109749  1
606  0  -0.292202  0.699989  11877.5  2.04326  0.0953848  1
607  0  -0.0906169  0.125708  12264.8  1.83624  0.3  1
608  0  0.790927  -0.0936969  12248.9  1.9454  -0.0404513  1
609  0  0.957831  0.508209  11791.9  2.06871  -0.153636  1
610  0  1.127  0.524654  11880.7  2.02346  -0.142499  1
611  0  -0.621086  -0.698162  12090.4  1.98038  0.0216427  1
612  0  0.417993  -0.0850306  12151.4  1.99218  0.0412214  1
613  0  1.00649  -0.227043  12173.2  1.96014  -0.0617353  1
614  0  0.247343  0.275232  11120.6  2.38631  0.220199  1
615  0  -1.19598  -0.205582  12045.4  1.99453  0.033099  1
616  0  0.060677  0.0850955  11614  1.93417  0.899839  1
617  0  0.813111  0.240591  11650.8  2.12291  -0.294496  1
618  0  0.645596  -1.70115  12073.8  2.0057  0.00214754  1
619  0  -0.14651  -1.27653  12088.2  1.99103  0.00848054  1
620  0  0.0167811  0.140847  11928.4  1.96128  0.546419  1
621  0  0.0952519  -0.504886  12105.7  1.97701  -0.00444442  1
622  0  0.103408  0.102791  11086.1  2.20869  0.79822  1
623  0  0.733885  1.63302  11881.5  2.01731  0.00567324  1
624  0  -0.424448  0.576445  11929  2.02255  0.098134  1
625  0  0.360679  -0.214351  12111.5  1.97642  0.0170677  1
626  0  0.113496  -0.0367237  11768.9  1.94087  0.0138328  1
627  0  0.0415482  0.07405  11920.8  1.7814  0.885708  1
628  0  0.548928  -0.0153763  12241.2  1.4201  0.0380155  1
629  0  0.642236  -0.0131973  12268.5  1.36716  -0.00344495  1
630  0  0.595465  -0.0112071  12265.2  1.31395  0.0217557  1
631  0  -0.644481  -0.269384  12095  1.97189  0.0385616  1
632  0  0.34579  -0.0713394  12100.6  2.02596  0.0564282  1
633  0  0.255493  0.139967  10483  2.56608  0.384529  1
634  0  0.568385  0.137325  10772.5  2.23159  -0.342815  1
635  0  -0.303304  -0.696593  12103.3  1.97601  0.0125659  1
636  0  -0.151476  0.235308  12038.6  1.96435  0.228336  1
637  0  0.0702113  -0.0369663  11561.8  2.02705  -0.0486848  1
638  0  0.614416  0.121714  10974.6  1.90195  -0.367352  1
639  0  1.31478  0.0450978  12089.2  1.82191  -0.139047  1
640  0  0.391432  0.149549  10279.8  2.52127  0.0247375  1
641  0  -1.62656  -0.594119  12050.4  1.99783  0.0186259  1
642  0  0.706401  -0.450684  12144  1.96851  -0.0218423  1
643  0  0.656595  0.111249  11227.8  1.74383  -0.353707  1
644  0  0.746966  -0.00908507  12296.2  1.2578  -0.0110623  1
645  0  0.791528  -0.00980632  12297.9  1.26895  -0.0281774  1
646  0  0.761202  0.0802206  11582.4  1.2377  -0.299837  1
647  0  0.803123  0.0680009  11723.5  1.0961  -0.224623  1
648  0  1.70526  0.945384  11983.8  1.96139  -0.0697205  1
649  0  -0.654276  -1.72274  12079.9  1.99501  0.0130533  1
650  0  0.311089  -0.0232978  12049.9  1.53225  0.0610315  1
651  0  0.1244  0.66095  11703.3  2.12502  0.0937219  1
652  0  -0.272521  0.25839  12047.2  1.96555  0.156036  1
653  0  0.484774  0.237384  10913.5  2.45671  -0.133226  1
654  0  0.457687  0.144801  10369.4  2.35924  -0.133258  1
655  0  -0.323394  -0.321924  12138.9  1.95285  0.0194372  1
656  0  1.70476  0.116925  12027.4  1.93225  -0.127692  1
657  0  0.223548  -0.0269514  11965.1  1.62944  0.0650138  1
658  0  0.420399  -0.0152837  12156.9  1.33524  0.0645524  1
659  0  0.546604  0.135028  10646.3  2.14072  -0.304564  1
660  0  0.13575  -0.0319926  11786.3  1.80107  0.0372267  1
661  0  -1.65341  -1.25947  12065.6  1.99884  0.0142781  1
662  0  -0.103385  -0.416411  12122.1  1.96449  -0.0033109  1
663  0  0.618028  -0.245827  12177  1.94964  -0.00773158  1
664  0  0.497107  0.342675  11233.2  2.34126  -0.078705  1
665  0  -1.65864  0.677777  11972.4  2.00117  0.0238693  1
666  0  0.529599  -0.0100566  12244.2  1.24203  0.0584313  1
667  0  0.726695  -0.162256  12219  1.93179  -0.0231713  1
668  0  0.661508  -0.00603992  12275.5  1.16081  -0.00824633  1
669  0  -0.100784  -0.00334118  12535.6  1.69947  0.0398262  1
670  0  1.01416  -0.0772659  12179.9  1.89229  -0.0698378  1
671  0  -0.0153775  -0.0799864  12155.4  1.9522  -0.203152  1
672  0  0.409578  0.250265  10899.2  2.47957  -0.0105181  1
673  0  -0.00565671  -0.0224704  12207  1.68116  -0.636314  1
674  0  -0.0207356  -0.00351948  12988.8  1.21069  -0.327301  1
675  0  0.81338  -0.00870606  12296.1  1.19171  -0.0257866  1
676  0  0.884317  0.123926  11829.9  2.16319  -0.379928  1
677  0  1.25788  1.65723  11939.2  1.98771  -0.013328  1
678  0  0.375428  0.415058  11339.8  2.29411  0.0322124  1
679  0  0.711366  0.182012  11424  2.29656  -0.375854  1
680  0  0.865882  0.049896  11832.5  0.888324  -0.201842  1
681  0  0.737092  -0.0530321  12271.3  1.88219  -0.0227644  1
682  0  -0.139988  -1.74343  12082.3  1.99596  0.0107078  1
683  0  0.907695  0.0382822  11887.6  0.770212  -0.163148  1
684  0  -0.0124203  -0.920483  12098.3  1.98401  0.00411857  1
685  0  0.823855  0.0592322  11748.7  0.878302  -0.221633  1
686  0  0.219147  -1.73008  12080  1.99924  0.0072348  1
687  0  0.950355  0.0303828  11950.4  0.798096  -0.174272  1
688  0  0.279546  0.324442  11208.8  2.35037  0.149212  1
689  0  -0.0205149  0.731874  11779.5  2.08833  0.0939093  1
690  0  0.523454  -0.0673529  12212.5  1.94702  0.0274886  1
691  0  1.05372  -0.146049  12186.9  1.96357  -0.0722957  1
692  0  1.16449  1.25185  11905.4  2.00926  -0.0381383  1
693  0  1.14795  -0.883454  12085.1  2.00517  -0.0309673  1
694  0  0.10743  0.282259  11490.4  2.21564  0.31924  1
695  0  -0.18488  0.0898885  12263.8  1.85701  0.164604  1
696  0  1.76437  0.631909  12001  1.94564  -0.0937503  1
697  0  1.2031  0.12495  12080.8  1.95323  -0.19246  1
698  0  0.675342  -0.0671723  12258.9  1.92622  -0.00929075  1
699  0  -0.00245856  0.878853  11793.5  2.07879  0.0701493  1
700  0  -0.561129  -0.484551  12100.3  1.97261  0.0260924  1
701  0  0.0710259  0.382239  11629.7  2.15678  0.22314  1
702  0  0.323568  0.14557  10403.3  2.53889  0.183129  1
703  0  1.66442  1.65894  11985.7  1.96602  -0.0202027  1
704  0  0.819893  -0.509217  12136.7  1.97378  -0.0297026  1
705  0  0.107636  -0.0774437  11853.8  2.12916  -0.0235009  1
706  0  -0.028712  0.165764  12036.5  1.94909  0.410263  1
707  0  0.1489  0.115748  10802  2.37717  0.655973  1
708  0  0.097465  0.165137  11400.9  2.20384  0.539697  1
709  0  0.267319  -0.0239005  12028.8  1.54235  0.0613775  1
710  0  0.632236  -0.0457786  12255.3  1.86043  0.00399778  1
711  0  0.176169  0.164048  10942.2  2.41587  0.48091  1
712  0  0.345378  0.146808  10376.2  2.51649  0.136499  1
713  0  -0.155996  0.974285  11836.8  2.05589  0.0668969  1
714  0  -0.842272  0.136496  12037.3  1.98379  0.0570484  1
715  0  -1.69089  0.0210586  12018.9  1.99928  0.0205593  1
716  0  0.354768  -0.0178607  12111.2  1.38351  0.053497  1
717  0  0.722903  0.39225  11543.7  2.19198  -0.181592  1
718  0  0.430818  0.188317  10623.7  2.68335  -0.0659988  1
719  0  0.0191124  0.0571614  12445.1  1.49981  0.823959  1
720  0  0.296132  -0.120631  12070.1  1.98759  0.0377564  1
721  0  0.183785  0.378715  11441.2  2.24462  0.185645  1
722  0  -0.324234  -0.860947  12095.8  1.98225  0.0125709  1
723  0  -1.04868  -1.35498  12074.8  1.99528  0.015523  1
724  0  -0.136393  0.550075  11840.8  2.06514  0.135143  1
725  0  0.557735  -0.148605  12192.1  1.93959  0.00995335  1
726  0  0.633017  0.195458  11184.3  2.39153  -0.346302  1
727  0  0.857321  -0.00925473  12270.9  1.18286  -0.0418488  1
728  0  0.0301041  -0.295395  12097  1.97987  -0.0222967  1
729  0  0.457644  -0.156321  12157  1.94864  0.0227645  1
730  0  1.67695  -0.775429  12045.5  2.03175  -0.0460966  1
731  0  0.000850998  0.0355345  13017.7  1.13213  0.568128  1
732  0  0.374882  -0.0172318  12128.8  1.41136  0.0517963  1
733  0  0.940887  -1.25809  12077.8  2.00662  -0.0129022  1
734  0  0.766234  0.132001  11577.7  2.26273  -0.42764  1
735  0  0.263652  -0.353718  12099.3  1.98342  -0.0012189  1
736  0  -0.0143  0.298714  11792.8  2.0761  0.281344  1
737  0  0.814958  0.744316  11756.9  2.08972  -0.0779517  1
738  0  0.0621113  0.138276  11606.5  2.07881  0.618304  1
739  0  0.104747  -0.162514  12004.9  2.01725  -0.0311193  1
740  0  -1.04984  1.31727  11913.8  2.01077  0.0361778  1
741  0  0.123804  0.109958  11004.1  2.30474  0.730506  1
742  0  0.2521  -0.128838  12039.5  2.0007  0.0311793  1
743  0  -0.477724  -1.28495  12084.7  1.99138  0.0130505  1
744  0  0.151786  -0.0889394  11915.6  2.08809  0.0106098  1
745  0  0.302904  0.140936  10319.5  2.48499  0.235711  1
746  0  0.474448  -0.092089  12175.3  1.9748  0.030503  1
747  0  0.915197  -0.420253  12147.9  1.97115  -0.0411297  1
748  0  0.676211  0.102321  11305.7  1.45437  -0.319596  1
749  0  0.213939  0.13039  10530.1  2.50403  0.478666  1
750  0  0.305304  -0.0876696  12074.2  2.0383  0.0479944  1
751  0  0.655887  0.135232  11212  2.36471  -0.44615  1
752  0  0.424802  -0.313071  12127.5  1.97248  0.00311278  1
753  0  0.853188  0.110796  11777.6  2.14565  -0.395221  1
754  0  -0.571278  0.875678  11905.7  2.02659  0.0680998  1
755  0  0.838257  0.583019  11732  2.09998  -0.120773  1
756  0  0.366688  -0.375418  12115.2  1.9773  -0.000648395  1
757  0  1.69656  1.2947  11982.6  1.96564  -0.0437167  1
758  0  -0.0162728  -0.177295  12117.4  1.95617  -0.0649379  1
759  0  0.32698  0.308537  11111.6  2.39538  0.105384  1
760  0  1.4137  0.20495  12025.6  1.97192  -0.148881  1
761  0  0.318894  0.250187  10919.4  2.47157  0.139435  1
762  0  0.992705  0.0206443  11996.8  0.732324  -0.155667  1
763  0  1.02226  0.0146657  12184  1.0288  -0.145477  1
764  0  0.484677  -0.0109561  12202.7  1.28682  0.0418917  1
765  0  0.170357  0.116742  10719.7  2.32395  0.581951  1
766  0  -0.219924  0.452634  11904.5  2.03511  0.146717  1
767  0  0.897381  1.19059  11855.5  2.03723  -0.0306426  1
768  0  0.534793  -0.376432  12141.2  1.9677  -0.00726809  1
769  0  0.862633  -0.0706168  12246.7  1.91515  -0.0575366  1
770  0  0.252799  0.16445  10607.2  2.66173  0.366089  1
771  0  1.03652  0.0596607  12124.4  1.71303  -0.312554  1
772  0  0.127068  0.200876  11312.1  2.27799  0.452408  1
773  0  0.252571  -0.0650646  12015.1  2.07924  0.056066  1
774  0  0.908966  -0.249191  12182.6  1.95127  -0.0487334  1
775  0  0.739856  0.268035  11522.1  2.18114  -0.274024  1
776  0  0.705979  -0.00565544  12296.4  1.17169  -0.00473323  1
777  0  -0.0134902  -0.384159  12111  1.97179  -0.0110724  1
778  0  1.18189  0.371602  11925.2  1.99399  -0.168475  1
779  0  0.0670193  0.325612  11631.1  2.1533  0.274527  1
780  0  -0.00429814  -0.588482  12108  1.97515  -0.000341619  1
781  0  0.398421  -0.0141121  12162.4  1.37501  0.0594443  1
782  0  0.490439  -0.202025  12158.6  1.95227  0.0121026  1
783  0  0.357506  0.188746  10588.4  2.65643  0.102483  1
784  0  -1.72318  1.3331  11931.3  2.001  0.0183255  1
785  0  -0.691188  0.320769  12012.3  1.98938  0.075462  1
786  0  0.366701  -0.997201  12097  1.9891  -0.00453302  1
787  0  0.53991  0.989437  11769.1  2.08611  -0.00803208  1
788  0  0.258679  0.38652  11357.2  2.28489  0.135702  1
789  0  1.12344  -0.043448  12204.9  1.64829  -0.0781843  1
790  0  -0.787427  1.67266  11880.9  2.02056  0.0333035  1
791  0  0.0508452  0.221833  11653.4  2.13057  0.406601  1
792  0  0.50767  -0.00847834  12237.6  1.27013  0.0435911  1
793  0  1.23732  -0.245787  12141.8  1.98904  -0.0853462  1
794  0  0.642788  -0.116994  12224  1.93931  -0.00319172  1
795  0  0.408571  -0.252371  12125.5  1.97214  0.0104845  1
796  0  -0.598135  0.667398  11938.9  2.01596  0.0770836  1
797  0  0.202552  -0.0608063  11961  2.09612  0.0448171  1
798  0  0.170322  -0.169929  12016.9  2.01415  -0.00465353  1
799  0  0.682408  -0.00546348  12277.6  1.19107  -0.00837696  1
800  0  0.18924  0.124701  10644.7  2.45455  0.546564  1
801  0  0.309377  -0.19849  12089.3  1.98507  0.0189011  1
802  0  0.719507  0.0903349  11459.4  1.33195  -0.287215  1
803  0  1.14055  -0.131255  12199.6  1.95658  -0.0816034  1
804  0  -0.152362  -0.146466  12231.9  1.89696  -0.0165991  1
805  0  0.178804  0.324779  11373.8  2.27249  0.236835  1
806  0  0.15115  -0.659491  12105.6  1.97969  -0.00273275  1
807  0  0.933993  -0.062649  12228.8  1.8962  -0.0686682  1
808  0  -0.382507  -0.465217  12116.1  1.9652  0.0192164  1
809  0  0.285355  -0.0643146  12053.2  2.06799  0.0579324  1
810  0  1.3268  -1.72792  12052  2.02054  -0.00414021  1
811  0  0.464283  -0.0099256  12198.1  1.22497  0.0417462  1
812  0  0.752749  0.165585  11525.9  2.26831  -0.389237  1
813  0  -0.0626339  0.371225  11819.3  2.06943  0.216488  1
814  0  -0.2  1.78402  11859.9  2.02783  0.0371726  1
815  0  0.864307  0.199055  11744.6  2.10267  -0.323017  1
816  0  0.902258  -0.012152  12250.2  1.25471  -0.0558858  1
817  0  0.308187  -0.240332  12094.2  1.98541  0.0107984  1
818  0  0.717768  -0.0779563  12254.6  1.94074  -0.0209433  1
819  0  -0.284923  0.100529  12168  1.91201  0.122352  1
820  0  0.638057  0.253242  11302.5  2.2841  -0.274975  1
821  0  0.695848  0.0984672  11368.3  1.48411  -0.31559  1
822  0  0.551266  -1.00061  12097  1.99152  -0.00956399  1
823  0  1.79274  -0.575398  12041.7  2.0392  -0.0587889  1
824  0  0.162064  -0.0619741  11901.6  2.12225  0.0310883  1
825  0  0.234647  0.131397  10531.2  2.44437  0.415741  1
826  0  0.156046  0.282141  11355.5  2.28019  0.298809  1
827  0  0.725889  -0.00381187  12289  1.09554  -0.000646878  1
828  0  0.877551  -0.0121037  12267.4  1.26361  -0.0491933  1
829  0  -0.175649  -0.331171  12142.3  1.95303  -0.00178443  1
830  0  1.30085  -1.03718  12067.4  2.01605  -0.0278274  1
831  0  0.305661  0.184717  10649.1  2.60401  0.204667  1
832  0  -0.00193924  -0.0472263  12126.3  1.90899  -0.345432  1
833  0  0.730015  1.40477  11859.9  2.0313  -0.00677907  1
834  0  0.501886  0.138501  10500.4  2.20588  -0.214842  1
835  0  0.236747  -0.176817  12049.5  2.00079  0.0160592  1
836  0  0.738298  0.0813948  11491.7  1.06731  -0.258291  1
837  0  -1.01068  0.781338  11952.3  2.00751  0.0494104  1
838  0  0.44581  -0.0392903  12177.5  1.89307  0.0579907  1
839  0  0.427246  0.363339  11242  2.33705  -0.014216  1
840  0  1.75002  -1.34925  12035.9  2.03638  -0.0166728  1
841  0  0.472123  0.201301  10752.5  2.5799  -0.136873  1
842  0  -0.881479  -0.395673  12074.2  1.98352  0.0325912  1
843  0  0.807133  0.0929969  11704.2  1.89636  -0.388765  1
844  0  0.342378  -0.524696  12113  1.97773  -0.0056559  1
845  0  0.484992  0.175054  10655.5  2.71924  -0.189703  1
846  0  1.57951  -0.10516  12041.9  1.91675  -0.0933499  1
847  0  -1.35958  1.72725  11905.2  2.00877  0.0198664  1
848  0  0.75023  -0.0319295  12286.7  1.71591  -0.022932  1
849  0  0.212035  0.208859  10992.8  2.42663  0.345798  1
850  0  0.788044  -0.0333876  12283.9  1.72162  -0.0337491  1
851  0  0.79809  -0.0601132  12265.2  1.90196  -0.0443265  1
852  0  0.040077  -0.0911029  11873.3  2.09371  -0.155882  1
853  0  0.398032  -0.0568348  12158.6  1.9899  0.0568803  1
854  0  0.922952  -0.00885604  12240.7  1.13813  -0.050776  1
855  0  0.539895  0.458137  11455.8  2.24003  -0.0742349  1
856  0  0.368333  -0.106924  12120.2  1.99116  0.0421204  1
857  0  -0.0740643  -0.0512841  12444.9  1.7737  -0.106524  1
858  0  0.408015  0.214505  10748.9  2.53894  -0.0191157  1
859  0  0.525582  0.169751  10752.1  2.6857  -0.272087  1
860  0  0.960246  0.0990834  11956  2.05993  -0.356711  1
861  0  0.117245  -0.820633  12101.6  1.98293  -0.000324609  1
862  0  -1.15964  -0.702063  12066.4  1.9919  0.0228601  1
863  0  0.606861  -0.186907  12192.1  1.93648  -0.000441109  1
864  0  0.96676  -0.0164724  12197.5  1.33697  -0.0578985  1
865  0  0.529506  1.75256  11871.5  2.021  0.020933  1
866  0  0.942205  -0.0143899  12226.9  1.28486  -0.0577635  1
867  0  -1.36424  -1.76637  12072  1.99788  0.0130035  1
868  0  0.179539  -0.0270098  11906.9  1.65177  0.0522373  1
869  0  0.174048  0.492292  11574.1  2.18993  0.129889  1
870  0  -1.36915  -0.809595  12061.5  1.99558  0.0198688  1
871  0  -1.38309  -0.349499  12046  1.99658  0.0257622  1
872  0  0.97458  0.213857  11871.6  2.02137  -0.271262  1
873  0  1.04297  0.233447  11932.9  1.99729  -0.238859  1
874  0  -0.996903  -0.221174  12058.6  1.98885  0.0370362  1
875  0  0.822995  0.119368  11700.4  2.18443  -0.403347  1
876  0  0.702797  0.148971  11383.4  2.36438  -0.431089  1
877  0  -0.576929  0.0192712  12087.5  1.96084  0.0700123  1
878  0  0.242093  0.505986  11529.9  2.20945  0.0984097  1
879  0  -1.05653  0.2302  12015.2  1.99201  0.0471981  1
880  0  0.521028  0.229721  10994.4  2.41704  -0.190049  1
881  0  0.336456  -0.0480447  12104.5  1.98852  0.0652918  1
882  0  -0.887761  -0.0702098  12056.5  1.98446  0.0464209  1
883  0  0.27692  0.247743  10978.3  2.45126  0.206365  1
884  0  0.67348  0.204576  11334.7  2.30141  -0.340461  1
885  0  -0.0259767  -0.243332  12121.3  1.96354  -0.0376816  1
886  0  0.833498  -0.0497861  12267.9  1.84088  -0.0504478  1
887  0  0.0411071  -0.159221  12035.3  1.99635  -0.0640734  1
888  0  -0.299427  -0.568228  12111.5  1.96984  0.0126402  1
889  0  -0.0668098  0.24777  11949.2  2.00445  0.286955  1
890  0  0.769456  0.102704  11616.6  1.99671  -0.423986  1
891  0  -0.329004  0.859229  11872  2.0428  0.0768193  1
892  0  0.833466  -0.114431  12235  1.94594  -0.0504897  1
893  0  0.348446  1.02291  11774.7  2.08369  0.0197736  1
894  0  0.190111  -0.108  11969.2  2.04077  0.0223167  1
895  0  0.831694  -0.65351  12118.1  1.98342  -0.0265417  1
896  0  0.531009  -0.251864  12159.5  1.95787  0.00174601  1
897  0  0.863957  0.324038  11709.4  2.10199  -0.235487  1
898  0  0.0359415  -1.1069  12093.1  1.98848  0.00421734  1
899  0  0.551859  0.332079  11270.4  2.32274  -0.135877  1
900  0  0.455661  0.259056  10967.4  2.45379  -0.0750463  1
901  0  0.478906  -0.123496  12173.5  1.95481  0.0238195  1
902  0  0.286187  1.36819  11836.3  2.04562  0.0256429  1
903  0  0.18144  1.17357  11810.7  2.06319  0.0350514  1
904  0  0.412755  0.143655  10378.5  2.33442  -0.0282025  1
905  0  0.914878  0.144527  11863.1  2.12851  -0.345205  1
906  0  0.402646  -0.454364  12119.1  1.97565  -0.00489563  1
907  0  1.42023  -0.431992  12075.3  2.01498  -0.0703697  1
908  0  -0.983594  -0.857335  12074.2  1.99054  0.0209501  1
909  0  0.37981  -0.173613  12120.2  1.96587  0.0250896  1
910  0  -1.41746  0.891426  11951.5  2.00328  0.030501  1
911  0  0.219517  0.249108  11094.7  2.39204  0.286561  1
912  0  -1.80488  -1.80429  12068.4  1.99951  0.012038  1
913  0  0.0143333  0.109285  12102.3  1.82635  0.60265  1
914  0  -0.457788  -0.228493  12125.3  1.95644  0.0372139  1
915  0  0.376337  -0.050975  12120.7  1.99904  0.0634085  1
916  0  0.0548014  -0.436296  12105.5  1.97592  -0.00745522  1
917  0  -0.442117  -0.749292  12096.7  1.97926  0.0167912  1
918  0  0.485057  -0.451052  12128.5  1.97248  -0.00756587  1
919  0  -0.482679  0.140352  12077.4  1.96189  0.0892307  1
920  0  0.495831  -0.315004  12142.9  1.9663  -0.000538327  1
921  0  0.706427  -0.227067  12194.3  1.94115  -0.0196115  1
922  0  0.757763  -0.266496  12183.6  1.94991  -0.0273805  1
923  0  0.265863  -0.278019  12088.2  1.98872  0.00336376  1
924  0  -0.135071  0.174964  12162.7  1.90644  0.239843  1
925  0  0.540774  0.193734  10904.5  2.54839  -0.263305  1
926  0  0.879988  -0.325942  12167.1  1.96099  -0.0410995  1
927  0  -0.0111042  0.0893595  12378.6  1.689  0.534997  1
928  0  0.172869  -0.336819  12088.6  1.987  -0.0068857  1
929  0  0.0912766  -0.0301534  11708.3  1.8483  -0.00764569  1
930  0  1.79686  -1.79686  12028.3  2.03384  -0.00123392  1
931  0  0.509264  -0.0474892  12228.6  1.91216  0.0359554  1
932  0  -1.80444  1.80309  11918.6  2.00245  0.0127001  1
933  0  -0.007553  0.0164951  13327.6  0.687824  0.0678134  1
934  0  0.182842  -0.261969  12069.8  1.9961  -0.00512767  1
935  0  0.0968277  0.239171  11491.4  2.20713  0.388649  1
936  0  0.610487  0.37802  11416.1  2.25649  -0.149345  1
937  0  -0.100927  -0.515411  12113.9  1.96986  0.00131363  1
938  0  0.988876  1.75104  11913.8  1.99983  0.0011395  1
939  0  0.885862  0.162103  11801.8  2.12701  -0.344367  1
940  0  0.707252  -0.370545  12157.8  1.96261  -0.0219361  1
941  0  -0.189977  -0.944696  12095.7  1.98404  0.00885427  1
942  0  1.38971  -0.0680912  12049.9  1.81297  -0.0942708  1
943  0  0.096082  -0.24287  12062.8  1.99688  -0.0213403  1
944  0  0.928179  -0.973876  12090.8  1.99981  -0.0208524  1
945  0  0.988012  -0.0152429  12159.7  1.29536  -0.0510192  1
946  0  1.01182  -0.0231395  12169.9  1.41368  -0.0212148  1
947  0  -0.295343  0.357362  11983.2  1.99907  0.142758  1
948  0  1.7884  -0.146116  12034  1.97778  -0.0948233  1
949  0  0.757628  -0.0769234  12261.7  1.93792  -0.0315485  1
950  0  0.628218  -1.22199  12087  1.9985  -0.00733968  1
951  0  -1.35086  -1.03968  12066.6  1.99633  0.0173629  1
952  0  -0.374902  -0.0518782  12163.9  1.92547  0.0605885  1
953  0  -0.911464  -1.76116  12077.2  1.99588  0.0131847  1
