0  2  1  0  15502  -1.01083e-16  1.4973e-17  1
1  1  2  2  15426.5  1.88871  0.228247  1
2  1  2  -2  15424.6  2.08312  0.314776  1
3  3  -2  -2  15769.9  1.96945  0.348212  1
4  3  -2  2  15363.5  1.97229  0.345897  1
10  1  2  1.6  15424.9  1.85786  0.208228  1
11  1  2  1.2  15424.9  1.82207  0.166623  1
12  1  2  0.8  15424.9  1.77508  0.0926469  1
13  1  2  0.4  15424.9  1.78961  0.0307963  1
14  1  2  5.50449e-12  15424.9  2.00085  0.0522646  1
15  1  2  -0.4  15424.9  2.1501  0.131503  1
16  1  2  -0.8  15424.9  2.10017  0.196485  1
17  1  2  -1.2  15424.9  2.08283  0.234867  1
18  1  2  -1.6  15424.9  2.14875  0.266346  1
19  0  1.6  -2  15514.1  1.96945  0.348212  1
20  0  1.2  -2  15657.7  1.96945  0.348212  1
21  0  0.8  -2  15744.2  1.96945  0.348212  1
22  0  0.4  -2  15801  1.96945  0.348212  1
23  0  5.50449e-12  -2  15835.2  1.96945  0.348212  1
24  0  -0.4  -2  15845.3  1.96945  0.348212  1
25  0  -0.8  -2  15826.1  1.96945  0.348212  1
26  0  -1.2  -2  15798.7  1.96945  0.348212  1
27  0  -1.6  -2  15782.8  1.96945  0.348212  1
28  3  -2  -1.6  15752.4  1.96945  0.348212  1
29  3  -2  -1.2  15721.8  1.96945  0.348212  1
30  3  -2  -0.8  15680.5  1.96945  0.348212  1
31  3  -2  -0.4  15619.6  1.96945  0.348212  1
32  3  -2  -5.50449e-12  15552.3  1.96945  0.348212  1
33  3  -2  0.4  15490.9  1.96945  0.348212  1
34  3  -2  0.8  15433  1.96945  0.348212  1
35  3  -2  1.2  15391.4  1.96945  0.348212  1
36  3  -2  1.6  15370.9  1.96945  0.348212  1
37  0  -1.6  2  15344.6  1.98465  0.347217  1
38  0  -1.2  2  15321.7  1.99642  0.358917  1
39  0  -0.8  2  15308  2.00504  0.384655  1
40  0  -0.4  2  15285.3  2.01051  0.379019  1
41  0  -5.50449e-12  2  15261.3  2.00593  0.34684  1
42  0  0.4  2  15268.2  1.97607  0.304567  1
43  0  0.8  2  15306.8  1.94509  0.257783  1
44  0  1.2  2  15344  1.93448  0.252536  1
45  0  1.6  2  15392.6  1.91333  0.247071  1
46  2  0.979345  0.00713722  15170.3  -1.47959e-16  3.89049e-17  1
47  2  0.958649  0.0141786  15159.5  -1.25988e-17  1.15926e-18  1
48  2  0.937753  0.0206004  15083.8  0  0  1
49  2  0.916755  0.0266851  15023.6  8.16336e-17  -1.59782e-17  1
50  2  0.895709  0.0326014  15042.6  0  0  1
51  2  0.874639  0.0384277  14966.4  0  0  1
52  2  0.853541  0.0441571  14899.5  0  0  1
53  2  0.832419  0.0497953  14840.7  0  0  1
54  2  0.811269  0.0553254  14787.2  0  0  1
55  2  0.790089  0.0607443  14746.5  0  0  1
56  2  0.76888  0.0660435  14694.7  3.92741e-17  -6.46268e-18  1
57  2  0.747636  0.0712038  14668.5  0  0  1
58  2  0.726356  0.0762119  14535.3  0  0  1
59  2  0.705035  0.0810445  14426.5  0  0  1
60  2  0.683671  0.0856789  14375.3  0  0  1
61  2  0.66226  0.0900949  14290.6  0  0  1
62  2  0.640798  0.094253  14245  -1.05803e-16  9.94669e-18  1
63  2  0.619285  0.0981392  14149.7  0  0  1
64  2  0.597712  0.101681  14061.3  -4.3851e-16  4.19361e-17  1
65  2  0.576087  0.104884  13965.7  0  0  1
66  2  0.554406  0.10769  13872.1  -1.904e-16  1.24293e-17  1
67  2  0.532679  0.110104  13794.5  0  0  1
68  2  0.51091  0.112107  13715.6  0  0  1
69  2  0.489106  0.113697  13640.9  0  0  1
70  2  0.467277  0.114881  13566.9  1.96993e-16  -4.87384e-19  1
71  2  0.44543  0.115651  13515.5  0  0  1
72  2  0.423571  0.116015  13448.3  0  0  1
73  2  0.40171  0.115963  13403.3  0  0  1
74  2  0.379854  0.115507  13294.2  0  0  1
75  2  0.35801  0.114639  13283.5  0  0  1
76  2  0.336185  0.113372  13263.6  0  0  1
77  2  0.314388  0.111702  13189  0  0  1
78  2  0.292626  0.109626  13144.3  0  0  1
79  2  0.270908  0.107128  13103.1  1.92543e-16  2.99666e-17  1
80  2  0.249243  0.104202  13060.7  0  0  1
81  2  0.227644  0.100828  13032.5  -1.99486e-16  -4.07007e-17  1
82  2  0.206124  0.0969792  12987.4  0  0  1
83  2  0.184704  0.0926141  12930.5  5.92637e-16  1.50053e-16  1
84  2  0.1634  0.0877078  12963.2  0  0  1
85  2  0.142245  0.0821983  12911  0  0  1
86  2  0.12128  0.0760058  12823.5  0  0  1
87  2  0.100558  0.0690464  12748.8  2.7409e-16  1.09131e-16  1
88  2  0.0801592  0.061189  12614.5  0  0  1
89  2  0.0602133  0.0522498  12521.9  0  0  1
90  2  0.0411442  0.0415745  12571.2  -2.29899e-16  -9.73114e-17  1
91  2  0.0227806  0.0297288  12548.3  0  0  1
92  2  0.0070588  0.0146321  13585.5  0  0  1
93  2  0.00209998  -0.00476143  15742.2  -2.46519e-32  -1.2326e-32  1
94  2  0.0202869  -0.01651  16968.7  0  0  1
95  2  0.041114  -0.0230721  16980.7  0  0  1
96  2  0.062586  -0.0271467  16649.2  9.20285e-17  9.46643e-18  1
97  2  0.0842909  -0.0297351  16459  0  0  1
98  2  0.106094  -0.0313065  16333.5  -1.03235e-16  -6.22652e-18  1
99  2  0.12794  -0.0321267  16223.9  0  0  1
100  2  0.1498  -0.0323554  16159.4  3.68119e-16  7.71363e-18  1
101  2  0.17166  -0.0321207  16082.2  1.1278e-16  5.92136e-18  1
102  2  0.193512  -0.0315027  16062.1  0  0  1
103  2  0.215354  -0.0305725  16075.1  0  0  1
104  2  0.237182  -0.0293716  16047.9  0  0  1
105  2  0.258998  -0.0279672  16049.5  0  0  1
106  2  0.280802  -0.0263769  16054.7  1.20839e-16  7.55091e-18  1
107  2  0.302596  -0.0246652  16039.5  0  0  1
108  2  0.324381  -0.0228376  16048.3  0  0  1
109  2  0.34616  -0.0209403  16056.4  0  0  1
110  2  0.367935  -0.0189914  16053.7  0  0  1
111  2  0.389706  -0.0170007  16046.1  0  0  1
112  2  0.411475  -0.0150008  16054.4  3.02714e-16  2.34062e-17  1
113  2  0.433244  -0.012983  16061.3  0  0  1
114  2  0.455013  -0.0109791  16070.2  1.29576e-16  8.2885e-18  1
115  2  0.476784  -0.00899132  16076.3  0  0  1
116  2  0.498557  -0.00702708  16085.6  1.69065e-16  1.25073e-17  1
117  2  0.520335  -0.00511237  16086.7  0  0  1
118  2  0.542116  -0.00323821  16095.9  1.34623e-16  6.81543e-18  1
119  2  0.563902  -0.00142406  16110.8  3.40502e-16  2.2993e-17  1
120  2  0.585693  0.000322563  16099.7  0  0  1
121  2  0.60749  0.0020013  16113.4  0  0  1
122  2  0.629295  0.0035847  16109.1  0  0  1
123  2  0.651105  0.00507458  16117.4  0  0  1
124  2  0.672923  0.00645723  16128.5  1.44984e-16  7.11383e-18  1
125  2  0.694748  0.00771797  16127  0  0  1
126  2  0.71658  0.00885446  16137  -1.28024e-16  -2.99395e-18  1
127  2  0.738419  0.00984037  16130.4  0  0  1
128  2  0.760265  0.0106658  16138.1  -3.15712e-16  -6.44402e-18  1
129  2  0.782117  0.0113179  16133.5  0  0  1
130  2  0.803974  0.0117762  16130.8  0  0  1
131  2  0.825834  0.0120243  16132  0  0  1
132  2  0.847695  0.0120324  16126.8  2.98059e-16  -4.80414e-18  1
133  2  0.869555  0.0117705  16111.4  0  0  1
134  2  0.891408  0.0111906  16099.5  2.79889e-16  -8.78385e-18  1
135  2  0.913249  0.0102425  16087  0  0  1
136  2  0.935064  0.00882604  16049.8  0  0  1
137  2  0.956829  0.00678659  16007.8  0  0  1
138  2  0.9785  0.00392019  15903.7  0  0  1
268  0  0.84688  -0.968226  15774.5  1.94241  0.183793  1
269  0  0.905349  -0.448429  15839.7  1.90017  0.108069  1
270  0  0.373161  -0.653564  15920.7  1.86256  0.207617  1
271  0  -0.354447  -0.614234  15846.9  1.89387  0.362141  1
272  0  -0.764224  0.871789  15312.4  2.01266  0.446586  1
273  0  0.165389  1.05047  15102.3  2.08661  0.298152  1
274  0  1.04388  0.941067  15219.8  2.00731  0.118203  1
275  0  -0.665138  0.203133  15465.1  1.97265  0.481689  1
276  0  0.582613  -0.334464  15980.4  1.8237  0.128517  1
277  0  0.290893  -0.3196  16045.7  1.78454  0.187296  1
278  0  0.00332634  -0.313672  16087.9  1.73833  0.299576  1
279  0  -0.215044  0.565428  15089.7  2.08514  0.498669  1
280  0  0.539926  0.660162  14890.4  2.18864  0.155339  1
281  0  0.983558  0.46394  15139.5  2.04773  -0.0526451  1
282  0  0.179952  0.485728  14658.4  2.29602  0.392118  1
283  0  0.780309  -0.229503  15960.9  1.82268  0.0792268  1
284  0  0.956434  -0.178018  15879.8  1.87453  0.00624903  1
285  0  0.439592  -0.208249  16039.7  1.77926  0.143956  1
286  0  0.613211  -0.167082  16036.6  1.77906  0.10924  1
287  0  -0.0522196  0.307129  14787.9  2.21071  0.665098  1
288  0  0.439168  0.396138  14460.5  2.39369  0.149652  1
289  0  0.694213  0.343469  14712.9  2.26118  -0.0725991  1
290  0  0.892418  0.264994  15013.3  2.12134  -0.189942  1
291  0  1.30175  0.269883  15420.7  1.89476  -0.0940903  1
292  0  1.45662  -0.155099  15593.8  1.99134  0.00843748  1
293  0  0.263865  0.308504  14184.2  2.49601  0.355048  1
294  0  0.16257  -0.203602  16155.2  1.69804  0.187067  1
295  0  0.0253411  -0.164805  16283.8  1.59044  0.280902  1
296  0  -0.380728  -0.133679  15739.9  1.87093  0.511269  1
297  0  0.306498  -0.160697  16077.4  1.75166  0.145608  1
298  0  1.04223  0.170127  15330.8  2.03303  -0.238915  1
299  0  -0.245044  0.0687627  15530  1.90592  0.667713  1
300  0  -1.02959  -0.406052  15665.5  1.95083  0.41985  1
301  0  0.115563  0.241191  14107.9  2.49319  0.629324  1
302  0  0.854564  -0.108587  16000.3  1.8274  0.0120068  1
303  0  0.714111  -0.112166  16051.8  1.78752  0.0760182  1
304  0  0.536  0.272424  14308.8  2.46581  -0.0088711  1
305  0  0.411832  0.255034  14047.9  2.58733  0.134616  1
306  0  0.660701  0.219462  14484.1  2.46734  -0.178147  1
307  0  0.763471  0.186204  14708.6  2.3863  -0.270568  1
308  0  0.518842  -0.112944  16060.5  1.78042  0.125969  1
309  0  -0.0294096  -1.26272  15844.3  1.925  0.251383  1
310  0  1.35251  -0.771231  15634  2.01081  0.152893  1
311  0  -0.0419252  -0.0928638  16352.7  1.49499  0.453545  1
312  0  0.384729  -0.115544  16060.3  1.76977  0.138792  1
313  0  0.0206822  0.179349  14277  2.36897  0.86402  1
314  0  -0.0583937  0.0954622  14939.2  2.00856  1.06737  1
315  0  -0.932488  -1.2424  15775.8  1.93776  0.411704  1
316  0  0.666805  -0.682975  15857.8  1.90205  0.163562  1
317  0  0.935819  -0.0800422  15941.1  1.88603  -0.0454473  1
318  0  1.05099  -0.105292  15787.3  1.96684  -0.0343137  1
319  0  1.17672  0.0473565  15609.8  1.62847  -0.128815  1
320  0  1.13612  -0.383024  15744.3  1.95696  0.0713243  1
321  0  -0.0241289  -0.67703  15914.5  1.864  0.283579  1
322  0  0.318434  0.211909  13739.9  2.70321  0.284327  1
323  0  0.22691  0.199224  13718.9  2.70468  0.476208  1
324  0  0.236224  -0.118783  16111.1  1.72929  0.126886  1
325  0  0.110212  -0.123441  16308.7  1.60366  0.140209  1
326  0  0.85208  0.156839  14909.8  2.27773  -0.320782  1
327  0  0.937245  0.121825  15138.5  2.09167  -0.353249  1
328  0  0.627  -0.0849167  16071.1  1.79566  0.10352  1
329  0  0.794831  -0.066506  16068.8  1.82366  0.0318549  1
330  0  0.318911  -0.0919214  16069  1.78581  0.13238  1
331  0  0.449546  -0.0789985  16066.3  1.81635  0.139618  1
332  0  -1.32114  0.398399  15478.2  1.97293  0.403423  1
333  0  0.481426  0.207092  13990.9  2.69859  -0.00570252  1
334  0  0.578265  0.198813  14210.1  2.62361  -0.140072  1
335  0  0.489693  -1.01294  15828  1.91007  0.218653  1
336  0  0.139355  -0.520154  15973.6  1.82271  0.252781  1
337  0  0.157575  0.152819  13473.5  2.79092  0.707503  1
338  0  -0.337099  1.3708  15235.7  2.03573  0.390082  1
339  0  0.0367765  -0.0923794  16521.6  1.45143  0.219275  1
340  0  0.986503  0.0754474  15266  1.55204  -0.344646  1
341  0  0.558564  -0.0676178  16076.1  1.80912  0.124603  1
342  0  0.614836  1.08334  15135.7  2.07141  0.206386  1
343  0  -0.126915  -0.0124167  15875.3  1.67554  0.757264  1
344  0  0.879152  -0.0512615  16040.8  1.83353  -0.0280146  1
345  0  1.34357  -1.39511  15605.2  2.04806  0.232921  1
346  0  0.687329  -0.053386  16094.1  1.81106  0.0821127  1
347  0  0.0899071  0.142119  13655.8  2.64408  0.884257  1
348  0  0.157835  -0.0880605  16202.4  1.71056  0.0745478  1
349  0  0.689753  0.157404  14452.6  2.41857  -0.271268  1
350  0  -0.17231  -0.235017  15993.8  1.75182  0.432672  1
351  0  -1.37882  1.36585  15357.6  1.97606  0.366661  1
352  0  -0.190113  -0.467362  15923.8  1.83652  0.351749  1
353  0  0.764743  -0.374543  15913.4  1.85726  0.107537  1
354  0  0.434795  -0.350534  16003.1  1.81413  0.162801  1
355  0  0.691735  -1.40884  15763.2  1.96215  0.236579  1
356  0  -0.256549  -0.9658  15841.7  1.92367  0.3014  1
357  0  0.98018  -0.0477819  15872.4  1.8732  -0.0823066  1
358  0  0.751529  -0.0368059  16095.3  1.73887  0.0481057  1
359  0  -0.657791  -0.396445  15730.6  1.93161  0.437014  1
360  0  -0.739693  -0.780124  15760.5  1.94404  0.411762  1
361  0  0.368047  0.170007  13562.6  2.84535  0.185247  1
362  0  0.520294  -0.495964  15940.3  1.85305  0.160634  1
363  0  0.269854  -0.0667489  16071.3  1.81558  0.115914  1
364  0  0.019586  0.0995787  13877.4  2.43633  1.1963  1
365  0  0.404976  -0.0637413  16045.3  1.81507  0.139024  1
366  0  0.493926  -0.0524695  16065.9  1.78778  0.135548  1
367  0  0.274539  0.161886  13434.1  2.88883  0.398211  1
368  0  0.887117  -0.30137  15885.4  1.86865  0.0727407  1
369  0  0.790805  0.114403  14728.3  1.93407  -0.302531  1
370  0  -0.289914  0.940211  15181.8  2.04885  0.414861  1
371  0  -1.40784  -0.836841  15699.1  1.95979  0.375745  1
372  0  0.435258  0.164397  13640.6  2.74765  0.0437113  1
373  0  0.526687  0.164277  13898.2  2.63382  -0.11586  1
374  0  0.617759  0.151331  14188.2  2.42589  -0.236128  1
375  0  0.600061  -0.0438816  16089.5  1.76918  0.110212  1
376  0  0.934435  -0.709829  15779.6  1.94219  0.146726  1
377  0  1.31131  0.674419  15307.7  1.93742  0.0332683  1
378  0  0.838163  -0.0279581  16085.4  1.68998  -0.00427925  1
379  0  0.924333  -0.0285695  16016  1.70428  -0.0711856  1
380  0  0.36008  -0.0631009  16053  1.82226  0.131614  1
381  0  0.0936046  -0.0795872  16380.3  1.59753  0.0598918  1
382  0  0.646652  -0.0320695  16101.5  1.70878  0.0971997  1
383  0  -0.482495  -1.37881  15817.3  1.92243  0.350621  1
384  0  0.146028  -0.343371  16064.9  1.76545  0.231735  1
385  0  0.192603  -0.876108  15882.2  1.88908  0.244237  1
386  0  -0.0187439  0.773636  15032  2.12062  0.391364  1
387  0  -0.581802  0.539351  15308.1  1.99783  0.477527  1
388  0  0.720745  0.124817  14524  2.07685  -0.290424  1
389  0  0.878934  0.0908692  14955.4  1.64826  -0.306529  1
390  0  -1.05061  0.0361622  15551.8  1.96123  0.43006  1
391  0  0.280207  1.49656  15209  2.02468  0.278613  1
392  0  0.669401  -0.256874  15985.3  1.81255  0.106392  1
393  0  0.520187  -0.193703  16033.9  1.78207  0.129941  1
394  0  0.232888  0.149676  13355.4  2.88812  0.506367  1
395  0  -0.382095  -0.377414  15827  1.87744  0.422617  1
396  0  0.206372  -0.0765665  16113.8  1.7855  0.0969501  1
397  0  0.321772  0.158424  13444.3  2.90468  0.304403  1
398  0  -0.326857  0.301624  15268.3  2.02212  0.580979  1
399  0  -1.50741  -0.246693  15597.4  1.96396  0.386507  1
400  0  0.286734  0.781685  14939.9  2.17235  0.287365  1
401  0  0.867407  -0.19974  15938.4  1.83717  0.0426831  1
402  0  0.988357  1.47786  15276.2  1.97515  0.215329  1
403  0  0.783394  -0.141966  16010.6  1.79904  0.0557758  1
404  0  0.833  0.0952298  14835.1  1.62311  -0.284306  1
405  0  -1.44729  -1.43581  15759.4  1.96023  0.353195  1
406  0  0.735955  0.561447  14945.9  2.1569  0.0461049  1
407  0  1.09402  0.047518  15635.2  1.3516  -0.178069  1
408  0  0.578989  -0.127403  16051.4  1.77584  0.115448  1
409  0  0.021338  -0.0626949  16712  1.34184  0.24384  1
410  0  0.0693042  -0.252795  16154.2  1.69548  0.257177  1
411  0  0.328885  -0.466186  15982.1  1.82622  0.200874  1
412  0  -0.855318  1.29894  15312  2.00322  0.412258  1
413  0  0.354777  -0.243541  16051.5  1.77276  0.160903  1
414  0  -1.23726  0.858605  15392.6  1.99148  0.399117  1
415  0  1.05771  0.34599  15230.6  1.9901  -0.120877  1
416  0  -0.0157137  -0.478809  15981.3  1.80901  0.293691  1
417  0  1.05297  -0.0466361  15729  1.75014  -0.0287502  1
418  0  -0.987364  0.446029  15431.6  1.98003  0.432151  1
419  0  1.52249  1.12361  15357.2  1.89686  0.147707  1
420  0  1.08933  -0.561374  15748.6  1.95098  0.117008  1
421  0  0.600643  0.399301  14640.8  2.3041  0.0244507  1
422  0  0.748977  0.914397  15114.3  2.0817  0.152159  1
423  0  -0.669406  -0.105551  15628.1  1.9373  0.467869  1
424  0  0.233772  -0.189044  16110.5  1.73006  0.158442  1
425  0  -0.118439  0.217941  14993.9  2.11099  0.745022  1
426  0  0.940173  0.0682235  15119.4  1.3523  -0.289602  1
427  0  0.793881  -0.0249379  16113.5  1.66515  0.0241377  1
428  0  1.50394  0.0503213  15508.4  1.86728  -0.0593211  1
429  0  -0.0758936  -0.208811  16115.9  1.68313  0.383474  1
430  0  1.26296  -0.163427  15669.7  1.97038  0.00768705  1
431  0  0.687229  -0.193581  16009.3  1.79327  0.0953449  1
432  0  0.369254  -1.42449  15812.6  1.94582  0.230064  1
433  0  0.785887  -0.547746  15859.8  1.89703  0.131387  1
434  0  1.07118  -0.253014  15785.7  1.92828  0.0351225  1
435  0  -0.0631635  0.0211643  15614.2  1.61142  1.07884  1
436  0  -0.0244782  0.0544922  14701.3  1.92938  1.3628  1
437  0  -0.161382  -0.106935  15966.8  1.7072  0.560596  1
438  0  0.480398  0.154998  13745.1  2.64512  -0.0460706  1
439  0  0.463955  -0.143499  16053.2  1.76841  0.136347  1
440  0  0.356696  0.573774  14740.7  2.25876  0.242054  1
441  0  0.570434  0.146372  14017.4  2.43878  -0.186395  1
442  0  0.230634  -0.287929  16075.9  1.75871  0.194442  1
443  0  -0.036132  0.529791  14912.4  2.17079  0.484127  1
444  0  0.1395  0.120166  13252.1  2.87382  0.821621  1
445  0  0.186185  0.134208  13261.9  2.89298  0.6572  1
446  0  0.531983  -0.039159  16091.4  1.74358  0.129868  1
447  0  0.447342  -0.0483225  16071.1  1.78836  0.139002  1
448  0  0.316378  -0.0581916  16064.9  1.82315  0.12753  1
449  0  0.178054  -0.146428  16171.8  1.6923  0.140828  1
450  0  0.701067  -0.0280436  16117.2  1.68273  0.07147  1
451  0  0.0783391  0.105267  13367.5  2.75281  1.04314  1
452  0  0.662619  0.1315  14344  2.18083  -0.267036  1
453  0  0.0834843  0.383746  14566.6  2.32323  0.520381  1
454  0  1.02631  -0.347911  15801.5  1.92268  0.0680431  1
455  0  0.634113  -0.4773  15920.2  1.86315  0.136847  1
456  0  0.913283  -0.134077  15929.8  1.8525  -0.00336055  1
457  0  0.998389  -0.115637  15840  1.91589  -0.0325392  1
458  0  0.135074  -0.672071  15927.5  1.85739  0.255452  1
459  0  -0.0412693  1.36231  15206.9  2.04336  0.335063  1
460  0  0.796715  0.291638  14852.8  2.19467  -0.152998  1
461  0  0.596201  -0.254263  16001.5  1.80539  0.119125  1
462  0  1.15704  -0.915527  15687  1.98154  0.165675  1
463  0  -0.467158  0.0738165  15537.7  1.94769  0.540829  1
464  0  0.654818  -0.134643  16046.3  1.7775  0.0991457  1
465  0  0.139048  -0.0667652  16241.9  1.72594  0.0340512  1
466  0  1.66115  0.456405  15404.7  1.80769  0.00191617  1
467  0  0.343214  0.293017  14108.4  2.53064  0.239449  1
468  0  0.344311  0.408471  14454.2  2.39549  0.246113  1
469  0  0.511089  -0.718322  15882.6  1.88382  0.188398  1
470  0  0.898059  0.77513  15128.7  2.06524  0.0850227  1
471  0  0.47758  -0.289157  16011.6  1.80359  0.146365  1
472  0  0.368565  -0.180331  16058.6  1.76486  0.148168  1
473  0  0.73755  -0.0874314  16065.2  1.80418  0.0623805  1
474  0  1.41272  -0.541595  15628.7  2.01999  0.107173  1
475  0  -0.0018663  -0.0350098  16746  0.807371  0.430018  1
476  0  1.00523  0.0427033  15331.8  0.990829  -0.350232  1
477  0  -0.490925  -0.897078  15809  1.93847  0.362927  1
478  0  1.4908  1.54113  15367.1  1.90453  0.207228  1
479  0  -0.196411  -0.66279  15884.3  1.87818  0.318027  1
480  0  0.483791  0.914387  15034.5  2.12869  0.218121  1
481  0  0.239208  -0.0662959  16090.4  1.81006  0.109227  1
482  0  0.388214  0.151568  13529  2.73532  0.116658  1
483  0  0.879596  -0.0227895  16083  1.64729  -0.0340341  1
484  0  1.16676  -0.0625263  15679.1  1.76919  -0.00118141  1
485  0  0.821747  0.470676  14973.5  2.13677  -0.0251149  1
486  0  -0.400474  0.699144  15208.1  2.03073  0.465457  1
487  0  1.03779  -1.30426  15692.7  1.98202  0.219312  1
488  0  -0.183161  -1.66125  15844.2  1.9352  0.296484  1
489  0  0.0838247  -0.186525  16238.4  1.64008  0.225388  1
490  0  0.649738  1.51843  15237.8  1.99888  0.242961  1
491  0  -0.136927  -0.361285  15980.2  1.79583  0.362242  1
492  0  0.276143  -0.124241  16088.7  1.74361  0.134045  1
493  0  -0.587007  1.08054  15273  2.02888  0.440566  1
494  0  0.279897  -0.231381  16080.9  1.7514  0.168306  1
495  0  0.0716544  -0.0584464  16523.7  1.43924  0.0146012  1
496  0  0.259145  -0.434018  16005.3  1.81137  0.213336  1
497  0  0.628423  -0.864081  15832.2  1.91648  0.19254  1
498  0  -0.0335935  -0.920167  15868.3  1.9036  0.26841  1
499  0  0.765676  0.0991607  14669.9  1.39381  -0.230397  1
500  0  -1.60772  0.68731  15435.2  1.97702  0.377385  1
501  0  1.66722  -1.11992  15526.9  2.03436  0.211824  1
502  0  0.609051  0.311789  14514.3  2.35546  -0.0423283  1
503  0  0.530363  0.211217  14111.3  2.63427  -0.0683874  1
504  0  0.665385  -1.19077  15789.3  1.91775  0.220595  1
505  0  -1.09147  -0.724433  15709.4  1.95009  0.408101  1
506  0  -1.63755  0.133693  15534.6  1.967  0.377882  1
507  0  0.830782  0.215115  14875  2.26385  -0.248448  1
508  0  -0.64412  -0.581869  15762.3  1.93191  0.416918  1
509  0  0.193053  0.269713  14086.4  2.52053  0.490515  1
510  0  0.804313  -0.306554  15922.1  1.84707  0.0889063  1
511  0  1.02564  -0.170798  15819.6  1.90799  -0.00131611  1
512  0  0.956966  -0.0281632  15952  1.71736  -0.0986196  1
513  0  -0.828466  -1.54319  15804.5  1.92003  0.395097  1
514  0  0.18588  -0.0556733  16086.2  1.67606  0.0641016  1
515  0  0.893356  0.0651065  14994.8  0.946975  -0.190639  1
516  0  0.576333  -0.0256241  16095.8  1.53349  0.103551  1
517  0  0.02166  0.256134  14492.1  2.32613  0.718315  1
518  0  0.109847  0.113489  13292.8  2.83461  0.920384  1
519  0  0.898893  0.193743  15030.1  2.20535  -0.270242  1
520  0  0.489489  0.548575  14758.2  2.24931  0.160589  1
521  0  1.01629  -1.65461  15698.7  2.05051  0.268878  1
522  0  1.19936  0.163591  15470.1  1.91284  -0.173446  1
523  0  0.0128119  0.0620616  13558.7  2.26655  1.45226  1
524  0  -0.189597  1.67688  15253  2.02106  0.358215  1
525  0  0.524734  -0.0704236  16073.4  1.80732  0.131204  1
526  0  0.345244  -0.137805  16064.3  1.75821  0.14152  1
527  0  0.723773  0.255248  14666.2  2.31023  -0.162287  1
528  0  0.0655353  -0.136037  16339.6  1.56972  0.204008  1
529  0  0.895498  -0.0919002  15980.1  1.85466  -0.0185326  1
530  0  -0.699002  1.64036  15295.5  2.00659  0.404033  1
531  0  0.830512  -0.0762415  16045.4  1.83163  0.0111483  1
532  0  0.461907  0.313002  14286.7  2.45903  0.0904885  1
533  0  0.689538  0.123854  14409.4  2.06569  -0.280065  1
534  0  0.381081  -0.0441174  16046.7  1.65125  0.126073  1
535  0  0.673617  -0.0326094  16111.3  1.71496  0.0857873  1
536  0  -0.00151555  -0.234814  16162.3  1.67562  0.316812  1
537  0  0.621008  -0.022999  16096.1  1.50444  0.0909467  1
538  0  -1.05135  1.61585  15321.7  1.99092  0.378221  1
539  0  0.724653  -0.052242  16091.3  1.8003  0.0636639  1
540  0  1.66669  -0.62656  15537.7  2.07495  0.150297  1
541  0  1.12328  -0.153985  15747.7  1.96673  -0.000684275  1
542  0  0.971604  -0.286415  15843.2  1.89626  0.0521346  1
543  0  -0.525266  0.345219  15355.3  1.99182  0.509665  1
544  0  0.504681  -0.418222  15971.4  1.83592  0.155153  1
545  0  0.324749  1.23667  15157.7  2.05874  0.264319  1
546  0  1.05523  0.00665636  15690.3  1.12472  -0.0801404  1
547  0  0.0550009  -0.398737  16037.5  1.77902  0.272781  1
548  0  0.25642  0.13273  13193.2  2.59825  0.398116  1
549  0  0.30092  0.137775  13267.6  2.55182  0.298857  1
550  0  0.668864  -0.0935832  16066.8  1.79061  0.0905485  1
551  0  0.345217  0.142383  13401  2.55723  0.204664  1
552  0  0.199819  -1.7079  15826.9  1.97651  0.255268  1
553  0  -1.31432  -0.498518  15656  1.9583  0.394243  1
554  0  0.143362  -0.269499  16120.9  1.72513  0.218073  1
555  0  0.595715  0.247871  14370.7  2.47233  -0.104693  1
556  0  -1.66833  1.07809  15395.4  1.97279  0.36226  1
557  0  0.358455  -0.79152  15885.1  1.88066  0.217472  1
558  0  0.982512  0.228177  15185.5  2.06912  -0.216588  1
559  0  1.16224  0.510777  15271.2  1.96357  -0.0346356  1
560  0  0.956236  0.0435342  15141.4  0.743016  -0.188986  1
561  0  0.180088  0.366246  14397.8  2.40528  0.443691  1
562  0  0.254301  -1.10954  15844.6  1.91022  0.233264  1
563  0  0.80805  0.0854099  14788.5  1.2248  -0.202688  1
564  0  0.849961  0.0744007  14892.1  1.0857  -0.20387  1
565  0  0.772348  -0.0133499  16118.6  1.42184  0.0290213  1
566  0  0.81512  -0.0115717  16118.9  1.3966  0.00907608  1
567  0  -1.66362  -0.532279  15648.4  1.96729  0.368164  1
568  0  -1.59538  1.59538  15354.7  1.97535  0.356058  1
569  0  0.457689  0.141699  13596.9  2.32542  -0.0160928  1
570  0  0.501486  0.140623  13768.8  2.25054  -0.0869134  1
571  0  -0.143843  0.119635  15239.8  1.97703  0.821089  1
572  0  -0.830272  -0.537069  15716.4  1.94454  0.426335  1
573  0  -0.682075  -1.08538  15787  1.94298  0.399694  1
574  0  0.590446  0.13047  14074.2  1.97487  -0.188863  1
575  0  0.547125  0.136274  13881.7  2.12527  -0.144404  1
576  0  -0.515558  -0.261827  15736  1.90519  0.460492  1
577  0  -0.901223  -0.174135  15621.9  1.94853  0.438387  1
578  0  -1.0066  0.729288  15375  1.9964  0.427675  1
579  0  0.811272  -0.106489  16025.5  1.8126  0.032099  1
580  0  0.486721  -0.0930867  16064.6  1.7956  0.132705  1
581  0  0.733058  -0.158343  16017.6  1.79005  0.0768318  1
582  0  0.0639253  0.0786647  13008.2  2.55178  1.14272  1
583  0  0.834861  -0.1556  15982.6  1.81569  0.0382667  1
584  0  -0.206587  0.750565  15109.8  2.07546  0.432727  1
585  0  1.71896  -0.106498  15487.9  2.03825  0.0248727  1
586  0  0.293466  -0.0480145  16045.8  1.67476  0.110189  1
587  0  0.167329  0.11472  13109.5  2.669  0.67578  1
588  0  0.212518  0.123321  13181  2.63832  0.523445  1
589  0  0.337226  -0.044328  16063  1.64839  0.122252  1
590  0  0.4247  -0.0374222  16055.9  1.59369  0.122906  1
591  0  0.468091  -0.0329686  16076.1  1.56178  0.123742  1
592  0  0.417136  -0.163034  16051.1  1.76962  0.142002  1
593  0  1.59612  -0.358309  15541.4  2.0772  0.0822854  1
594  0  0.511507  -0.0283283  16079.9  1.5228  0.112655  1
595  0  0.590741  -0.0788942  16074.3  1.80072  0.113957  1
596  0  0.0464607  -0.0467691  16778.1  1.22748  0.0387915  1
597  0  0.726948  -0.0158426  16119.8  1.45177  0.053914  1
598  0  -1.016  1.0224  15343.7  2.00341  0.414445  1
599  0  0.0721691  0.196451  14089.7  2.47028  0.775985  1
600  0  0.11646  -0.0547364  16294.8  1.57419  -0.00176124  1
601  0  0.794217  -0.790443  15806.7  1.93374  0.167105  1
602  0  -0.319367  -0.771328  15845  1.91111  0.333531  1
603  0  0.634921  0.120687  14226.3  1.7685  -0.200582  1
604  0  0.353124  -0.0987724  16063.9  1.78315  0.136215  1
605  0  0.419113  -0.264795  16029.5  1.7898  0.153883  1
606  0  0.908502  -0.558088  15816.7  1.91834  0.12801  1
607  0  1.53769  0.754148  15361.8  1.88001  0.0709968  1
608  0  -0.0553503  0.948118  15111.8  2.0805  0.364245  1
609  0  0.666359  -0.355127  15948.5  1.84038  0.117778  1
610  0  0.254263  0.24851  13934.6  2.59178  0.395674  1
611  0  0.194479  -0.108799  16151.3  1.70893  0.113723  1
612  0  -0.283288  -0.0614388  15751.1  1.83184  0.573085  1
613  0  0.982974  -0.0184122  15834.8  1.54708  -0.115624  1
614  0  0.684447  0.462327  14815.4  2.21891  0.0152833  1
615  0  -1.20261  -0.207268  15607.2  1.95722  0.412455  1
616  0  0.0463933  0.13408  13898  2.51435  0.985816  1
617  0  1.6178  -1.6178  15505.7  2.13466  0.263404  1
618  0  0.53979  -0.144891  16048.3  1.77103  0.124085  1
619  0  -0.0350246  -0.0126091  16272  1.02815  0.916809  1
620  0  0.75892  0.135468  14662.9  2.20196  -0.309032  1
621  0  0.415925  -0.0920253  16059.6  1.80085  0.139324  1
622  0  -0.790308  0.0394493  15551  1.95867  0.457891  1
623  0  -0.48984  -0.49085  15798.4  1.90774  0.410855  1
624  0  0.828213  1.21372  15211.6  2.0135  0.193308  1
625  0  1.2032  1.27466  15300.8  1.94836  0.171641  1
626  0  0.985152  0.13943  15249.6  2.07064  -0.325078  1
627  0  1.7237  0.180908  15461.2  1.8393  -0.0282364  1
628  0  1.32174  -0.320102  15652.7  2.00584  0.0485763  1
629  0  0.858377  -0.00874416  16109  1.34234  -0.0216359  1
630  0  0.901371  -0.010479  16080.5  1.35914  -0.0450931  1
631  0  0.357451  -0.306681  16032.4  1.7922  0.171654  1
632  0  0.412587  0.138349  13524.6  2.34483  0.0519983  1
633  0  0.109321  0.650686  14890  2.19019  0.3843  1
634  0  0.401848  0.183311  13722.9  2.78658  0.124398  1
635  0  0.0409695  0.070946  13106.3  2.49169  1.31744  1
636  0  0.160942  -0.0545229  16164.3  1.65786  0.0347391  1
637  0  -1.65267  -1.10603  15717.6  1.96601  0.357249  1
638  0  -0.25192  -0.36693  15907.2  1.83283  0.400405  1
639  0  -0.316265  -0.485867  15862  1.87099  0.381258  1
640  0  -0.184676  0.314679  15063.4  2.09737  0.638115  1
641  0  -0.12523  0.426042  14965.3  2.14048  0.567214  1
642  0  0.205301  -0.051425  16086.5  1.62652  0.0724977  1
643  0  0.248142  -0.547829  15963.2  1.83538  0.226023  1
644  0  0.363131  0.224201  13845.2  2.68582  0.212163  1
645  0  -1.25762  -1.13919  15741.6  1.95425  0.380684  1
646  0  -0.102112  -0.554082  15932.4  1.84062  0.310623  1
647  0  0.136706  -0.167269  16206.6  1.66507  0.170169  1
648  0  0.0937624  -0.0503665  16402  1.47352  -0.026598  1
649  0  0.552395  -0.0221004  16110.1  1.44256  0.10721  1
650  0  0.922908  -0.233911  15889.5  1.86601  0.0410386  1
651  0  -0.274473  -1.21449  15829.3  1.93307  0.2892  1
652  0  0.739881  0.100713  14594.7  1.40699  -0.251287  1
653  0  0.63589  -0.212893  16014.9  1.79248  0.109067  1
654  0  0.598117  -0.0180362  16100.4  1.39257  0.0950084  1
655  0  0.127892  -0.0895873  16277.8  1.65667  0.077099  1
656  0  -0.73388  0.399588  15401.3  1.98111  0.463687  1
657  0  0.169132  0.205375  13808.2  2.62185  0.59603  1
658  0  0.651887  0.168807  14363.5  2.51488  -0.240395  1
659  0  -0.382951  0.478919  15225.7  2.02714  0.516548  1
660  0  -1.18899  -1.64243  15793.1  1.95147  0.358248  1
661  0  0.895688  0.133736  15002.4  2.14699  -0.338884  1
662  0  0.803072  0.15516  14785.6  2.31278  -0.312176  1
663  0  0.836832  -0.252908  15928.2  1.84224  0.0665364  1
664  0  0.270708  -0.0440397  16070.9  1.58719  0.101125  1
665  0  1.12316  0.242015  15340.8  1.96701  -0.170503  1
666  0  -0.00274734  -0.129904  16366.4  1.52237  0.332531  1
667  0  0.402348  -0.0351361  16040.8  1.52861  0.119248  1
668  0  1.33799  0.124066  15526.1  1.83507  -0.11624  1
669  0  0.358765  -0.0391563  16052.7  1.56246  0.121492  1
670  0  0.469969  0.254656  14125.5  2.57209  0.03758  1
671  0  0.489773  -0.025957  16064.9  1.4354  0.114927  1
672  0  -0.353539  0.147292  15434.5  1.96701  0.599988  1
673  0  0.849398  -0.375678  15879.4  1.87443  0.0980529  1
674  0  0.915665  0.053671  15047.2  0.809592  -0.139045  1
675  0  0.323717  0.13303  13313  2.38957  0.230313  1
676  0  0.37063  0.13692  13338.6  2.35921  0.134086  1
677  0  0.279083  0.129829  13191.3  2.47588  0.335119  1
678  0  0.836868  -0.00603529  16109.6  1.23968  -0.00432428  1
679  0  0.617898  -0.121529  16056.1  1.77803  0.10667  1
680  0  -1.30716  0.0634607  15545.4  1.96448  0.406738  1
681  0  0.523777  0.132677  13769.2  2.01163  -0.121629  1
682  0  0.0323884  -0.564078  15955.4  1.83165  0.276546  1
683  0  0.421094  -0.44357  15977.7  1.83205  0.176711  1
684  0  -0.0199439  0.0151473  15080.4  1.36858  1.56133  1
685  0  0.738709  -0.280767  15954.1  1.82936  0.0977101  1
686  0  0.923471  -0.00671083  16050.2  1.22391  -0.0560021  1
687  0  0.235743  0.122152  13131.2  2.49249  0.429897  1
688  0  0.611704  0.119438  14088.5  1.66295  -0.187183  1
689  0  0.873487  0.362749  15002.3  2.11411  -0.104592  1
690  0  -0.0723706  -0.290696  16062.1  1.73981  0.355705  1
691  0  0.434907  0.135222  13507.5  2.16369  0.000691965  1
692  0  0.7847  0.0851523  14704.5  1.07636  -0.177058  1
693  0  0.382846  -0.08178  16055.6  1.81581  0.13635  1
694  0  0.980225  0.0338519  15190.8  0.666348  -0.175212  1
695  0  1.04055  0.0598265  15557.9  1.34483  -0.305055  1
696  0  0.298456  0.939603  15043.5  2.12197  0.272007  1
697  0  0.82694  0.0720322  14802.4  0.838963  -0.159863  1
698  0  0.870086  0.0625922  14923.6  0.784066  -0.181695  1
699  0  0.719954  0.0974141  14487.7  1.17186  -0.227664  1
700  0  0.642014  -0.0123069  16099  1.2941  0.0739023  1
701  0  -0.788999  0.624281  15354.7  1.99202  0.452987  1
702  0  1.01528  -0.0234152  15717.4  1.53978  -0.0456561  1
703  0  -0.0172696  0.135298  14449.5  2.27093  0.997502  1
704  0  -0.0336985  -0.17397  16236.1  1.60259  0.366704  1
705  0  -0.442002  -1.0971  15808.2  1.9402  0.338427  1
706  0  -0.184389  1.14609  15186.7  2.05362  0.375541  1
707  0  1.3175  -0.0265515  15620.6  1.7798  -0.053527  1
708  0  0.251508  -0.15201  16103.9  1.73467  0.143303  1
709  0  0.402431  -0.540918  15950.7  1.84596  0.193228  1
710  0  0.331155  -0.380713  16014.2  1.80807  0.188712  1
711  0  0.150671  -0.121836  16215  1.66134  0.120955  1
712  0  1.12148  -0.74326  15716.2  1.96777  0.141908  1
713  0  0.933316  0.0425429  15055.1  0.554648  -0.141828  1
714  0  0.551944  -0.100362  16063.2  1.78851  0.120912  1
715  0  0.130968  0.857366  15017.7  2.13138  0.33007  1
716  0  0.11412  0.177431  13809.6  2.59843  0.730381  1
717  0  0.512358  -0.345251  15989.2  1.82181  0.144406  1
718  0  -0.538824  -1.71665  15838.1  1.91577  0.367356  1
719  0  0.0747664  -0.324162  16092.2  1.74317  0.258392  1
720  0  0.713384  0.20334  14593  2.43946  -0.232242  1
721  0  1.36403  0.465575  15374.5  1.88217  -0.0218826  1
722  0  -0.00103923  0.0373337  13909.5  1.85877  1.71575  1
723  0  0.951305  -0.117086  15896.9  1.88013  -0.0254121  1
724  0  0.251871  -0.0929222  16090.2  1.76446  0.119209  1
725  0  0.912529  -0.0559764  15996.6  1.85773  -0.0519486  1
726  0  0.815585  -0.460016  15868.4  1.88664  0.117371  1
727  0  -0.612451  0.731696  15288.6  2.0061  0.460565  1
728  0  0.0546389  -0.791103  15897.1  1.88235  0.266506  1
729  0  0.197535  0.16077  13489.6  2.82311  0.59524  1
730  0  0.617326  0.194245  14325.1  2.57783  -0.178679  1
731  0  -0.89182  0.231805  15483.5  1.97071  0.44566  1
732  0  1.32389  -1.09821  15633  1.99867  0.195557  1
733  0  -0.326276  -0.260114  15842.3  1.84012  0.454422  1
734  0  0.443416  0.208333  13895.6  2.71592  0.0588598  1
735  0  0.656681  -0.0610399  16090.5  1.81105  0.0952602  1
736  0  1.31669  -1.69543  15611.6  2.10782  0.275668  1
737  0  -0.0463119  -0.385472  16019.5  1.78208  0.317039  1
738  0  0.128859  0.312753  14332.4  2.41846  0.543607  1
739  0  -0.983273  -0.982521  15750.3  1.94915  0.41253  1
740  0  -0.124835  -0.784363  15875.6  1.8949  0.291413  1
741  0  0.697103  0.715178  15003.7  2.13469  0.10744  1
742  0  0.490405  -1.71231  15788.7  2.00391  0.25649  1
743  0  0.502768  -0.148437  16049.3  1.77023  0.131087  1
744  0  1.19778  0.368715  15328.3  1.92065  -0.0894413  1
745  0  0.525425  0.355766  14471.4  2.38184  0.0525442  1
746  0  -1.67238  -1.67238  15767  1.96586  0.348686  1
747  0  0.22544  -0.0500808  16078.1  1.65645  0.0832342  1
748  0  1.30504  0.915245  15298.3  1.94491  0.0981949  1
749  0  0.86077  -0.0328592  16083.2  1.74442  -0.0188871  1
750  0  0.416524  0.700922  14885.2  2.19681  0.223952  1
751  0  0.0656041  -0.0985897  16435.3  1.52006  0.149241  1
752  0  0.0447544  -0.210735  16213.7  1.65364  0.266377  1
753  0  0.813262  -0.0442645  16087  1.79569  0.0134049  1
754  0  0.236711  -0.365002  16041.1  1.78759  0.208566  1
755  0  1.01192  -0.0710618  15823.8  1.93779  -0.0581763  1
756  0  0.249222  -0.046253  16064.7  1.63891  0.0965084  1
757  0  1.00458  -0.451328  15797.2  1.92546  0.10012  1
758  0  0.322116  -0.203167  16068.9  1.7575  0.155869  1
759  0  0.050807  -1.05455  15858.2  1.91049  0.253321  1
760  0  0.909892  -0.180565  15917.6  1.851  0.0219004  1
761  0  0.899396  -0.0338152  16044.5  1.75969  -0.0504473  1
762  0  0.874088  -0.145986  15957.2  1.83352  0.0170419  1
763  0  0.729255  0.161447  14589.8  2.40498  -0.285515  1
764  0  0.402506  0.479051  14605.8  2.32391  0.202468  1
765  0  1.09986  0.120304  15486.1  1.87911  -0.255111  1
766  0  -1.11162  0.235171  15498.4  1.96956  0.424477  1
767  0  -0.0939614  -0.144481  16150.2  1.62578  0.46286  1
768  0  1.73145  1.35009  15391.3  1.86646  0.183577  1
769  0  0.479191  0.13318  13649.9  2.03684  -0.0533963  1
770  0  0.685052  -0.0100137  16126.4  1.3059  0.0640757  1
771  0  0.702411  -0.0803912  16076.6  1.80466  0.0751725  1
772  0  0.337221  -0.0746309  16062.1  1.82182  0.129155  1
773  0  0.392206  0.338211  14276.7  2.4648  0.188308  1
774  0  0.947025  -0.0536681  15943.7  1.87355  -0.072777  1
775  0  0.583648  -0.590777  15900.2  1.87573  0.159137  1
776  0  0.793401  -0.00541998  16127.2  1.23291  0.0164917  1
777  0  0.5677  0.125138  13943.3  1.76875  -0.153313  1
778  0  0.536071  -0.257024  16010.5  1.801  0.132494  1
779  0  0.749902  -0.00909845  16118.8  1.31424  0.0419785  1
780  0  0.446305  -0.10932  16056.6  1.77824  0.136179  1
781  0  -0.506303  -0.0632309  15638.1  1.92155  0.507956  1
782  0  1.23678  -0.485734  15694.6  1.98191  0.0887689  1
783  0  1.1037  -0.0151497  15686.8  1.44525  -0.0204857  1
784  0  0.623922  -0.0569827  16083.1  1.80579  0.105045  1
785  0  0.72762  -0.461745  15899.2  1.8722  0.123687  1
786  0  0.025206  -0.0373361  16933.7  0.876535  0.169418  1
787  0  0.749926  -0.11805  16037.6  1.79221  0.0629958  1
788  0  0.944369  -0.00902779  16011.2  1.30371  -0.0813473  1
789  0  -0.109773  0.0535209  15470.3  1.81959  0.909238  1
790  0  1.02207  -1.06991  15714.4  1.96112  0.184811  1
791  0  0.777675  -0.044298  16096.9  1.79283  0.036042  1
792  0  0.14394  1.25118  15167  2.05731  0.297904  1
793  0  0.118495  -0.22253  16172.7  1.68449  0.212342  1
794  0  0.692555  -0.145638  16036.2  1.78162  0.0893011  1
795  0  0.675565  0.106394  14340.9  1.37316  -0.196381  1
796  0  -0.511322  0.903816  15246.8  2.02795  0.444574  1
797  0  0.865938  -0.0785908  16021.4  1.84634  -0.00839836  1
798  0  0.1147  1.71692  15240.1  2.01027  0.318934  1
799  0  0.500091  1.73685  15255.9  1.97712  0.269605  1
800  0  0.964703  0.319969  15123.5  2.04949  -0.140331  1
801  0  0.477612  -0.183246  16041.8  1.77695  0.136267  1
802  0  0.428498  -0.064102  16061.3  1.8243  0.1411  1
803  0  0.469125  -0.0611692  16068.5  1.81971  0.137133  1
804  0  0.970774  -0.0808795  15880.8  1.91495  -0.0598843  1
805  0  0.297571  -0.0724713  16061.1  1.81912  0.124213  1
806  0  -1.6416  0.404851  15483.8  1.97199  0.378175  1
807  0  -0.816719  -0.351909  15680.9  1.94399  0.435412  1
808  0  0.396599  -0.21804  16046.2  1.77486  0.150423  1
809  0  0.147939  0.100921  13087.1  2.50552  0.69838  1
810  0  0.122414  -1.44938  15829.2  1.93864  0.240676  1
811  0  1.4821  0.257859  15430.5  1.84494  -0.0595991  1
812  0  0.191749  0.112782  13059.2  2.51137  0.55985  1
813  0  0.214915  -0.149548  16130.4  1.71679  0.141442  1
814  0  0.0483667  -0.0717759  16594.5  1.44562  0.128996  1
815  0  0.494074  -1.22932  15810.4  1.91445  0.225974  1
816  0  -0.0785594  -0.0492899  16198.1  1.44371  0.645114  1
817  0  0.571205  -0.190857  16028.7  1.78436  0.120013  1
818  0  0.127682  0.0970171  13018.3  2.57659  0.790629  1
819  0  -0.782192  1.08672  15303.8  2.01875  0.435921  1
820  0  -0.198456  -0.0293106  15770.4  1.77706  0.652975  1
821  0  0.105278  0.089322  13020  2.55517  0.891926  1
822  0  0.963928  -0.00897928  15968  1.28637  -0.102042  1
823  0  0.894404  1.73965  15296.8  1.96221  0.24095  1
824  0  -0.38624  1.14014  15232.9  2.03928  0.418377  1
825  0  -1.75447  -1.40284  15746.2  1.96559  0.352592  1
826  0  0.00564408  -0.0935208  16501  1.44338  0.316285  1
827  0  1.08425  0.697407  15213.5  2.00922  0.0379137  1
828  0  0.654861  0.109371  14278.2  1.35727  -0.178807  1
829  0  0.940725  -0.368522  15841.1  1.89672  0.08438  1
830  0  0.621018  0.571995  14854.6  2.19968  0.0989167  1
831  0  1.22824  1.70476  15339.8  1.93929  0.230545  1
832  0  0.798146  -0.640803  15834.4  1.91518  0.146704  1
833  0  0.31305  -0.126105  16070.7  1.75496  0.137143  1
834  0  0.729453  -0.216551  15987.8  1.80677  0.0880574  1
835  0  0.195454  -0.182227  16149  1.70585  0.161783  1
836  0  0.085182  0.0809574  12954.9  2.46878  0.982965  1
837  0  -0.00477553  0.410947  14768.4  2.23109  0.551729  1
838  0  0.699085  0.1032  14445.5  1.33049  -0.210905  1
839  0  0.207066  -0.228052  16113.7  1.72766  0.180752  1
840  0  -0.228733  0.194989  15257.6  2.015  0.678365  1
841  0  0.686754  -1.02292  15796.9  1.92341  0.205692  1
842  0  1.72572  -1.38657  15501  2.07937  0.234686  1
843  0  0.749607  -1.69394  15760.9  2.02657  0.268481  1
844  0  -0.0368317  0.207856  14635.2  2.23702  0.811823  1
845  0  -0.0734373  0.654021  15009.5  2.12814  0.441741  1
846  0  0.662923  0.275441  14565.6  2.34625  -0.114969  1
847  0  -0.264797  -0.159437  15863.3  1.80019  0.504612  1
848  0  0.292403  0.495056  14627.5  2.31507  0.292372  1
849  0  0.467054  -0.860241  15859.7  1.89784  0.209114  1
850  0  1.76596  0.979054  15393.3  1.84581  0.125151  1
851  0  0.314789  -0.039249  16060.6  1.54897  0.109374  1
852  0  0.445678  -0.0285351  16071.5  1.44233  0.114084  1
853  0  0.811803  -0.193326  15969  1.81783  0.0599805  1
854  0  0.249293  0.617247  14796.7  2.23543  0.307601  1
855  0  -0.124341  -1.09884  15849.8  1.92163  0.268426  1
856  0  0.661894  -0.0125779  16124.7  1.33035  0.070729  1
857  0  0.979354  -0.866198  15746.6  1.95811  0.161899  1
858  0  -1.23202  0.623926  15423.8  1.98524  0.408673  1
859  0  0.2879  -0.0957348  16074.5  1.76905  0.1277  1
860  0  0.576439  -0.0514691  16093.4  1.80119  0.116509  1
861  0  -0.372677  0.00525378  15612.8  1.90927  0.569978  1
862  0  -0.596004  1.31608  15273.1  2.02221  0.423725  1
863  0  0.532521  -0.0192369  16091.5  1.34035  0.102722  1
864  0  -1.34309  1.74433  15336  1.98428  0.358974  1
865  0  0.650971  -0.175263  16026.2  1.78379  0.100963  1
866  0  0.12219  0.141205  13504.8  2.74029  0.80915  1
867  0  -0.727737  -1.31168  15796.6  1.92365  0.407918  1
868  0  -1.13187  -1.38534  15770  1.94302  0.382599  1
869  0  0.277577  0.206554  13717.6  2.70934  0.365179  1
870  0  0.625006  -0.300715  15979.7  1.82051  0.117957  1
871  0  -1.75011  -0.141561  15587.7  1.96722  0.366839  1
872  0  -1.74006  1.35365  15373.7  1.97077  0.357148  1
873  0  1.74662  1.71284  15402.3  1.88532  0.220812  1
874  0  0.704879  -0.00746551  16140.8  1.2369  0.0588858  1
875  0  0.515421  -0.049014  16080.9  1.79313  0.135806  1
876  0  0.48972  -0.229207  16028  1.78834  0.139165  1
877  0  0.411238  1.07483  15109.9  2.08686  0.245204  1
878  0  0.344237  -0.933207  15858.5  1.89899  0.225999  1
879  0  0.841958  -1.14949  15753.8  1.93534  0.20546  1
880  0  0.18356  -0.0822868  16140.3  1.76116  0.0787327  1
881  0  0.957111  0.0978233  15177.3  1.88895  -0.359485  1
882  0  -0.598148  0.0577424  15545.1  1.95485  0.496864  1
883  0  0.991227  -0.222117  15846.1  1.89427  0.0238458  1
884  0  0.874561  0.610337  15072.8  2.09176  0.0297863  1
885  0  0.776103  0.235414  14754.4  2.29857  -0.212871  1
886  0  0.521676  1.30538  15182.4  2.03933  0.237931  1
887  0  -0.490254  0.196052  15437.1  1.97741  0.535322  1
888  0  0.162412  -0.424379  16016.3  1.79887  0.238891  1
889  0  0.848407  -0.0531054  16062.4  1.8285  -0.006293  1
890  0  -0.499853  -0.696328  15808.3  1.92222  0.384299  1
891  0  0.997583  0.0199154  15196.1  0.39083  -0.173372  1
892  0  1.021  0.0167672  15511.6  0.744933  -0.209896  1
893  0  1.18306  -0.25471  15724.9  1.96344  0.0338345  1
894  0  1.58209  -0.8614  15554.8  2.04444  0.185197  1
895  0  0.915779  0.0880484  15046.4  1.705  -0.318953  1
896  0  -0.0749554  0.155238  14870.8  2.12018  0.893635  1
897  0  0.306596  0.25357  13948.7  2.59627  0.300189  1
898  0  -0.169425  -1.39333  15834.3  1.93171  0.27113  1
899  0  0.138804  -0.0476654  16226.8  1.5444  -0.00115613  1
900  0  0.259002  0.395996  14442.7  2.39708  0.340093  1
901  0  0.0324601  -0.121828  16412.7  1.51246  0.249974  1
902  0  0.678272  0.18872  14469.7  2.51364  -0.230062  1
903  0  1.23149  -0.62708  15688  1.98004  0.119834  1
904  0  -1.68103  -0.818789  15685.2  1.96883  0.360979  1
905  0  -1.37624  1.06748  15379.8  1.98276  0.379129  1
906  0  0.301975  0.183489  13582.5  2.82595  0.322609  1
907  0  0.576743  -0.409778  15955.8  1.84267  0.138173  1
908  0  0.767603  -0.187938  15991.1  1.80417  0.0718678  1
909  0  0.776977  -0.0938003  16047.3  1.8069  0.0479371  1
910  0  0.577264  0.781009  14986.2  2.1499  0.170684  1
911  0  0.0243679  0.329074  14606.9  2.29729  0.616524  1
912  0  -0.0109155  -0.066101  16592.1  1.37493  0.396449  1
913  0  -0.0348325  -0.0498149  16510.9  1.24724  0.52588  1
914  0  -0.435804  1.60416  15270.5  2.01696  0.397613  1
915  0  0.336981  0.18617  13605.8  2.8357  0.262777  1
916  0  0.379557  -0.146394  16058.3  1.76162  0.141984  1
917  0  0.0709181  0.488946  14756.3  2.24339  0.463229  1
918  0  0.278758  -0.18726  16088.8  1.7445  0.154761  1
919  0  0.0684032  -0.479725  15994.6  1.80547  0.266326  1
920  0  -0.0161336  0.0944121  14284.5  2.21501  1.22098  1
921  0  0.0736904  0.287414  14377  2.38577  0.629776  1
922  0  0.390563  0.131349  13447.5  2.10037  0.0803323  1
923  0  -0.237338  -0.559089  15889.6  1.86348  0.344049  1
924  0  -0.0991817  -0.453305  15966.2  1.81383  0.325644  1
925  0  -0.167899  0.0384535  15598.9  1.83077  0.755267  1
926  0  1.09954  -0.0767177  15722.1  1.89983  -0.0194769  1
927  0  0.264242  -0.709639  15914.1  1.8655  0.23229  1
928  0  0.979529  -0.145494  15861.3  1.88821  -0.013453  1
929  0  -1.12061  1.2705  15341.6  1.98806  0.386972  1
930  0  -0.712139  -0.257974  15676  1.93513  0.449341  1
931  0  0.923597  -0.105211  15940.7  1.86531  -0.0256621  1
932  0  0.553704  -0.0452615  16084.1  1.77912  0.121773  1
933  0  -1.19336  -0.922855  15726.7  1.95124  0.394359  1
934  0  -1.79543  1.79543  15359.1  1.97454  0.349367  1
935  0  0.225631  -0.0926733  16109.9  1.75184  0.113482  1
936  0  0.0056642  1.15163  15151.4  2.0656  0.33177  1
937  0  0.0961215  -0.152916  16276.7  1.62149  0.183075  1
938  0  0.760536  -0.0635139  16077.7  1.81894  0.049006  1
939  0  0.505784  0.44194  14608.6  2.32503  0.113037  1
940  0  0.57919  0.484281  14730.8  2.26266  0.0841956  1
941  0  0.774122  0.386172  14864.1  2.18671  -0.0664548  1
942  0  0.939898  0.163382  15136.4  2.16776  -0.306686  1
943  0  0.317284  0.34844  14286.2  2.46059  0.278366  1
944  0  1.03086  0.113027  15418.5  1.92804  -0.321807  1
945  0  0.642145  -0.108668  16060.6  1.77702  0.100515  1
946  0  0.475962  -0.604039  15917.1  1.86521  0.181487  1
947  0  0.0498426  0.0977073  13556.9  2.63704  1.1644  1
948  0  0.314661  -0.274318  16056.8  1.77282  0.175465  1
949  0  0.69937  -0.566891  15879.9  1.88806  0.141031  1
950  0  0.880061  -0.00381032  16102.3  1.17784  -0.0255501  1
951  0  0.497173  0.175883  13902.7  2.73882  -0.053421  1
952  0  0.557442  0.170279  14041.5  2.65816  -0.151945  1
953  0  -1.42212  -1.76916  15781.5  1.96444  0.345154  1
954  0  0.588612  0.165252  14155.3  2.60809  -0.191598  1
955  0  0.415824  -0.127136  16055.1  1.76556  0.138677  1
956  0  0.465894  0.1754  13793.2  2.77077  -0.00244099  1
957  0  0.823441  0.120971  14833.5  2.06248  -0.321579  1
958  0  -0.248262  0.42275  15126.1  2.06964  0.561389  1
959  0  1.80414  0.646465  15403.5  1.80368  0.0557256  1
960  0  0.856206  0.114084  14905.8  1.98495  -0.329046  1
961  0  0.641035  0.143118  14287  2.37263  -0.2601  1
