291  568  793
435  514  967
375  491  947
270  698  921
291  497  917
408  749  1016
19  488  864
437  600  883
456  698  921
22  468  860
278  411  544
360  487  592
323  582  590
291  473  917
30  483  803
323  484  516
333  470  610
298  473  551
1  10  617
414  525  764
313  360  605
1  45  617
349  458  574
19  20  864
448  618  896
410  583  779
466  618  896
382  544  711
310  576  1024
36  454  818
351  552  632
301  619  831
481  626  942
316  508  577
431  520  853
281  525  719
348  956  960
103  104  523
301  546  831
296  482  529
410  589  779
433  956  960
315  480  665
427  428  579
299  485  950
427  707  813
380  394  565
493  536  638
310  387  576
311  459  606
524  568  793
289  614  650
392  614  650
393  675  772
299  485  829
275  532  673
377  649  695
356  414  596
550  749  1016
349  574  918
348  556  724
300  441  651
345  477  695
297  504  595
701  714  996
326  563  575
372  446  735
36  454  859
299  441  911
51  52  539
377  622  769
302  497  570
316  507  508
403  506  762
270  584  698
296  529  979
344  443  503
289  457  614
356  414  764
271  549  819
29  30  803
313  360  517
33  484  590
298  473  587
302  497  548
49  50  540
335  562  567
499  594  830
491  516  947
292  448  575
289  564  756
532  673  761
373  682  775
420  584  698
330  749  800
589  779  1025
439  900  999
300  507  508
534  648  930
455  520  976
276  611  753
348  472  956
274  426  609
323  484  590
309  647  1009
377  511  649
448  575  1004
386  488  935
408  749  800
333  470  629
499  594  977
284  522  634
33  590  987
315  480  597
296  482  662
350  447  845
370  594  830
21  22  860
30  483  970
268  499  566
269  600  883
379  536  638
368  653  692
3  28  661
3  27  661
425  582  590
16  606  702
322  463  600
32  33  484
409  456  698
393  612  675
345  435  967
320  703  716
336  442  506
363  515  627
345  477  784
455  520  853
460  584  899
411  583  708
445  578  715
25  527  731
121  122  534
12  444  694
409  566  977
347  533  813
291  497  570
386  459  606
441  651  911
94  95  560
286  713  718
32  484  1017
25  26  527
379  536  663
127  128  638
372  458  732
489  547  740
476  612  675
336  442  767
299  486  950
325  594  977
360  451  592
278  544  711
420  584  899
349  458  586
407  546  1019
357  430  564
330  531  749
359  654  876
311  606  702
334  438  512
291  473  793
285  573  853
436  653  692
383  578  711
360  517  660
321  436  913
294  567  865
366  583  779
35  36  818
301  546  547
338  626  942
352  498  739
286  520  963
357  701  714
307  515  892
336  506  762
289  564  650
429  556  724
356  596  972
414  525  719
373  511  775
307  515  1029
381  633  683
386  488  670
292  448  618
281  525  593
337  449  505
377  511  769
301  489  547
278  411  708
312  477  695
274  574  732
363  627  891
355  476  648
295  475  692
77  78  554
432  714  996
306  519  588
287  486  759
343  517  660
478  636  882
332  566  598
299  441  639
447  705  845
112  113  555
299  621  911
305  536  663
473  551  793
347  623  900
431  520  963
327  763  774
330  531  613
100  101  557
386  538  935
83  84  565
494  600  722
639  802  841
297  478  882
28  661  803
611  753  868
409  456  778
391  710  820
492  633  683
272  550  749
294  758  865
15  16  702
281  466  618
416  714  920
324  675  772
286  508  577
278  578  711
348  472  581
500  755  787
300  441  624
418  610  946
303  552  632
347  428  813
331  550  894
127  638  998
128  129  738
355  648  930
372  446  723
355  476  675
39  509  558
469  549  819
430  564  756
0  707  813
350  591  628
361  492  683
284  522  674
372  732  1026
334  438  792
550  894  1016
434  713  718
510  647  1009
395  481  626
403  667  821
354  741  822
582  810  991
61  62  571
361  493  536
375  613  780
33  34  987
296  461  776
395  481  672
374  755  787
391  535  820
321  623  913
321  579  776
499  566  977
283  553  728
290  467  744
338  580  626
397  774  937
320  427  579
337  636  745
318  498  739
306  477  615
432  714  995
437  600  722
504  595  953
334  542  792
42  586  766
363  469  892
308  500  591
463  600  984
310  489  1024
392  597  668
354  727  822
403  506  821
291  568  939
370  538  830
413  564  650
384  496  515
462  579  776
352  453  541
332  714  920
491  516  946
279  455  976
352  498  901
300  507  925
40  723  893
393  612  677
386  459  938
517  619  910
285  624  853
31  470  970
314  548  917
31  470  629
39  40  509
408  522  634
327  439  900
400  513  942
355  675  734
128  638  738
400  513  983
272  690  912
366  583  708
363  469  549
455  573  994
93  94  561
368  593  692
12  444  680
443  503  788
104  523  643
539  687  757
445  578  962
353  463  684
380  394  737
369  620  707
293  597  668
103  523  642
326  563  774
399  687  757
336  636  767
316  577  654
286  520  713
28  29  803
585  653  814
423  674  894
423  553  1013
316  654  876
325  594  696
378  472  884
285  573  802
364  578  715
393  603  677
361  492  637
363  515  892
361  493  637
376  452  838
35  818  987
431  624  853
496  515  1029
514  622  826
375  491  912
318  588  895
395  626  833
351  725  861
375  531  613
374  483  755
333  610  946
424  613  871
427  428  813
372  458  766
21  860  864
390  669  811
360  487  660
425  582  810
274  426  807
455  573  853
390  512  811
374  527  880
42  43  586
551  727  827
332  714  995
528  529  979
0  138  620
274  513  983
382  686  852
353  684  857
311  459  906
413  564  611
424  613  780
398  559  617
357  430  701
326  575  657
373  511  649
383  568  711
377  514  622
373  601  682
325  696  926
418  491  690
350  447  721
442  506  799
553  556  960
553  556  1013
355  665  734
389  571  851
417  602  672
306  477  784
374  527  787
16  606  959
69  70  622
287  615  838
396  571  851
91  92  652
293  589  668
280  596  646
335  562  743
335  567  772
333  516  1017
424  797  871
283  553  822
329  595  953
386  538  938
375  531  912
349  559  873
294  583  758
435  514  773
40  41  723
282  602  746
12  13  694
369  801  843
383  524  568
337  449  616
442  505  828
381  633  679
342  731  787
294  583  771
369  535  801
563  763  774
351  552  750
34  35  987
407  572  1019
321  428  623
496  696  926
296  462  776
489  910  1024
343  419  576
396  693  866
287  759  965
449  505  823
398  673  761
297  504  846
297  478  686
0  620  707
369  707  765
412  591  990
277  678  884
572  871  988
38  39  558
94  560  561
385  557  816
364  584  715
297  686  846
342  731  891
378  472  581
324  734  770
293  480  597
484  516  1017
522  674  894
323  582  706
312  649  695
73  74  601
438  512  804
75  76  599
440  706  991
421  573  802
465  639  802
382  570  852
32  629  1017
379  503  738
294  562  567
298  587  808
312  485  649
332  566  778
274  574  807
390  557  816
271  549  933
273  580  626
312  477  759
298  542  635
79  80  607
121  534  648
354  524  793
412  518  933
275  532  764
547  740  951
344  443  861
122  534  679
52  539  687
494  703  716
362  609  671
116  117  603
373  649  922
114  115  604
22  468  786
89  90  592
332  598  995
397  757  774
278  578  962
310  387  989
81  82  608
305  569  663
333  516  946
385  642  688
349  586  873
95  560  625
396  541  866
51  539  697
285  802  841
20  21  864
286  577  718
376  452  664
299  486  849
315  665  1032
391  645  710
303  552  968
384  515  627
510  647  729
19  488  905
287  486  954
293  480  770
14  528  529
364  678  931
341  558  733
418  610  628
118  119  612
343  419  660
349  559  761
329  562  743
306  519  855
50  540  697
334  587  676
384  496  696
324  567  772
374  483  803
417  602  746
491  690  912
268  499  830
313  577  654
289  457  898
399  757  909
320  579  716
291  570  939
310  489  740
295  475  806
314  548  809
49  540  699
314  809  816
324  770  865
347  900  999
2  18  905
308  500  755
482  782  832
298  551  827
351  632  861
321  428  579
354  551  727
268  566  598
380  608  691
305  536  1015
467  552  968
274  513  732
319  552  750
429  556  980
382  568  939
271  581  724
321  436  878
290  722  736
322  463  832
423  553  728
348  556  960
308  591  628
497  548  917
292  563  575
362  573  994
287  615  965
359  605  654
369  535  620
708  886  962
421  573  655
313  577  718
276  779  1025
389  630  704
65  66  631
16  17  959
362  655  1001
63  64  630
509  558  733
345  435  709
311  482  782
302  570  852
317  575  657
412  518  927
410  583  758
378  581  819
328  651  911
323  706  780
350  591  927
458  574  732
295  692  879
419  576  748
14  15  529
334  542  808
123  124  633
378  884  961
582  706  991
402  743  887
272  749  912
112  555  667
382  568  711
288  717  896
313  605  654
517  619  1031
370  594  860
280  596  751
125  126  637
385  809  816
283  450  727
421  465  752
113  555  685
478  636  745
301  489  910
462  579  716
387  576  748
301  619  910
407  546  547
406  881  968
502  758  865
290  467  881
402  604  685
356  574  807
270  584  715
95  96  625
0  813  1003
87  88  640
374  661  803
320  471  703
77  554  681
378  819  863
535  620  847
290  703  722
282  546  831
527  731  787
85  86  641
391  750  801
304  585  653
374  661  880
317  498  717
101  557  688
366  708  886
100  557  669
453  541  839
78  554  689
360  451  605
132  133  644
134  135  645
404  607  689
445  854  886
433  553  822
338  513  942
327  774  937
341  558  958
358  809  902
655  751  1001
344  503  923
273  580  747
393  603  812
287  752  838
104  105  643
293  589  934
336  595  762
367  792  798
415  854  886
545  678  931
102  103  642
376  543  838
346  588  795
281  466  719
22  23  786
619  718  1031
392  941  957
295  940  1007
414  646  836
314  587  676
347  428  623
46  47  666
490  731  891
274  609  983
482  529  702
490  627  891
56  57  658
305  530  1015
344  663  975
376  664  836
398  559  761
421  465  802
382  544  686
54  55  659
120  121  648
452  615  838
371  674  728
279  455  994
354  551  793
2  19  905
402  555  887
406  712  968
293  770  934
322  494  600
363  549  742
388  580  747
273  626  833
308  610  628
37  38  791
519  588  895
461  879  940
83  565  691
349  532  918
485  649  922
468  594  860
30  31  970
468  594  696
290  744  1005
283  450  867
40  509  893
314  587  917
384  696  786
310  729  740
37  791  859
17  18  670
338  513  735
281  593  944
404  554  929
271  581  819
388  747  842
84  565  700
317  498  901
362  573  655
334  512  986
403  555  887
500  591  990
442  817  828
391  535  801
23  786  890
493  638  998
329  595  762
458  586  766
405  554  929
438  796  804
373  601  870
466  664  836
292  563  585
410  502  934
62  571  704
400  942  966
319  801  843
392  650  668
318  498  895
4  36  859
4  37  859
331  550  914
545  678  884
348  581  724
61  571  693
111  112  667
444  673  680
357  564  611
385  642  844
411  583  771
542  635  798
410  502  758
298  635  827
413  589  668
304  623  900
442  505  767
399  687  726
448  717  896
52  53  687
330  871  988
353  463  782
99  100  669
424  706  781
419  487  660
480  665  734
391  645  794
13  14  1007
388  580  789
31  32  629
340  621  777
340  464  870
308  610  936
296  461  979
371  728  867
350  518  845
398  673  680
11  12  680
401  572  871
334  587  808
475  593  692
350  628  721
421  543  752
324  675  734
411  544  846
414  719  836
340  464  848
286  508  963
419  487  652
335  474  812
494  716  949
335  474  825
442  799  817
399  659  726
361  683  903
362  609  1001
50  51  697
309  635  798
338  580  789
434  746  831
279  672  966
379  503  923
311  482  702
411  504  846
42  766  783
372  735  1026
295  694  806
403  762  887
117  118  677
368  593  944
531  749  912
346  588  877
364  584  931
319  750  801
91  652  1028
48  49  699
122  123  679
26  527  880
72  73  682
409  566  778
285  624  841
467  552  978
387  537  748
337  636  767
376  646  907
113  114  685
76  77  681
435  773  785
60  61  693
282  602  760
368  653  814
320  427  765
295  694  1007
404  875  929
544  686  846
481  942  966
502  770  934
519  895  1006
443  788  834
449  823  856
315  597  941
381  534  679
78  79  689
413  611  1025
388  733  971
10  617  862
329  562  953
326  757  774
310  510  729
411  504  771
380  565  691
478  686  852
302  745  852
729  740  992
323  516  947
417  520  713
324  567  865
101  102  688
320  471  765
402  555  685
303  632  975
434  619  718
481  672  966
412  549  742
404  554  689
401  797  871
356  807  972
478  745  852
450  727  827
327  439  937
38  558  791
135  136  710
82  83  691
412  591  927
330  613  871
70  622  769
117  603  677
389  571  704
341  810  991
336  595  882
73  601  682
356  764  918
352  453  754
354  524  943
414  596  646
440  747  842
62  63  704
418  491  946
408  522  1016
353  598  857
390  676  816
69  622  826
343  517  910
84  85  700
76  599  681
118  612  677
349  532  761
114  604  685
616  745  902
405  599  681
284  634  951
302  548  902
319  552  978
300  508  924
15  529  702
296  462  662
138  620  847
316  507  737
540  699  937
14  528  1007
329  743  887
328  621  777
408  634  800
295  879  940
385  557  688
439  699  937
337  505  767
44  559  873
276  656  753
90  592  1028
438  625  982
395  602  672
339  651  875
530  941  957
283  728  867
74  601  885
400  609  671
75  599  885
353  598  720
407  572  988
397  539  757
318  588  795
326  757  909
389  630  872
310  510  989
383  678  840
79  607  689
402  604  825
351  501  725
440  706  781
123  633  679
389  795  851
309  647  974
116  603  915
463  782  832
383  524  840
351  501  794
276  656  779
115  604  915
366  656  779
433  741  822
407  547  951
329  762  887
380  608  916
312  485  950
53  54  726
10  11  862
383  578  981
457  712  898
288  664  896
344  861  975
370  538  935
352  541  1023
119  612  955
548  809  902
417  672  976
305  569  952
70  71  769
376  646  836
23  24  973
407  634  951
66  67  785
340  621  829
71  72  775
453  839  850
437  722  736
418  628  721
468  696  786
412  549  933
272  690  932
394  641  700
339  479  897
423  674  728
390  512  986
67  68  773
454  791  859
392  597  941
80  607  904
89  592  835
82  608  691
26  27  880
303  948  975
430  701  883
335  743  825
402  743  825
563  585  763
380  737  969
500  787  990
405  777  929
96  97  796
471  703  1005
135  645  710
81  608  904
275  673  869
328  651  875
288  519  1006
447  690  721
397  539  697
292  618  814
272  550  932
339  479  916
388  789  971
342  787  990
542  792  798
569  663  975
356  574  918
25  731  1002
487  652  1028
102  642  688
337  616  745
449  616  837
63  630  704
130  131  788
290  703  1005
47  48  730
66  631  785
371  674  992
96  625  796
410  589  934
397  540  697
377  514  967
317  575  1004
319  744  843
124  633  997
280  646  907
280  655  751
467  881  968
125  637  997
433  553  960
415  656  753
398  617  862
365  657  909
470  610  936
381  665  930
126  637  998
109  110  799
379  663  923
407  634  800
397  540  937
97  98  804
369  765  843
43  44  873
424  706  780
404  607  897
132  644  834
451  605  874
382  570  939
350  518  927
108  109  817
415  656  886
443  644  725
406  736  858
98  99  811
335  772  812
65  631  964
279  671  994
88  89  835
333  629  1017
64  630  964
41  42  783
328  875  929
27  661  880
477  615  965
105  643  856
509  733  971
315  903  941
426  596  751
346  495  790
268  598  720
277  884  956
133  644  1012
134  645  1012
305  530  957
306  615  855
358  523  837
282  746  831
93  561  824
439  699  730
393  772  812
391  750  794
68  69  826
346  495  872
308  755  936
110  111  821
44  559  1000
282  546  1019
136  137  820
460  545  931
362  671  994
106  107  823
545  884  961
632  861  975
120  648  955
107  108  828
131  132  834
85  641  700
421  543  1018
434  713  746
57  58  850
322  494  949
322  662  832
426  609  1001
88  640  835
425  818  987
438  625  796
406  756  858
532  764  918
338  735  789
276  611  1025
379  638  738
415  753  919
447  690  932
58  59  839
87  640  1027
288  664  889
403  555  667
105  106  856
299  639  849
376  543  907
450  867  974
392  614  957
137  138  847
111  667  821
366  656  886
24  25  1002
466  719  836
86  641  1027
361  536  1015
277  678  840
436  692  879
17  670  959
303  712  948
452  664  889
413  650  668
543  752  838
443  644  834
523  643  837
530  903  941
351  750  794
336  636  882
473  587  917
340  829  922
438  792  982
54  659  726
298  542  808
59  60  866
390  676  986
405  554  681
99  669  811
399  659  908
72  682  775
269  701  883
300  624  924
57  658  850
389  795  872
355  665  930
503  738  928
400  671  966
74  75  885
449  643  837
383  678  981
370  860  864
416  753  868
275  525  764
279  672  976
501  644  725
441  624  841
422  945  989
398  680  862
339  651  925
56  658  1022
450  635  827
342  742  891
386  606  959
422  561  824
328  621  911
405  599  848
55  659  1022
340  777  848
462  662  949
313  718  1031
386  670  959
371  647  729
346  795  872
533  813  1003
381  665  1032
420  899  1029
421  655  1018
377  695  967
435  631  785
365  657  1011
466  664  896
80  81  904
328  777  929
449  643  856
53  687  726
343  910  1024
390  557  669
318  795  851
44  45  1000
344  663  923
396  541  1023
384  786  890
559  617  1000
378  961  1030
445  886  962
647  867  974
480  734  770
23  890  973
460  545  961
305  952  957
115  116  915
136  710  820
47  666  730
71  769  775
460  584  931
475  869  1010
425  810  818
439  666  730
358  523  844
420  926  1029
457  614  952
363  742  891
445  715  854
357  714  868
288  519  889
67  773  785
434  619  831
18  670  905
396  739  851
384  627  890
345  709  784
92  652  1021
273  781  797
358  616  837
304  585  763
405  777  848
388  733  842
97  796  804
60  693  866
322  662  949
46  666  1003
302  745  902
303  712  968
435  709  790
273  747  781
454  810  818
268  720  938
422  561  1008
394  641  815
109  799  817
323  780  947
417  520  976
297  595  882
326  657  909
131  788  834
284  740  951
457  569  948
432  684  857
401  797  833
378  863  1030
43  586  873
457  569  952
401  572  760
68  773  826
110  799  821
372  723  783
129  130  928
119  120  955
444  694  806
288  717  1006
290  736  881
108  817  828
522  894  1016
444  673  869
427  707  765
98  804  811
435  631  790
129  738  928
358  616  902
424  781  797
381  534  930
277  741  956
309  635  974
64  65  964
107  823  828
441  639  841
284  674  992
306  588  877
476  648  955
425  590  987
48  699  730
556  980  1013
409  698  768
469  819  863
106  823  856
269  984  996
385  809  844
331  705  980
331  705  914
279  671  966
429  705  845
488  670  905
359  605  874
130  788  928
126  127  998
124  125  997
367  798  888
283  727  822
314  676  816
268  830  938
394  565  700
357  611  868
416  753  919
45  617  1000
598  857  995
133  134  1012
364  578  981
332  778  920
339  875  897
446  789  971
304  653  913
396  571  693
406  736  881
292  585  814
456  778  920
501  645  794
271  724  1014
457  712  948
371  647  867
275  525  1010
451  640  835
476  612  955
451  640  874
420  698  768
0  46  1003
341  733  842
474  603  915
412  742  990
287  752  954
359  815  876
137  820  847
277  741  943
474  604  915
340  870  922
526  640  874
313  517  1031
474  603  812
404  875  897
346  709  877
55  56  1022
331  980  1013
507  737  969
354  741  943
492  637  997
396  739  1023
90  91  1028
86  87  1027
58  839  850
422  989  1009
92  93  1020
365  521  805
269  600  984
492  633  997
312  759  950
493  637  998
464  601  885
429  724  1014
475  593  1010
464  599  885
365  521  908
451  592  835
453  658  850
284  740  992
319  744  978
523  642  844
446  723  893
418  690  721
406  756  898
501  644  1012
501  645  1012
483  755  936
59  839  866
452  615  855
502  770  865
372  766  783
345  695  967
474  604  825
346  709  790
436  878  879
475  806  869
334  676  986
294  562  985
486  849  954
413  589  1025
513  735  1026
275  869  1010
417  713  746
487  592  1028
299  621  829
359  526  874
440  747  781
485  829  922
495  631  790
709  784  877
426  596  972
446  735  789
453  658  805
280  655  1018
569  948  975
440  842  991
503  788  928
490  973  1002
381  683  1032
271  933  1014
429  845  1014
327  763  900
494  703  722
289  756  898
464  601  870
364  678  981
464  599  848
277  840  943
358  809  844
422  888  1008
490  627  973
429  705  980
321  776  878
432  684  996
394  737  876
11  680  862
419  652  748
465  752  954
495  631  964
472  884  956
479  607  904
495  630  964
558  791  958
443  725  861
317  717  1004
498  717  1006
431  624  924
370  864  935
479  608  904
416  714  868
614  952  957
325  768  926
400  609  983
359  526  815
453  754  805
315  683  903
447  705  914
406  712  898
282  760  1019
339  925  969
495  630  872
399  908  909
41  723  783
465  639  849
430  756  858
471  744  843
270  715  854
504  771  985
526  641  815
437  736  858
343  576  1024
521  658  805
352  754  901
508  924  963
426  807  972
459  720  938
433  741  956
278  708  962
93  824  1020
446  893  971
375  780  947
470  936  970
482  662  832
365  908  909
339  916  969
273  797  833
367  560  982
479  607  897
461  878  879
454  791  958
543  907  1018
294  771  985
395  602  993
524  840  943
341  810  958
368  814  944
460  899  1030
341  842  991
24  973  1002
416  919  920
526  640  1027
479  608  916
450  635  974
269  701  996
627  890  973
300  651  925
526  641  1027
367  560  1008
521  658  1022
367  888  1008
652  748  1021
521  659  1022
560  561  1008
513  732  1026
490  731  1002
353  720  906
439  666  999
352  739  1023
471  765  843
361  903  1015
367  792  982
342  742  990
353  782  906
454  810  958
518  933  1014
13  694  1007
401  760  993
483  936  970
525  593  1010
431  924  963
420  768  926
550  914  932
560  625  982
317  657  1011
506  799  821
309  798  888
477  759  965
311  782  906
347  533  999
488  864  935
521  659  908
505  823  828
511  769  775
373  870  922
318  739  851
304  623  913
281  618  944
486  759  950
430  858  883
467  744  978
452  855  889
518  845  1014
426  751  1001
395  833  993
409  768  977
401  833  993
519  855  889
514  773  826
537  748  1021
407  800  988
437  858  883
512  804  811
447  914  932
365  754  1011
465  849  954
415  854  921
509  893  971
602  760  993
325  768  977
415  919  921
432  857  995
365  754  805
394  815  876
538  830  938
535  820  847
315  683  1032
307  863  892
754  901  1011
422  824  945
422  888  1009
469  863  892
387  537  945
304  763  900
684  984  996
448  717  1004
92  1020  1021
423  894  1013
309  888  1009
380  916  969
444  806  869
507  925  969
306  784  877
533  666  1003
541  839  866
280  907  1018
462  716  949
463  684  984
456  919  920
471  744  1005
436  653  913
270  854  921
307  899  1030
316  737  876
618  814  944
371  729  992
572  760  1019
461  940  979
537  824  945
461  776  878
307  899  1029
562  953  985
387  945  989
456  919  921
498  895  1006
530  903  1015
460  961  1030
307  863  1030
496  926  1029
537  1020  1021
504  953  985
459  720  906
533  666  999
330  800  988
331  894  1013
537  824  1020
528  940  1007
317  901  1011
510  989  1009
528  940  979
