0  2  1  0  15154.2  4.61699e-17  7.42406e-18  1
1  1  2  2  15205.6  2.04018  -0.49889  1
2  1  2  -2  15210.4  1.89929  -0.361929  1
3  3  -2  -2  14983.9  1.93507  -0.51181  1
4  3  -2  2  15181.4  1.93383  -0.510189  1
10  1  2  1.6  15216.4  2.13733  -0.465544  1
11  1  2  1.2  15216.4  2.06747  -0.433578  1
12  1  2  0.8  15216.4  2.01531  -0.415941  1
13  1  2  0.4  15216.4  2.06633  -0.391513  1
14  1  2  5.50449e-12  15216.4  2.0254  -0.333182  1
15  1  2  -0.4  15216.4  1.86203  -0.276708  1
16  1  2  -0.8  15216.4  1.81047  -0.289929  1
17  1  2  -1.2  15216.4  1.85489  -0.332804  1
18  1  2  -1.6  15216.4  1.88229  -0.351304  1
19  0  1.6  -2  15188.2  1.92176  -0.377088  1
20  0  1.2  -2  15177.3  1.93963  -0.375764  1
21  0  0.8  -2  15167.8  1.94484  -0.376289  1
22  0  0.4  -2  15125.1  1.95537  -0.412041  1
23  0  5.50449e-12  -2  15025.9  1.96953  -0.481642  1
24  0  -0.4  -2  14936.9  1.97653  -0.549568  1
25  0  -0.8  -2  14929.9  1.96713  -0.562296  1
26  0  -1.2  -2  14953.8  1.95301  -0.538545  1
27  0  -1.6  -2  14973.7  1.9419  -0.519744  1
28  3  -2  -1.6  14995  1.93383  -0.510189  1
29  3  -2  -1.2  15015.8  1.93383  -0.510189  1
30  3  -2  -0.8  15045.6  1.93383  -0.510189  1
31  3  -2  -0.4  15096.5  1.93383  -0.510189  1
32  3  -2  -5.50449e-12  15134.6  1.93383  -0.510189  1
33  3  -2  0.4  15167.8  1.93383  -0.510189  1
34  3  -2  0.8  15194.1  1.93383  -0.510189  1
35  3  -2  1.2  15198.2  1.93383  -0.510189  1
36  3  -2  1.6  15186  1.93383  -0.510189  1
37  0  -1.6  2  15189.9  1.93383  -0.510189  1
38  0  -1.2  2  15208.2  1.93383  -0.510189  1
39  0  -0.8  2  15249  1.93383  -0.510189  1
40  0  -0.4  2  15222.4  1.93383  -0.510189  1
41  0  -5.50449e-12  2  15251.8  1.93383  -0.510189  1
42  0  0.4  2  15340.2  1.93383  -0.510189  1
43  0  0.8  2  15357.3  1.93383  -0.510189  1
44  0  1.2  2  15340.9  1.93383  -0.510189  1
45  0  1.6  2  15258.9  1.93383  -0.510189  1
46  2  0.978799  0.00535865  15204.7  0  0  1
47  2  0.95747  0.0102469  15217.4  0  0  1
48  2  0.936054  0.0147481  15198.8  5.71231e-17  -1.09012e-17  1
49  2  0.914626  0.0191922  15206.3  0  0  1
50  2  0.893207  0.0236788  15205.4  0  0  1
51  2  0.871795  0.0281973  15178.1  0  0  1
52  2  0.850388  0.032739  15189.1  0  0  1
53  2  0.828986  0.0373046  15179.9  0  0  1
54  2  0.807583  0.0418682  15157.4  0  0  1
55  2  0.78618  0.0464272  15129.3  0  0  1
56  2  0.764768  0.0509484  15102.6  -7.71969e-17  1.51804e-17  1
57  2  0.743348  0.0554297  15094.9  0  0  1
58  2  0.721914  0.0598408  15060.6  0  0  1
59  2  0.700463  0.0641729  15021.7  0  0  1
60  2  0.678993  0.0684081  14986  -1.38765e-16  2.55641e-17  1
61  2  0.6575  0.0725219  14970.4  -7.71561e-17  1.22799e-17  1
62  2  0.635983  0.0765126  14946.2  0  0  1
63  2  0.614436  0.0803378  14931.9  0  0  1
64  2  0.592862  0.0840063  14909.9  0  0  1
65  2  0.571256  0.087476  14876.8  -1.53416e-16  2.03893e-17  1
66  2  0.549619  0.0907521  14870.6  0  0  1
67  2  0.527947  0.0937927  14875.8  0  0  1
68  2  0.506242  0.0965843  14850.2  0  0  1
69  2  0.484505  0.0991041  14804.2  1.49256e-16  -1.38142e-17  1
70  2  0.462734  0.101321  14813.5  0  0  1
71  2  0.440933  0.103219  14828.5  0  0  1
72  2  0.419102  0.104745  14803.4  1.45078e-16  -1.05347e-17  1
73  2  0.397249  0.105885  14800.3  0  0  1
74  2  0.375376  0.106563  14831.7  0  0  1
75  2  0.353494  0.106763  14868  0  0  1
76  2  0.331613  0.106463  14912  0  0  1
77  2  0.309745  0.105635  14962.5  0  0  1
78  2  0.287902  0.104306  15055  0  0  1
79  2  0.266098  0.102451  15154  3.34208e-16  2.77628e-17  1
80  2  0.244342  0.100098  15252.7  0  0  1
81  2  0.222649  0.0972164  15347.9  0  0  1
82  2  0.201033  0.0938103  15461.9  0  0  1
83  2  0.179513  0.0898377  15582.2  0  0  1
84  2  0.158114  0.0852633  15725.1  0  0  1
85  2  0.136867  0.0800256  15884.7  2.39251e-16  5.97597e-17  1
86  2  0.115821  0.0740354  16077.8  0  0  1
87  2  0.0950365  0.0671917  16292.4  0  0  1
88  2  0.0746085  0.0593508  16548.5  0  0  1
89  2  0.0546932  0.0502902  16801.8  7.18117e-17  -1.45763e-17  1
90  2  0.0355801  0.0396493  16926.4  0  0  1
91  2  0.017884  0.0268093  16702.1  3.63389e-17  -9.4817e-17  1
92  2  0.00349214  0.0104413  14579.7  0  0  1
93  2  0.00611195  -0.00837392  10203.4  -1.03239e-16  9.69614e-17  1
94  2  0.0252835  -0.018805  9582.29  0  0  1
95  2  0.0458795  -0.026174  11632.2  0  0  1
96  2  0.066961  -0.0320349  12009.1  0  0  1
97  2  0.0882872  -0.036937  12394.2  0  0  1
98  2  0.109757  -0.041169  12579.5  0  0  1
99  2  0.131319  -0.0449048  12730.6  0  0  1
100  2  0.152946  -0.0482484  12954.4  0  0  1
101  2  0.174621  -0.0512602  13022.9  0  0  1
102  2  0.196335  -0.0539807  13015.1  0  0  1
103  2  0.21808  -0.0564369  13195.5  -3.03856e-17  5.53617e-18  1
104  2  0.239852  -0.0586493  13309.7  0  0  1
105  2  0.261645  -0.0606302  13273.1  0  0  1
106  2  0.283458  -0.0623914  13288.6  0  0  1
107  2  0.305287  -0.0639351  13343.3  0  0  1
108  2  0.32713  -0.0652604  13384.5  0  0  1
109  2  0.348986  -0.066373  13449.4  0  0  1
110  2  0.370851  -0.0672695  13546  0  0  1
111  2  0.392724  -0.0679519  13606.5  0  0  1
112  2  0.414603  -0.0683909  13723.6  -1.64635e-16  -1.1358e-17  1
113  2  0.436486  -0.0685942  13794.6  0  0  1
114  2  0.458369  -0.0685337  13845  0  0  1
115  2  0.480251  -0.0682246  13905.8  0  0  1
116  2  0.502124  -0.0675785  13989.2  9.89221e-17  3.03964e-19  1
117  2  0.523985  -0.066581  14088.7  0  0  1
118  2  0.545821  -0.065149  14122.7  0  -1.54074e-33  1
119  2  0.567614  -0.0631603  14150.6  0  0  1
120  2  0.589353  -0.0606522  14207.5  0  0  1
121  2  0.611024  -0.0576148  14309.7  0  0  1
122  2  0.63262  -0.054078  14346.1  0  0  1
123  2  0.654162  -0.0502268  14339.3  -3.48678e-17  -2.26459e-17  1
124  2  0.675641  -0.0460397  14341.7  0  0  1
125  2  0.697103  -0.041763  14410.7  7.79449e-17  1.78912e-17  1
126  2  0.718548  -0.0374034  14481.3  0  0  1
127  2  0.739998  -0.0330702  14504.2  8.39146e-17  7.98135e-18  1
128  2  0.761464  -0.0288159  14530.7  0  0  1
129  2  0.782952  -0.0246698  14535.4  0  0  1
130  2  0.804472  -0.0206967  14551.9  -1.2326e-32  -1.54074e-33  1
131  2  0.826025  -0.0169094  14601.9  0  0  1
132  2  0.847621  -0.0133718  14668.8  -1.35818e-17  5.82123e-18  1
133  2  0.869259  -0.010105  14755.7  0  0  1
134  2  0.890945  -0.00717612  14839.6  0  0  1
135  2  0.912677  -0.00460318  14907.4  0  0  1
136  2  0.934456  -0.00246517  14975  0  0  1
137  2  0.956276  -0.000804467  15035  0  0  1
138  2  0.978135  0.000207268  15093.8  2.45009e-17  3.75469e-17  1
268  0  1.00824  -0.957411  15038.5  1.99076  -0.268707  1
269  0  0.99189  -0.396712  15012.2  2.00119  -0.0712947  1
270  0  0.428097  -0.67062  14708.4  2.16125  -0.334198  1
271  0  -0.383985  -0.748176  14893.7  2.05775  -0.629628  1
272  0  -0.717538  -0.0995436  15123.3  1.96515  -0.737273  1
273  0  -0.485365  0.762842  15342.5  1.86853  -0.517759  1
274  0  0.372625  1.00241  15339.2  1.87206  -0.333943  1
275  0  1.13523  0.817367  15284.3  1.95285  -0.371307  1
276  0  0.641353  -0.399749  14628.7  2.20942  -0.150631  1
277  0  0.0441637  -0.483859  14558.6  2.20491  -0.515506  1
278  0  0.347608  -0.367075  14311.4  2.35933  -0.331348  1
279  0  0.0791138  0.601407  15451.4  1.82784  -0.270821  1
280  0  0.53057  0.577666  15303.8  1.91856  -0.295772  1
281  0  0.915265  0.462273  15266.6  1.96098  -0.335998  1
282  0  -0.194852  0.330112  15590.1  1.76507  -0.416218  1
283  0  -0.116881  -0.258648  14588.3  2.14474  -0.757303  1
284  0  -0.281754  -0.0474776  15172.3  1.88105  -0.76361  1
285  0  0.280494  0.396072  15413.6  1.86965  -0.200874  1
286  0  0.0612904  0.307732  15720.4  1.69668  -0.191409  1
287  0  0.49517  0.320766  15194.5  1.99728  -0.237691  1
288  0  0.708898  0.282855  15172.9  2.00978  -0.320982  1
289  0  0.812342  -0.241558  14749.2  2.20143  0.0331838  1
290  0  0.987328  -0.18336  15089.7  2.0284  0.0984818  1
291  0  0.162346  -0.259431  13980.6  2.46608  -0.547812  1
292  0  0.901116  0.241512  15237.9  1.9805  -0.351834  1
293  0  0.648842  -0.220827  14459.3  2.36224  -0.0287053  1
294  0  0.498932  -0.225376  14208.8  2.46561  -0.130474  1
295  0  1.46801  0.371758  15281.6  2.01304  -0.343484  1
296  0  1.41573  -0.122667  15294.3  1.79494  -0.156452  1
297  0  0.354114  -0.208389  13920.4  2.59428  -0.281212  1
298  0  0.0501071  -0.178476  13853.4  2.45549  -0.804461  1
299  0  0.365788  0.254644  15227.1  1.98537  -0.134035  1
300  0  0.212474  0.250613  15532.3  1.81588  -0.065355  1
301  0  -0.151989  0.163696  15737.6  1.61713  -0.542482  1
302  0  0.228709  -0.186436  13711.3  2.63938  -0.476618  1
303  0  0.873668  -0.133508  14792.1  1.99109  0.173943  1
304  0  1.02729  0.152573  15310.6  1.94977  -0.369106  1
305  0  0.768229  -0.128267  14557.3  1.95989  0.0936571  1
306  0  0.582225  0.224299  15088.5  2.04397  -0.283464  1
307  0  0.0488069  -0.99272  14863.8  2.08089  -0.434985  1
308  0  -1.18408  -0.760923  15029.7  1.95873  -0.620806  1
309  0  -0.0362065  -0.112933  14136  2.2324  -1.08235  1
310  0  -0.111128  -0.0107325  15278.6  1.67966  -1.005  1
311  0  1.436  -0.675749  15175.7  1.87957  -0.218915  1
312  0  0.46187  0.212755  15080  2.05011  -0.195941  1
313  0  0.0126851  0.175347  16095.7  1.42209  -0.209366  1
314  0  0.151624  -0.143707  13472  2.74292  -0.663421  1
315  0  0.675473  -0.138845  14414.8  2.13194  0.0510289  1
316  0  0.118776  0.195066  15839.8  1.61064  -0.0148015  1
317  0  0.782616  0.182251  15159.8  2.01548  -0.356792  1
318  0  0.667089  0.173317  15073.8  2.05709  -0.334422  1
319  0  0.950175  -0.0906474  15022.8  1.43212  0.186984  1
320  0  1.07278  -0.0927215  15413.4  1.37906  0.0884517  1
321  0  1.1583  0.0663954  15416.2  1.87281  -0.309434  1
322  0  1.19647  -0.312592  15214.6  1.90189  -0.0904179  1
323  0  -1.22302  0.478914  15202.4  1.90941  -0.675048  1
324  0  0.56461  -0.159178  14230.4  2.44494  -0.0218905  1
325  0  0.527191  -1.19639  14962  2.02863  -0.360773  1
326  0  0.860117  0.135444  15198.9  2.01932  -0.377893  1
327  0  0.948993  0.1024  15255.4  2.02845  -0.398509  1
328  0  0.293878  0.198637  15275  1.9392  -0.0160682  1
329  0  0.424733  -0.155834  13890.7  2.60789  -0.146042  1
330  0  -0.559533  0.193951  15281.5  1.92723  -0.693498  1
331  0  -0.473709  -0.309783  14991.6  1.98795  -0.732517  1
332  0  0.822275  -0.692582  14926.9  2.05701  -0.219977  1
333  0  -1.37971  -0.15502  15116.6  1.94553  -0.600582  1
334  0  0.0840813  -0.11073  13163.3  2.76401  -0.892527  1
335  0  0.493254  -0.13786  14014.5  2.29535  -0.0483439  1
336  0  0.353729  -0.137389  13641.7  2.54013  -0.229233  1
337  0  0.289658  -0.12983  13466.4  2.59078  -0.339491  1
338  0  -0.14319  1.05624  15344.6  1.83219  -0.312586  1
339  0  0.225041  0.171158  15457.8  1.82796  0.080671  1
340  0  0.361572  0.178385  15095.3  2.04919  -0.0661764  1
341  0  -1.03945  1.31383  15228.4  1.88238  -0.68294  1
342  0  -0.753393  -1.31559  14964.5  1.9959  -0.622923  1
343  0  -0.0603985  0.0811296  16113.6  1.27579  -0.66122  1
344  0  0.826909  -0.0851612  14581.5  1.05576  0.111739  1
345  0  0.527384  0.173201  15008.7  2.10393  -0.253066  1
346  0  0.592733  0.152214  15005.1  2.13629  -0.309309  1
347  0  1.02044  0.0572841  15358.3  1.97826  -0.423574  1
348  0  -0.214251  -0.523401  14781.7  2.09176  -0.608858  1
349  0  0.87269  1.36636  15315.9  1.97287  -0.402658  1
350  0  -0.789484  -0.586554  15005.5  1.99067  -0.711945  1
351  0  0.885525  -0.071485  14808.1  0.943663  0.152536  1
352  0  0.72482  0.131876  15102.5  2.10946  -0.374924  1
353  0  1.12828  -0.663373  15079.5  1.96031  -0.183223  1
354  0  0.0231387  -0.330447  14366.9  2.2785  -0.623601  1
355  0  0.604356  -0.114697  14267.3  1.71607  0.0350017  1
356  0  0.724941  0.87995  15305.8  1.91327  -0.350335  1
357  0  0.815252  -0.410489  14835  2.10166  -0.0929803  1
358  0  0.224506  -0.116868  13368.8  2.59335  -0.458688  1
359  0  0.0831971  0.133303  16149.3  1.39115  0.0698483  1
360  0  0.0123738  0.106976  16433.2  1.14876  -0.216832  1
361  0  0.717738  -0.0915543  14451.1  1.10303  0.0387141  1
362  0  0.29338  0.637883  15378.1  1.86922  -0.283879  1
363  0  -0.301142  -1.18662  14933.3  2.04617  -0.550431  1
364  0  0.252365  -0.571132  14585.8  2.21472  -0.398219  1
365  0  0.789204  0.112743  15145.4  2.09925  -0.39297  1
366  0  0.498193  -0.371209  14453.6  2.29624  -0.219962  1
367  0  0.0161924  -0.0766814  13047.7  2.65881  -1.34798  1
368  0  1.05981  0.337795  15288.5  1.96587  -0.346637  1
369  0  0.988584  -0.0508715  15134.1  0.655654  0.177319  1
370  0  1.01381  -1.4473  15097.4  1.96197  -0.335758  1
371  0  -0.172385  -0.141969  14824.7  1.9977  -0.856213  1
372  0  0.172932  1.49621  15319.9  1.86973  -0.367837  1
373  0  0.413649  0.146886  14934  2.19764  -0.12428  1
374  0  -1.39928  -1.33361  14995.7  1.94404  -0.551106  1
375  0  -0.880709  0.201817  15207.4  1.93272  -0.740043  1
376  0  0.623629  0.429655  15239.1  1.96602  -0.293286  1
377  0  0.47418  0.147907  14932.5  2.1943  -0.207267  1
378  0  -0.0727519  -0.730534  14778.9  2.11284  -0.495759  1
379  0  0.781952  -0.0723082  14527.5  0.702461  0.0188296  1
380  0  0.179156  0.138504  15660.1  1.74223  0.193051  1
381  0  0.651492  -0.0974643  14315.8  1.24119  -0.00865615  1
382  0  0.262455  -0.278805  14061.3  2.45365  -0.413055  1
383  0  0.19209  -0.422229  14391.6  2.30089  -0.449931  1
384  0  0.117517  -1.47957  14978.5  2.01461  -0.437511  1
385  0  0.181643  -0.0961196  13125.8  2.34879  -0.473717  1
386  0  1.43941  -1.20763  15149.6  1.91586  -0.310876  1
387  0  -0.0563018  -0.00291192  15170.2  1.47069  -1.32355  1
388  0  -0.559237  1.18908  15283.1  1.85297  -0.50697  1
389  0  0.633535  0.125319  14981.2  2.18119  -0.342805  1
390  0  0.132373  -0.0887863  12997.6  2.54486  -0.654894  1
391  0  0.929997  -0.0412517  14947.4  0.335819  0.0965226  1
392  0  0.726477  -0.199677  14572.4  2.33299  0.0313693  1
393  0  0.537634  -0.112969  14096.7  1.59134  0.00147986  1
394  0  0.137619  0.127078  15864.6  1.5961  0.210454  1
395  0  -0.219968  0.626763  15434.4  1.829  -0.342473  1
396  0  0.680565  0.11166  15018.4  2.13808  -0.373731  1
397  0  0.893557  0.0783308  15202.1  2.05685  -0.404164  1
398  0  1.46147  1.30013  15265  2.03313  -0.439129  1
399  0  0.827348  0.0835432  15170.8  2.05284  -0.396406  1
400  0  0.136741  0.857768  15376.1  1.84882  -0.299807  1
401  0  -0.412172  0.446601  15398.4  1.87274  -0.523196  1
402  0  0.447555  -0.114497  13835.5  1.76787  -0.0439222  1
403  0  0.398931  -0.106465  13652.8  1.66738  -0.079619  1
404  0  0.272896  0.151615  15239.5  2.00155  0.10442  1
405  0  0.318985  0.150796  15086.9  2.10184  0.0324525  1
406  0  0.902932  -0.22021  14909.7  2.13618  0.0735186  1
407  0  -0.32361  0.164845  15433.6  1.8234  -0.615715  1
408  0  -0.456851  -0.0186743  15195.5  1.92373  -0.721339  1
409  0  0.630344  -0.878465  14891.8  2.07009  -0.305921  1
410  0  0.572154  -0.294653  14419.8  2.29956  -0.118642  1
411  0  0.416109  -0.290709  14212.4  2.39588  -0.251751  1
412  0  -0.684714  -0.927383  14963.5  2.0193  -0.675344  1
413  0  0.714871  -0.310892  14647.3  2.1915  -0.0577759  1
414  0  0.749401  0.640016  15285.2  1.93306  -0.330043  1
415  0  0.55357  -0.528716  14661.9  2.19882  -0.250485  1
416  0  0.713117  -0.544023  14797.1  2.12884  -0.190044  1
417  0  -0.0507321  0.448088  15565.3  1.76682  -0.278796  1
418  0  -1.03055  -0.307592  15088.8  1.96773  -0.691987  1
419  0  -0.0290899  0.0528904  16350.4  0.937036  -0.757323  1
420  0  0.342018  -0.942068  14842.6  2.09011  -0.376973  1
421  0  0.418183  0.450688  15313.9  1.92383  -0.250078  1
422  0  -0.0248717  -0.0478439  13843.1  2.12812  -1.56284  1
423  0  -0.284691  -0.248584  14891.1  2.01225  -0.740372  1
424  0  -0.731843  0.517741  15283.4  1.92156  -0.725174  1
425  0  -1.49376  0.947405  15204.4  1.94567  -0.576533  1
426  0  0.462835  0.808425  15334.6  1.88487  -0.319961  1
427  0  1.05806  -0.0294298  15440.1  0.878038  -0.0651078  1
428  0  1.07384  0.0288578  15433.5  1.68139  -0.354441  1
429  0  -0.458666  -0.535346  14921.2  2.02871  -0.699459  1
430  0  0.876214  -0.341242  14885.1  2.06434  -0.034714  1
431  0  0.167457  0.359118  15548.3  1.79115  -0.176705  1
432  0  0.921648  -0.548854  14970.3  2.0265  -0.147801  1
433  0  -0.115831  -0.400962  14646.8  2.13566  -0.631495  1
434  0  -0.0698491  0.289215  15754.5  1.66726  -0.327053  1
435  0  0.538857  0.135268  14933.2  2.19722  -0.27247  1
436  0  1.18656  0.200685  15354.2  1.96376  -0.323514  1
437  0  0.989558  -0.28567  15037.2  1.99085  -0.00293756  1
438  0  0.0697837  -0.0723971  12662.9  2.65052  -0.927921  1
439  0  0.957126  0.0625946  15238  2.00936  -0.415549  1
440  0  -0.823537  0.902791  15268.8  1.92318  -0.713175  1
441  0  0.288765  0.276953  15377.3  1.90273  -0.106746  1
442  0  0.336361  -0.100904  13473  1.69059  -0.151827  1
443  0  0.838873  -0.0528481  14613.1  0.335349  0.0682116  1
444  0  1.60669  0.758237  15256.9  1.98272  -0.389658  1
445  0  0.39888  -0.500099  14539.5  2.25198  -0.325086  1
446  0  -0.167354  1.46369  15301.3  1.83265  -0.316945  1
447  0  -0.704792  -0.391712  15031.6  1.98808  -0.73783  1
448  0  0.829713  0.258037  15207.5  1.99338  -0.343605  1
449  0  0.272439  -0.100016  13328.5  1.92651  -0.278007  1
450  0  -0.0481244  -0.201892  14353.8  2.22059  -0.83097  1
451  0  0.0484435  0.0939759  16513.1  1.12624  0.0487331  1
452  0  0.608908  0.330911  15188  1.99772  -0.288452  1
453  0  0.737623  0.0970009  15081.2  2.08669  -0.388202  1
454  0  -1.52594  1.45715  15201.7  1.91763  -0.558084  1
455  0  0.14728  0.513808  15475.4  1.82291  -0.249676  1
456  0  0.619408  -0.729854  14825.2  2.10973  -0.279679  1
457  0  0.824658  -0.177542  14725.3  2.24073  0.10405  1
458  0  0.51664  1.37871  15332.1  1.92006  -0.410176  1
459  0  1.35491  -0.904506  15135.2  1.9147  -0.259644  1
460  0  0.153014  -0.770004  14742.3  2.13345  -0.414709  1
461  0  1.38932  0.0763967  15300.9  1.93509  -0.264922  1
462  0  1.26118  -0.121871  15378.4  1.67323  -0.0945123  1
463  0  1.15364  -0.461949  15127.8  1.93393  -0.121251  1
464  0  0.364183  0.144863  14990.4  2.17702  -0.0361668  1
465  0  0.399107  0.354769  15290.9  1.94328  -0.209237  1
466  0  0.796643  0.415553  15241.9  1.96928  -0.323907  1
467  0  0.936462  -0.147962  14997.3  2.00386  0.155481  1
468  0  0.534908  -1.64986  15067.7  1.97919  -0.382095  1
469  0  -0.234481  -0.985789  14893.2  2.07007  -0.536796  1
470  0  -1.58546  -0.469573  15082.8  1.94169  -0.555575  1
471  0  1.01837  -0.114262  15238.1  1.67849  0.156461  1
472  0  -0.109247  -0.598189  14739.6  2.11902  -0.541828  1
473  0  0.101522  -0.220736  13924.5  2.46392  -0.666638  1
474  0  0.492322  -0.105193  13970.6  1.52392  0.00141785  1
475  0  1.28445  0.524489  15285.5  1.9747  -0.359311  1
476  0  0.583162  -0.0962867  14199.2  1.18186  0.019809  1
477  0  0.520454  0.225161  15081.4  2.04897  -0.243356  1
478  0  0.312097  -0.190761  13793.9  2.65495  -0.345174  1
479  0  0.22872  0.135092  15411.3  1.9257  0.177756  1
480  0  0.63984  -0.168944  14381.9  2.38029  0.0119577  1
481  0  -0.110848  0.733106  15410.4  1.8312  -0.296587  1
482  0  1.42839  -0.389634  15239.2  1.85961  -0.162269  1
483  0  -1.5786  -0.956407  15026.9  1.94306  -0.54252  1
484  0  -1.59624  0.275938  15174  1.90612  -0.565492  1
485  0  0.408974  0.207701  15109  2.03524  -0.147342  1
486  0  0.43456  0.281698  15193.4  2.00039  -0.194095  1
487  0  0.00201813  0.0646944  16681.6  0.81901  -0.416785  1
488  0  1.4348  -1.59961  15167  1.91765  -0.35301  1
489  0  -0.141395  0.0658565  15630.7  1.61466  -0.735676  1
490  0  -0.473948  -1.6174  14954.9  2.00642  -0.571122  1
491  0  -1.0106  0.00394717  15153.6  1.94792  -0.710259  1
492  0  0.693997  -0.0763318  14379.6  0.667683  0.0492188  1
493  0  0.735197  -0.0702002  14496.5  0.502994  0.00964446  1
494  0  1.12552  -0.232053  15240.9  1.93325  -0.0263053  1
495  0  0.587778  0.121773  14957.8  2.19439  -0.315753  1
496  0  0.203064  -1.26707  14940.9  2.03131  -0.411132  1
497  0  0.192484  -0.204982  13782.3  2.5579  -0.528612  1
498  0  0.722029  0.186611  15125  2.03313  -0.345051  1
499  0  0.811002  -1.10768  15009.1  2.01023  -0.306345  1
500  0  -1.03608  -1.04639  14998.3  1.97227  -0.622259  1
501  0  0.884117  -0.0430334  14794.8  0.22929  0.0865185  1
502  0  0.576811  -0.238347  14364.5  2.37501  -0.0865843  1
503  0  0.809194  -0.0539865  14538.5  0.326378  0.0130269  1
504  0  0.414396  -0.22538  14053.9  2.52221  -0.217683  1
505  0  0.303777  -0.102293  13374.9  1.86869  -0.218528  1
506  0  0.369804  -0.109141  13569.6  1.83528  -0.110752  1
507  0  0.17047  0.207838  15670.2  1.72409  0.00360676  1
508  0  0.13588  0.259945  15698.3  1.71843  -0.0965493  1
509  0  -0.631915  1.69366  15242.4  1.81329  -0.552664  1
510  0  -0.0940009  -0.0648759  14772.3  1.92452  -1.09628  1
511  0  0.442762  0.142823  14932.5  2.20769  -0.166026  1
512  0  0.10316  -0.0770352  12822.1  2.5826  -0.756022  1
513  0  0.133548  1.07158  15345.4  1.84285  -0.317214  1
514  0  0.50626  0.13192  14910.6  2.21815  -0.247896  1
515  0  -0.00298663  -1.227  14928  2.04412  -0.454158  1
516  0  -1.24314  0.160923  15170.2  1.91685  -0.649449  1
517  0  -0.0410269  0.140505  16129.7  1.35729  -0.40108  1
518  0  -0.61549  -0.710812  14962.9  2.01577  -0.69902  1
519  0  0.651151  0.242588  15126.7  2.03092  -0.310816  1
520  0  0.0828963  0.405905  15580.6  1.76703  -0.22425  1
521  0  0.782805  0.0836913  15138.5  2.04054  -0.39301  1
522  0  -0.372881  -0.0994608  15117.8  1.93205  -0.744947  1
523  0  0.226812  -0.0849301  13276.3  1.5424  -0.253637  1
524  0  0.113701  -0.367912  14330.2  2.3162  -0.531539  1
525  0  0.964786  0.632501  15281.1  1.95064  -0.347236  1
526  0  0.093191  0.105729  16212.2  1.37324  0.21425  1
527  0  -1.08701  -1.6261  14965.5  1.95571  -0.56476  1
528  0  1.70442  0.039057  15248.8  2.0118  -0.300443  1
529  0  1.67367  -0.1944  15255.4  1.87584  -0.224609  1
530  0  0.732691  -0.136014  14511.7  2.09104  0.0782958  1
531  0  -0.717846  0.148561  15227  1.94117  -0.730356  1
532  0  1.04109  1.068  15292.4  1.93533  -0.384074  1
533  0  0.99922  0.035622  15301.7  1.85629  -0.421184  1
534  0  0.628257  -0.079107  14331.1  0.499228  0.00474893  1
535  0  0.962291  -0.0353959  15048.2  0.295081  0.10205  1
536  0  0.75583  -0.0919255  14534  1.1518  0.0586666  1
537  0  -0.0251129  -0.00223  14829.4  1.32896  -1.78817  1
538  0  1.16652  -1.2493  15104.5  1.95181  -0.314878  1
539  0  0.86734  0.0599211  15168.2  1.76389  -0.350302  1
540  0  0.910088  0.0508979  15207.2  1.73489  -0.346932  1
541  0  0.70702  0.0991946  15071.3  2.10486  -0.383763  1
542  0  0.0363846  -0.126555  13564.6  2.54939  -0.968209  1
543  0  0.51899  0.43425  15264.4  1.95169  -0.270638  1
544  0  0.338529  -0.289483  14144.2  2.42279  -0.330218  1
545  0  0.106155  -0.627275  14666.2  2.16552  -0.441396  1
546  0  -0.230023  0.214194  15595.9  1.73126  -0.52013  1
547  0  -0.219522  0.109577  15529.9  1.72614  -0.651531  1
548  0  0.191958  -0.163186  13578.1  2.70342  -0.56026  1
549  0  -0.441541  -0.963427  14920.6  2.05074  -0.619136  1
550  0  -0.562608  -0.18091  15078.9  1.96772  -0.738119  1
551  0  0.0493542  -0.253103  14146.9  2.35814  -0.694345  1
552  0  0.911437  -0.108008  14899.3  1.67271  0.187346  1
553  0  -0.207061  -0.340215  14756.1  2.07733  -0.697778  1
554  0  0.297196  0.131728  15084.4  1.98692  0.0961121  1
555  0  0.424644  -0.094694  13770.7  1.07313  -0.0479153  1
556  0  -0.331606  -0.423702  14850.3  2.04659  -0.681499  1
557  0  0.16017  -0.0757609  13003  1.79809  -0.403959  1
558  0  -0.995376  1.64484  15207.8  1.82644  -0.633996  1
559  0  1.22291  1.59866  15302.5  2.08136  -0.45609  1
560  0  0.0264029  -0.0473532  12084.3  2.47205  -1.29192  1
561  0  0.00438029  -0.0343901  11709.2  2.3077  -1.89238  1
562  0  0.468962  -0.179259  14035.9  2.58135  -0.120283  1
563  0  0.909586  0.174794  15232.4  1.98188  -0.367188  1
564  0  0.796435  -0.318192  14771.1  2.13001  -0.0344635  1
565  0  0.163544  0.111575  15705.5  1.64299  0.285993  1
566  0  0.813303  -0.887911  14961.3  2.03436  -0.272924  1
567  0  0.519368  -0.176  14139.5  2.53168  -0.0705691  1
568  0  0.198447  -0.332063  14191.4  2.39237  -0.482681  1
569  0  0.817919  -0.13116  14641.6  2.04033  0.133081  1
570  0  0.226429  -0.238052  13917.1  2.50815  -0.469223  1
571  0  0.651459  0.099954  14974.5  1.93836  -0.327087  1
572  0  -0.373752  0.310595  15431.9  1.85445  -0.553174  1
573  0  0.30668  0.508365  15392.9  1.87341  -0.249186  1
574  0  0.595837  1.12427  15324.4  1.9  -0.369269  1
575  0  0.843807  0.193968  15199  1.99497  -0.358693  1
576  0  -0.0644482  0.0346751  15788.3  1.30334  -0.990374  1
577  0  0.0614214  0.230091  15877.1  1.5926  -0.139373  1
578  0  0.301628  -0.465729  14455.6  2.28326  -0.378326  1
579  0  1.13856  -0.0381833  15480.5  1.39325  -0.141377  1
580  0  -0.388398  1.00057  15325.3  1.84814  -0.412454  1
581  0  -0.212523  -0.66731  14817  2.0877  -0.573406  1
582  0  -1.24377  0.823642  15216.3  1.94712  -0.667867  1
583  0  0.493556  -0.295955  14332.5  2.34415  -0.182509  1
584  0  0.300154  -0.72848  14728.8  2.14463  -0.376824  1
585  0  0.973459  0.205427  15272.6  1.96495  -0.358623  1
586  0  0.684032  1.66266  15345.4  2.01099  -0.455353  1
587  0  0.102729  -0.157717  13581.2  2.61161  -0.747216  1
588  0  0.623702  0.192646  15064.7  2.05451  -0.310378  1
589  0  0.641065  -0.291268  14528  2.2565  -0.0786666  1
590  0  -1.56546  0.598452  15189.3  1.9297  -0.558929  1
591  0  -0.928827  -0.813717  15000.4  1.98657  -0.670756  1
592  0  0.0334543  0.0659536  16773.4  0.784781  -0.030517  1
593  0  1.07919  0.476053  15283.7  1.9632  -0.349639  1
594  0  0.718949  -1.34543  15032.9  1.99577  -0.345029  1
595  0  0.383001  -0.173482  13842.8  2.66147  -0.219434  1
596  0  0.600119  0.696164  15305.9  1.90927  -0.319572  1
597  0  0.681414  -0.187965  14482.5  2.36752  0.0168472  1
598  0  0.977642  -0.760038  15009.7  2.00486  -0.219627  1
599  0  0.342268  0.130115  14964  2.03142  0.0194866  1
600  0  1.07181  -0.336739  15111.1  1.94412  -0.0524736  1
601  0  0.387227  0.129446  14892.1  2.0602  -0.0622228  1
602  0  -0.177453  0.466598  15521.3  1.79427  -0.346182  1
603  0  0.513917  -0.0907548  14053.7  0.891011  0.00273787  1
604  0  0.469916  -0.0918353  13882.5  0.938496  -0.0321858  1
605  0  0.0478752  0.133351  16270.4  1.30328  -0.0551418  1
606  0  1.60447  -0.875204  15180.7  1.86921  -0.274671  1
607  0  0.252467  0.125112  15270  1.90954  0.173976  1
608  0  0.207906  0.119136  15462  1.80034  0.232376  1
609  0  0.298852  0.80199  15361.8  1.86561  -0.307282  1
610  0  -1.25915  -0.446226  15074.3  1.95358  -0.622644  1
611  0  0.72319  -0.391138  14719.2  2.16208  -0.10792  1
612  0  0.558739  -0.0863046  14136.9  0.7811  -0.032223  1
613  0  -0.718219  0.315612  15262.5  1.93055  -0.729758  1
614  0  0.776437  -0.195082  14658.5  2.29379  0.0597992  1
615  0  0.555082  0.2848  15149.4  2.02234  -0.265621  1
616  0  0.255665  -0.12734  13424.9  2.66091  -0.42366  1
617  0  1.5997  1.61765  15244.4  2.1285  -0.489633  1
618  0  0.883591  0.334854  15243.9  1.97568  -0.337442  1
619  0  -0.0850568  0.207688  15878.1  1.55654  -0.401283  1
620  0  0.987072  -0.0220737  15100.9  0.109815  0.0798452  1
621  0  0.337119  0.213106  15202.4  1.98287  -0.070398  1
622  0  0.478686  0.120643  14840.1  1.98947  -0.194712  1
623  0  1.06045  0.0961172  15375  1.97947  -0.380291  1
624  0  0.231218  0.327806  15469.5  1.84219  -0.146415  1
625  0  0.053302  -0.0497594  12100.6  2.22377  -0.877163  1
626  0  -0.271905  0.815976  15377.7  1.83901  -0.354589  1
627  0  -0.200767  -1.49582  14958.2  2.02365  -0.515801  1
628  0  -1.01905  -0.555353  15042.1  1.96893  -0.676467  1
629  0  -1.70542  -0.204837  15118.3  1.93911  -0.542822  1
630  0  0.60728  0.105301  14953.7  1.95082  -0.300737  1
631  0  0.563185  0.111603  14894.8  1.98542  -0.268441  1
632  0  0.871664  -0.0998133  14763.7  1.51985  0.184976  1
633  0  0.669364  -0.0697251  14313.2  0.335701  -0.0480319  1
634  0  -0.365684  0.025939  15266.4  1.88305  -0.708557  1
635  0  -0.00874724  -0.155689  13995  2.33797  -0.938651  1
636  0  0.318386  -0.153247  13627.4  2.73275  -0.324992  1
637  0  0.712039  -0.0603124  14455.5  0.144754  -0.012945  1
638  0  0.755628  -0.0561686  14524.3  0.150458  -0.0375489  1
639  0  0.347445  0.322168  15316  1.93375  -0.166603  1
640  0  0.0767461  0.0843128  16403.1  1.17587  0.249265  1
641  0  0.120215  0.0985641  16010.1  1.45988  0.302609  1
642  0  0.204851  -0.0760693  13104.8  1.39155  -0.244835  1
643  0  0.249914  -0.0807322  13289.1  1.15566  -0.204128  1
644  0  0.861532  -0.0322198  14705.6  -0.122334  0.052433  1
645  0  0.904219  -0.0270796  14873  -0.0526235  0.0365248  1
646  0  0.631188  0.552967  15276.2  1.93727  -0.306773  1
647  0  -0.0944195  -0.114684  14576.5  2.05412  -0.991219  1
648  0  0.603281  -0.0813316  14253.6  0.64089  0.00257898  1
649  0  0.441256  0.176436  15010.9  2.10457  -0.168728  1
650  0  0.753368  -0.256146  14667.5  2.2273  -0.000227181  1
651  0  0.253111  0.216491  15400.1  1.87906  -0.0152881  1
652  0  -0.0052238  0.0337069  16470.8  0.327312  -0.854036  1
653  0  1.07575  0.231782  15313  1.95566  -0.346621  1
654  0  0.070709  0.172791  16034.4  1.46792  -0.0498923  1
655  0  0.410496  0.564617  15338.1  1.89891  -0.279508  1
656  0  0.565224  -0.435443  14583.5  2.23422  -0.206982  1
657  0  0.817935  0.149269  15167.6  2.02503  -0.372262  1
658  0  0.758458  0.0742199  15097.9  1.75572  -0.33521  1
659  0  0.801326  0.0654971  15159.9  1.72038  -0.34359  1
660  0  -0.0215  0.0878853  16378.1  1.13739  -0.484426  1
661  0  -1.62811  -1.62811  14989.7  1.93386  -0.523313  1
662  0  1.31068  -0.254759  15282.7  1.86271  -0.103838  1
663  0  0.798464  -0.10065  14564.6  1.45482  0.104339  1
664  0  0.679603  0.362437  15212.3  1.98412  -0.309406  1
665  0  0.640607  -0.131232  14322.8  2.02927  0.042561  1
666  0  0.973864  0.0308739  15221.3  1.63948  -0.344898  1
667  0  0.402669  -0.0855186  13644.1  0.662217  0.000163803  1
668  0  0.696561  -0.248208  14565  2.2852  -0.0203972  1
669  0  0.139036  -0.0666053  12848.9  1.53669  -0.321976  1
670  0  1.71419  -1.41447  15186.7  1.89081  -0.338373  1
671  0  0.170143  0.704546  15402.3  1.85011  -0.286808  1
672  0  -0.0599569  0.58516  15475.5  1.81274  -0.286192  1
673  0  1.35384  1.00265  15274  1.95752  -0.393007  1
674  0  -0.26702  -0.141435  14984  1.96423  -0.779652  1
675  0  0.567905  -0.123914  14177.4  1.91378  0.00546523  1
676  0  0.120497  -0.122226  13283.4  2.78859  -0.764755  1
677  0  0.536019  -0.0843516  14104.6  0.601308  0.00932419  1
678  0  0.14799  -0.524086  14554.6  2.22163  -0.449788  1
679  0  0.646996  -0.0706769  14346.5  0.224373  -0.0948721  1
680  0  1.69262  1.06612  15248.5  1.99562  -0.416537  1
681  0  0.319961  0.124947  14993.2  1.95273  0.0673327  1
682  0  0.409388  0.123897  14828  1.96409  -0.0967319  1
683  0  0.682244  -0.103723  14384.6  1.43449  0.0491582  1
684  0  1.03867  -0.51823  15043.5  1.9845  -0.136979  1
685  0  0.447394  -0.0876309  13807.5  0.735776  -0.0182896  1
686  0  0.313868  -0.239457  13976.9  2.5126  -0.339569  1
687  0  0.842822  0.0607631  15178.8  1.73219  -0.349111  1
688  0  0.183078  -0.0717782  13038  1.29905  -0.268593  1
689  0  0.275319  0.123139  15158.9  1.90788  0.145398  1
690  0  -0.836251  -0.204773  15099.6  1.97367  -0.731909  1
691  0  0.186231  0.110573  15581.9  1.699  0.271512  1
692  0  1.21545  0.356313  15300.7  1.97458  -0.343724  1
693  0  0.672004  0.0900969  14967.5  1.75133  -0.306594  1
694  0  1.70943  0.470096  15247.4  2.02364  -0.377215  1
695  0  0.492381  0.185769  15014.8  2.08863  -0.219102  1
696  0  0.395625  -1.39593  14995.2  2.00908  -0.388256  1
697  0  0.887198  0.0482052  15195.1  1.63187  -0.326601  1
698  0  0.478858  -0.797738  14805.5  2.11179  -0.332906  1
699  0  0.933179  0.0420657  15207.8  1.68958  -0.343211  1
700  0  0.143272  0.100501  15845.6  1.54423  0.31977  1
701  0  0.901848  -0.413289  14928.4  2.05195  -0.0814906  1
702  0  1.69042  -0.555831  15217.6  1.82918  -0.23266  1
703  0  1.05058  -0.163426  15263.4  1.90716  0.0735367  1
704  0  0.628586  0.097445  14948.6  1.82186  -0.299677  1
705  0  -0.556834  -0.419373  14978  2.0018  -0.73008  1
706  0  -0.958025  0.704577  15248.7  1.93359  -0.745772  1
707  0  1.0188  -0.0248661  15269.6  0.415862  0.06687  1
708  0  0.430707  -0.365989  14367  2.33448  -0.266098  1
709  0  0.560511  0.163443  14992.1  2.12147  -0.282982  1
710  0  0.925539  -0.0197229  14940.2  -0.117449  0.0232671  1
711  0  0.273459  -0.359231  14269.3  2.37271  -0.401304  1
712  0  0.867694  -0.177407  14810.8  2.1937  0.122116  1
713  0  -0.0140809  0.349212  15682.6  1.71043  -0.264382  1
714  0  0.836261  -0.539058  14894.2  2.07534  -0.154267  1
715  0  0.363231  -0.588429  14618.2  2.20719  -0.354192  1
716  0  1.14658  -0.142231  15369.9  1.71898  -0.00570983  1
717  0  0.762147  0.240514  15173.4  2.00897  -0.33941  1
718  0  -0.0104298  0.249914  15860.1  1.59862  -0.261662  1
719  0  0.817951  0.526502  15269.3  1.95135  -0.327387  1
720  0  1.15112  -0.847168  15080.9  1.95659  -0.237444  1
721  0  -0.876026  -0.409197  15055.9  1.97739  -0.719205  1
722  0  1.03366  -0.237739  15133.7  1.99094  0.0223796  1
723  0  -0.086614  1.73494  15269.8  1.8933  -0.35516  1
724  0  -0.337836  -0.605508  14864.3  2.05908  -0.645662  1
725  0  0.865886  -0.0559876  14724.6  0.485349  0.12032  1
726  0  0.822258  0.0582211  15170.4  1.58407  -0.330236  1
727  0  -0.030173  -0.265959  14371.7  2.25329  -0.725786  1
728  0  -0.195339  -0.220383  14783  2.05067  -0.777004  1
729  0  -0.145721  -0.0703316  14969.1  1.89225  -0.927208  1
730  0  0.951297  0.0318455  15215.7  1.53558  -0.315886  1
731  0  -0.780552  -1.61089  14957  1.98466  -0.59312  1
732  0  0.335504  1.22046  15333.9  1.85608  -0.359522  1
733  0  -0.750377  1.40519  15246.3  1.83081  -0.613408  1
734  0  0.60359  -0.148506  14307.3  2.29613  0.0202038  1
735  0  -0.0259366  1.26939  15322  1.82654  -0.310913  1
736  0  0.959384  -0.234432  15016.5  2.06378  0.0512085  1
737  0  0.152882  0.165327  15771.6  1.63939  0.0909876  1
738  0  0.783036  -0.0485309  14522.4  -0.0462655  -0.0896699  1
739  0  0.692346  0.144729  15076.8  2.11166  -0.359053  1
740  0  -0.196153  0.000858282  15302  1.78412  -0.808141  1
741  0  -0.0257086  -0.404552  14536.5  2.19841  -0.59181  1
742  0  -0.584838  -1.14453  14949.7  2.02668  -0.633975  1
743  0  0.457492  -0.142444  13918.3  2.40075  -0.0823759  1
744  0  0.971925  -0.125107  15096.8  1.83145  0.173364  1
745  0  0.271495  -0.161733  13633.6  2.74137  -0.415772  1
746  0  -0.104059  0.366709  15631.4  1.73838  -0.330593  1
747  0  -0.627506  0.958103  15299.3  1.88475  -0.593196  1
748  0  -0.0310899  0.0231925  15863.6  0.969781  -1.23137  1
749  0  -0.595942  0.00466014  15188.4  1.94505  -0.724221  1
750  0  0.920344  -0.0734276  14910.9  1.00658  0.159299  1
751  0  0.472223  0.670769  15328.9  1.89542  -0.303232  1
752  0  0.465922  0.381734  15257.3  1.95883  -0.242289  1
753  0  0.654193  -0.480696  14707.9  2.17469  -0.183951  1
754  0  0.757734  0.123517  15110.7  2.10188  -0.386352  1
755  0  -1.29977  -1.00906  15011.5  1.95496  -0.581027  1
756  0  0.867803  -0.271556  14851.6  2.11042  0.0180574  1
757  0  0.86061  0.0928498  15180.2  2.07939  -0.399061  1
758  0  0.53564  -0.255851  14317.6  2.37057  -0.120606  1
759  0  0.476985  0.258495  15138.6  2.03045  -0.214924  1
760  0  -0.284298  0.393778  15487  1.82319  -0.447948  1
761  0  1.1738  1.29484  15284.4  1.97964  -0.409407  1
762  0  0.392398  -0.135146  13710.6  2.43909  -0.152478  1
763  0  0.966772  0.149028  15266.6  1.97421  -0.376178  1
764  0  0.928733  0.849074  15293.9  1.93539  -0.361776  1
765  0  1.0242  -0.0675712  15300.4  0.987414  0.162531  1
766  0  0.395414  1.66202  15327.2  1.97111  -0.459872  1
767  0  0.320382  -0.124732  13510.8  2.45605  -0.263229  1
768  0  0.496695  -0.998806  14899.1  2.06464  -0.350353  1
769  0  0.453431  0.120615  14864.8  1.99123  -0.161735  1
770  0  0.600819  -0.197709  14351.9  2.43813  -0.0353828  1
771  0  0.457742  -0.253845  14194.1  2.42389  -0.185979  1
772  0  0.528159  -0.142578  14083.5  2.28147  -0.0319196  1
773  0  0.519424  0.113297  14897.3  1.91793  -0.231939  1
774  0  0.906185  0.117974  15227.1  2.02866  -0.391673  1
775  0  0.431296  0.122271  14871  1.98745  -0.130067  1
776  0  1.27441  0.00248126  15376.2  1.7406  -0.213  1
777  0  0.325188  0.177296  15167.2  2.00285  -0.021455  1
778  0  0.725988  -0.784907  14889.5  2.07365  -0.264461  1
779  0  0.577081  -0.357273  14508.3  2.26505  -0.154706  1
780  0  -0.943703  0.449072  15232.6  1.9204  -0.75271  1
781  0  -0.697368  0.735003  15300.9  1.90709  -0.680981  1
782  0  1.28202  -0.55669  15152.5  1.90823  -0.16989  1
783  0  0.176346  1.77863  15310.1  1.95429  -0.43339  1
784  0  0.555112  0.194468  15039.8  2.06455  -0.268915  1
785  0  0.539807  0.108943  14886.4  1.86365  -0.238612  1
786  0  0.258606  -1.71357  15047.6  1.98288  -0.423933  1
787  0  -1.04452  -1.31725  14980.1  1.96903  -0.599665  1
788  0  0.819052  -0.0353906  14569.1  -0.261851  -0.0414769  1
789  0  -0.291335  1.23487  15311.5  1.83065  -0.344791  1
790  0  0.568613  0.13686  14952  2.19842  -0.298538  1
791  0  -1.35813  1.70566  15191  1.87493  -0.559235  1
792  0  0.043828  -0.09345  13180.1  2.73275  -1.11346  1
793  0  0.100432  -0.292385  14163.6  2.38083  -0.589134  1
794  0  0.90484  -0.0512554  14860.5  0.488679  0.114458  1
795  0  0.631226  0.151881  15027.4  2.1264  -0.329935  1
796  0  0.0741809  -0.0508317  12393  1.8203  -0.596862  1
797  0  -0.550191  0.566577  15341.5  1.89376  -0.608895  1
798  0  0.00172282  -0.110224  13686.7  2.44612  -1.11644  1
799  0  0.357408  -0.0851969  13497.3  0.785644  -0.0492403  1
800  0  -0.447316  0.108021  15293.7  1.90306  -0.682077  1
801  0  0.956331  -0.0628591  15033.2  0.850059  0.149646  1
802  0  0.354145  0.41166  15351.8  1.90447  -0.212699  1
803  0  -1.69168  -1.23102  15011.1  1.93603  -0.52358  1
804  0  0.0937861  -0.0564444  12543.6  1.79448  -0.535292  1
805  0  0.765332  0.0986026  15116  2.11363  -0.398173  1
806  0  1.48497  0.570207  15272.2  1.99001  -0.368646  1
807  0  0.537955  0.948087  15321.8  1.89308  -0.342869  1
808  0  0.0677654  -0.143677  13517.2  2.60075  -0.855553  1
809  0  0.191476  -0.125923  13338.8  2.77347  -0.567558  1
810  0  -1.3316  1.18098  15213.8  1.9434  -0.637973  1
811  0  0.117548  -0.0602967  12750.1  1.66668  -0.422266  1
812  0  0.513057  -0.117871  14050.7  1.84778  -0.00753693  1
813  0  1.02336  0.0121441  15344.1  1.30007  -0.321982  1
814  0  0.978877  0.286526  15270.2  1.96922  -0.346345  1
815  0  0.110743  0.123571  16043.1  1.46871  0.177386  1
816  0  0.155601  -0.110151  13204.2  2.72973  -0.641119  1
817  0  0.337015  -0.0798192  13405.5  0.56733  -0.03509  1
818  0  -1.68862  1.19047  15200.7  1.94433  -0.543115  1
819  0  -0.240071  -0.826561  14860  2.08184  -0.555425  1
820  0  0.946653  -0.0185457  15000.7  -0.0465643  0.0530949  1
821  0  0.382064  -0.0869238  13585.5  0.807653  -0.0315156  1
822  0  -0.0787527  -0.333463  14550.8  2.17889  -0.670633  1
823  0  0.293185  -0.0799583  13308.5  0.861341  -0.121085  1
824  0  -0.0139871  -0.0197655  13108.9  1.80789  -2.20644  1
825  0  0.472108  -0.118366  13923.4  1.92059  -0.0304576  1
826  0  0.499023  0.11231  14859.2  1.8527  -0.204916  1
827  0  0.00398526  -0.212521  14158.4  2.32352  -0.787574  1
828  0  0.317126  -0.0820283  13377.9  0.785798  -0.0832693  1
829  0  0.374039  0.207015  15138.1  2.01356  -0.104907  1
830  0  0.981776  -1.19239  15062.5  1.97996  -0.308349  1
831  0  -0.140296  0.263029  15706.3  1.68472  -0.416654  1
832  0  1.27424  -0.395125  15194.5  1.89439  -0.130335  1
833  0  -0.388344  0.600393  15387.3  1.8584  -0.456817  1
834  0  0.838621  -0.0301479  14621  -0.295975  -0.0358677  1
835  0  0.0572169  0.0712734  16657.9  0.948584  0.190586  1
836  0  0.716402  0.487855  15255.3  1.95609  -0.313748  1
837  0  0.245768  -0.103738  13323  2.19382  -0.351075  1
838  0  0.544617  0.363686  15214.9  1.98236  -0.26794  1
839  0  0.716022  0.0796062  15069.4  1.70432  -0.324606  1
840  0  0.109889  -0.437385  14454.6  2.25978  -0.495518  1
841  0  0.290209  0.338407  15392.3  1.88959  -0.166129  1
842  0  -0.806863  1.13106  15257.3  1.89293  -0.668118  1
843  0  0.98493  -0.0852198  15136.8  1.31082  0.183744  1
844  0  0.205858  -0.099982  13220.5  2.35256  -0.435189  1
845  0  -0.600906  -0.551034  14972.6  2.01021  -0.719438  1
846  0  0.375212  -0.249319  14061.8  2.47264  -0.275724  1
847  0  0.966085  -0.0153225  15060.4  -0.0356326  0.0387729  1
848  0  0.342439  0.156291  15066.4  2.10848  -0.0132669  1
849  0  0.390245  0.299574  15251.5  1.97089  -0.179508  1
850  0  0.735896  0.0741491  15074.3  1.61773  -0.315299  1
851  0  0.660503  0.138327  15024.5  2.15216  -0.352979  1
852  0  0.269175  -0.215874  13845.7  2.57125  -0.408248  1
853  0  0.208053  0.429603  15475.6  1.83276  -0.212346  1
854  0  0.460967  -0.572264  14640.1  2.20542  -0.305448  1
855  0  0.609471  0.275743  15144.3  2.02595  -0.290717  1
856  0  0.271686  -0.0773325  13298.1  0.795031  -0.126482  1
857  0  1.0067  -0.626466  15017.3  2.00364  -0.173462  1
858  0  0.926178  -0.280693  14947  2.04871  0.0120682  1
859  0  -1.69886  1.73868  15195.2  1.90869  -0.517468  1
860  0  0.813909  -1.71689  15112.2  1.96119  -0.36379  1
861  0  0.853125  -0.0781181  14675.1  1.04605  0.140769  1
862  0  1.75076  1.35678  15229.7  2.09453  -0.450667  1
863  0  -0.0886894  -0.908036  14840.7  2.0933  -0.482511  1
864  0  1.14845  -1.72268  15147.8  1.94203  -0.361171  1
865  0  0.549363  -0.208744  14274.6  2.46924  -0.0738705  1
866  0  0.692974  0.0827459  15023.9  1.72952  -0.310515  1
867  0  -0.11333  -0.180519  14592.9  2.10495  -0.854799  1
868  0  0.753039  -0.471498  14789.3  2.12901  -0.145611  1
869  0  1.33932  0.72055  15277.2  1.96948  -0.375839  1
870  0  0.384674  0.156164  14996.8  2.15654  -0.0793688  1
871  0  -0.541459  0.351946  15334.2  1.90871  -0.64483  1
872  0  0.609965  0.129735  14986.6  2.19586  -0.326699  1
873  0  0.955926  1.72554  15336.5  2.0475  -0.445943  1
874  0  0.0698906  0.110134  16328.2  1.27468  0.099758  1
875  0  0.264951  0.175816  15331  1.89833  0.0440733  1
876  0  0.115834  0.153015  15958.2  1.51621  0.078975  1
877  0  0.584983  0.186238  15033.2  2.0703  -0.289403  1
878  0  1.26065  0.120123  15346.4  1.95423  -0.284707  1
879  0  1.33807  0.226341  15314.6  2.01102  -0.31525  1
880  0  -1.36609  -1.72791  14976.9  1.94128  -0.537081  1
881  0  0.941186  -0.191111  14972.8  2.11023  0.103823  1
882  0  0.344265  -0.172653  13767.8  2.70597  -0.289803  1
883  0  0.956184  -0.341116  14982.4  2.00553  -0.0363065  1
884  0  0.0143148  -0.585874  14670.6  2.15921  -0.489309  1
885  0  0.36451  0.12355  14907.2  1.95542  -0.0123786  1
886  0  0.482636  -0.450025  14526.2  2.26224  -0.270192  1
887  0  0.424218  -0.127599  13816.3  2.18882  -0.0912143  1
888  0  -0.0144943  -0.0793368  13695.9  2.35417  -1.32228  1
889  0  0.651606  0.298907  15170.5  2.01028  -0.304078  1
890  0  -0.0225748  -1.69107  14999.3  1.9954  -0.474775  1
891  0  -0.500825  -1.36558  14953.5  2.01909  -0.591542  1
892  0  -0.0951859  -1.05778  14897.1  2.06701  -0.481693  1
893  0  -0.349956  1.66451  15266  1.84082  -0.387494  1
894  0  -0.399046  -0.202921  15013.4  1.97297  -0.742767  1
895  0  0.679742  0.209232  15108.7  2.0315  -0.3269  1
896  0  0.768697  0.325518  15207.7  1.99029  -0.328173  1
897  0  0.248815  0.151759  15352.3  1.92123  0.12123  1
898  0  0.855086  -0.217655  14809.2  2.19476  0.0694748  1
899  0  0.188468  -0.911166  14814.6  2.10381  -0.404739  1
900  0  0.994524  0.0962224  15290.4  2.00505  -0.40265  1
901  0  0.753985  0.153749  15125.7  2.04645  -0.362853  1
902  0  0.227301  -0.146914  13516.4  2.7894  -0.501015  1
903  0  0.706736  -0.120235  14442.3  1.87785  0.0730895  1
904  0  0.231217  0.115331  15362.3  1.80847  0.21858  1
905  0  1.72681  -1.72242  15195.6  1.89933  -0.359911  1
906  0  1.26804  -0.739762  15121.9  1.92419  -0.215162  1
907  0  0.565247  0.495507  15273.8  1.94288  -0.289158  1
908  0  0.804414  0.0924652  15156.2  2.09751  -0.398549  1
909  0  0.822745  0.115342  15170.5  2.08435  -0.39106  1
910  0  -0.0964247  0.12056  15907.6  1.47256  -0.57999  1
911  0  0.305571  0.233528  15304.6  1.94301  -0.0675034  1
912  0  -0.812966  0.00708853  15165.1  1.95423  -0.73378  1
913  0  1.09788  0.158626  15374.1  1.9353  -0.342291  1
914  0  -0.589512  -0.303138  15030.8  1.98241  -0.739836  1
915  0  0.491706  -0.0847171  13931.6  0.57022  0.0238313  1
916  0  0.206521  0.146837  15519.3  1.81452  0.156674  1
917  0  0.14451  -0.183218  13723.7  2.57261  -0.618273  1
918  0  0.821808  1.06557  15307  1.923  -0.375154  1
919  0  0.632758  -0.593986  14761  2.14836  -0.239329  1
920  0  0.721647  -0.648077  14849.6  2.10148  -0.22567  1
921  0  0.538072  -0.631843  14735.5  2.15677  -0.291564  1
922  0  0.397361  0.178765  15050.8  2.07332  -0.115831  1
923  0  0.80413  -0.0780265  14552.1  0.919628  0.0819271  1
924  0  0.178167  0.298848  15580.5  1.78272  -0.123182  1
925  0  0.211091  0.206112  15537.3  1.80014  0.0138977  1
926  0  0.357647  -1.14605  14922.8  2.04513  -0.383761  1
927  0  -0.757878  -0.758948  14984.3  2.00231  -0.69714  1
928  0  0.79875  -0.0366259  14520.7  -0.315061  -0.0727571  1
929  0  0.296245  0.168331  15200  1.99003  0.0350586  1
930  0  0.629451  -0.106119  14293.3  1.39094  0.0324215  1
931  0  0.205752  -0.666014  14656.9  2.17205  -0.411501  1
932  0  -0.68214  -0.236015  15073  1.97567  -0.741296  1
933  0  -0.51644  -0.82121  14932.5  2.03602  -0.669562  1
934  0  0.613969  -0.252199  14431.7  2.33152  -0.0707724  1
935  0  1.21726  -1.46497  15130.9  1.93954  -0.336157  1
936  0  -1.44087  -0.729747  15047.3  1.94266  -0.569759  1
937  0  0.927614  0.0747583  15231.3  2.05773  -0.412415  1
938  0  1.17214  -1.04723  15094.6  1.95329  -0.282215  1
939  0  0.209844  -0.280929  14056.8  2.44807  -0.476718  1
940  0  1.54405  0.172191  15283.9  2.03712  -0.311489  1
941  0  0.712254  -0.157217  14490  2.26522  0.0585944  1
942  0  -0.0233979  0.897154  15377  1.83793  -0.297197  1
943  0  0.0530368  -0.404831  14450.2  2.25154  -0.549638  1
944  0  0.983347  0.3795  15271.7  1.96597  -0.342322  1
945  0  -0.0375113  -0.0221887  14542.7  1.66352  -1.55077  1
946  0  -1.15461  -0.142568  15123.3  1.95472  -0.662613  1
947  0  -1.08368  0.302838  15202.6  1.90848  -0.716962  1
948  0  0.846036  -0.148993  14732.5  2.12584  0.149029  1
949  0  1.20809  -0.212701  15303.9  1.87933  -0.0712127  1
950  0  0.433095  0.238816  15145.2  2.0291  -0.17633  1
951  0  -0.277345  0.0507484  15352.6  1.82278  -0.707141  1
952  0  0.79169  -0.157968  14631.6  2.22568  0.104828  1
953  0  0.433635  -0.190271  13988.6  2.61336  -0.171765  1
954  0  0.437001  0.327708  15238.8  1.97386  -0.212852  1
955  0  0.580287  -0.0769149  14175  0.340682  0.0129741  1
956  0  -0.0864498  -0.489467  14666.2  2.14415  -0.569629  1
957  0  0.750734  -0.160565  14561  2.26599  0.0731929  1
958  0  -1.2501  1.46049  15203.6  1.8783  -0.622693  1
959  0  1.75161  -1.09946  15188.9  1.8719  -0.31121  1
960  0  -0.195838  -0.431664  14748.4  2.09335  -0.638667  1
961  0  0.049615  -0.71805  14730.5  2.13495  -0.450294  1
962  0  0.390586  -0.428344  14431.9  2.30379  -0.318297  1
963  0  0.121802  0.321628  15629.8  1.74636  -0.162047  1
964  0  0.584472  0.102032  14921.3  1.81832  -0.267471  1
965  0  0.513737  0.273514  15144.9  2.02785  -0.241877  1
966  0  0.0365355  0.717722  15415.1  1.83626  -0.282731  1
967  0  0.507813  0.154813  14966  2.16669  -0.243218  1
968  0  0.903665  -0.160606  14906.7  2.09236  0.144165  1
969  0  0.19131  0.171488  15608  1.73877  0.087134  1
970  0  -1.72938  -0.703056  15058.4  1.93559  -0.532682  1
971  0  -0.463896  1.43025  15278  1.82207  -0.433406  1
972  0  0.581462  0.833157  15316.5  1.8972  -0.333345  1
973  0  -0.28823  -1.76641  14962.8  1.99348  -0.535113  1
974  0  -0.0580693  -0.150971  14332.6  2.18474  -0.94111  1
975  0  0.83907  -0.11114  14663.1  1.71156  0.1621  1
976  0  0.0310632  0.508833  15512.5  1.79824  -0.259971  1
977  0  0.638692  -1.06849  14959.6  2.03542  -0.326732  1
978  0  0.941636  -0.117297  15014.4  1.80239  0.201097  1
979  0  1.54544  -0.00588463  15281.1  1.91277  -0.250751  1
980  0  -0.446302  -0.415901  14928.1  2.01305  -0.717427  1
981  0  0.223518  -0.495794  14489.1  2.25771  -0.41781  1
982  0  0.0384515  -0.0682601  12553.6  2.77968  -1.21796  1
983  0  0.240498  0.933198  15358.5  1.85697  -0.31604  1
984  0  1.05012  -0.43279  15064.6  1.97476  -0.0959594  1
985  0  0.454733  -0.214826  14111.8  2.52702  -0.163418  1
986  0  0.112056  -0.0993104  13115.8  2.81755  -0.808794  1
987  0  -1.7295  0.813998  15196.9  1.93542  -0.516816  1
988  0  -0.449134  0.225872  15357.3  1.88915  -0.632169  1
989  0  -0.067283  -0.0381923  14743.5  1.83249  -1.27935  1
990  0  -0.827413  -1.10858  14976.1  1.99517  -0.645201  1
991  0  -1.04107  1.01738  15240.7  1.93868  -0.71935  1
992  0  -0.212607  -0.0800711  15058.6  1.8989  -0.826333  1
993  0  -0.296447  0.506827  15441.4  1.83881  -0.413419  1
994  0  0.194336  0.609434  15421.5  1.84801  -0.269762  1
995  0  0.912905  -0.6334  14959.3  2.03827  -0.182268  1
996  0  0.95674  -0.474822  14979.5  2.0226  -0.112699  1
997  0  0.689317  -0.0579598  14362.2  -0.0644598  0.0147962  1
998  0  0.732282  -0.051431  14491.7  -0.0884729  -0.0258133  1
999  0  0.989035  0.0565194  15281.5  2.01577  -0.425152  1
1000  0  1.40565  1.80408  15307.2  2.09304  -0.505645  1
1001  0  0.381712  0.701841  15351.7  1.881  -0.299778  1
1002  0  -0.599669  -1.81013  14942.3  1.98535  -0.574735  1
1003  0  0.995048  0.0167997  15230.1  1.35055  -0.307426  1
1004  0  0.804856  0.218056  15183.4  2.00237  -0.34947  1
1005  0  1.00521  -0.147242  15171.2  1.93332  0.128455  1
1006  0  0.711488  0.234483  15142.1  2.02253  -0.330057  1
1007  0  1.74298  0.261525  15245.5  2.07063  -0.349939  1
1008  0  0.00152193  -0.0571211  12928.6  2.5574  -1.57812  1
1009  0  -0.0552126  -0.0763109  14281.4  2.09576  -1.23335  1
1010  0  1.1606  0.634192  15282.7  1.9614  -0.362046  1
1011  0  0.782092  0.144442  15136.3  2.04678  -0.372239  1
1012  0  0.882014  -0.0239228  14802.1  -0.208782  0.0131488  1
1013  0  -0.357179  -0.319322  14912.9  2.01178  -0.71985  1
1014  0  -0.485554  -0.662014  14926.1  2.03587  -0.682392  1
1015  0  0.735295  -0.112988  14522.1  1.72053  0.0826583  1
1016  0  -0.476317  -0.112127  15116  1.9516  -0.734825  1
1017  0  -1.56194  0.000406985  15148  1.92311  -0.570954  1
1018  0  0.486695  0.501118  15298.9  1.92866  -0.275963  1
1019  0  -0.275041  0.288252  15523.4  1.79942  -0.500907  1
1020  0  -0.00864623  -0.000654616  13661.4  0.880597  -2.24807  1
1021  0  -0.0135214  0.0147347  15477.8  0.535679  -1.65124  1
1022  0  0.778707  0.0641568  15125  1.55204  -0.308493  1
1023  0  0.700477  0.121985  15066  2.15327  -0.381104  1
1024  0  -0.0958797  0.0600648  15774.8  1.45879  -0.805064  1
1025  0  0.66161  -0.347664  14607.8  2.21355  -0.108396  1
1026  0  0.154012  1.26441  15329  1.832  -0.337249  1
1027  0  0.100202  0.0859665  16222.9  1.30104  0.323682  1
1028  0  0.0167425  0.0461627  16922.6  0.353526  -0.272804  1
1029  0  0.189503  -1.08101  14889.5  2.06336  -0.406553  1
1030  0  0.0464103  -0.838418  14797.7  2.11128  -0.439347  1
1031  0  -0.0333746  0.192435  16000.3  1.48402  -0.311686  1
1032  0  0.662763  -0.118483  14397.7  1.83626  0.0580516  1
