274  460  864
310  530  933
323  371  924
275  404  750
420  514  852
405  416  817
328  407  822
334  554  969
328  407  865
292  516  661
338  384  457
384  457  598
367  662  796
440  460  607
88  89  497
369  588  605
375  472  474
68  69  502
303  479  876
329  576  675
312  561  714
66  67  503
449  782  863
15  375  743
335  386  523
297  592  930
465  621  633
342  581  756
343  435  473
23  436  710
341  409  515
453  661  881
341  530  939
128  129  500
392  448  681
14  375  472
400  715  787
495  514  852
379  451  726
298  460  607
305  560  725
285  432  734
409  433  619
281  421  698
380  519  880
352  526  650
280  565  928
292  516  538
424  559  701
315  424  701
14  15  375
365  781  868
45  718  732
444  557  631
290  790  871
424  776  793
405  416  718
96  97  521
352  383  526
293  442  528
352  497  650
363  621  633
516  661  881
284  596  705
277  412  544
378  541  875
404  608  750
330  508  697
451  803  944
285  512  758
776  793  985
305  688  725
434  607  688
273  585  843
283  397  595
287  456  642
107  108  527
351  506  610
385  444  631
392  579  681
320  545  658
351  506  846
374  596  705
422  561  714
576  675  815
322  582  671
530  537  933
307  483  575
305  542  688
538  715  787
412  432  734
460  520  864
366  398  568
274  440  460
321  636  717
326  543  580
341  515  922
367  505  796
657  776  852
336  519  880
86  87  526
281  682  746
291  485  825
357  465  670
370  553  631
358  651  654
573  791  973
395  544  745
356  459  520
387  534  669
42  480  814
317  604  797
412  713  734
367  470  820
328  459  865
361  713  734
284  454  593
285  432  719
361  591  602
33  495  927
313  528  754
342  531  756
379  451  792
44  45  718
377  512  758
391  601  910
276  605  664
378  525  875
33  498  927
286  483  545
412  432  720
477  581  756
360  447  867
387  669  762
564  565  928
349  481  501
347  803  944
17  496  656
315  424  776
334  475  554
337  476  883
478  585  843
545  658  810
93  515  700
321  464  955
409  619  700
355  549  739
301  508  518
398  567  755
325  622  733
275  404  761
361  512  734
367  470  884
296  491  924
44  718  814
278  393  678
553  800  822
282  516  538
90  91  509
272  539  859
362  667  772
459  656  958
299  470  925
461  576  934
328  546  902
381  689  805
269  590  679
363  621  696
451  558  803
370  557  631
307  431  837
481  501  900
387  430  763
11  12  506
326  452  580
469  612  929
388  438  584
496  656  958
330  508  566
40  603  741
29  561  919
380  567  755
469  929  981
605  664  847
12  506  610
93  515  683
478  636  954
466  595  964
309  392  707
359  539  782
281  421  682
536  782  863
331  781  868
34  495  514
348  501  900
355  739  855
17  18  496
530  642  939
323  371  389
388  438  679
273  553  631
280  552  913
345  570  981
445  604  797
297  466  595
286  545  754
268  450  866
357  670  915
313  622  633
329  461  832
359  588  605
542  688  901
310  530  583
354  540  707
452  552  913
23  24  710
331  479  767
285  468  674
287  632  934
490  570  981
311  829  863
315  776  852
438  584  889
636  717  948
79  80  548
81  82  547
29  561  974
272  539  782
390  606  785
517  576  934
420  514  909
306  507  651
450  776  985
395  488  589
344  530  537
339  601  910
368  497  906
312  561  735
42  43  814
323  569  924
393  491  660
430  486  692
42  480  584
50  51  579
276  591  602
43  44  814
297  466  930
343  435  643
354  462  617
354  463  617
284  596  773
310  687  855
443  531  756
385  444  908
286  442  754
271  559  888
299  470  835
321  636  954
582  671  777
303  524  876
309  540  707
291  543  753
469  510  809
294  445  604
124  125  550
397  607  688
405  718  732
126  127  551
381  513  805
335  437  523
268  581  892
326  467  543
282  538  867
298  499  916
364  578  587
554  614  969
349  501  574
24  639  710
23  436  655
117  118  556
319  533  730
290  580  737
407  553  822
119  120  555
504  546  902
298  434  607
370  553  635
355  515  683
435  473  904
277  412  713
268  450  657
327  470  820
360  447  746
333  654  837
488  595  964
33  34  495
396  557  745
75  76  567
329  832  935
296  569  812
21  504  620
328  546  958
335  386  731
341  530  583
92  549  740
532  790  871
517  576  972
77  78  568
313  633  810
298  499  769
302  508  697
387  430  692
291  614  825
19  20  546
270  435  511
335  592  637
555  670  915
413  543  984
477  581  892
277  557  745
409  433  819
328  459  958
332  651  925
39  40  741
332  470  884
20  504  546
405  665  817
277  544  745
18  496  778
435  511  961
356  459  656
388  443  679
292  538  715
385  631  843
464  539  955
285  512  734
360  534  867
32  611  845
2  19  778
99  100  562
480  584  889
284  593  705
492  682  746
101  102  563
475  687  855
299  507  879
309  392  727
351  494  914
363  550  696
283  488  589
24  25  639
319  661  667
360  531  669
346  490  559
413  543  580
352  497  906
129  500  699
363  622  633
128  500  672
321  464  717
369  439  596
493  641  772
405  506  665
413  580  737
359  539  847
360  492  746
451  726  859
359  449  588
300  522  946
349  514  909
285  674  719
69  502  647
295  678  759
68  502  648
311  536  863
67  503  648
366  568  684
66  503  649
302  519  943
34  35  514
475  554  687
337  709  883
13  14  472
307  483  748
400  467  753
442  528  754
303  573  791
422  570  611
20  21  504
397  595  725
291  485  753
293  442  716
364  551  672
391  601  960
32  33  498
345  929  981
439  602  811
361  512  602
31  32  611
302  508  609
89  497  599
287  642  752
377  512  789
437  535  828
337  560  637
300  571  946
408  815  923
451  558  792
88  497  650
418  505  757
374  596  677
464  717  944
281  698  821
346  490  570
2  18  778
290  580  790
337  560  709
92  549  683
343  473  590
299  507  925
97  521  638
383  641  772
21  620  841
1  10  732
1  45  732
507  651  925
307  431  839
291  543  984
366  548  684
96  521  618
338  384  744
469  809  888
308  540  586
355  549  683
491  660  786
355  583  855
523  646  813
363  550  882
383  730  772
286  544  720
326  452  552
349  514  625
472  474  812
388  443  676
349  574  625
283  397  771
313  528  622
362  547  659
417  550  882
364  551  885
299  522  835
338  601  960
426  561  974
280  565  600
357  633  810
417  551  885
341  409  623
464  539  859
375  471  743
378  541  542
91  509  740
442  716  768
528  622  733
306  651  654
508  518  609
330  566  868
419  513  783
312  558  735
107  527  653
460  520  917
386  578  731
108  527  652
427  791  973
468  507  879
309  577  728
275  486  692
13  610  860
346  570  611
395  488  716
302  519  797
289  427  791
496  546  958
426  561  735
392  448  727
367  563  662
288  736  853
283  488  595
397  607  771
296  569  924
286  544  768
447  538  867
269  531  669
272  536  782
304  660  786
319  667  772
59  60  597
367  563  820
57  58  598
372  638  663
280  552  600
411  649  781
366  398  831
334  475  739
326  467  698
408  863  923
292  712  715
410  647  779
47  48  594
503  649  781
329  461  576
354  540  903
348  501  741
372  562  784
297  595  725
399  492  682
338  744  986
130  131  646
380  519  755
386  523  646
351  529  610
307  572  837
410  779  874
305  378  709
279  576  972
472  529  812
387  534  763
478  585  636
717  920  944
271  559  764
269  669  762
278  393  878
385  591  908
485  712  715
278  455  678
355  583  922
331  566  868
363  622  882
405  506  770
352  383  730
517  632  934
501  574  926
298  460  916
502  647  779
3  28  774
3  27  774
402  809  949
12  13  610
55  56  616
343  590  889
53  54  617
304  577  660
360  531  799
19  546  778
89  90  599
90  509  599
425  562  784
283  589  628
474  569  812
644  758  879
296  812  914
35  514  625
373  593  705
411  767  781
324  578  587
331  479  794
425  563  820
364  500  672
423  548  977
37  38  574
312  558  792
86  526  690
396  628  907
71  72  615
319  533  661
382  556  842
73  74  613
346  559  701
122  123  621
375  471  499
438  590  679
41  42  584
87  526  650
270  435  643
286  442  768
346  701  845
654  837  959
381  626  689
29  30  919
303  524  791
394  556  842
366  548  977
301  518  729
374  517  632
26  27  695
437  523  788
382  627  691
434  769  901
272  726  859
360  492  799
540  586  751
360  534  669
439  596  773
347  639  710
137  138  624
63  64  629
113  114  626
423  547  963
115  116  627
93  94  700
61  62  630
414  558  735
344  537  871
353  775  896
385  591  664
273  585  800
384  616  708
429  664  847
368  509  599
305  378  542
402  565  600
329  675  983
407  553  635
270  511  760
401  564  565
16  17  656
345  570  714
313  545  810
362  547  963
443  756  957
274  440  907
383  641  690
94  619  700
344  832  871
309  577  751
304  577  728
287  456  838
419  742  783
415  800  822
0  785  875
312  634  714
609  877  937
368  509  640
490  559  888
415  620  902
282  516  738
416  718  814
364  500  578
276  591  664
340  728  834
95  96  618
351  529  914
447  538  787
425  784  820
473  590  762
455  678  759
304  728  834
84  85  641
320  545  966
362  493  659
288  736  877
450  657  776
375  474  499
384  598  708
335  592  731
380  613  693
438  590  889
399  581  866
395  716  768
414  695  735
97  98  638
374  632  705
369  439  811
301  508  566
294  453  854
396  721  907
279  588  677
333  572  851
284  454  850
403  750  853
498  701  845
271  809  888
430  486  736
297  592  637
418  686  757
359  449  782
434  688  901
362  667  963
364  587  885
334  428  739
408  675  815
69  70  647
94  95  619
35  36  625
300  522  886
357  465  633
32  498  845
67  68  648
65  66  649
318  823  854
348  603  741
276  602  811
349  481  909
332  470  925
406  552  600
269  590  762
4  37  816
350  582  798
337  476  535
446  736  877
411  649  704
410  647  702
11  506  770
317  604  823
393  491  747
486  736  853
282  738  795
106  107  653
38  574  926
108  109  652
337  535  828
306  507  936
365  502  779
428  509  640
87  88  650
27  695  774
125  550  673
124  550  696
126  551  673
118  556  668
391  630  706
127  551  672
119  555  668
400  485  753
117  556  691
120  555  670
400  467  821
437  535  836
79  548  684
512  602  789
4  36  816
81  547  666
453  661  667
409  515  700
80  548  666
420  657  852
327  470  835
82  547  659
327  571  784
365  502  648
323  389  901
388  603  676
365  503  648
99  562  663
285  468  758
373  632  705
471  499  916
365  503  781
21  22  841
102  563  662
100  562  749
473  762  967
365  779  868
51  579  680
334  428  640
713  908  942
297  560  725
372  638  833
344  530  642
446  738  795
101  563  749
303  479  980
348  603  676
397  688  725
275  692  904
418  505  978
388  584  806
297  560  637
372  784  938
406  552  711
372  562  663
50  579  681
426  695  735
379  726  911
326  552  711
393  660  941
273  631  843
310  583  855
91  92  740
345  634  714
352  730  830
443  676  957
75  567  693
410  615  702
411  629  704
102  103  662
441  532  790
344  642  752
299  522  968
289  608  931
342  531  799
82  83  659
424  559  764
0  723  785
277  557  942
76  567  685
369  596  677
92  93  683
436  717  948
312  634  792
118  119  668
379  612  911
692  904  967
331  566  794
120  121  670
80  81  666
399  581  861
125  126  673
272  536  726
77  568  685
127  128  672
458  606  785
448  594  872
399  694  866
350  582  801
78  568  684
356  471  743
324  578  731
315  701  927
361  713  908
370  635  721
356  520  917
313  545  754
325  622  882
371  389  458
399  492  861
98  99  663
13  472  860
289  608  766
51  52  680
300  593  777
391  597  706
274  635  721
324  587  703
476  535  827
270  760  846
486  750  853
422  611  897
356  471  917
467  543  753
433  798  819
289  427  765
362  493  772
76  77  685
373  632  838
377  644  758
468  507  936
78  79  684
412  544  720
354  462  645
369  588  677
49  50  681
413  554  687
323  769  901
382  556  691
301  729  876
292  533  712
319  730  772
506  665  846
22  23  655
369  605  811
384  645  744
446  736  795
287  632  838
112  113  689
10  11  770
564  675  983
475  739  855
116  117  691
390  834  872
510  809  949
105  106  686
395  544  768
129  130  699
308  573  744
123  124  696
320  575  775
437  808  836
109  110  742
456  671  838
408  829  863
443  531  898
291  554  614
309  540  751
95  618  619
324  592  731
340  448  872
504  620  902
403  608  931
74  75  693
273  553  800
469  510  975
283  628  771
378  709  883
335  437  828
340  834  872
449  863  923
326  698  711
295  586  751
377  644  850
70  71  702
585  800  932
308  540  903
395  589  745
330  779  874
382  775  842
483  575  966
56  57  708
294  445  893
419  513  979
300  593  886
0  46  723
428  549  740
60  61  706
85  86  690
299  644  968
342  581  861
269  531  898
429  847  955
498  701  927
64  65  704
381  626  824
385  664  780
100  101  749
311  536  911
467  698  821
439  602  789
532  832  871
396  589  628
380  567  693
421  682  724
317  823  831
382  627  826
15  16  940
338  601  986
573  744  986
401  675  829
279  588  923
361  591  908
376  585  636
302  797  937
428  549  739
524  729  931
500  578  953
336  519  943
322  582  798
539  847  955
288  518  609
400  485  715
305  560  709
418  653  686
354  463  707
288  609  877
575  775  896
428  509  740
347  639  803
311  612  975
472  529  860
440  607  771
408  675  829
367  505  884
494  747  878
104  105  757
388  603  806
391  597  960
402  565  949
419  652  742
414  558  803
381  851  947
325  587  885
335  637  828
308  586  973
130  646  699
318  667  963
323  769  918
422  570  714
496  546  778
331  767  781
646  699  953
275  486  750
10  732  770
431  674  719
282  763  867
587  703  733
487  793  951
373  671  777
60  597  706
571  784  938
293  703  964
57  598  708
295  678  941
384  616  950
333  572  837
344  752  832
379  634  792
414  695  862
358  651  952
437  788  808
396  589  745
381  513  851
492  799  861
98  638  663
123  621  696
113  626  689
393  678  941
59  597  818
58  598  818
116  627  691
358  654  956
390  722  723
131  646  813
450  694  866
466  703  964
323  569  918
377  773  850
286  483  887
432  720  887
422  561  919
403  608  750
401  564  675
293  528  733
529  812  914
402  600  844
574  625  816
394  658  842
48  49  802
138  624  982
311  612  911
40  41  806
71  615  702
327  784  820
337  637  828
407  635  864
290  537  737
317  519  755
289  524  791
74  613  693
110  111  783
604  823  854
522  886  968
316  712  830
426  695  774
416  643  807
572  851  947
289  765  766
480  807  814
325  587  733
56  616  708
380  613  880
341  583  922
355  515  922
276  605  811
479  767  980
289  524  931
132  133  788
46  47  722
122  621  890
353  484  824
306  674  959
353  484  826
368  497  599
270  665  846
390  606  834
529  610  860
317  519  797
314  793  951
379  634  929
298  434  769
371  606  786
308  645  744
292  533  661
314  694  724
309  727  728
72  615  891
415  620  932
73  613  891
294  453  881
114  626  912
133  134  808
456  642  939
103  104  796
416  643  817
115  627  912
454  644  968
64  629  704
106  653  686
55  616  857
54  617  857
299  644  879
53  617  858
48  594  802
383  526  690
37  574  816
318  667  854
444  557  942
400  787  821
61  630  706
474  499  918
109  652  742
30  31  897
340  448  727
409  623  819
418  653  848
376  655  948
111  112  805
322  671  962
347  920  944
457  597  960
376  655  841
345  634  929
524  729  876
0  875  982
416  807  814
452  580  790
419  652  849
414  639  803
432  748  887
58  59  818
393  747  878
70  647  702
403  518  729
63  629  905
469  612  975
366  823  831
62  630  905
25  26  862
483  545  966
26  695  862
300  582  777
336  697  874
336  482  873
270  665  817
65  649  704
131  132  813
302  609  937
346  611  845
278  455  945
396  557  965
336  482  880
15  743  940
332  651  952
373  593  777
391  630  910
382  775  826
38  39  926
85  641  690
316  614  969
405  732  770
406  711  840
322  798  819
327  571  946
533  730  830
41  584  806
394  658  915
338  457  960
532  832  935
421  724  840
333  654  956
353  775  826
103  662  796
84  641  971
303  601  980
376  620  932
429  664  780
135  136  827
47  594  722
279  576  815
296  491  747
399  694  724
410  615  873
105  686  757
134  135  836
268  657  804
339  767  980
28  29  974
269  679  898
268  581  866
374  677  972
36  625  816
274  635  864
54  55  857
52  53  858
342  799  861
300  571  801
293  716  964
411  629  899
40  603  806
290  537  871
339  601  980
376  620  841
396  721  965
536  726  911
304  606  786
386  578  953
468  758  879
386  646  953
295  586  759
320  575  966
350  521  833
294  738  893
351  494  760
340  727  728
390  723  785
110  742  783
320  775  842
447  746  787
431  674  959
112  689  805
436  655  948
374  517  972
330  779  868
415  800  932
121  670  890
339  489  899
541  785  875
339  489  910
494  747  914
521  638  833
414  639  862
533  712  830
476  827  894
300  582  801
121  122  890
281  746  787
72  73  891
136  137  894
487  764  793
534  763  867
295  577  751
425  562  749
417  882  885
104  757  796
404  766  945
357  658  810
459  520  865
425  563  749
343  643  807
433  618  619
430  736  795
454  644  850
137  624  894
62  63  905
462  645  950
330  697  874
411  767  899
293  703  733
83  659  971
417  550  673
431  719  839
376  636  948
417  551  673
394  556  668
286  720  887
394  555  668
114  115  912
52  680  858
399  682  724
324  592  930
49  681  802
420  657  804
487  764  856
494  870  878
350  833  938
432  719  839
421  711  840
398  755  831
278  870  878
347  710  920
379  612  929
577  660  941
111  783  805
385  780  843
499  769  918
448  681  802
271  764  856
316  614  825
339  767  899
332  952  978
303  573  986
454  593  886
307  575  896
401  565  949
301  566  794
407  864  865
404  608  766
133  788  808
357  658  915
445  877  937
454  886  968
406  600  844
336  697  943
370  557  965
83  84  971
310  687  933
288  518  853
132  788  813
314  724  840
441  532  935
316  712  825
350  521  895
294  604  854
306  674  936
440  628  771
377  773  789
322  623  819
0  138  982
270  643  817
421  698  711
423  547  666
358  849  956
308  645  903
333  956  979
423  548  666
358  848  952
444  908  942
465  670  890
387  762  967
623  939  962
343  807  889
456  671  962
358  527  848
371  458  606
308  573  973
356  656  940
358  527  849
436  710  920
402  844  856
376  585  932
284  773  850
134  808  836
350  801  938
403  518  853
455  759  765
279  677  972
307  572  896
432  748  839
274  721  907
418  952  978
390  722  872
384  645  950
359  605  847
22  655  841
494  760  870
398  567  685
314  694  985
427  586  759
307  748  839
398  568  685
463  707  921
463  680  858
423  963  977
25  639  862
413  687  737
135  827  836
336  873  874
389  458  541
419  956  979
579  680  921
320  658  842
281  787  821
525  624  883
480  807  889
510  975  976
430  763  795
294  738  881
389  541  542
353  896  947
282  763  795
404  869  945
449  588  923
484  626  912
484  627  912
136  827  894
443  679  898
465  621  890
477  900  957
366  823  977
446  738  893
427  586  973
413  554  984
46  722  723
268  804  892
394  555  915
427  759  765
435  761  904
324  703  930
433  798  895
527  653  848
348  676  957
527  652  849
275  761  904
373  671  838
473  904  967
350  798  895
31  611  897
484  626  824
484  627  826
420  804  909
341  623  939
410  873  874
455  765  766
482  615  891
482  613  891
322  623  962
440  628  907
429  780  954
426  774  974
316  969  970
278  869  870
461  752  832
311  975  976
435  761  961
370  721  965
457  597  818
295  577  941
457  598  818
463  680  921
406  844  951
476  624  883
424  764  793
402  809  856
445  797  937
315  852  927
353  824  947
476  624  894
501  741  926
479  794  876
392  579  921
453  667  854
488  716  964
462  616  857
462  617  857
483  748  887
463  617  858
464  859  944
460  916  917
489  629  905
354  645  903
287  752  934
500  699  953
368  640  970
489  630  905
348  900  957
303  601  986
304  606  834
371  786  924
525  624  982
525  875  982
456  939  962
378  525  883
493  659  971
277  713  942
351  760  846
521  618  895
279  815  923
306  654  959
28  774  974
433  618  895
458  541  785
325  882  885
392  707  921
387  692  967
451  859  944
482  613  880
450  694  985
687  737  933
482  615  873
30  897  919
439  773  789
478  780  843
352  830  906
356  743  940
505  757  796
481  804  909
487  844  856
422  897  919
537  737  933
511  760  870
493  641  971
415  822  902
296  747  914
448  594  802
39  741  926
445  877  893
334  640  969
291  554  984
468  674  936
302  697  943
404  761  961
594  722  872
418  848  952
328  822  902
436  717  920
513  783  805
419  849  956
368  906  970
489  629  899
389  542  901
474  569  918
489  630  910
478  780  954
441  790  913
477  756  957
301  794  876
16  656  940
516  738  881
406  840  951
477  892  900
572  896  947
278  869  945
481  804  892
462  616  950
431  837  959
372  833  938
318  823  977
523  788  813
495  852  927
314  793  985
329  935  983
327  835  946
317  755  831
520  864  865
455  766  945
485  712  825
271  809  856
461  752  934
381  824  947
481  892  900
469  888  981
513  851  979
471  916  917
318  963  977
401  829  976
403  729  931
571  801  938
487  844  951
505  884  978
404  869  961
535  827  836
452  790  913
316  830  906
466  703  930
441  913  928
429  954  955
280  913  928
511  869  870
490  888  981
446  877  893
401  949  976
640  969  970
441  935  983
314  840  951
316  906  970
441  928  983
311  829  976
522  835  946
511  869  961
491  786  924
333  851  979
332  884  978
321  954  955
510  949  976
564  928  983
