0  2  1  0.0005993  14259.5  0  0  1
1  1  2  2  14058.9  2.0253  -0.25903  1
2  1  2  -2  14057  1.83953  -0.242457  1
3  3  -2  -2  14069.6  1.98289  -0.267096  1
4  3  -2  2  14276.7  1.98223  -0.26602  1
10  1  2  1.6  14057.4  2.04889  -0.244929  1
11  1  2  1.2  14057.4  2.02253  -0.241218  1
12  1  2  0.8  14057.4  2.02281  -0.245764  1
13  1  2  0.4  14057.4  2.02042  -0.237962  1
14  1  2  5.50449e-12  14057.4  1.95992  -0.208275  1
15  1  2  -0.4  14057.4  1.86542  -0.189283  1
16  1  2  -0.8  14057.4  1.82294  -0.202002  1
17  1  2  -1.2  14057.4  1.83143  -0.222945  1
18  1  2  -1.6  14057.4  1.83823  -0.233853  1
19  0  1.6  -2  14072.3  1.84714  -0.264606  1
20  0  1.2  -2  14090.3  1.85483  -0.289912  1
21  0  0.8  -2  14068.5  1.87898  -0.328946  1
22  0  0.4  -2  14040.5  1.92222  -0.381767  1
23  0  5.50449e-12  -2  14069.6  1.95747  -0.401512  1
24  0  -0.4  -2  14112.3  1.97192  -0.350151  1
25  0  -0.8  -2  14101.8  1.97621  -0.281062  1
26  0  -1.2  -2  14067.4  1.98337  -0.264722  1
27  0  -1.6  -2  14059.9  1.98507  -0.269575  1
28  3  -2  -1.6  14083.2  1.98223  -0.26602  1
29  3  -2  -1.2  14105.6  1.98223  -0.26602  1
30  3  -2  -0.8  14134.5  1.98223  -0.26602  1
31  3  -2  -0.4  14167.7  1.98223  -0.26602  1
32  3  -2  -5.50449e-12  14201.4  1.98223  -0.26602  1
33  3  -2  0.4  14232.5  1.98223  -0.26602  1
34  3  -2  0.8  14255.4  1.98223  -0.26602  1
35  3  -2  1.2  14268.3  1.98223  -0.26602  1
36  3  -2  1.6  14273.8  1.98223  -0.26602  1
37  0  -1.6  2  14279  1.98223  -0.26602  1
38  0  -1.2  2  14279.8  1.98223  -0.26602  1
39  0  -0.8  2  14277.5  1.98223  -0.26602  1
40  0  -0.4  2  14266.4  1.98223  -0.26602  1
41  0  -5.50449e-12  2  14242.4  1.98223  -0.26602  1
42  0  0.4  2  14216.7  1.98223  -0.26602  1
43  0  0.8  2  14166.8  1.98223  -0.26602  1
44  0  1.2  2  14121  1.98223  -0.26602  1
45  0  1.6  2  14087.3  1.98223  -0.26602  1
46  2  0.978811  0.00561382  14274.4  0  0  1
47  2  0.957608  0.0105764  14253.8  -6.8275e-17  1.20418e-17  1
48  2  0.936382  0.0154445  14210.6  1.64826e-16  -3.21457e-17  1
49  2  0.915129  0.0201935  14158.2  3.27499e-16  -6.00424e-17  1
50  2  0.893852  0.024831  14137.5  1.67976e-16  -3.09626e-17  1
51  2  0.872551  0.0293598  14115.8  0  0  1
52  2  0.851227  0.0337767  14060.5  -1.14241e-17  3.78918e-18  1
53  2  0.829879  0.0380769  14041.4  2.60818e-16  -4.4247e-17  1
54  2  0.808507  0.042256  14010.1  1.5324e-16  -2.4069e-17  1
55  2  0.787111  0.04631  13974.1  -1.11491e-16  1.64693e-17  1
56  2  0.765691  0.050236  13956  0  0  1
57  2  0.744247  0.0540318  13932.7  -7.65161e-17  1.11038e-17  1
58  2  0.722781  0.0576954  13898.7  -7.55848e-16  1.18263e-16  1
59  2  0.701292  0.0612252  13877  0  0  1
60  2  0.679781  0.0646181  13870.6  0  0  1
61  2  0.658247  0.0678625  13856.6  4.13104e-16  -5.3092e-17  1
62  2  0.63669  0.0709438  13830.9  4.13104e-16  -5.3092e-17  1
63  2  0.615107  0.0738468  13805.3  -4.22219e-16  4.58831e-17  1
64  2  0.5935  0.0765568  13807.3  1.63381e-16  -1.99357e-17  1
65  2  0.571867  0.0790625  13761.4  1.39294e-16  -1.18031e-17  1
66  2  0.550212  0.0813606  13749.3  -1.52779e-16  1.05945e-17  1
67  2  0.528536  0.0834498  13759.3  -4.50004e-16  3.77041e-17  1
68  2  0.50684  0.085329  13732.6  1.45793e-16  -9.67368e-18  1
69  2  0.485128  0.086996  13767.3  6.01699e-16  -3.87963e-17  1
70  2  0.463399  0.0884389  13800.8  2.24087e-16  -1.18474e-17  1
71  2  0.441655  0.0896371  13799.8  0  0  1
72  2  0.419898  0.0905694  13805.5  -7.36495e-16  2.81279e-17  1
73  2  0.398131  0.0912147  13816.6  0  7.70372e-34  1
74  2  0.376357  0.0915583  13840.1  4.51142e-16  -5.86086e-18  1
75  2  0.35458  0.091616  13859.9  -1.48595e-16  -1.51451e-18  1
76  2  0.332805  0.0914146  13907.7  0  0  1
77  2  0.311032  0.0909812  13952.9  3.65093e-16  1.04906e-17  1
78  2  0.289265  0.090342  13954.9  -4.46215e-16  -1.43585e-17  1
79  2  0.267506  0.0894634  13961.1  0  0  1
80  2  0.245764  0.0882336  14013.6  4.5208e-16  2.61308e-17  1
81  2  0.224055  0.086527  14028.4  -4.41409e-16  -4.31982e-17  1
82  2  0.202401  0.0842197  14131.7  1.20238e-16  6.22396e-18  1
83  2  0.180836  0.0812008  14292.2  -4.21107e-16  -5.63345e-17  1
84  2  0.159385  0.077453  14382.4  9.86076e-32  1.2326e-32  1
85  2  0.138069  0.0730012  14518.6  0  0  1
86  2  0.116921  0.0678089  14667.6  3.553e-16  7.38098e-17  1
87  2  0.0960023  0.0617635  14881.4  1.7765e-16  3.69049e-17  1
88  2  0.0753891  0.0547481  15073.9  -2.93266e-16  -5.86879e-17  1
89  2  0.0551527  0.0467097  15387  0  0  1
90  2  0.0358151  0.0367191  15886.1  2.03003e-16  -1.90341e-17  1
91  2  0.0182744  0.0238675  16061.1  1.25472e-16  4.63041e-18  1
92  2  0.00336637  0.00804473  15053.8  0  0  1
93  2  0.00496396  -0.0115111  12001.1  0  0  1
94  2  0.0240278  -0.0213348  10896.9  -4.197e-16  3.3972e-16  1
95  2  0.0454177  -0.0253988  12056.9  2.02133e-16  -7.92634e-17  1
96  2  0.06707  -0.0276479  12308.6  0  0  1
97  2  0.0888097  -0.028911  12317.3  0  0  1
98  2  0.110571  -0.0297275  12144.5  -8.41254e-17  8.38338e-18  1
99  2  0.132343  -0.0301674  11999  -5.23668e-17  3.55473e-17  1
100  2  0.15412  -0.0302746  11977.5  0  0  1
101  2  0.175896  -0.0301064  12101.1  7.85484e-17  5.49865e-18  1
102  2  0.197669  -0.0297176  12198.1  0  0  1
103  2  0.219439  -0.0291606  12184.2  2.99387e-17  3.3113e-19  1
104  2  0.241205  -0.0284779  12146.5  -1.2326e-32  -3.08149e-33  1
105  2  0.262968  -0.0277081  12085.6  1.2113e-16  1.82411e-17  1
106  2  0.284729  -0.0268903  11996  9.95994e-18  1.17468e-17  1
107  2  0.306491  -0.0260628  11870.4  1.37502e-16  4.58414e-17  1
108  2  0.328252  -0.0252503  11743.2  1.37502e-16  4.58414e-17  1
109  2  0.350015  -0.024451  11645  -1.00013e-16  -1.90449e-17  1
110  2  0.371777  -0.0236591  11550.1  2.42367e-16  2.5167e-17  1
111  2  0.393539  -0.022869  11540.6  -2.40215e-17  -8.44142e-18  1
112  2  0.415302  -0.022076  11635.2  0  0  1
113  2  0.437064  -0.0212786  11751.4  0  0  1
114  2  0.458826  -0.0204785  11922.8  0  0  1
115  2  0.480588  -0.0196769  12074.5  1.2326e-32  7.70372e-34  1
116  2  0.502351  -0.0188754  12253.4  0  0  1
117  2  0.524113  -0.018075  12473.7  -5.54573e-17  -2.01294e-17  1
118  2  0.545875  -0.0172757  12753.1  1.6491e-16  -9.03044e-18  1
119  2  0.567637  -0.0164769  13072.9  -6.82511e-17  -8.46085e-19  1
120  2  0.589399  -0.0156783  13282.8  3.51088e-17  2.51137e-17  1
121  2  0.611161  -0.0148796  13442.5  5.63696e-17  2.42158e-17  1
122  2  0.632924  -0.0140806  13580.7  0  0  1
123  2  0.654686  -0.0132814  13715.3  -6.92494e-17  7.79016e-18  1
124  2  0.676448  -0.012482  13822.5  1.42043e-16  4.24707e-17  1
125  2  0.69821  -0.0116826  13888  0  0  1
126  2  0.719972  -0.0108833  13976.1  -9.3224e-17  -2.43835e-17  1
127  2  0.741735  -0.0100841  14036.3  -2.30098e-16  -5.42697e-17  1
128  2  0.763497  -0.00928488  14067.5  -1.69967e-16  -2.25623e-17  1
129  2  0.785259  -0.00848566  14095.7  8.49834e-17  1.12812e-17  1
130  2  0.807021  -0.00768645  14115.5  -8.63054e-17  -5.15369e-18  1
131  2  0.828783  -0.00688723  14134.3  1.66784e-16  1.98185e-17  1
132  2  0.850546  -0.00608801  14145.6  -1.66523e-16  -1.33767e-17  1
133  2  0.872308  -0.0052888  14167.3  0  0  1
134  2  0.89407  -0.00448958  14183.4  8.95941e-17  7.49184e-18  1
135  2  0.915832  -0.00369037  14194.5  -1.04796e-16  -4.63626e-18  1
136  2  0.937594  -0.00289115  14206.4  1.23362e-17  -1.14487e-18  1
137  2  0.959356  -0.00209193  14218.3  0  0  1
138  2  0.981119  -0.00129282  14224.4  2.25554e-16  1.08827e-17  1
268  0  -0.857814  0.773755  14303.1  1.9627  -0.267131  1
269  0  0.0643637  0.991742  14289.5  1.97218  -0.240158  1
270  0  1.05136  0.970917  14152.3  2.00716  -0.241557  1
271  0  -0.896008  -0.0574804  14222.7  1.97288  -0.321306  1
272  0  -0.385659  -0.792967  13977.2  2.0488  -0.365288  1
273  0  0.592606  -1.01177  13893.1  2.02207  -0.253745  1
274  0  1.04332  -0.61027  13976.2  1.94552  -0.110419  1
275  0  0.540259  0.66285  14199.2  1.99887  -0.217793  1
276  0  0.171321  -0.602843  13646.3  2.18882  -0.367119  1
277  0  0.589816  -0.46167  13580.6  2.20652  -0.0784334  1
278  0  0.980323  0.471696  14152.1  2.0116  -0.240617  1
279  0  -0.172375  -0.39587  13857.8  2.09866  -0.51293  1
280  0  -0.433445  -0.0260497  14308.1  1.92193  -0.40912  1
281  0  -0.277564  0.397413  14471.5  1.85436  -0.268927  1
282  0  0.137882  0.461753  14402.8  1.8992  -0.175755  1
283  0  0.88191  -0.324087  13942.9  1.96836  0.0380155  1
284  0  0.0895233  -0.300261  13276  2.3627  -0.599116  1
285  0  0.348655  -0.284084  12846.5  2.60824  -0.243171  1
286  0  0.570759  -0.236168  13215.6  2.38976  0.228948  1
287  0  -0.0757095  -0.187517  13764.9  2.10382  -0.7544  1
288  0  0.417747  0.385441  14174.5  2.01042  -0.153643  1
289  0  0.72256  0.360996  14102.3  2.03781  -0.229542  1
290  0  -0.202671  -0.0154476  14456.6  1.81478  -0.580119  1
291  0  -0.110125  0.150609  14850.2  1.62006  -0.334228  1
292  0  0.0453093  0.280467  14625.5  1.77722  -0.126512  1
293  0  0.737418  -0.189241  13782.5  2.08929  0.246455  1
294  0  0.240751  0.284156  14323.4  1.9453  -0.0673211  1
295  0  0.909915  0.249761  14136.2  2.00668  -0.269111  1
296  0  1.27562  0.22911  14170.8  1.99065  -0.225352  1
297  0  0.877538  -0.160379  14063.2  1.92618  0.144643  1
298  0  1.23556  -0.27804  14130.9  1.8594  -0.0748582  1
299  0  0.209443  -0.184508  12548  2.6967  -0.618629  1
300  0  0.102453  -0.155933  12809.8  2.54491  -0.834719  1
301  0  0.551403  0.268258  14039.6  2.07409  -0.176772  1
302  0  0.410504  0.237037  14070.6  2.07813  -0.102556  1
303  0  0.68623  0.210549  14010.9  2.08905  -0.243641  1
304  0  1.02454  0.151575  14213.5  2.01477  -0.279438  1
305  0  0.996979  -0.122385  14192.5  1.78278  0.0801564  1
306  0  0.320685  -0.146526  12012  2.50997  -0.338236  1
307  0  0.448485  -0.154609  12116.5  2.41534  0.163556  1
308  0  0.800339  0.167458  14052.2  2.0973  -0.292636  1
309  0  0.907709  0.135497  14138.5  2.08334  -0.316912  1
310  0  -0.0993756  -0.0101918  14577.6  1.675  -0.792314  1
311  0  -0.586908  -0.443573  14082.4  2.01561  -0.357872  1
312  0  -1.15147  -0.992239  14094.8  1.9965  -0.28388  1
313  0  0.629682  -0.132986  13434.9  1.90385  0.410382  1
314  0  -0.680437  0.339036  14329.8  1.92839  -0.293945  1
315  0  -1.29091  0.39229  14251.9  1.97209  -0.288775  1
316  0  -0.0125636  0.143565  15059.1  1.5263  -0.154001  1
317  0  0.316339  0.194751  14123.8  2.0677  -0.0231313  1
318  0  0.224396  0.183867  14311.1  1.97042  0.0476958  1
319  0  0.117234  0.182834  14634.4  1.78997  0.0442005  1
320  0  0.537092  -0.111465  12603.5  1.67194  0.434844  1
321  0  -0.01089  -1.13508  13939  2.04128  -0.373304  1
322  0  0.0183869  -0.109347  13122.7  2.27777  -1.0334  1
323  0  1.20148  -0.0208161  14269.5  1.68903  -0.147918  1
324  0  0.80078  -0.111477  14028  1.7597  0.219619  1
325  0  0.713533  -0.100714  13853.8  1.58382  0.310791  1
326  0  -0.306353  0.140119  14509.5  1.81659  -0.381481  1
327  0  0.16538  -0.116708  12340.6  2.48622  -0.706423  1
328  0  1.20566  -1.2699  14023.5  1.90748  -0.227722  1
329  0  -0.259252  -0.195212  14097  1.99845  -0.544603  1
330  0  0.483035  0.19075  13963.7  2.16163  -0.137145  1
331  0  0.568967  0.180215  13935.8  2.16887  -0.199903  1
332  0  0.25451  -0.10704  12089  1.51906  -0.375501  1
333  0  0.385821  -0.101276  11480.5  1.05305  -0.0391145  1
334  0  -0.0493108  0.0625008  15260.9  1.2879  -0.464129  1
335  0  0.864034  -0.076694  14126.9  1.46619  0.147659  1
336  0  0.412683  0.164156  13961.3  2.20963  -0.0792067  1
337  0  0.935032  -0.0743043  14180.3  1.5175  0.114303  1
338  0  0.7245  0.135336  13969.9  2.22077  -0.303678  1
339  0  0.63519  0.141471  13926.9  2.26015  -0.259293  1
340  0  0.959727  0.0865733  14225.5  2.05519  -0.331831  1
341  0  -0.0458765  -0.0613894  13950.3  1.87504  -1.12115  1
342  0  -0.372546  0.856709  14334.5  1.95654  -0.240046  1
343  0  0.563036  1.1626  14209.8  1.99344  -0.244016  1
344  0  -0.141336  -0.0976848  14183.9  1.90722  -0.714289  1
345  0  -1.12579  -0.582316  14131.1  1.99318  -0.301919  1
346  0  -1.38594  -0.137726  14193.4  1.98154  -0.294263  1
347  0  -0.521304  -1.48487  14045  2.00532  -0.315257  1
348  0  -0.653181  1.45462  14284.5  1.98078  -0.250003  1
349  0  -1.32639  1.30392  14277.4  1.97939  -0.270879  1
350  0  0.0748414  -0.088522  12532.1  2.44977  -1.02155  1
351  0  1.39926  0.679023  14126.8  2.01482  -0.239022  1
352  0  0.0713903  0.115911  15002.3  1.5579  0.172606  1
353  0  0.471183  -0.0841166  11921.4  0.458842  0.16847  1
354  0  0.83076  0.103409  14050.2  2.13076  -0.335564  1
355  0  -0.0471435  -0.0059248  14700.3  1.43412  -1.08987  1
356  0  1.53828  -0.643607  14055.3  1.8602  -0.15826  1
357  0  0.602532  -0.0766375  13304.4  0.821062  0.318258  1
358  0  0.319613  -0.0858506  11765.2  0.438053  -0.284402  1
359  0  -0.122166  -0.668806  13850.1  2.09631  -0.42116  1
360  0  -0.0997013  0.674629  14375.7  1.92605  -0.234056  1
361  0  0.360116  -0.497647  13462.1  2.28053  -0.253224  1
362  0  0.182507  0.135732  14383  1.97461  0.185441  1
363  0  0.666331  -0.0623737  13734.4  0.807131  0.245697  1
364  0  0.755663  -0.0599784  14014.2  1.07234  0.18252  1
365  0  0.520315  0.132784  13840.4  2.29182  -0.172249  1
366  0  0.281979  0.140862  14076.3  2.16707  0.0653694  1
367  0  0.209842  -0.0797975  12224.9  0.529077  -0.190637  1
368  0  0.0178062  0.0843904  15442.4  1.18079  0.00747822  1
369  0  0.00142999  -0.48264  13652.5  2.18956  -0.475769  1
370  0  0.757936  -0.736014  13865.7  2.02591  -0.161725  1
371  0  1.11593  0.0560346  14287.3  1.83243  -0.24569  1
372  0  0.119099  -0.071504  12050.1  1.33658  -0.548188  1
373  0  0.0164306  -0.208348  13363.2  2.28956  -0.764172  1
374  0  -0.0437928  -0.323395  13640.1  2.19383  -0.59991  1
375  0  1.67362  -0.159573  14100.2  1.88038  -0.171415  1
376  0  0.409364  -1.50146  13990.8  1.95912  -0.334347  1
377  0  0.215973  -0.333421  13136.7  2.44009  -0.440236  1
378  0  1.00607  -0.0598663  14268.2  1.41105  0.0889247  1
379  0  -0.775672  -0.761435  14071.9  2.01643  -0.307764  1
380  0  0.365598  0.14031  13940.3  2.22977  -0.017007  1
381  0  0.424956  -0.0597544  11643.4  -0.503711  0.0676198  1
382  0  0.514947  -0.0651241  12300.4  -0.0448851  0.152458  1
383  0  0.113  0.116515  14755.6  1.7499  0.234221  1
384  0  0.760938  0.101091  13958.6  2.14193  -0.322446  1
385  0  0.387966  -0.758307  13751.6  2.11353  -0.270291  1
386  0  0.819665  -0.0552955  14119.2  1.19454  0.140142  1
387  0  0.231198  0.727177  14292.9  1.95983  -0.220097  1
388  0  -0.122518  1.4587  14266.9  1.99357  -0.249248  1
389  0  1.09892  -0.0244878  14309.7  1.40599  -0.0785065  1
390  0  1.0031  0.0517779  14292.8  1.81398  -0.304247  1
391  0  0.676195  0.1139  13889.6  2.19957  -0.283687  1
392  0  0.897825  0.0801907  14137.6  2.02184  -0.340212  1
393  0  1.06478  0.328975  14168.5  1.99574  -0.246411  1
394  0  0.558311  -0.0592333  12815.8  0.137976  0.342682  1
395  0  0.687977  -0.334535  13662.2  2.13789  0.0805064  1
396  0  0.799959  -0.51394  13842  2.04122  -0.067193  1
397  0  0.979812  -0.254105  14056.8  1.91472  0.0335978  1
398  0  0.316868  0.13548  14024.8  2.21874  0.0368404  1
399  0  -0.527163  0.591854  14356.5  1.93024  -0.256914  1
400  0  -0.135253  0.284633  14625.2  1.76883  -0.262199  1
401  0  -0.490053  -0.231198  14156.9  1.99196  -0.402659  1
402  0  -0.631587  -0.0607207  14246.1  1.95923  -0.353771  1
403  0  0.572571  0.419447  14133.3  2.02825  -0.19369  1
404  0  0.744122  0.588287  14161.6  2.01416  -0.226612  1
405  0  1.3591  1.36516  14116.9  2.01856  -0.250187  1
406  0  -0.538841  0.140373  14349.1  1.91108  -0.340205  1
407  0  1.03253  -0.976003  13985.9  1.94183  -0.198572  1
408  0  -0.353835  -0.382407  14020.1  2.03783  -0.443729  1
409  0  -0.000611876  -0.0582364  13046  2.23132  -1.41836  1
410  0  0.454696  0.134153  13860.4  2.26742  -0.101953  1
411  0  0.588106  0.124623  13848.6  2.25406  -0.23125  1
412  0  0.484244  -0.363244  13301.8  2.36151  -0.0628267  1
413  0  -0.157259  0.0575632  14709.8  1.66629  -0.505221  1
414  0  -1.02306  -1.50296  14073.5  1.99514  -0.261142  1
415  0  0.81429  -1.29968  13991.8  1.94735  -0.267209  1
416  0  0.946855  1.45943  14153.8  2.01658  -0.250297  1
417  0  0.710672  -0.0543167  13925.7  0.82694  0.201641  1
418  0  0.273394  -0.0647953  12072.7  -0.196656  -0.146144  1
419  0  0.364031  -0.0612565  11475.3  -0.570515  -0.14986  1
420  0  -1.27685  0.844693  14274.8  1.97505  -0.276239  1
421  0  -0.424794  0.337625  14421.8  1.87772  -0.292742  1
422  0  -1.56458  -0.643325  14140.1  1.98494  -0.283769  1
423  0  0.23133  0.13291  14181.6  2.11317  0.138255  1
424  0  -1.06766  0.224576  14253  1.96582  -0.299906  1
425  0  0.165231  -0.0694865  12100.3  0.697492  -0.144223  1
426  0  -1.52096  -1.4172  14088.2  1.98374  -0.275219  1
427  0  0.782135  0.275243  14088.9  2.03612  -0.252365  1
428  0  -0.0213067  0.04524  15564.1  1.06553  -0.483303  1
429  0  0.0967361  -0.864833  13835.5  2.09027  -0.363912  1
430  0  0.315182  0.583707  14274.7  1.96169  -0.196011  1
431  0  0.391155  -0.173262  12110.5  2.71847  -0.0725264  1
432  0  0.442529  -0.260048  12902.1  2.59235  -0.0230056  1
433  0  0.0360116  -0.067644  12564.9  2.42205  -1.22657  1
434  0  1.14857  -0.210258  14173.6  1.85052  -0.0288061  1
435  0  0.738991  0.89518  14186  2.0015  -0.236405  1
436  0  -0.0846588  -1.55632  14026.3  1.97827  -0.387595  1
437  0  0.884585  -0.0428931  14156.2  1.11886  0.0934141  1
438  0  0.16734  1.3613  14250.1  1.99537  -0.25037  1
439  0  0.1314  -0.432953  13475  2.27384  -0.449784  1
440  0  1.03313  -0.45569  13999.1  1.92951  -0.0603414  1
441  0  -0.300845  -0.0888329  14276.7  1.91941  -0.503578  1
442  0  0.653006  -0.220086  13520.7  2.22319  0.259323  1
443  0  -0.23055  1.16931  14292.3  1.9755  -0.240631  1
444  0  0.52301  -0.666593  13726.3  2.12489  -0.200845  1
445  0  0.320932  0.284756  14216.9  1.99909  -0.086584  1
446  0  0.293508  0.402672  14280.4  1.95949  -0.141053  1
447  0  -0.0774094  0.515132  14443.1  1.88079  -0.227286  1
448  0  0.935177  0.0591353  14191.9  1.89659  -0.329196  1
449  0  -0.238906  -0.559917  13902.5  2.07902  -0.436214  1
450  0  -0.871125  0.579653  14302.1  1.95499  -0.277112  1
451  0  -0.68575  -1.03703  14042.9  2.02272  -0.29928  1
452  0  -0.313106  0.0427999  14437.5  1.85079  -0.444196  1
453  0  0.176309  0.245135  14427.4  1.89712  -0.0283204  1
454  0  0.134301  -0.233468  13022  2.48013  -0.634871  1
455  0  0.870149  0.395827  14136.4  2.02081  -0.243846  1
456  0  -0.0426943  -0.146346  13640.1  2.1266  -0.868997  1
457  0  0.72247  0.0995743  13940.6  2.1408  -0.310362  1
458  0  1.06819  0.0238057  14311.7  1.5049  -0.22174  1
459  0  1.40094  -0.98559  14035  1.88358  -0.190943  1
460  0  1.20119  -0.50473  14045.2  1.88988  -0.099574  1
461  0  -0.183068  -0.200529  14007.2  2.02446  -0.617057  1
462  0  0.803992  0.0812294  14034.2  2.03978  -0.332269  1
463  0  0.850255  0.0740202  14059.6  1.96653  -0.337486  1
464  0  -0.220452  -1.08682  13960.6  2.04327  -0.369879  1
465  0  0.621386  -0.0512212  13478.1  0.330896  0.193698  1
466  0  0.824585  -0.1845  13968.8  1.99311  0.171413  1
467  0  -0.21812  0.224413  14596.4  1.77862  -0.32155  1
468  0  0.291245  -0.222671  12584  2.74517  -0.395001  1
469  0  -0.849795  -0.356319  14150.3  1.99306  -0.323899  1
470  0  0.210164  -0.118718  12269.1  2.12594  -0.520049  1
471  0  1.50942  -0.388123  14097.1  1.85347  -0.139342  1
472  0  1.67595  0.221599  14102  1.99294  -0.218976  1
473  0  0.457997  0.955408  14230.1  1.989  -0.238946  1
474  0  1.46623  0.0361226  14138.5  1.90917  -0.195036  1
475  0  -0.0784937  0.0397418  15009.7  1.42287  -0.616892  1
476  0  0.945435  -0.0366084  14202.9  1.14641  0.0774457  1
477  0  -0.629365  1.06906  14304  1.96895  -0.247848  1
478  0  0.306405  -1.07515  13893.3  2.04362  -0.322933  1
479  0  0.624974  0.206246  13971.9  2.11597  -0.221078  1
480  0  0.499358  1.63271  14211.8  2.01522  -0.254036  1
481  0  -1.03593  1.17935  14285.4  1.97561  -0.267691  1
482  0  0.410201  0.12685  13892.9  2.24455  -0.0613434  1
483  0  0.520286  -0.17959  12703.8  2.4597  0.302293  1
484  0  0.470863  -0.0554826  11943  -0.474874  0.0658256  1
485  0  -0.0737805  0.222601  14763.5  1.70013  -0.242311  1
486  0  0.45219  0.551985  14217.8  1.98794  -0.195931  1
487  0  -0.756717  0.118311  14279.6  1.94838  -0.319859  1
488  0  0.787152  -0.295499  13834.9  2.0406  0.0975171  1
489  0  0.63082  0.109022  13881.1  2.19274  -0.257691  1
490  0  -1.16927  -0.227256  14183.3  1.98292  -0.306087  1
491  0  1.14383  0.233903  14198.7  1.98096  -0.23654  1
492  0  -0.317065  0.628678  14383.4  1.9212  -0.244564  1
493  0  0.165432  0.114045  14437.7  1.96419  0.255553  1
494  0  1.2109  0.534869  14148.7  2.01061  -0.237822  1
495  0  -1.70961  0.64947  14252.6  1.97974  -0.273342  1
496  0  1.69911  -1.36416  14051.3  1.85095  -0.234993  1
497  0  0.0534182  0.0805677  15228  1.32075  0.264307  1
498  0  -1.70523  0.177758  14220.8  1.9805  -0.277823  1
499  0  1.39608  -0.182529  14141.5  1.82427  -0.123612  1
500  0  0.775488  -0.0391162  14070.4  0.765462  0.101612  1
501  0  -0.996159  1.47491  14282.6  1.97877  -0.263649  1
502  0  0.498358  0.117088  13761.2  2.05322  -0.131157  1
503  0  0.54235  0.113277  13794.8  2.02664  -0.169804  1
504  0  1.01779  -1.7271  14061.9  1.87915  -0.2862  1
505  0  0.242871  -0.0676701  12135  -0.000867609  -0.143194  1
506  0  1.60848  1.04994  14098.4  2.01466  -0.243358  1
507  0  0.267676  -0.167746  12298.3  2.71663  -0.48332  1
508  0  0.479035  0.250664  14045.4  2.08312  -0.142212  1
509  0  0.00982533  0.0512788  15791.5  0.914245  -0.0857221  1
510  0  -0.700086  -0.272867  14164.6  1.99182  -0.344835  1
511  0  0.95801  0.755441  14159.8  2.00989  -0.235688  1
512  0  0.292081  -0.380973  13221.3  2.40355  -0.319459  1
513  0  0.394577  -0.059009  11461.7  -0.592368  -0.0142288  1
514  0  -1.57527  0.983908  14267.9  1.97983  -0.272463  1
515  0  -0.0207497  -0.0293091  13523.9  1.75452  -1.6131  1
516  0  0.116132  0.339982  14482  1.85674  -0.127776  1
517  0  -0.114241  -0.278516  13782.8  2.12867  -0.616155  1
518  0  0.505164  0.341914  14110.3  2.04059  -0.166006  1
519  0  0.372473  0.185519  14036.4  2.13559  -0.0540798  1
520  0  1.30231  -0.733037  14031.4  1.89154  -0.149128  1
521  0  0.076797  -0.0553628  12377.9  1.21461  -0.576672  1
522  0  0.152885  -0.170436  12691.2  2.62216  -0.728727  1
523  0  0.848229  -0.0418922  14139.4  1.04513  0.103869  1
524  0  0.661661  0.305521  14064.8  2.05448  -0.218379  1
525  0  0.991974  -0.0325289  14259.7  1.14161  0.0885445  1
526  0  0.0981853  0.093426  14833.4  1.60013  0.33241  1
527  0  0.318376  -0.0525665  11797.7  -0.619254  -0.206451  1
528  0  0.678358  -0.159183  13645.1  2.07603  0.332108  1
529  0  1.51092  0.451451  14120.9  2.01182  -0.231326  1
530  0  -0.0978771  -0.0579901  14257.3  1.83084  -0.853601  1
531  0  -0.158725  0.922872  14321.8  1.96057  -0.237455  1
532  0  -0.242908  -0.092252  14271.5  1.91039  -0.563145  1
533  0  0.0630115  0.198599  14743.6  1.72552  -0.0373254  1
534  0  0.0794871  0.672103  14348.6  1.93551  -0.222226  1
535  0  0.915701  -0.0445367  14190.5  1.18865  0.0935604  1
536  0  -0.472379  -0.619179  14017  2.03606  -0.365422  1
537  0  -0.15478  -0.038019  14405.8  1.8124  -0.673707  1
538  0  0.00877479  0.399801  14503.2  1.84344  -0.190955  1
539  0  -0.19101  -0.865075  13917.8  2.06718  -0.38743  1
540  0  0.852761  0.155215  14095.5  2.09286  -0.308176  1
541  0  1.04511  -0.0239067  14305.2  1.16581  -0.0101399  1
542  0  1.05162  -0.0843933  14266.1  1.58645  0.0534435  1
543  0  -0.194005  0.133589  14674  1.71047  -0.392728  1
544  0  0.580934  -0.34093  13454.3  2.27138  0.0436853  1
545  0  0.571491  -0.14915  13019.3  2.11003  0.424457  1
546  0  1.3546  -1.57948  14054.5  1.86871  -0.261144  1
547  0  0.210362  0.114303  14161.7  1.98793  0.194547  1
548  0  0.255081  0.117512  14062.2  2.03599  0.117683  1
549  0  -0.025599  0.0144758  15299.7  0.821848  -0.948554  1
550  0  0.688544  -0.0389596  13849.7  0.435227  0.109697  1
551  0  0.731561  -0.0380353  13995.3  0.616424  0.134595  1
552  0  -0.41152  0.068919  14383.1  1.88743  -0.387596  1
553  0  0.806529  -0.951186  13923.5  1.99263  -0.213764  1
554  0  -0.0950649  0.0840286  14970.8  1.50493  -0.448272  1
555  0  0.576901  -0.0390103  13132.9  -0.298519  0.218584  1
556  0  0.53601  -0.043518  12546.3  -0.49293  0.131324  1
557  0  0.660533  -0.600212  13765  2.09773  -0.126803  1
558  0  -0.935756  -1.19342  14071.3  2.00438  -0.275257  1
559  0  -1.10834  -0.00573749  14218.4  1.97518  -0.307504  1
560  0  0.94053  -0.127098  14143.6  1.81888  0.118154  1
561  0  -1.54556  -1.04548  14107.3  1.98526  -0.27828  1
562  0  0.14311  -0.0548378  11910.7  0.235839  -0.160091  1
563  0  0.186714  -0.0567743  12192.6  0.00403804  -0.015745  1
564  0  -0.418003  -0.167383  14190.3  1.97422  -0.436236  1
565  0  -0.493211  -0.107173  14238  1.95695  -0.395791  1
566  0  0.529328  0.214022  13982.9  2.12338  -0.16915  1
567  0  0.343179  0.118402  13933  2.0604  0.0173322  1
568  0  0.299384  0.116675  13996.6  2.00957  0.0646651  1
569  0  1.32496  0.0939214  14188.5  1.92466  -0.211301  1
570  0  -1.31759  -0.42361  14157.9  1.98596  -0.296654  1
571  0  0.122897  -0.119515  12485.6  2.60939  -0.853853  1
572  0  0.425988  -0.113531  11676.7  1.48385  0.121025  1
573  0  0.745721  0.189767  14026.8  2.08023  -0.271225  1
574  0  -1.36052  1.66721  14278.6  1.97978  -0.269013  1
575  0  0.494921  -0.128843  12303.8  2.00012  0.350989  1
576  0  -0.200106  -0.282499  13937.8  2.06534  -0.558395  1
577  0  0.959188  0.192611  14166  2.00027  -0.281133  1
578  0  0.788667  -0.0715352  14055  1.31349  0.183474  1
579  0  0.88507  0.0504091  14132.1  1.51299  -0.278887  1
580  0  -0.23006  0.0489102  14540.7  1.78254  -0.488295  1
581  0  -0.603097  0.799351  14324.5  1.95654  -0.250081  1
582  0  0.0554432  -0.127877  12879.4  2.44503  -0.973272  1
583  0  -0.0703128  -0.0343789  14387.1  1.69393  -0.98319  1
584  0  0.172887  1.65878  14237.6  2.00742  -0.256281  1
585  0  0.470605  -1.19441  13934.2  2.00417  -0.300565  1
586  0  0.835822  0.221564  14096.7  2.03013  -0.27443  1
587  0  0.755771  -0.101895  13952.3  1.6283  0.255826  1
588  0  -0.133706  -0.50882  13807.6  2.11761  -0.467903  1
589  0  0.791387  -0.390192  13825.9  2.04171  0.0184303  1
590  0  0.283417  1.11728  14249.6  1.98583  -0.245359  1
591  0  0.309223  -0.640529  13638  2.18787  -0.29832  1
592  0  0.848242  -0.118045  14084.8  1.79414  0.177835  1
593  0  0.0766614  -0.211093  13128.3  2.40763  -0.731407  1
594  0  0.951898  0.0358265  14232  1.35728  -0.253235  1
595  0  0.873958  -0.236999  13978.4  1.97611  0.103634  1
596  0  0.0395488  -0.368876  13511.9  2.25754  -0.542313  1
597  0  0.695613  0.0885933  13883.9  1.85006  -0.256928  1
598  0  0.737437  0.0785402  13933.2  1.70202  -0.266304  1
599  0  0.0345766  0.0616498  15576.5  1.07961  0.246688  1
600  0  -0.523009  0.0142501  14302.4  1.93101  -0.36867  1
601  0  0.679654  0.147811  13954  2.21525  -0.275178  1
602  0  0.233971  -0.495289  13484.3  2.27087  -0.354839  1
603  0  -0.421584  1.63526  14273.9  1.99299  -0.250677  1
604  0  0.285365  0.23549  14224.1  2.00741  -0.0385101  1
605  0  0.0270705  -0.614028  13732.3  2.14619  -0.417138  1
606  0  1.05161  0.0827573  14285.4  1.97885  -0.287961  1
607  0  1.08781  -0.320211  14082.4  1.88257  -0.0316631  1
608  0  0.676702  0.46731  14137.5  2.02554  -0.216428  1
609  0  0.437716  0.307415  14127.4  2.03714  -0.134303  1
610  0  1.69933  0.685051  14095.6  2.02081  -0.238406  1
611  0  -1.67235  -0.317303  14174.1  1.98331  -0.280893  1
612  0  -0.77285  -0.548108  14102.6  2.00682  -0.324156  1
613  0  0.387845  0.115024  13864.7  2.03176  -0.026395  1
614  0  -0.0596518  0.131527  15020.3  1.52162  -0.28791  1
615  0  0.431512  0.11319  13848.9  2.01826  -0.0722833  1
616  0  0.780391  0.0720112  13976.1  1.71506  -0.269817  1
617  0  0.823999  0.0644441  14034.3  1.65911  -0.290144  1
618  0  0.0531865  -0.0480419  12269.5  1.41117  -0.685748  1
619  0  0.0271998  -0.0425304  12091.9  1.79776  -0.993432  1
620  0  0.727343  -1.58629  14022.7  1.91934  -0.298686  1
621  0  0.644615  -0.0357578  13639.9  0.154257  0.168655  1
622  0  0.675175  -0.108813  13714.5  1.62108  0.353341  1
623  0  -0.01411  -0.0901709  13378.7  2.13033  -1.11545  1
624  0  0.970303  -0.0217568  14223.5  0.926798  0.0572315  1
625  0  -1.6816  1.38958  14273.6  1.98133  -0.268924  1
626  0  0.448617  -0.0426139  11813  -0.9291  0.00837235  1
627  0  0.492025  -0.0422547  12133.4  -0.760173  0.0480783  1
628  0  0.906529  -0.427221  13925  1.97989  -0.0261749  1
629  0  0.607433  0.0984712  13830.3  1.90151  -0.206639  1
630  0  0.650596  0.0928407  13873.5  1.86045  -0.239105  1
631  0  0.592768  -0.809456  13829  2.05958  -0.216993  1
632  0  -0.0449138  -0.242957  13631.1  2.18714  -0.689356  1
633  0  0.636187  -0.0792423  13559.9  1.10416  0.347278  1
634  0  -1.03634  -0.78768  14101.7  2.00224  -0.296942  1
635  0  0.940863  -0.779845  13945.5  1.96808  -0.160546  1
636  0  0.188649  -1.24582  13947.7  2.01423  -0.352912  1
637  0  0.89829  -0.105141  14126.5  1.72925  0.145291  1
638  0  0.098906  -0.0502199  12177.1  0.504099  -0.311599  1
639  0  -0.702022  -1.68601  14076.7  1.99021  -0.285701  1
640  0  -0.0140526  0.0758631  15451.4  1.15715  -0.229913  1
641  0  0.144197  0.0980781  14515  1.79377  0.294302  1
642  0  -0.0933934  -0.117656  13964  1.98629  -0.812779  1
643  0  0.819877  1.1549  14176  2.00001  -0.243357  1
644  0  0.197855  -0.258833  12879.2  2.54029  -0.529658  1
645  0  0.796811  0.115558  14028.6  2.17098  -0.328608  1
646  0  0.819464  -0.0303007  14123.8  0.759875  0.0749764  1
647  0  0.473357  0.113415  13821  2.0184  -0.106712  1
648  0  0.519537  0.10573  13793.8  1.91929  -0.14062  1
649  0  0.566254  0.105812  13772.5  1.97082  -0.186662  1
650  0  0.0787531  0.0797458  15045.4  1.46237  0.358908  1
651  0  0.291601  -0.121248  11959.5  1.83508  -0.378192  1
652  0  0.343194  -0.0458483  11645.6  -0.90084  -0.171541  1
653  0  0.293107  -0.0477486  11964.5  -0.598184  -0.139809  1
654  0  0.347291  -0.114597  11645.4  1.61321  -0.219176  1
655  0  0.194208  -1.73303  14025.7  1.94822  -0.380814  1
656  0  1.68933  -0.984616  14051.1  1.84851  -0.201954  1
657  0  -1.0644  0.704673  14283.6  1.96791  -0.277905  1
658  0  0.570014  -0.0933434  12943.5  1.20847  0.449015  1
659  0  0.186758  0.103582  14312.7  1.8965  0.253708  1
660  0  1.04483  0.219695  14188.6  1.97798  -0.261065  1
661  0  0.125447  0.249759  14549.4  1.82871  -0.043952  1
662  0  0.208904  -0.0482539  12213.2  -0.232298  -0.0220503  1
663  0  0.121067  -0.0492683  12044.1  0.0273776  -0.209062  1
664  0  0.185761  -0.741252  13750.1  2.12754  -0.345382  1
665  0  1.29465  1.12682  14127  2.00788  -0.245475  1
666  0  0.233318  0.107897  14109.4  1.95122  0.160684  1
667  0  0.17489  0.190022  14454.9  1.89253  0.056074  1
668  0  0.556947  -0.0351028  12857.5  -0.587593  0.151002  1
669  0  0.0339773  0.821076  14319.7  1.95491  -0.232815  1
670  0  0.600776  -0.0417465  13360.2  -0.0657014  0.115537  1
671  0  0.00539201  -0.154835  13308.6  2.27711  -0.896012  1
672  0  0.753589  -0.0312998  14041.5  0.55366  0.100439  1
673  0  0.709817  -0.0310303  13925.8  0.350592  0.123289  1
674  0  0.34288  -0.197388  12327.4  2.78131  -0.265179  1
675  0  -0.350668  -0.266536  14088.2  2.01275  -0.46801  1
676  0  -0.389589  1.39054  14282.4  1.98253  -0.244117  1
677  0  -0.0723933  -0.40802  13719.3  2.16029  -0.528758  1
678  0  0.948005  0.335356  14146.3  2.01033  -0.252499  1
679  0  0.00220258  1.22012  14274.1  1.98252  -0.244927  1
680  0  0.863409  0.0520351  14094.9  1.47059  -0.269794  1
681  0  0.909476  0.0451171  14145.1  1.47493  -0.270407  1
682  0  -0.383061  0.486896  14407.6  1.89628  -0.261475  1
683  0  -0.0170324  -0.0048449  14245.8  0.956706  -1.51782  1
684  0  0.278338  0.110678  13987.8  1.96108  0.0890904  1
685  0  0.320654  0.110591  13972  1.94503  0.0462428  1
686  0  0.27372  -0.04367  12063.1  -0.545521  -0.0821506  1
687  0  -0.114809  0.0259557  14765.3  1.58629  -0.63569  1
688  0  1.04696  -0.183427  14158.5  1.86213  0.0277071  1
689  0  0.42639  -0.0380609  11686.6  -1.10819  -0.00316996  1
690  0  0.122075  0.0897658  14665.1  1.67767  0.338074  1
691  0  0.513932  -0.0375077  12352.2  -0.79647  0.0428141  1
692  0  0.41063  0.694469  14242.3  1.98025  -0.215591  1
693  0  0.365512  0.111382  13865.3  1.94952  -0.0028411  1
694  0  -0.692769  0.500505  14331.6  1.93723  -0.275184  1
695  0  -1.32046  -1.66864  14074.3  1.9856  -0.267767  1
696  0  0.666268  -0.0319648  13774.8  0.15791  0.0957178  1
697  0  0.438977  0.198636  13996.1  2.1355  -0.106602  1
698  0  -0.312263  0.27006  14495.6  1.83439  -0.312235  1
699  0  0.796845  -0.0272709  14099.1  0.632229  0.0644783  1
700  0  0.00563544  -0.0340208  11803.6  1.89016  -1.52996  1
701  0  -1.37786  0.141385  14226.1  1.97682  -0.291183  1
702  0  0.453345  0.108078  13815  1.90174  -0.0905844  1
703  0  0.7768  -0.156786  13918.3  1.96855  0.235135  1
704  0  0.585034  0.0968962  13813.9  1.78958  -0.181174  1
705  0  0.0243802  -0.273739  13426.9  2.28429  -0.654487  1
706  0  0.672087  0.085563  13859.4  1.70842  -0.23605  1
707  0  0.867753  0.102798  14104.3  2.1198  -0.338937  1
708  0  0.757741  0.071182  13927.3  1.59275  -0.251617  1
709  0  0.970388  -0.0863675  14206.2  1.62845  0.104078  1
710  0  -0.375113  -1.68379  14062.8  1.98508  -0.358275  1
711  0  -0.424659  0.204221  14421  1.87242  -0.335607  1
712  0  -0.00278333  0.207451  14821.2  1.67465  -0.14547  1
713  0  0.465391  -0.473592  13485.9  2.26344  -0.15663  1
714  0  -1.28659  -0.729818  14123.1  1.99065  -0.291331  1
715  0  -0.0359751  0.304195  14638.6  1.76433  -0.200744  1
716  0  0.713965  -0.255986  13706.1  2.12044  0.17032  1
717  0  -0.104282  -1.31446  13986.3  2.01216  -0.373097  1
718  0  1.21785  1.67751  14122.4  2.04095  -0.257151  1
719  0  0.388781  -0.227907  12529.8  2.75085  -0.123694  1
720  0  0.514001  -0.288929  13160  2.43093  0.061646  1
721  0  0.888525  -0.642159  13902.9  1.99816  -0.118242  1
722  0  0.972679  0.0271921  14281.4  1.27795  -0.236245  1
723  0  0.995763  0.0212331  14291.8  1.1365  -0.222497  1
724  0  -0.549892  0.422107  14368.9  1.91233  -0.279659  1
725  0  0.950477  -0.184642  14104.9  1.9192  0.0852626  1
726  0  -0.566255  -0.784461  14025  2.03335  -0.330591  1
727  0  0.93073  0.09871  14169.3  2.08413  -0.336008  1
728  0  0.96171  0.128463  14194.1  2.06343  -0.309175  1
729  0  0.59123  0.331325  14084.6  2.04985  -0.192848  1
730  0  0.0906348  0.152338  14800.7  1.69515  0.0850765  1
731  0  0.828791  -0.0889529  14097.9  1.5481  0.187569  1
732  0  1.65003  1.66318  14081  2.04735  -0.255252  1
733  0  0.724508  -0.138016  13826.8  1.91568  0.302357  1
734  0  0.396998  -0.37148  13225.8  2.40885  -0.177072  1
735  0  -1.24091  -1.2979  14087.2  1.98905  -0.27343  1
736  0  0.366083  0.455628  14235.8  1.97961  -0.166087  1
737  0  -0.165572  0.011501  14573.9  1.73481  -0.594134  1
738  0  0.215045  0.372223  14357.7  1.92227  -0.126623  1
739  0  -0.0493463  0.02663  15200.1  1.22991  -0.712041  1
740  0  -0.00308793  0.0285814  15818.1  0.519114  -0.508018  1
741  0  -0.713784  1.72844  14278.7  1.98579  -0.258599  1
742  0  0.36221  -0.0402468  11557.7  -1.09152  -0.113342  1
743  0  1.6979  -0.455147  14073.7  1.84914  -0.157746  1
744  0  0.758991  0.145153  14006.7  2.16107  -0.299685  1
745  0  0.692513  -0.436229  13699.2  2.12816  -0.019934  1
746  0  -0.195474  0.542223  14432.7  1.88779  -0.245329  1
747  0  1.19188  0.353792  14172.2  1.99531  -0.236202  1
748  0  0.470719  -0.203481  12616  2.67198  0.142358  1
749  0  0.16515  -0.0486345  12021.6  -0.198139  0.0893459  1
750  0  0.578991  0.522461  14171  2.01024  -0.205311  1
751  0  0.895726  0.191912  14125  2.02228  -0.287104  1
752  0  -0.133921  -0.160386  13988.3  2.01201  -0.702064  1
753  0  -0.140642  0.211377  14702.9  1.7227  -0.306879  1
754  0  0.615118  -0.184771  13347.4  2.25822  0.3587  1
755  0  0.338219  0.160364  14024.6  2.17374  -0.00258085  1
756  0  -0.417896  1.0679  14312.2  1.96759  -0.239628  1
757  0  0.25325  -0.0462024  12116  -0.457933  -0.0794527  1
758  0  0.264548  -0.285848  12920  2.53811  -0.389679  1
759  0  0.856851  0.30514  14118.6  2.02265  -0.255864  1
760  0  1.16517  0.738389  14144.6  2.01256  -0.239798  1
761  0  0.680498  0.733941  14185.3  2.00547  -0.229055  1
762  0  0.236109  0.919357  14272.1  1.97444  -0.236079  1
763  0  0.180804  0.582825  14337.9  1.93357  -0.201589  1
764  0  -0.905887  0.0938792  14252.1  1.96175  -0.313886  1
765  0  0.803222  0.359147  14114.8  2.03017  -0.242664  1
766  0  0.78275  0.444436  14133.6  2.02521  -0.233228  1
767  0  0.604918  0.155619  13915.5  2.23032  -0.232202  1
768  0  0.630636  -0.279733  13490.8  2.23359  0.161062  1
769  0  1.23932  -0.13594  14207.7  1.75892  -0.0719472  1
770  0  1.72332  1.35071  14083.5  2.0265  -0.245918  1
771  0  0.977838  -0.356263  14005.3  1.92403  -0.00990241  1
772  0  0.144166  0.140378  14569.8  1.84585  0.166015  1
773  0  0.138534  -0.354761  13319.6  2.35554  -0.494297  1
774  0  -1.68175  -1.68175  14075.2  1.98364  -0.271842  1
775  0  0.502212  -0.0942982  12194.7  0.980552  0.267462  1
776  0  -1.04396  0.452235  14277  1.96193  -0.288205  1
777  0  0.0512761  -0.171617  13114.6  2.39006  -0.842435  1
778  0  1.71932  -1.68871  14055.2  1.8445  -0.248149  1
779  0  0.484978  0.145559  13866.8  2.2731  -0.135367  1
780  0  0.256334  -0.898389  13826.5  2.08323  -0.322614  1
781  0  0.559133  0.140396  13859.8  2.28308  -0.205948  1
782  0  -0.299783  -0.667838  13939.7  2.06295  -0.400338  1
783  0  0.381861  -0.0410527  11482.1  -1.11717  -0.0666376  1
784  0  0.143836  -0.0886707  12153.5  1.79846  -0.573851  1
785  0  1.02738  0.0201178  14307  1.29997  -0.193723  1
786  0  1.09358  0.144232  14248.1  2.01039  -0.258245  1
787  0  -0.137079  0.407819  14517.7  1.83136  -0.239762  1
788  0  0.863296  -0.0236118  14154.3  0.749955  0.0602432  1
789  0  0.207919  -0.405923  13326.2  2.35068  -0.407411  1
790  0  -0.259305  -0.0285699  14385.7  1.86386  -0.52218  1
791  0  0.726796  0.261349  14057.7  2.0528  -0.244725  1
792  0  -0.903341  -0.957464  14075.1  2.01038  -0.28954  1
793  0  -0.841967  0.259087  14287.5  1.94824  -0.302614  1
794  0  0.577514  0.225353  13990  2.1037  -0.193323  1
795  0  0.248741  0.480357  14314.1  1.9417  -0.170734  1
796  0  0.229252  -0.0499271  12175.9  -0.301555  -0.0915186  1
797  0  0.349133  0.237013  14130  2.05171  -0.0694918  1
798  0  0.0438076  -0.093338  12762.5  2.45984  -1.13787  1
799  0  -0.249047  0.771405  14355.8  1.94319  -0.239761  1
800  0  0.706626  -1.13588  13950  1.98062  -0.258134  1
801  0  0.0916894  -0.117758  12589.1  2.58853  -0.963633  1
802  0  0.929805  0.0359431  14185.2  1.27394  -0.240488  1
803  0  -0.733776  -1.36708  14052.9  2.01058  -0.280512  1
804  0  -1.04735  0.931297  14287.3  1.97186  -0.271853  1
805  0  0.405033  -0.0392757  11570.4  -1.11515  -0.0158216  1
806  0  -0.154243  1.75055  14258.3  2.00173  -0.25665  1
807  0  0.677581  1.41815  14191.2  2.00762  -0.248541  1
808  0  0.883878  -0.0212469  14171.4  0.730558  0.048988  1
809  0  -0.760009  -0.137275  14203.5  1.97851  -0.336428  1
810  0  0.600806  -0.109526  13245.4  1.61596  0.452295  1
811  0  0.100402  -0.526945  13602.8  2.2155  -0.417353  1
812  0  1.43032  0.239931  14146.1  1.99857  -0.226185  1
813  0  0.842063  -0.021756  14136.7  0.654259  0.0616974  1
814  0  0.800638  1.70994  14169.3  2.03063  -0.259114  1
815  0  -0.262145  -0.359381  13973.6  2.05541  -0.489535  1
816  0  -1.7225  1.72131  14276.4  1.9815  -0.267303  1
817  0  1.09437  1.21545  14146.3  2.00487  -0.246099  1
818  0  0.715919  0.0771257  13898.3  1.60831  -0.242756  1
819  0  0.0132153  -0.0819353  12961  2.31711  -1.19635  1
820  0  0.182134  -0.0894417  12206.1  1.31223  -0.364072  1
821  0  -0.216661  0.320826  14542  1.81205  -0.280591  1
822  0  0.951396  -1.18135  13986.1  1.94757  -0.237943  1
823  0  0.268545  0.186319  14197.9  2.03403  0.0182114  1
824  0  0.451497  -0.0663291  11814.4  -0.18837  0.0783887  1
825  0  -0.0441903  0.175462  14909.2  1.6184  -0.229282  1
826  0  0.490246  -0.0682552  12095.2  0.023767  0.150712  1
827  0  0.927766  -0.0204521  14198.9  0.832804  0.0520718  1
828  0  0.898601  -0.0699819  14161.7  1.44859  0.128387  1
829  0  -0.465543  -0.356291  14083.6  2.01771  -0.403359  1
830  0  0.0382113  0.157878  14946.6  1.60628  -0.02283  1
831  0  0.30488  0.163816  14101.8  2.11639  0.0134941  1
832  0  -0.20225  -0.135962  14151.6  1.95634  -0.61582  1
833  0  0.0953252  -0.0727367  12259.8  1.85657  -0.745854  1
834  0  0.995703  0.0926388  14242.9  2.0483  -0.307721  1
835  0  0.179064  -0.14518  12482.6  2.70378  -0.72562  1
836  0  0.903639  -0.0228848  14185.2  0.819343  0.052625  1
837  0  0.396894  -0.134268  11731.1  2.14531  -0.0169482  1
838  0  -0.028299  -0.188001  13544.1  2.19801  -0.791336  1
839  0  0.428334  -0.203862  12450.7  2.72832  0.0190797  1
840  0  -0.54401  0.272632  14367.9  1.90367  -0.308093  1
841  0  0.483098  -1.74413  14026.1  1.92108  -0.34472  1
842  0  0.539081  -0.0802313  12513.4  0.633799  0.334228  1
843  0  0.425772  -0.947873  13856.5  2.05493  -0.281173  1
844  0  -0.643363  0.0660728  14290.8  1.94091  -0.336872  1
845  0  -1.64107  -0.0412888  14202.5  1.98173  -0.281926  1
846  0  1.29581  0.91165  14129.2  2.0128  -0.242842  1
847  0  -0.00958076  -0.773522  13830  2.09951  -0.392048  1
848  0  0.299046  -0.0688334  11935.9  -0.175798  -0.230357  1
849  0  0.338856  -0.0673207  11625.9  -0.303979  -0.252928  1
850  0  0.155237  -0.296149  13135.6  2.43582  -0.537638  1
851  0  0.409302  -0.0833937  11518.2  0.354623  0.0562752  1
852  0  -1.38619  0.616932  14263  1.97459  -0.280442  1
853  0  0.482124  0.446146  14175.7  2.00894  -0.178836  1
854  0  0.22369  0.224183  14331.3  1.95467  -0.00336924  1
855  0  -0.0765802  0.00697201  14795.8  1.48106  -0.809734  1
856  0  -0.764587  -0.00820554  14247.9  1.96149  -0.329829  1
857  0  0.8008  0.0612502  14009.8  1.47345  -0.253972  1
858  0  0.843754  0.0524706  14033.9  1.3942  -0.253374  1
859  0  -0.4275  -0.979147  13990.6  2.04173  -0.343493  1
860  0  1.72155  0.439525  14093.9  2.0191  -0.229855  1
861  0  -0.437897  0.714396  14352.5  1.94109  -0.2441  1
862  0  -0.993162  -1.776  14080.1  1.98455  -0.256372  1
863  0  -0.377773  -0.497826  13998.4  2.04456  -0.410081  1
864  0  1.12237  -0.754771  13996.8  1.92492  -0.149658  1
865  0  1.21399  -0.92474  14011.9  1.91161  -0.184412  1
866  0  -0.710393  0.649023  14323.7  1.94865  -0.264091  1
867  0  0.042012  0.550031  14403.6  1.90256  -0.211431  1
868  0  0.522088  0.169604  13919.1  2.2143  -0.172333  1
869  0  0.90685  0.608699  14156.1  2.01283  -0.234177  1
870  0  1.05467  0.594099  14152.5  2.01107  -0.237015  1
871  0  -0.196829  -0.0667903  14311.5  1.87578  -0.61672  1
872  0  0.970805  0.0576656  14259  1.88507  -0.323984  1
873  0  0.430666  0.140891  13897.4  2.26907  -0.0826633  1
874  0  0.448953  0.163429  13928.5  2.22974  -0.107015  1
875  0  1.01394  -0.018511  14282.7  0.972193  0.0497268  1
876  0  0.615502  0.257875  14028.9  2.07398  -0.207039  1
877  0  0.359692  0.350087  14206.5  1.9963  -0.127788  1
878  0  1.1023  0.456347  14157.6  2.00665  -0.237722  1
879  0  0.243181  -0.231032  12656.4  2.67713  -0.494821  1
880  0  0.38976  0.146372  13946.9  2.23526  -0.0478022  1
881  0  0.177118  0.30143  14431  1.88756  -0.0797547  1
882  0  0.696273  -0.0745497  13831.2  1.15141  0.274465  1
883  0  0.969867  -0.0519054  14228.2  1.33081  0.0894589  1
884  0  0.234365  -0.0887494  12159.5  0.989888  -0.288727  1
885  0  0.728141  -0.0736794  13953  1.19699  0.242693  1
886  0  0.121677  -0.193219  12880.6  2.51872  -0.725459  1
887  0  0.514224  -0.230376  12936.8  2.56707  0.15827  1
888  0  -0.965164  -0.218437  14189.1  1.98278  -0.318002  1
889  0  0.414403  1.39058  14224.7  2.00055  -0.248785  1
890  0  0.622173  -0.0315371  13494.4  -0.171572  0.0652013  1
891  0  0.409518  0.10737  13845  1.87901  -0.0426917  1
892  0  -0.825276  0.996235  14298.3  1.96958  -0.260543  1
893  0  0.287896  0.336321  14277.6  1.96451  -0.109167  1
894  0  0.948091  -0.0167601  14213.2  0.786377  0.0449916  1
895  0  0.0572704  -0.0703118  12523.1  2.31137  -1.04504  1
896  0  0.464115  -0.111016  11908.6  1.4684  0.234659  1
897  0  -1.78683  -0.570753  14149.2  1.98336  -0.275106  1
898  0  -0.080677  1.07601  14295.7  1.97316  -0.240514  1
899  0  0.613293  0.125841  13884.2  2.27021  -0.247688  1
900  0  -0.778103  1.22459  14291.2  1.97356  -0.255193  1
901  0  1.13115  -0.109887  14251.5  1.69151  -0.0129896  1
902  0  1.00981  -1.43517  14024  1.91436  -0.26251  1
903  0  0.821953  0.137691  14056.2  2.14584  -0.314349  1
904  0  0.532362  0.795439  14213.9  1.99455  -0.229373  1
905  0  0.628129  0.0890249  13842.2  1.67933  -0.202847  1
906  0  0.0272389  0.119819  15155.2  1.43931  0.0114194  1
907  0  0.934294  -0.529856  13930.1  1.9794  -0.0773561  1
908  0  0.416384  -0.608376  13632.9  2.18814  -0.2241  1
909  0  -1.22148  1.06667  14277.5  1.9769  -0.273006  1
910  0  0.654491  0.121009  13903.3  2.25483  -0.272825  1
911  0  -0.634813  -0.631351  14062.6  2.02057  -0.332469  1
912  0  0.470184  -0.0361013  11983.5  -1.03301  -0.00810235  1
913  0  -0.348229  -0.0205958  14346.2  1.89701  -0.452564  1
914  0  1.33648  0.414696  14146.6  2.0056  -0.236793  1
915  0  0.581525  -0.0644355  13154.3  0.37442  0.314838  1
916  0  1.34759  -0.378599  14099.1  1.85737  -0.113252  1
917  0  1.38432  -0.532464  14060.8  1.86625  -0.12839  1
918  0  1.32561  -0.0418481  14200.4  1.78347  -0.153288  1
919  0  -1.73789  -0.839263  14126  1.98316  -0.274852  1
920  0  -0.307247  -1.44809  14027.2  2.00163  -0.357366  1
921  0  0.872862  0.0718906  14116.2  1.97138  -0.340303  1
922  0  -0.046904  -0.0312127  14232.2  1.68632  -1.15857  1
923  0  -0.256457  -0.450704  13926.6  2.07017  -0.461918  1
924  0  1.19257  0.122731  14229.6  1.95745  -0.228437  1
925  0  0.245108  -0.137884  12206.8  2.43784  -0.506365  1
926  0  -1.01343  1.78318  14279.8  1.98074  -0.26672  1
927  0  -1.52794  0.408322  14242.1  1.97759  -0.280568  1
928  0  -0.379678  -0.0922478  14260.6  1.93806  -0.44754  1
929  0  -0.93115  -0.587768  14116.3  2.00039  -0.309413  1
930  0  0.825589  -0.146237  14016.7  1.9278  0.196525  1
931  0  0.644585  0.382024  14107.8  2.03842  -0.208466  1
932  0  0.625592  -1.38186  13979.4  1.96077  -0.292326  1
933  0  -0.133636  -0.00359489  14554.7  1.72095  -0.696826  1
934  0  -0.123  -0.218818  13861.1  2.08391  -0.659081  1
935  0  -0.267733  -0.134543  14198.9  1.95108  -0.544315  1
936  0  0.305622  -0.183583  12306.6  2.79536  -0.389292  1
937  0  0.379478  0.283623  14147.7  2.03097  -0.106759  1
938  0  0.107475  -0.0955457  12286.9  2.42875  -0.888078  1
939  0  -0.0487677  -0.101883  13810.1  2.02286  -0.974838  1
940  0  1.7851  -0.656674  14060.7  1.83678  -0.178372  1
941  0  0.97904  0.2613  14162.3  1.99388  -0.261829  1
942  0  0.536272  -0.559186  13644.1  2.1753  -0.154345  1
943  0  0.408659  0.196337  14013.1  2.13261  -0.0844622  1
944  0  -0.434976  -1.23268  14018.5  2.02145  -0.331458  1
945  0  0.879746  0.495048  14147.5  2.01727  -0.236435  1
946  0  0.148513  -0.137746  12548.6  2.68656  -0.800073  1
947  0  0.44171  -0.0895693  11730.5  0.576633  0.140256  1
948  0  0.140393  -1.50956  13994  1.97702  -0.372993  1
949  0  -0.592653  -0.190092  14192.5  1.98124  -0.366135  1
950  0  0.785754  0.0934306  14007.9  2.12381  -0.335678  1
951  0  -0.645439  0.192429  14318.9  1.92849  -0.316366  1
952  0  0.284462  -0.0894904  12010.2  0.626865  -0.279364  1
953  0  0.797106  -0.0480046  14096.8  0.996381  0.119294  1
954  0  0.13719  -1.02263  13892.5  2.0584  -0.355547  1
955  0  -0.0330009  -0.957992  13896.6  2.06818  -0.380322  1
956  0  0.354698  -0.0863968  11506.3  0.411903  -0.194581  1
957  0  -0.520112  1.23483  14294.2  1.97293  -0.2431  1
958  0  1.45531  -1.2304  14042.5  1.87412  -0.226241  1
959  0  0.359083  -0.151649  11881.5  2.51326  -0.183941  1
960  0  0.700584  0.117609  13928.1  2.23962  -0.301617  1
961  0  0.805694  0.71631  14169.1  2.00992  -0.231829  1
962  0  -0.0163586  -0.120517  13451.2  2.18485  -0.993057  1
963  0  0.210255  0.1548  14302.4  2.00363  0.113499  1
964  0  0.778195  -0.225129  13862.2  2.04633  0.169021  1
965  0  0.776738  -0.623081  13835.2  2.04058  -0.119782  1
966  0  0.529643  -0.143054  12672.1  2.15578  0.411343  1
967  0  0.369807  0.824452  14250.4  1.98062  -0.229476  1
968  0  0.169397  -0.20814  12794.9  2.57119  -0.65179  1
969  0  -0.0392763  0.100881  15193.1  1.37889  -0.284154  1
970  0  -0.00416948  0.104904  15269.2  1.35284  -0.12702  1
971  0  0.167403  0.0945255  14395.1  1.78466  0.284483  1
972  0  -0.120582  -0.33766  13795.4  2.12911  -0.564427  1
973  0  0.778162  0.223076  14059.9  2.04726  -0.266987  1
974  0  -1.7764  -1.39433  14091.6  1.9831  -0.271981  1
975  0  -0.711991  -0.381305  14128.6  2.00155  -0.338522  1
976  0  -0.591206  -0.312554  14135.5  2.00156  -0.365342  1
977  0  0.247325  0.156454  14186.9  2.07128  0.0820069  1
978  0  0.25792  -0.0835491  12104.4  0.49588  -0.216193  1
979  0  0.382248  -0.0768839  11412.2  0.103023  -0.0590541  1
980  0  0.646193  0.172339  13959.8  2.16019  -0.243377  1
981  0  -1.04977  -0.391044  14154.4  1.98914  -0.31008  1
982  0  0.991576  -0.0142825  14236.7  0.806088  0.0660088  1
983  0  -0.332375  -0.148832  14186.8  1.96777  -0.488879  1
984  0  -0.139113  0.106448  14802.8  1.6143  -0.423373  1
985  0  -0.826052  0.426103  14304.4  1.94659  -0.286767  1
986  0  0.714458  0.170603  13992.4  2.13095  -0.276069  1
