319  438  796
443  545  941
472  626  928
276  591  841
473  626  928
319  491  796
634  818  1067
279  475  967
269  715  1054
549  977  1063
266  887  966
92  93  520
337  524  570
355  586  643
301  456  671
385  508  768
706  724  978
120  121  527
122  123  528
317  481  617
71  72  538
324  385  768
371  662  759
387  519  806
309  549  550
411  473  590
271  456  844
360  550  560
277  506  610
276  446  583
320  633  755
322  404  415
393  485  884
524  735  955
309  549  709
337  524  647
420  521  677
401  532  749
480  652  834
556  715  1054
393  569  884
267  472  626
328  617  733
302  489  628
357  521  677
290  470  783
30  481  733
373  540  754
357  464  625
296  526  785
305  498  598
370  598  999
399  551  968
335  457  823
269  450  609
268  615  895
43  454  818
451  686  726
344  435  520
100  101  552
290  470  553
453  514  887
284  550  560
280  488  522
378  536  908
314  545  941
300  496  588
277  506  738
424  616  808
39  540  754
365  491  575
379  565  672
353  706  724
270  648  726
393  485  883
365  583  608
406  661  702
381  579  732
323  419  884
305  524  735
334  449  511
332  576  885
454  818  1067
317  481  602
373  754  905
269  450  715
418  529  643
406  723  847
50  51  639
345  561  646
311  548  774
507  591  841
328  515  897
390  519  614
90  91  562
287  493  813
499  615  895
389  720  878
669  767  1039
324  385  766
354  487  676
445  586  767
354  484  676
390  519  791
282  680  790
275  616  730
42  818  881
321  347  590
374  772  823
375  451  900
274  586  767
407  547  971
377  497  907
514  887  966
387  519  778
280  522  699
344  559  646
357  625  932
340  551  968
374  506  738
365  491  729
388  650  753
488  522  956
335  667  979
290  480  834
347  411  793
335  823  888
271  529  643
378  536  578
377  497  768
286  455  774
467  617  987
427  526  785
309  368  555
323  419  648
406  653  702
34  35  544
271  537  701
285  637  737
30  31  733
445  586  1000
287  557  813
420  686  726
385  718  788
410  455  939
466  744  876
294  480  559
270  521  770
330  628  919
299  440  673
392  616  808
486  662  770
50  639  1010
329  627  850
276  446  654
611  755  1056
271  456  701
406  511  847
572  902  927
321  347  657
301  456  703
404  415  620
309  780  875
286  476  478
279  491  575
385  508  788
367  609  741
404  409  603
345  825  906
465  957  1041
284  549  1063
323  556  715
447  591  787
34  544  982
298  512  711
453  638  868
479  650  753
38  39  754
481  617  733
350  483  601
431  633  755
279  545  967
304  471  595
730  909  1009
424  616  730
447  787  1064
379  537  672
307  543  885
479  650  758
347  411  590
500  653  702
17  18  510
327  493  636
339  554  570
508  613  805
318  673  765
287  493  636
281  477  854
463  669  1061
489  628  919
410  455  899
325  519  806
272  519  778
294  561  646
92  520  801
418  586  643
384  483  881
329  536  908
527  687  732
332  576  1031
317  672  852
311  706  774
592  802  874
398  687  732
338  532  749
326  582  993
313  638  868
275  730  1009
389  534  878
714  876  945
395  672  852
267  626  683
377  508  613
82  83  564
338  448  532
379  624  691
368  414  555
353  458  534
326  582  983
315  598  834
343  604  819
369  669  767
76  77  704
277  434  651
271  537  719
405  574  775
316  548  606
303  682  819
295  524  570
383  639  853
375  556  900
281  496  854
366  521  770
305  598  999
339  554  649
305  524  647
356  766  837
279  491  796
355  586  1000
416  708  764
409  600  827
436  616  914
375  556  1054
478  951  952
352  623  891
389  574  775
289  548  939
350  828  911
403  736  871
270  521  726
317  565  672
466  587  773
308  588  854
445  767  1039
512  771  1003
384  483  615
392  572  660
328  617  987
562  596  800
772  823  940
305  498  735
364  712  915
277  434  738
397  710  869
399  600  827
380  889  890
440  673  765
330  497  907
457  683  969
364  500  702
41  42  881
270  662  770
110  111  574
484  639  832
275  616  914
411  473  826
351  697  777
97  98  584
397  564  824
345  604  906
296  708  764
671  844  964
417  522  699
435  520  801
410  914  1009
467  703  852
348  626  776
471  682  819
443  545  967
349  492  595
368  414  494
43  454  668
376  564  824
375  451  686
319  729  886
451  648  726
384  818  881
410  619  1009
271  529  719
311  706  978
310  661  702
283  466  773
433  571  797
373  504  989
455  548  939
377  516  613
391  585  887
426  516  789
357  464  931
475  782  796
418  529  1043
344  559  822
352  580  891
425  517  792
419  662  759
0  46  629
375  531  1054
272  519  614
18  510  814
77  589  704
512  711  1003
430  614  694
304  471  807
343  468  596
423  735  955
433  621  797
45  697  936
476  478  952
376  612  707
499  784  810
27  803  903
395  537  701
319  438  618
25  624  691
397  530  869
267  472  1066
306  630  836
354  568  755
19  20  582
290  553  980
316  579  732
482  651  986
350  483  833
403  541  871
390  479  791
344  448  520
298  551  1019
371  690  759
478  706  774
313  499  784
441  583  608
419  569  884
336  607  645
364  502  655
515  897  1018
269  609  872
313  499  634
383  853  1044
72  538  674
71  538  675
42  43  818
364  500  655
66  67  613
328  515  733
331  429  605
449  511  812
396  547  563
77  78  589
483  601  881
486  680  790
129  130  600
298  744  765
288  631  989
324  497  768
386  506  610
413  572  902
384  634  818
343  604  906
456  701  703
388  529  719
279  575  681
88  89  577
279  475  796
462  697  777
373  540  911
299  440  714
359  580  581
380  683  969
311  548  606
395  537  672
300  496  835
131  132  603
455  548  774
390  614  694
427  651  924
407  495  971
93  520  877
120  527  687
398  732  866
352  580  799
585  667  979
334  449  635
121  527  688
516  613  843
450  609  741
371  573  835
307  543  713
395  703  852
122  528  688
21  523  694
324  497  656
23  650  758
324  526  766
123  528  689
432  977  1063
308  756  824
523  582  993
543  576  885
320  755  1056
323  556  900
289  512  771
20  523  582
374  518  622
374  506  823
309  550  875
44  45  697
373  533  989
627  850  949
2  19  814
292  802  874
31  32  515
463  553  669
417  566  671
406  653  723
284  549  550
462  697  936
510  582  983
304  595  864
385  641  718
396  547  1033
316  548  771
302  489  893
331  429  856
467  608  1002
442  578  1065
428  820  838
293  593  924
308  607  854
283  466  876
346  588  756
372  490  637
442  530  845
354  487  611
317  617  852
367  609  610
525  776  885
446  583  929
438  782  796
459  803  903
349  557  682
396  629  1033
298  551  765
540  828  911
86  87  599
383  639  832
286  478  774
392  572  808
40  41  601
101  552  695
297  571  1051
133  134  620
467  608  987
84  85  612
322  404  920
371  690  835
41  601  881
100  552  693
504  631  989
437  541  846
474  626  776
281  569  817
342  957  1041
492  995  1059
286  455  899
499  615  634
391  868  887
460  544  905
274  586  666
434  622  738
387  760  778
21  694  938
281  496  690
20  21  523
2  18  814
378  517  704
312  554  649
30  481  972
408  507  591
303  682  813
277  651  986
31  515  733
332  776  885
382  562  596
430  902  927
433  571  1051
376  756  824
391  531  1006
382  461  562
589  704  981
90  562  959
536  578  692
490  637  737
274  597  666
376  564  707
498  598  834
26  27  803
347  407  793
391  546  1006
542  698  751
280  669  1061
366  521  932
379  565  691
281  477  817
417  566  886
314  545  1037
359  580  799
458  534  830
320  633  747
388  529  753
463  553  980
350  601  828
367  482  593
526  766  837
387  597  666
390  479  758
387  597  760
529  753  1043
435  825  906
467  703  1002
325  753  1043
407  547  563
501  630  836
485  715  884
135  136  640
366  486  680
294  480  829
486  662  1050
456  671  844
422  689  815
291  501  705
283  876  945
401  532  842
91  562  800
630  712  915
402  592  802
441  608  987
494  781  913
468  596  800
413  567  892
470  737  985
293  489  997
422  815  943
34  594  982
447  631  1064
327  561  956
24  25  624
502  853  1044
391  546  979
360  560  937
336  607  692
393  569  817
425  725  792
348  473  590
331  670  685
276  591  894
301  566  671
453  514  863
344  435  825
365  583  929
373  504  722
295  554  570
579  771  1003
33  34  594
426  727  789
566  729  886
504  631  1064
380  474  683
347  657  910
285  737  985
417  699  1000
448  532  859
331  684  685
496  588  854
329  536  850
289  587  996
428  838  984
333  711  1003
346  588  870
137  781  913
19  582  814
349  595  682
308  588  756
344  646  825
423  735  783
436  644  849
484  639  1010
460  544  933
377  508  768
399  551  827
401  721  842
303  604  819
413  572  660
297  536  692
382  461  684
309  368  780
362  657  875
528  689  815
402  809  1048
354  568  832
359  698  751
345  561  794
471  595  682
369  737  921
60  61  642
381  527  732
62  63  641
290  498  783
404  409  930
450  485  1008
437  786  846
281  569  759
381  528  815
272  572  808
416  705  855
308  607  645
395  701  703
286  820  899
684  685  1045
282  995  1059
370  598  916
363  866  978
436  616  644
539  889  890
426  516  1020
425  517  1026
413  567  1052
341  787  1064
299  709  977
0  798  913
339  570  811
300  588  870
309  555  709
297  571  745
442  795  845
335  457  969
431  592  1055
391  585  979
319  522  618
319  491  729
14  623  713
506  823  888
290  498  834
136  137  781
434  622  855
51  639  853
404  620  750
403  695  736
514  777  863
106  107  659
108  109  658
289  587  939
507  897  1018
381  579  1034
55  56  653
277  610  986
53  54  655
465  681  957
374  622  738
125  126  664
292  826  928
605  670  870
450  485  715
388  624  650
349  492  816
82  564  710
405  649  867
369  553  669
83  564  707
427  656  924
376  612  861
398  687  739
306  592  1055
280  488  1061
398  679  739
332  776  890
127  128  665
353  458  724
287  557  663
330  497  919
303  604  728
482  651  924
404  603  750
537  719  934
432  714  945
400  584  918
324  526  970
362  657  910
431  568  755
400  693  734
316  732  866
412  820  838
473  826  928
327  493  794
17  510  717
345  604  728
307  525  885
274  597  860
379  537  934
341  722  982
302  621  949
424  760  778
372  597  860
385  641  804
504  722  1064
291  622  855
420  632  677
320  563  747
48  49  676
35  544  933
414  494  781
488  561  956
284  560  698
427  526  970
394  670  685
444  763  941
72  73  674
266  585  667
70  71  675
353  700  706
337  570  811
354  484  832
284  698  1063
115  116  678
336  578  1065
414  640  901
477  607  854
32  950  1024
117  118  679
401  584  918
334  511  965
294  559  646
51  52  853
415  640  901
381  527  688
391  531  784
381  528  688
373  533  911
111  574  720
331  605  670
110  574  731
119  120  687
482  593  924
298  512  991
317  565  975
296  526  837
39  540  828
444  680  763
306  630  712
378  704  981
121  122  688
365  608  840
399  665  743
123  124  689
270  648  988
467  617  852
453  638  863
89  577  959
314  625  763
101  102  695
477  745  817
23  24  650
372  490  860
417  964  1000
291  705  855
346  469  861
367  593  761
99  100  693
427  651  785
518  772  809
358  576  742
361  627  961
14  623  891
513  644  849
434  651  785
307  623  713
422  689  740
98  584  734
361  628  962
351  668  697
336  578  692
97  584  721
16  581  717
339  649  867
544  722  982
291  501  862
338  448  822
325  519  791
321  1005  1017
349  557  663
366  680  763
387  666  806
372  597  760
314  625  873
367  482  986
334  635  708
364  502  1044
393  571  745
273  513  946
389  700  775
351  777  863
429  605  762
346  469  762
420  686  1032
414  555  901
66  613  805
88  577  769
442  578  981
359  581  976
346  756  861
403  647  896
420  521  726
300  835  974
375  531  810
294  561  947
25  26  691
67  613  843
492  595  864
293  593  954
341  594  787
376  756  861
271  643  844
78  589  795
293  489  954
4  36  898
4  37  898
341  722  1064
291  622  1048
421  677  752
406  511  965
293  656  924
323  715  884
549  709  977
449  812  851
423  783  985
21  22  938
81  82  710
366  625  763
440  744  765
386  609  610
430  694  993
16  17  717
384  615  634
460  754  905
315  916  918
474  626  683
447  591  894
389  574  720
446  575  681
466  587  996
32  33  1024
318  551  765
325  753  791
424  778  808
87  88  769
342  631  779
290  480  980
439  581  717
425  674  725
377  516  907
431  592  874
83  84  707
315  598  916
374  518  772
388  624  934
316  579  771
286  476  1021
426  675  727
322  555  994
87  599  769
364  702  915
490  737  921
396  563  1056
43  44  668
397  645  880
367  610  986
433  621  949
378  517  908
111  112  720
417  522  886
335  667  969
327  636  1028
434  764  785
442  530  1065
32  515  950
422  664  740
338  652  749
306  592  836
629  748  963
96  97  721
3  27  903
3  28  903
439  567  892
273  542  751
474  776  890
11  742  958
348  473  626
84  612  707
366  486  770
419  648  988
400  916  918
63  64  718
344  448  822
307  558  1017
273  542  946
312  554  952
357  521  932
544  722  905
281  690  759
307  558  623
275  914  1009
448  859  877
56  57  723
129  600  743
428  696  984
86  599  904
354  611  755
268  615  953
492  816  995
273  513  1053
347  407  910
513  644  1053
345  728  794
378  578  981
333  815  943
443  663  716
567  751  976
332  539  890
130  600  746
397  645  824
85  612  904
420  632  1032
73  74  725
322  673  920
69  70  727
287  663  716
357  677  752
296  764  785
557  682  813
343  468  1036
380  667  969
131  603  746
397  530  880
379  624  934
109  110  731
304  685  1045
359  751  976
346  605  762
329  627  961
403  647  999
405  649  775
571  797  883
405  658  731
380  474  890
285  838  984
105  106  786
356  503  821
358  514  998
402  592  836
408  787  1024
318  673  920
330  628  962
132  603  750
392  660  1053
403  695  922
285  637  838
356  503  804
386  506  888
102  103  736
452  593  761
448  520  877
130  131  746
11  958  992
418  586  666
437  811  1060
410  587  939
355  643  844
322  415  901
361  627  1040
461  562  959
301  608  840
361  628  1040
437  541  1060
353  534  1023
267  683  940
118  119  739
429  577  856
308  645  824
439  717  983
98  99  734
393  571  883
459  565  803
355  844  964
358  576  998
345  646  825
452  593  954
24  624  650
400  693  925
124  125  740
316  606  866
287  636  782
63  641  718
443  663  757
358  514  777
342  631  935
315  652  749
269  872  1006
367  741  761
46  47  748
371  662  1050
36  898  933
340  551  1019
15  16  1047
35  36  933
132  133  750
44  668  697
638  863  973
425  674  857
78  79  795
11  12  742
128  129  743
426  675  858
46  629  748
635  708  837
546  872  1006
64  65  788
558  1005  1017
22  23  758
323  648  900
398  679  865
602  917  972
772  809  1066
317  602  975
403  541  896
341  594  982
56  653  723
459  565  975
606  866  978
359  698  799
487  611  963
312  951  952
68  69  789
1  45  936
1  10  936
396  629  963
314  763  941
392  644  1053
413  660  1052
560  698  799
385  766  804
449  635  821
458  830  879
319  522  886
279  681  960
74  75  792
289  548  771
133  620  750
302  621  893
438  618  1028
396  611  963
352  558  623
619  820  899
429  599  769
288  779  931
60  642  851
392  616  644
408  507  1018
410  619  899
136  640  781
393  745  817
134  620  831
576  742  1057
134  135  831
76  704  848
295  696  955
464  779  1041
462  777  958
65  66  805
441  841  897
272  614  927
266  889  966
439  581  976
13  14  713
295  524  955
351  668  973
412  619  820
510  582  814
61  642  1004
62  641  1004
305  647  999
399  600  743
427  656  970
383  832  1013
517  704  848
106  659  786
109  658  731
416  708  1012
369  737  990
555  709  994
58  59  812
342  779  1041
73  674  725
366  625  932
70  675  727
496  690  835
300  670  870
339  505  839
272  572  927
402  802  809
372  730  760
356  766  804
446  654  957
276  583  841
39  40  828
421  632  677
339  505  867
389  534  1023
53  655  1027
494  798  944
498  735  783
55  653  1030
337  647  896
542  698  1063
54  655  1030
266  585  887
92  801  923
470  553  990
418  666  806
289  512  996
438  636  782
297  536  1051
349  663  757
407  563  793
113  114  830
401  749  918
402  862  1048
429  599  762
135  640  831
449  642  821
340  711  943
295  696  912
437  659  786
485  883  1008
412  909  1009
95  96  842
59  60  851
336  645  880
125  664  740
288  631  779
417  671  964
408  591  787
12  13  1057
14  15  891
315  652  834
67  68  843
518  809  1048
400  584  734
372  637  909
573  835  974
365  729  840
268  632  1032
107  659  1007
108  658  1007
57  58  847
104  105  846
490  860  921
79  80  845
440  714  876
29  917  972
26  691  803
399  665  968
312  700  775
368  494  944
318  551  827
93  94  877
383  1013  1044
321  590  926
118  679  739
518  622  1048
461  684  856
94  95  859
522  618  956
431  633  874
278  741  761
346  605  870
372  730  909
102  695  736
429  577  769
301  566  840
49  676  1010
28  29  917
128  665  743
507  841  897
361  857  961
272  778  808
119  687  739
48  676  1011
361  858  962
364  712  1044
514  966  998
406  661  965
274  860  921
523  694  993
80  81  869
428  912  1021
382  596  807
114  115  879
356  635  837
126  664  1001
99  693  734
64  718  788
103  104  871
13  543  1057
124  689  740
348  776  926
413  892  902
287  716  782
480  559  1029
115  678  879
397  564  710
394  670  974
594  787  1024
489  893  954
421  752  948
13  543  713
127  665  1001
350  833  1035
338  652  1029
419  569  759
112  113  878
434  764  855
338  822  1029
454  668  973
340  509  942
493  728  794
333  1003  1034
329  961  1026
75  76  848
306  712  1013
116  678  1058
405  658  867
389  700  1023
117  679  1058
565  691  803
449  642  851
29  30  972
340  509  968
369  553  990
460  898  933
0  137  913
69  727  789
330  962  1020
74  725  792
40  601  828
304  685  864
282  680  995
335  888  1015
10  11  992
337  811  1060
463  829  947
57  723  847
412  637  838
324  656  970
85  86  904
280  699  1039
320  563  1056
361  538  857
510  717  983
313  638  1067
361  538  858
81  710  869
327  561  794
479  753  791
351  863  973
568  1013  1055
459  602  975
422  664  942
371  573  790
301  608  1002
461  577  856
303  728  813
566  729  840
405  574  731
481  602  972
459  602  917
396  611  1056
322  673  994
503  642  821
65  788  805
333  711  943
37  38  1042
301  703  1002
310  705  1062
469  599  762
288  752  931
356  635  821
279  545  960
360  657  875
402  836  862
91  92  923
494  798  913
112  720  878
0  629  1033
381  815  1034
464  779  931
375  686  895
437  659  839
423  696  955
313  634  1067
568  832  1013
461  577  959
96  721  842
428  696  912
488  561  947
386  609  872
452  761  1049
368  780  944
407  495  910
476  912  1021
579  1003  1034
105  786  846
457  823  940
487  748  1011
68  789  843
89  90  959
453  868  887
59  812  851
486  790  1050
310  705  1046
283  773  849
79  795  845
421  632  833
268  632  953
58  812  847
458  678  882
468  801  1036
363  535  882
483  615  953
497  656  997
103  736  871
425  961  1026
358  777  958
545  960  1037
442  589  795
441  583  841
12  742  1057
412  637  909
421  833  1035
457  683  940
295  554  1022
363  535  865
342  654  957
312  649  775
539  889  966
426  962  1020
75  792  848
278  883  1008
424  730  760
447  631  935
454  638  1067
712  1013  1044
380  667  889
464  625  873
458  724  882
322  555  901
0  798  971
335  979  1015
439  567  976
28  903  917
94  859  877
365  575  929
273  1052  1053
458  678  879
340  711  1019
472  802  809
311  606  978
416  764  855
503  641  804
459  903  917
362  495  944
451  648  900
352  560  799
307  525  1017
445  699  1039
369  767  921
489  919  997
576  998  1031
334  661  965
409  827  930
394  685  864
531  784  810
47  48  1011
49  50  1010
61  62  1004
47  748  1011
306  1013  1055
559  822  1029
80  845  869
126  127  1001
114  830  879
469  599  904
276  654  894
536  850  1051
107  108  1007
113  830  878
633  747  826
546  872  1015
278  741  1008
298  744  991
437  811  839
104  846  871
16  581  1047
563  747  793
452  621  893
431  568  1055
349  757  816
33  594  1024
327  956  1028
358  742  958
419  662  988
95  842  859
343  596  1014
360  937  1005
469  612  904
538  674  857
52  53  1027
391  784  868
538  675  858
273  751  1052
54  55  1030
446  575  929
353  700  1023
299  714  977
297  745  1016
484  676  1010
401  584  721
375  810  895
487  748  963
502  655  1027
440  744  876
360  550  875
357  752  931
296  708  837
533  911  1035
348  590  926
416  1012  1046
452  893  954
342  654  935
363  865  866
500  655  1030
321  657  1005
302  627  949
436  773  1025
500  653  1030
444  757  816
432  714  977
487  676  1011
268  686  895
398  865  866
302  627  1040
430  614  927
302  628  1040
292  802  928
503  642  1004
535  678  882
503  641  1004
469  612  861
91  800  923
278  761  1049
465  681  960
450  741  1008
116  117  1058
543  576  1057
468  801  923
403  922  999
423  696  984
700  706  951
373  722  905
370  552  922
390  694  938
596  807  1014
288  948  989
445  699  1000
292  633  874
580  581  1047
370  552  925
274  767  921
334  708  1012
332  539  1031
340  942  943
607  692  1016
470  737  990
512  991  996
394  974  1038
339  811  839
446  681  957
477  607  1016
297  692  1016
462  936  992
412  619  1009
386  872  1015
294  829  947
326  892  902
660  1052  1053
292  633  826
587  773  1025
444  680  995
505  659  839
343  819  1014
501  705  1062
501  630  1062
310  702  915
390  758  938
460  754  1042
465  960  1037
288  752  948
266  667  889
315  749  918
283  849  945
416  705  1046
38  754  1042
334  661  1012
350  911  1035
505  659  1007
436  773  849
505  658  1007
505  658  867
409  600  746
442  589  981
267  772  940
535  679  865
304  807  1045
441  897  987
363  724  978
436  914  1025
15  580  891
477  745  1016
438  636  1028
409  603  746
410  587  1025
501  836  862
470  783  985
400  916  925
422  942  943
552  695  922
475  716  782
362  780  875
300  670  974
331  684  856
404  920  930
388  719  934
463  947  1061
363  724  882
382  684  1045
552  693  925
654  894  935
433  850  949
535  678  1058
535  679  1058
52  853  1027
270  662  988
573  790  1038
454  638  973
355  964  1000
418  806  1043
509  664  1001
415  640  831
425  857  961
382  807  1045
426  858  962
509  665  1001
360  657  1005
362  780  944
517  792  848
480  652  1029
508  788  805
471  807  1014
310  661  1046
414  640  781
495  798  971
452  621  1049
280  669  1039
421  948  1035
278  797  883
573  974  1038
415  620  831
661  1012  1046
352  558  937
314  873  1037
511  812  847
286  820  1021
444  757  941
428  820  1021
411  747  793
516  789  843
10  936  992
499  810  895
480  829  980
394  864  1059
312  700  951
298  711  1019
326  892  983
509  664  942
293  656  997
15  580  1047
632  833  953
621  797  1049
352  560  937
310  915  1062
313  784  868
493  728  813
533  948  989
463  829  980
509  665  968
466  991  996
268  686  1032
370  916  925
435  801  1036
447  894  935
432  946  1063
291  862  1048
466  744  991
497  919  997
439  892  983
460  898  1042
525  776  926
567  751  1052
530  845  869
468  800  923
530  880  1065
430  902  993
475  716  967
282  790  1038
444  816  995
432  945  946
410  914  1025
478  706  951
267  772  1066
618  956  1028
534  830  878
541  846  871
326  902  993
472  802  928
471  819  1014
630  915  1062
321  926  1017
539  966  998
386  888  1015
443  757  941
465  873  1037
328  897  987
343  906  1036
22  758  938
423  984  985
408  950  1018
299  673  994
443  716  967
516  907  1020
462  958  992
533  948  1035
517  908  1026
541  896  1060
472  809  1066
408  950  1024
318  827  930
532  842  859
371  790  1050
502  853  1027
295  912  1022
0  971  1033
411  747  826
483  833  953
362  495  910
278  797  1049
318  920  930
299  709  994
465  873  1041
37  898  1042
435  906  1036
558  937  1005
370  922  999
542  946  1063
554  952  1022
546  979  1015
476  912  1022
513  849  945
515  950  1018
492  864  1059
285  984  985
513  945  946
269  1006  1054
325  806  1043
433  850  1051
333  815  1034
329  908  1026
539  998  1031
330  907  1020
394  1038  1059
336  880  1065
476  952  1022
464  873  1041
531  1006  1054
337  896  1060
495  798  944
488  947  1061
282  1038  1059
525  926  1017
547  971  1033
