0  2  1  0  10881.6  0  0  1
1  1  2  2  10654.9  2.05107  -0.214757  1
2  1  2  -2  10659.5  1.99661  -0.139098  1
3  3  -2  -2  10723.9  1.98728  -0.229054  1
4  3  -2  2  10859.2  1.98687  -0.228806  1
10  1  2  1.6  10661.3  2.0696  -0.196433  1
11  1  2  1.2  10661.3  2.00708  -0.197795  1
12  1  2  0.8  10661.3  1.99771  -0.204316  1
13  1  2  0.4  10661.3  2.00652  -0.192525  1
14  1  2  5.50449e-12  10661.3  1.99787  -0.157571  1
15  1  2  -0.4  10661.3  1.96629  -0.138813  1
16  1  2  -0.8  10661.3  1.95347  -0.147997  1
17  1  2  -1.2  10661.3  1.97582  -0.15071  1
18  1  2  -1.6  10661.3  1.99519  -0.149244  1
19  0  1.6  -2  10649.3  1.98363  -0.122109  1
20  0  1.2  -2  10642.8  1.97402  -0.144081  1
21  0  0.8  -2  10649.9  1.98242  -0.165184  1
22  0  0.4  -2  10666.9  1.98471  -0.154902  1
23  0  5.50449e-12  -2  10694.6  1.9629  -0.193805  1
24  0  -0.4  -2  10713.1  1.95645  -0.249714  1
25  0  -0.8  -2  10718.7  1.97446  -0.248537  1
26  0  -1.2  -2  10718.9  1.98714  -0.234729  1
27  0  -1.6  -2  10719.2  1.98887  -0.232175  1
28  3  -2  -1.6  10729.1  1.98687  -0.228806  1
29  3  -2  -1.2  10740  1.98687  -0.228806  1
30  3  -2  -0.8  10757.3  1.98687  -0.228806  1
31  3  -2  -0.4  10777.9  1.98687  -0.228806  1
32  3  -2  -5.50449e-12  10799.5  1.98687  -0.228806  1
33  3  -2  0.4  10820.7  1.98687  -0.228806  1
34  3  -2  0.8  10837.1  1.98687  -0.228806  1
35  3  -2  1.2  10847  1.98687  -0.228806  1
36  3  -2  1.6  10854.1  1.98687  -0.228806  1
37  0  -1.6  2  10866.1  1.98687  -0.228806  1
38  0  -1.2  2  10876.7  1.98687  -0.228806  1
39  0  -0.8  2  10877.5  1.98687  -0.228806  1
40  0  -0.4  2  10855.1  1.98687  -0.228806  1
41  0  -5.50449e-12  2  10811.9  1.98687  -0.228806  1
42  0  0.4  2  10755.1  1.98687  -0.228806  1
43  0  0.8  2  10690.2  1.98687  -0.228806  1
44  0  1.2  2  10674.4  1.98687  -0.228806  1
45  0  1.6  2  10670.5  1.98687  -0.228806  1
46  2  0.97913  0.00497794  10911.5  -2.80316e-16  4.71551e-17  1
47  2  0.957744  0.00925129  10879.2  -6.29728e-17  1.36189e-17  1
48  2  0.93639  0.0136829  10841.5  0  0  1
49  2  0.915069  0.0182637  10821.8  -7.07944e-17  1.67699e-17  1
50  2  0.893765  0.0229284  10816.3  0  0  1
51  2  0.872462  0.0275977  10801.1  0  0  1
52  2  0.851168  0.0323089  10768.6  3.12469e-16  -6.11783e-17  1
53  2  0.829927  0.0372474  10724.2  -7.23774e-17  1.22263e-17  1
54  2  0.808786  0.0426021  10736.2  1.6825e-16  -3.92798e-17  1
55  2  0.787769  0.0484226  10667.3  3.17818e-16  -5.9007e-17  1
56  2  0.766859  0.0546153  10544.3  2.98874e-16  -7.86541e-17  1
57  2  0.746019  0.0610446  10472.3  0  0  1
58  2  0.725207  0.0675607  10382.6  0  0  1
59  2  0.704367  0.0739872  10266.7  0  0  1
60  2  0.683457  0.0801822  10171.3  0  0  1
61  2  0.662449  0.0860338  10039.1  2.22207e-16  -4.75022e-17  1
62  2  0.641309  0.0913902  9932.14  3.84595e-16  -7.21843e-17  1
63  2  0.620033  0.0961779  9838.05  0  0  1
64  2  0.598629  0.100356  9754.73  0  0  1
65  2  0.577113  0.103913  9742.27  9.84551e-16  -1.38248e-16  1
66  2  0.55551  0.106895  9700.33  9.37746e-16  -1.1623e-16  1
67  2  0.533838  0.109326  9667.35  9.06936e-16  -9.70034e-17  1
68  2  0.512115  0.111253  9650.42  0  0  1
69  2  0.490356  0.112709  9652.04  0  0  1
70  2  0.468571  0.113714  9690.92  0  0  1
71  2  0.446771  0.114296  9733.78  2.58877e-16  -7.6428e-19  1
72  2  0.424963  0.114465  9768.7  0  0  1
73  2  0.403156  0.114224  9785.55  0  0  1
74  2  0.381357  0.113578  9857.93  1.61676e-16  3.3831e-18  1
75  2  0.359574  0.112532  9921.23  -4.85044e-16  -2.45643e-17  1
76  2  0.337815  0.111079  9942.23  0  0  1
77  2  0.316088  0.109199  9967.79  -2.98188e-16  -1.75089e-17  1
78  2  0.294401  0.106898  9998.79  -1.37518e-16  -1.26698e-17  1
79  2  0.272765  0.104165  10110.1  2.47046e-16  2.89422e-17  1
80  2  0.251189  0.100988  10222.1  6.13875e-16  9.58493e-17  1
81  2  0.229686  0.0973566  10311.7  2.37654e-16  3.79136e-17  1
82  2  0.208269  0.0932445  10396.1  4.55239e-16  9.06014e-17  1
83  2  0.186955  0.0886294  10537.1  -1.64003e-16  -3.51314e-17  1
84  2  0.165764  0.0834793  10678.1  -5.76918e-16  -1.34405e-16  1
85  2  0.144723  0.0777466  10795.3  0  0  1
86  2  0.123854  0.0714177  10963.9  0  0  1
87  2  0.103197  0.0644262  11081.2  0  0  1
88  2  0.0828068  0.0566949  11308.7  -1.04549e-18  -3.58156e-19  1
89  2  0.0627635  0.0481047  11680.3  0  0  1
90  2  0.043211  0.0384526  11935.2  -2.43641e-16  -5.15069e-17  1
91  2  0.0244454  0.027357  12270.4  0  0  1
92  2  0.00737545  0.0138424  12274.2  8.46128e-17  -1.98802e-17  1
93  2  0.00215026  -0.00518709  9386.21  0  0  1
94  2  0.0213101  -0.0151648  7434.88  5.90402e-16  -3.78665e-16  1
95  2  0.0424767  -0.0203577  8492.04  3.12678e-16  -9.36595e-17  1
96  2  0.0640189  -0.0237354  8939.94  -4.2819e-16  1.2203e-16  1
97  2  0.0856985  -0.0260913  9051.11  0  0  1
98  2  0.107442  -0.0277663  9198.89  0  0  1
99  2  0.129217  -0.0289697  9322.77  1.59983e-16  -2.58694e-17  1
100  2  0.151008  -0.0298431  9346.89  1.30267e-16  -9.73105e-18  1
101  2  0.172807  -0.0304948  9533.43  0  0  1
102  2  0.19461  -0.0309717  9616.32  0  0  1
103  2  0.216416  -0.0312955  9540.04  1.70927e-16  2.06247e-18  1
104  2  0.238224  -0.0314962  9545.54  1.70927e-16  2.06247e-18  1
105  2  0.260032  -0.0315915  9597.41  9.77658e-17  -8.05658e-18  1
106  2  0.28184  -0.0315962  9666.84  0  0  1
107  2  0.303649  -0.0315257  9656.67  5.68474e-17  -2.8149e-18  1
108  2  0.325457  -0.0313892  9663.1  6.77131e-17  -2.20668e-17  1
109  2  0.347265  -0.0311899  9771.83  0  0  1
110  2  0.369071  -0.0309303  9851.88  -1.9013e-16  5.12989e-17  1
111  2  0.390878  -0.0306129  9827.56  7.20172e-17  -1.29724e-18  1
112  2  0.412683  -0.0302344  9843.36  -1.07841e-16  8.79e-19  1
113  2  0.434487  -0.0297954  9884.94  -5.39203e-17  4.395e-19  1
114  2  0.45629  -0.0293018  9982.59  -1.13609e-16  -8.25531e-18  1
115  2  0.478091  -0.0287471  10034  0  0  1
116  2  0.499891  -0.0281332  10006.7  2.82615e-16  2.33374e-17  1
117  2  0.52169  -0.0274734  10087  7.93033e-17  3.21133e-18  1
118  2  0.543487  -0.0267596  10142.4  7.93033e-17  3.21133e-18  1
119  2  0.565282  -0.0259892  10155.1  7.23147e-17  6.02939e-18  1
120  2  0.587074  -0.0251611  10232.1  -1.75608e-16  -1.08998e-17  1
121  2  0.608865  -0.0242671  10263.8  0  0  1
122  2  0.630652  -0.0233031  10278.4  1.63197e-16  1.57769e-17  1
123  2  0.652436  -0.0222675  10318  -5.43012e-17  -1.12992e-17  1
124  2  0.674215  -0.0211419  10347.2  1.87409e-16  2.18634e-17  1
125  2  0.695988  -0.0199036  10367.8  1.75149e-16  1.05432e-17  1
126  2  0.717753  -0.0185217  10406.8  -1.06894e-16  -1.27982e-17  1
127  2  0.739505  -0.0169521  10445.5  -1.26894e-17  -4.71177e-18  1
128  2  0.76124  -0.015167  10487  -1.965e-16  -1.63564e-17  1
129  2  0.782955  -0.0131462  10537.2  0  0  1
130  2  0.804646  -0.0108917  10556  7.63e-17  5.26476e-18  1
131  2  0.826325  -0.008513  10586.2  -1.42159e-16  -1.34107e-17  1
132  2  0.84801  -0.00619242  10627.6  7.10796e-17  6.70537e-18  1
133  2  0.869717  -0.00409798  10662.1  0  0  1
134  2  0.891456  -0.00236711  10717.4  0  0  1
135  2  0.913224  -0.00103615  10755.7  -1.01253e-16  -8.97735e-18  1
136  2  0.935014  -0.000159521  10769.1  7.15326e-17  1.11089e-18  1
137  2  0.95682  0.000179094  10798.4  0  0  1
138  2  0.978625  -0.000113033  10814.3  0  0  1
268  0  0.959026  -0.928788  10615.2  2.01461  -0.119712  1
269  0  0.0343296  -0.972439  10595.4  2.03438  -0.204253  1
270  0  -0.665495  0.926628  10853.4  1.9668  -0.177153  1
271  0  0.301814  1.05673  10736.3  1.98849  -0.156298  1
272  0  1.12299  0.846142  10674.9  2.0051  -0.205261  1
273  0  -0.662649  0.158651  10865.7  1.95463  -0.235091  1
274  0  -0.24369  0.522265  10906.9  1.93557  -0.119525  1
275  0  0.246293  0.588344  10708.2  2.01709  -0.0939382  1
276  0  0.700396  0.564752  10600.4  2.04589  -0.201022  1
277  0  0.488125  -0.630477  10493.8  2.10488  -0.140107  1
278  0  0.917106  -0.463028  10603.8  2.02715  -0.0477015  1
279  0  0.0626769  -0.466906  10434.9  2.12857  -0.272592  1
280  0  0.634044  -0.336806  10420.3  2.14208  -0.0372152  1
281  0  0.339051  -0.32561  10237.5  2.22325  -0.161434  1
282  0  1.0618  0.392054  10685.6  2.00378  -0.229257  1
283  0  -0.111923  -0.254702  10537.7  2.08032  -0.38964  1
284  0  0.841023  -0.251829  10576.9  2.06662  0.0253131  1
285  0  0.126078  -0.261084  10170.4  2.26053  -0.32357  1
286  0  0.0522178  0.345205  10921.5  1.91405  -0.0089066  1
287  0  -0.12842  0.203719  11159.7  1.77507  -0.126887  1
288  0  0.281099  0.335594  10577.3  2.07336  0.00735598  1
289  0  0.511072  0.331163  10372.8  2.16565  -0.14987  1
290  0  0.767246  0.316787  10524.4  2.08193  -0.27181  1
291  0  0.991865  -0.173733  10742  2.00767  0.0440672  1
292  0  -1.02822  -0.770612  10735.7  1.99849  -0.254551  1
293  0  0.491732  -0.211658  10203  2.2627  -0.041998  1
294  0  0.945341  0.234672  10691.5  1.99589  -0.291253  1
295  0  0.689734  -0.167562  10409  2.20085  0.0619265  1
296  0  -0.140549  0.0440204  11227.8  1.71495  -0.347546  1
297  0  0.272384  -0.185762  9988.17  2.34883  -0.1887  1
298  0  0.158638  0.228941  10801.9  1.96495  0.144185  1
299  0  0.045765  0.180015  11204.3  1.74221  0.124764  1
300  0  0.0321911  -0.156344  10085.9  2.25065  -0.506857  1
301  0  -0.435458  -0.679449  10670.1  2.02068  -0.255567  1
302  0  0.381671  -0.147311  9982.64  2.3883  -0.0794414  1
303  0  0.382387  0.253449  10307.2  2.2031  -0.0111708  1
304  0  0.575681  -0.140194  10234.1  2.26051  0.0314233  1
305  0  0.889487  -0.115013  10674.2  1.96419  0.105559  1
306  0  0.785016  -0.117282  10516.2  2.03085  0.109952  1
307  0  0.277371  0.217387  10424.7  2.14363  0.118284  1
308  0  0.179519  -0.134583  9789.07  2.44405  -0.319712  1
309  0  1.49578  -0.0879607  10739.4  1.91258  -0.139407  1
310  0  0.604682  0.24616  10262.6  2.20876  -0.251001  1
311  0  -0.478035  -0.0938473  10835.9  1.95247  -0.273823  1
312  0  0.814386  0.184855  10563.1  2.07185  -0.348799  1
313  0  0.49066  -0.1232  10101.5  2.28805  0.00821593  1
314  0  0.494701  0.218459  10121.6  2.28128  -0.13539  1
315  0  1.21068  0.163218  10777.6  1.97477  -0.219007  1
316  0  1.44071  -0.709742  10670.4  1.97636  -0.106497  1
317  0  0.703928  0.193507  10360.6  2.17942  -0.359502  1
318  0  -0.010624  0.11671  11555.5  1.53238  0.0170098  1
319  0  0.96075  -0.0889326  10774.3  1.7809  0.0990116  1
320  0  1.10155  -0.0890765  10867.7  1.69347  0.00607299  1
321  0  1.22156  -0.356869  10715.2  1.96685  -0.0707155  1
322  0  1.01723  0.118674  10826  2.02028  -0.307528  1
323  0  0.453837  -1.12094  10598.1  2.02759  -0.171013  1
324  0  -0.027457  -0.0879766  10311.7  2.04681  -0.706797  1
325  0  -1.2979  0.540177  10836.5  1.98365  -0.248937  1
326  0  -1.25688  -0.179352  10789.9  1.9864  -0.256966  1
327  0  0.313801  -0.113136  9825.51  2.4261  -0.124809  1
328  0  0.645128  -0.0981852  10298.2  1.96503  0.0870292  1
329  0  0.111337  -0.0990939  9621.43  2.51611  -0.453164  1
330  0  -0.39916  0.15524  10944.4  1.90441  -0.223832  1
331  0  0.133395  0.160806  10903.2  1.87602  0.260251  1
332  0  0.205508  0.165454  10598.7  2.04379  0.253766  1
333  0  0.883779  0.130323  10713.8  2.06965  -0.366718  1
334  0  0.711071  -0.0853657  10403  1.7509  0.113374  1
335  0  -0.502814  -1.36919  10685  2.00417  -0.238297  1
336  0  0.248839  -0.0976527  9715.02  2.39082  -0.197868  1
337  0  -0.0621436  0.821892  10813  1.96747  -0.120225  1
338  0  0.551343  0.180248  10012.5  2.4003  -0.232448  1
339  0  0.622861  0.167573  10104.2  2.36011  -0.34503  1
340  0  0.344829  0.191236  10204.4  2.26391  0.0831701  1
341  0  0.412032  0.180801  10055  2.3623  0.00231427  1
342  0  -0.242959  1.44847  10818.2  1.95043  -0.119825  1
343  0  1.12762  0.0430625  10881.6  1.74497  -0.226001  1
344  0  -1.33106  1.41114  10856.9  1.98079  -0.241379  1
345  0  0.759535  0.137945  10483.7  2.20708  -0.434526  1
346  0  0.424916  -0.0961205  9948.59  2.09316  -0.00475136  1
347  0  0.943098  0.0852339  10800.5  1.9895  -0.346874  1
348  0  0.843379  -0.070756  10610.4  1.58968  0.115136  1
349  0  0.00869903  0.563314  10838.4  1.96291  -0.0907462  1
350  0  0.815158  0.106464  10638.3  2.10292  -0.427477  1
351  0  0.0490349  0.103219  11471.8  1.55603  0.288121  1
352  0  0.705919  -0.552298  10525.5  2.08117  -0.0896913  1
353  0  0.270465  -0.532812  10414.8  2.14552  -0.197951  1
354  0  0.482796  -0.356535  10330.6  2.18196  -0.0948431  1
355  0  -0.58247  0.54592  10878.5  1.96436  -0.17985  1
356  0  0.780611  1.40852  10708  2.00553  -0.1892  1
357  0  0.532906  -0.0814063  10136.3  1.69028  0.0614729  1
358  0  0.0397042  -0.0946851  9781.64  2.37239  -0.64559  1
359  0  0.39183  0.485772  10588.4  2.07173  -0.10019  1
360  0  0.427612  0.782986  10684.7  2.01855  -0.142148  1
361  0  -0.20301  -0.123406  10799.9  1.94179  -0.39418  1
362  0  0.905841  -0.0589588  10713.9  1.42611  0.109451  1
363  0  0.970351  -0.317078  10649.7  2.01882  -0.00481982  1
364  0  0.875633  -1.46025  10635.1  1.99654  -0.153665  1
365  0  0.301996  -0.850726  10550  2.0618  -0.181583  1
366  0  1.53956  0.495186  10696.4  1.99098  -0.200741  1
367  0  1.37599  -1.26062  10648.8  1.98347  -0.134214  1
368  0  -0.36214  0.744856  10857.2  1.96054  -0.128987  1
369  0  0.148318  -1.47127  10644.5  1.98574  -0.187949  1
370  0  0.358765  -0.0811961  9846.51  1.94636  -0.0315947  1
371  0  0.600011  -0.0744653  10234.5  1.55725  0.0786658  1
372  0  -0.199483  -0.507287  10595.2  2.05026  -0.278643  1
373  0  -1.07695  -1.40111  10718.1  1.99441  -0.237094  1
374  0  0.101062  0.114389  11120.8  1.79597  0.379901  1
375  0  0.304369  0.155358  10177.2  2.34183  0.187667  1
376  0  -0.0768878  0.0302888  11448.2  1.55759  -0.453711  1
377  0  -0.0155265  0.0603068  11947.7  1.20163  -0.119071  1
378  0  -0.712171  -0.460945  10740.5  1.99976  -0.265785  1
379  0  -0.762748  1.42468  10861.2  1.97295  -0.177725  1
380  0  0.200049  -0.38762  10301.8  2.18395  -0.239676  1
381  0  -0.821931  -0.105503  10808.4  1.97638  -0.261131  1
382  0  0.755844  -0.0610193  10467.4  1.36248  0.109553  1
383  0  0.156361  -0.0759779  9539.9  2.32513  -0.306518  1
384  0  0.657022  -0.845929  10571.6  2.0447  -0.140757  1
385  0  0.465681  -0.0728459  10008.1  1.47538  0.0445215  1
386  0  0.781893  -0.376402  10534.9  2.07936  -0.0245709  1
387  0  -0.114286  0.370364  10985.8  1.88395  -0.0897109  1
388  0  -0.278366  0.295834  10994.8  1.87656  -0.157548  1
389  0  0.458975  0.162835  9901.44  2.49069  -0.0584066  1
390  0  0.801197  -0.0540258  10543.2  1.2796  0.103191  1
391  0  1.35766  1.4217  10678.5  2.02194  -0.210442  1
392  0  0.255464  0.146806  10331.9  2.2483  0.281162  1
393  0  0.204868  -0.0745609  9605.67  2.05218  -0.210628  1
394  0  0.664178  0.137253  10115.8  2.35883  -0.436045  1
395  0  0.507385  0.155856  9852.7  2.50637  -0.17134  1
396  0  0.100713  -0.683371  10519.4  2.08641  -0.222032  1
397  0  0.945096  -0.0405035  10767.9  1.17727  0.0798579  1
398  0  0.989286  -0.0412763  10817  1.26234  0.0850017  1
399  0  -1.0605  0.17447  10828  1.97932  -0.255909  1
400  0  -0.0328284  0.26585  11095.2  1.81439  -0.0306142  1
401  0  0.608035  -0.222897  10342.7  2.19986  0.00365118  1
402  0  0.710436  0.118058  10302.5  2.1966  -0.472845  1
403  0  0.164669  0.351582  10761.9  1.98819  0.012886  1
404  0  0.895184  -0.698384  10598.8  2.03112  -0.101892  1
405  0  1.11378  -0.609214  10648.7  1.99605  -0.0814717  1
406  0  0.397926  -0.244133  10154.3  2.25541  -0.10605  1
407  0  0.169654  1.48002  10760.6  1.95717  -0.178139  1
408  0  -0.00609419  -0.278801  10378.5  2.15634  -0.373008  1
409  0  -0.345849  -0.348463  10691.6  2.01052  -0.295008  1
410  0  0.164797  0.123318  10732.9  2.03461  0.397822  1
411  0  0.850557  0.0778333  10721.4  1.82667  -0.37797  1
412  0  0.892049  0.066032  10785.4  1.7803  -0.351548  1
413  0  -0.31956  0.00109321  10931.8  1.89771  -0.290982  1
414  0  0.768583  0.900658  10677.1  2.01001  -0.184078  1
415  0  -1.49786  -0.627633  10760.3  1.98897  -0.242713  1
416  0  0.97031  0.0545173  10855.1  1.76667  -0.308105  1
417  0  0.738437  -0.284137  10489  2.10542  0.00301319  1
418  0  1.13059  -0.244042  10757.2  1.97524  -0.0297638  1
419  0  0.293823  -0.071087  9662.62  1.62495  -0.0850487  1
420  0  0.230613  -0.291755  10183.4  2.25394  -0.236609  1
421  0  0.6644  -0.0609075  10327  1.23772  0.0848364  1
422  0  -0.157716  -0.773749  10604.3  2.04132  -0.234294  1
423  0  0.664653  0.360647  10463.3  2.11581  -0.232952  1
424  0  0.120216  -0.176192  9975.47  2.31377  -0.369732  1
425  0  -0.252483  0.137348  11066.2  1.82919  -0.226016  1
426  0  0.442163  -0.154553  10072  2.35679  -0.0421781  1
427  0  -0.904588  0.617612  10854.1  1.98186  -0.234738  1
428  0  1.06375  -0.0440777  10944.9  1.28433  0.0364347  1
429  0  -0.489626  0.375596  10907.2  1.94082  -0.180919  1
430  0  -0.0106681  -0.0529376  10143.9  2.11807  -0.995475  1
431  0  0.362541  0.156064  10048.7  2.41822  0.10586  1
432  0  0.584036  -0.471421  10453  2.12164  -0.0872533  1
433  0  0.891477  0.481711  10629.4  2.03232  -0.228139  1
434  0  0.0882164  0.475428  10817.8  1.97278  -0.0594625  1
435  0  0.770179  -0.194766  10508.1  2.13526  0.0560645  1
436  0  0.915323  -0.208731  10656.2  2.0432  0.0429833  1
437  0  0.0937869  -0.0629054  9333.77  2.38239  -0.476483  1
438  0  0.391831  0.37355  10492.3  2.11631  -0.0731266  1
439  0  -0.237428  -1.09772  10643.5  2.01728  -0.225847  1
440  0  -0.707845  -0.985456  10697.9  2.00945  -0.248583  1
441  0  -0.0765718  0.0882976  11448.6  1.58557  -0.222209  1
442  0  0.195571  -0.206137  9998.04  2.32125  -0.270307  1
443  0  1.30318  -0.0602166  10812.8  1.78611  -0.116757  1
444  0  -0.0785417  -0.0337275  10966.9  1.74518  -0.628311  1
445  0  1.03878  -0.0850394  10871.7  1.69758  0.0612558  1
446  0  -0.244492  1.07193  10822.1  1.95521  -0.125086  1
447  0  0.38022  -0.456874  10372.5  2.16274  -0.155876  1
448  0  1.65898  0.965641  10673.4  1.99923  -0.202712  1
449  0  0.405538  -0.0691747  9846.16  1.44003  -0.0151614  1
450  0  0.568726  0.146563  9885.08  2.47943  -0.288212  1
451  0  0.840605  -0.160937  10594  2.10646  0.0779738  1
452  0  -0.0301067  0.202854  11226.2  1.74423  -0.0209257  1
453  0  0.184756  0.806946  10754.3  1.98904  -0.123772  1
454  0  0.0808266  0.270019  10954.8  1.88805  0.0549642  1
455  0  0.762855  0.0993791  10503.4  2.02106  -0.450979  1
456  0  0.507576  -1.48808  10637.3  1.99419  -0.16502  1
457  0  0.859666  -0.0416808  10645.8  1.11378  0.096332  1
458  0  1.50875  0.21203  10727.3  1.95955  -0.19469  1
459  0  1.09848  0.241612  10745.4  1.96407  -0.241869  1
460  0  0.0360894  0.0768301  11740.7  1.37909  0.287301  1
461  0  0.324289  0.247418  10378.4  2.1686  0.047431  1
462  0  0.637404  -0.157731  10343  2.24705  0.0501454  1
463  0  0.241775  0.448028  10682  2.03607  -0.0510047  1
464  0  0.105093  -0.376515  10348.5  2.16375  -0.284371  1
465  0  -1.68353  0.168775  10811.1  1.98586  -0.237364  1
466  0  0.541302  1.06671  10708.6  2.00045  -0.167729  1
467  0  0.341203  -0.209646  10066.3  2.3077  -0.134955  1
468  0  -1.02433  1.00124  10849.7  1.98133  -0.237855  1
469  0  0.23122  0.277633  10615.7  2.05693  0.070336  1
470  0  0.211808  0.132512  10501.7  2.17207  0.354385  1
471  0  -0.100719  -0.411922  10534.6  2.07968  -0.309399  1
472  0  1.06058  0.0715809  10922.1  1.89315  -0.278937  1
473  0  0.56978  0.522539  10562.1  2.07099  -0.169554  1
474  0  -0.839235  0.439868  10858.1  1.9755  -0.232018  1
475  0  -0.0659037  -0.178683  10497.9  2.07665  -0.473801  1
476  0  0.529989  -0.306028  10322.9  2.18306  -0.058187  1
477  0  -0.0657662  -0.630021  10557  2.06649  -0.24748  1
478  0  1.26196  -0.83644  10650  1.99119  -0.107994  1
479  0  -1.52783  -1.10784  10736.9  1.98881  -0.238271  1
480  0  1.0946  -0.446553  10669.2  1.98359  -0.0601742  1
481  0  0.709138  -0.0551974  10391.1  1.19403  0.0933751  1
482  0  -1.56425  0.898953  10842.6  1.98689  -0.237494  1
483  0  0.248988  -0.0674562  9606.32  1.68577  -0.118049  1
484  0  0.544462  0.257799  10240.2  2.2226  -0.1889  1
485  0  -0.184138  0.679598  10856  1.95698  -0.115713  1
486  0  -0.0184901  0.447015  10903.5  1.93077  -0.0702823  1
487  0  0.557049  -0.0620317  10166.4  1.1944  0.0701634  1
488  0  0.51301  -0.0616728  10062.2  1.17842  0.0626376  1
489  0  -0.570213  0.0254439  10859.9  1.94889  -0.250954  1
490  0  0.413393  0.151057  9938.85  2.50026  0.0276133  1
491  0  -0.0330968  0.0200978  11774.5  1.27107  -0.565321  1
492  0  0.0255587  -0.0550015  9308.79  2.48537  -0.910726  1
493  0  -0.112602  -0.123179  10691.7  1.977  -0.494726  1
494  0  0.753959  -1.08441  10607.1  2.02047  -0.144103  1
495  0  -1.10748  -0.490363  10761.2  1.99417  -0.260163  1
496  0  0.729146  -0.141554  10443.1  2.16516  0.0883911  1
497  0  0.628894  -0.0598079  10284.6  1.20124  0.0709134  1
498  0  0.32835  -0.0674748  9708.72  1.50123  -0.041441  1
499  0  0.0704705  -0.21984  10165.8  2.25461  -0.390692  1
500  0  0.435685  -0.0679408  9929.64  1.42838  0.0241335  1
501  0  0.871659  0.285553  10613.8  2.03647  -0.281907  1
502  0  0.134052  0.116654  10931.8  1.93214  0.406065  1
503  0  0.459356  0.293452  10320.4  2.18984  -0.103722  1
504  0  0.616524  0.135489  9971  2.42856  -0.380688  1
505  0  0.240982  -1.05138  10591.5  2.03264  -0.185336  1
506  0  0.529251  -0.166576  10210.9  2.29365  -0.00209324  1
507  0  -0.0292413  1.23697  10794  1.94753  -0.139396  1
508  0  0.236642  -0.147637  9844.65  2.44094  -0.232825  1
509  0  0.125764  -0.0699945  9444.08  2.38654  -0.382923  1
510  0  1.46117  -0.395971  10709.9  1.96189  -0.0997099  1
511  0  0.870277  -0.329593  10590.3  2.052  -0.00424782  1
512  0  1.36267  0.383754  10724.1  1.97586  -0.204218  1
513  0  0.333019  0.147343  10113.1  2.42082  0.156631  1
514  0  1.24252  0.639901  10685.9  2.00645  -0.202309  1
515  0  1.38927  -1.67722  10647.9  1.9798  -0.13198  1
516  0  0.683198  -0.125824  10377.9  2.15577  0.0878786  1
517  0  -0.56592  1.18879  10842.5  1.95896  -0.151279  1
518  0  1.07743  -1.24175  10636.7  1.99656  -0.135657  1
519  0  0.940814  -0.13305  10721.7  1.98887  0.0822544  1
520  0  0.276949  -0.134636  9843.63  2.46177  -0.183329  1
521  0  0.0827674  0.0886139  11253.3  1.6282  0.44996  1
522  0  -0.0654347  -1.27533  10639.9  2.00836  -0.207257  1
523  0  -0.234941  -1.54222  10677.5  1.98597  -0.229502  1
524  0  -1.56451  -1.53768  10726.9  1.98825  -0.233897  1
525  0  0.698096  0.267983  10415.5  2.13229  -0.290088  1
526  0  -0.530447  -0.364804  10736.5  1.99532  -0.270885  1
527  0  0.368929  0.648358  10660.5  2.03249  -0.11948  1
528  0  -0.0288604  -0.0185854  10740.1  1.61457  -1.11433  1
529  0  0.877396  0.71177  10653.8  2.01526  -0.204992  1
530  0  0.758666  0.231477  10480  2.09709  -0.324222  1
531  0  0.903927  -0.0277408  10728.7  0.849699  0.0730422  1
532  0  0.208102  0.222672  10637.8  2.04113  0.15242  1
533  0  -0.401791  0.518648  10899.7  1.94595  -0.147729  1
534  0  0.939253  0.33924  10652.5  2.02393  -0.25684  1
535  0  0.537326  0.147549  9874.47  2.50321  -0.230914  1
536  0  0.936408  0.0516047  10844.5  1.66501  -0.31089  1
537  0  0.693214  -0.435813  10498  2.09615  -0.0570672  1
538  0  0.805604  0.0721923  10684.6  1.51546  -0.353801  1
539  0  0.491475  -0.806511  10542.9  2.06598  -0.156546  1
540  0  0.830007  -0.0447508  10595.1  1.15573  0.0979078  1
541  0  1.06498  -0.155149  10799.2  1.95242  0.0206163  1
542  0  0.46122  -0.276673  10247.4  2.21684  -0.0796868  1
543  0  1.29441  -0.217736  10758.4  1.93681  -0.0807655  1
544  0  0.774832  -0.0395196  10512.8  0.884956  0.0736628  1
545  0  0.945379  0.141449  10751.7  2.02711  -0.330387  1
546  0  0.568551  -0.0896382  10199.7  1.86436  0.0720896  1
547  0  0.182919  -0.0587288  9593.85  1.49356  -0.170677  1
548  0  0.280159  0.13346  10150.3  2.22519  0.260688  1
549  0  -1.57297  1.57297  10858.2  1.98223  -0.233294  1
550  0  0.830322  -0.11668  10571.7  1.99275  0.109918  1
551  0  0.319634  -0.156714  9943.53  2.40963  -0.141836  1
552  0  0.8791  0.190683  10647.6  2.0274  -0.324119  1
553  0  -0.833566  -1.61084  10710.8  1.9936  -0.234339  1
554  0  -1.12623  1.61161  10870.3  1.97473  -0.231196  1
555  0  0.0591606  -0.0617991  9314.3  2.51912  -0.665496  1
556  0  0.389013  -0.100265  9888.26  2.22329  -0.0472139  1
557  0  0.0894321  0.161551  11076  1.79547  0.218134  1
558  0  0.108964  0.221502  10953.8  1.88466  0.137098  1
559  0  -1.62686  -0.25194  10785.9  1.98654  -0.240295  1
560  0  0.291165  -0.260151  10131.1  2.27464  -0.18454  1
561  0  0.733818  0.101374  10422.3  2.04239  -0.464365  1
562  0  -0.943789  -1.04645  10717.2  2.00072  -0.245985  1
563  0  0.341039  -0.679628  10489.8  2.1056  -0.176008  1
564  0  0.975114  -0.236765  10690  2.01331  0.020983  1
565  0  0.967388  -0.0249393  10796.8  0.920318  0.0527484  1
566  0  -0.335065  -0.133631  10830.3  1.94605  -0.316947  1
567  0  0.104247  0.68752  10778.9  1.98476  -0.107852  1
568  0  0.619902  -0.688861  10534.8  2.07527  -0.125833  1
569  0  0.906098  -0.260246  10630  2.03764  0.0207442  1
570  0  0.678844  -0.24469  10414.7  2.15153  0.0108519  1
571  0  0.480688  0.139758  9771.23  2.34467  -0.0973665  1
572  0  1.0442  1.26829  10687.1  2.00137  -0.198665  1
573  0  -0.179747  0.289099  11042.3  1.84585  -0.124867  1
574  0  -0.654734  -0.705395  10706.6  2.01229  -0.258723  1
575  0  0.543857  -0.1216  10186.2  2.21981  0.0354359  1
576  0  1.0431  1.64659  10685.4  2.04652  -0.202671  1
577  0  1.66704  -0.853757  10662.3  1.96557  -0.129391  1
578  0  0.365899  1.29309  10736  1.97276  -0.180188  1
579  0  -0.152288  0.125402  11206  1.74379  -0.212557  1
580  0  0.680445  0.109186  10157.5  2.00147  -0.427862  1
581  0  0.925439  -0.0969018  10724.1  1.8472  0.107256  1
582  0  0.0221906  0.1408  11397.6  1.61936  0.11989  1
583  0  0.0747861  -0.124551  9851.16  2.3625  -0.496028  1
584  0  0.550005  0.665216  10634.5  2.03693  -0.16128  1
585  0  0.294452  -0.4139  10326.7  2.17756  -0.190995  1
586  0  0.213259  -0.111993  9723.73  2.48386  -0.273176  1
587  0  0.996  0.0294701  10872.1  1.26243  -0.212368  1
588  0  -0.512034  1.6549  10863.5  1.97792  -0.126285  1
589  0  0.805937  -0.486728  10556.9  2.05798  -0.0595326  1
590  0  0.354877  0.311058  10431.4  2.1412  -0.0200012  1
591  0  0.020891  0.0539533  12011.1  1.09726  0.231966  1
592  0  -0.00138947  0.0307674  12271.7  0.762124  -0.179065  1
593  0  0.574982  -0.193389  10280  2.25719  0.00836394  1
594  0  0.753421  0.429455  10557.9  2.06977  -0.232261  1
595  0  0.440597  0.248426  10221.2  2.23889  -0.0724238  1
596  0  0.589257  0.317446  10365.6  2.16371  -0.2082  1
597  0  -0.373788  -0.502511  10668.8  2.01842  -0.269335  1
598  0  -1.61046  0.545845  10830.7  1.98576  -0.238121  1
599  0  0.382187  -0.0526789  9838.11  0.648673  -0.0116845  1
600  0  0.312934  0.414397  10596.2  2.07231  -0.0526724  1
601  0  0.746551  -0.101334  10469.1  1.9334  0.110739  1
602  0  -0.193417  -0.358708  10605.7  2.04628  -0.321452  1
603  0  0.35268  -0.12033  9891.6  2.38415  -0.0903985  1
604  0  0.145006  -0.569666  10456.5  2.1243  -0.232438  1
605  0  0.507107  1.61003  10723.6  2.00997  -0.211864  1
606  0  0.599721  -0.048191  10246.5  0.790868  0.0490885  1
607  0  1.71975  -0.569426  10674  1.96198  -0.118896  1
608  0  0.167594  0.191935  10752.7  1.97221  0.214087  1
609  0  -0.244234  -0.230554  10703.8  2.00524  -0.346135  1
610  0  0.610507  -0.114214  10266.6  2.11726  0.0719153  1
611  0  1.06322  -0.77587  10631.8  2.0079  -0.0994816  1
612  0  0.192748  0.113403  10525.8  2.05021  0.408032  1
613  0  0.236503  0.121997  10344.8  2.14059  0.341495  1
614  0  0.867239  0.0544678  10770  1.3918  -0.286567  1
615  0  -0.854891  0.076366  10832.6  1.97146  -0.252803  1
616  0  0.153729  -0.311437  10237.2  2.22279  -0.282389  1
617  0  -0.0825379  0.154285  11310.5  1.68411  -0.107784  1
618  0  0.405461  -0.190639  10082.2  2.33322  -0.0841965  1
619  0  0.730262  -0.0406165  10431.6  0.848516  0.0728361  1
620  0  0.686338  -0.0422626  10354.3  0.788801  0.0474822  1
621  0  1.6446  -1.51325  10659.8  1.98742  -0.136529  1
622  0  0.22712  -0.0531078  9545.07  1.04411  -0.124059  1
623  0  0.240982  0.184247  10478.9  2.11287  0.192338  1
624  0  0.270932  -0.0532942  9641.88  0.880596  -0.0725672  1
625  0  0.43579  0.138149  9839.38  2.33175  -0.00688402  1
626  0  0.390909  0.136822  9885.91  2.31363  0.0767642  1
627  0  0.0812064  0.965394  10774.1  1.97482  -0.136005  1
628  0  -1.27454  -0.969777  10735.7  1.99226  -0.243679  1
629  0  -1.06308  0.432948  10842.1  1.98061  -0.249566  1
630  0  -0.119362  0.479411  10913  1.92845  -0.0967578  1
631  0  0.478407  -0.450076  10396.4  2.1509  -0.114268  1
632  0  0.457603  -0.109317  10025.5  2.21792  -0.00190904  1
633  0  -0.0323454  0.351696  10984.8  1.88325  -0.0486603  1
634  0  0.533284  -0.0483709  10122.1  0.7143  0.0289251  1
635  0  0.591613  0.124769  9820.19  2.21701  -0.311307  1
636  0  0.489831  -0.0504549  10016.8  0.735568  -0.020128  1
637  0  0.635781  0.117522  9974.41  2.11941  -0.386734  1
638  0  0.0612065  0.0718329  11552.8  1.42708  0.461752  1
639  0  1.05152  0.593043  10672.2  2.00945  -0.211893  1
640  0  0.00648052  -0.0820081  9938.22  2.22757  -0.771628  1
641  0  0.106729  0.0880037  11095.9  1.6997  0.483109  1
642  0  0.00180382  0.0842149  11769.5  1.37665  0.0740282  1
643  0  0.467577  0.428488  10504  2.10735  -0.129762  1
644  0  0.875973  -0.0668666  10669.6  1.54875  0.116937  1
645  0  1.02126  -0.0299238  10884.7  1.14089  0.0728312  1
646  0  0.148724  -0.111854  9710.28  2.49612  -0.37207  1
647  0  -0.071425  1.67807  10811.3  1.97912  -0.138854  1
648  0  0.780883  -0.0846444  10500.3  1.71009  0.115256  1
649  0  0.810203  -0.0842455  10544.4  1.73653  0.116361  1
650  0  0.136111  0.297346  10831.6  1.95051  0.0526806  1
651  0  0.652989  0.213204  10266  2.20968  -0.310016  1
652  0  0.0224597  0.234275  11112  1.8057  0.038641  1
653  0  -0.517171  0.239946  10906.5  1.93236  -0.211645  1
654  0  -0.213151  0.394137  10965.4  1.89944  -0.120521  1
655  0  -0.337773  0.396844  10939.4  1.91881  -0.150107  1
656  0  1.17406  -0.142001  10824.7  1.87442  -0.0310151  1
657  0  -1.64798  1.24528  10850.9  1.98642  -0.236159  1
658  0  0.495581  -0.0865173  10054.1  1.83129  0.0373109  1
659  0  1.73475  -0.238165  10698.4  1.96832  -0.121251  1
660  0  0.795875  -0.0319813  10550.4  0.702044  0.0629125  1
661  0  -0.819783  1.1104  10848.8  1.97035  -0.20075  1
662  0  -0.21251  0.210318  11082  1.82011  -0.172492  1
663  0  -0.31827  0.617461  10881.6  1.95035  -0.127229  1
664  0  0.753968  -0.687675  10563.1  2.05465  -0.113274  1
665  0  0.356219  -0.055638  9822.8  0.809618  -0.0277393  1
666  0  0.30309  0.128352  10030.9  2.17461  0.222448  1
667  0  0.16131  -0.0501623  9405.62  1.17334  -0.0876495  1
668  0  -0.00890756  -0.211207  10337.1  2.16642  -0.443303  1
669  0  -0.149435  -0.0393609  10969.3  1.82871  -0.445178  1
670  0  0.484849  -0.161603  10142.9  2.32721  -0.0186877  1
671  0  -1.12002  0.741522  10847.9  1.98489  -0.249268  1
672  0  0.356181  -1.29324  10621.5  2.01123  -0.175105  1
673  0  1.08568  0.136822  10810.2  1.98312  -0.250027  1
674  0  0.881293  -0.0232269  10680.6  0.704744  0.0675319  1
675  0  -0.650101  -0.104812  10817.9  1.96721  -0.260663  1
676  0  0.806819  -0.300107  10544.7  2.07836  0.00557184  1
677  0  0.924919  -0.0204682  10764.8  0.752662  0.0542226  1
678  0  0.905593  -0.573609  10598  2.02939  -0.0758805  1
679  0  1.00876  -0.528344  10631.7  2.00448  -0.0640737  1
680  0  -1.02477  -0.0465115  10808.7  1.98111  -0.262003  1
681  0  0.561461  -0.370868  10391.1  2.15474  -0.0673092  1
682  0  0.414005  -0.337525  10277.5  2.20355  -0.123105  1
683  0  1.04224  0.0112809  10961.9  1.24218  -0.129536  1
684  0  0.172007  0.102533  10677.1  1.92588  0.435113  1
685  0  -0.324149  -0.871798  10645.6  2.02513  -0.240439  1
686  0  -0.665546  0.364235  10878.2  1.96069  -0.212625  1
687  0  0.575596  -0.0449465  10178.6  0.651353  0.0543079  1
688  0  0.306062  0.197236  10305.1  2.20811  0.115014  1
689  0  -0.42487  0.961053  10845.5  1.95891  -0.134662  1
690  0  0.752337  -0.0346549  10460.3  0.729453  0.071759  1
691  0  0.703226  -0.353793  10473.9  2.11394  -0.0291007  1
692  0  0.803832  -0.849038  10592.8  2.03167  -0.126265  1
693  0  0.259216  0.121483  10238.2  2.12871  0.30975  1
694  0  0.502598  0.132337  9687.97  2.21137  -0.132964  1
695  0  0.205198  -0.0499002  9562.5  0.90339  -0.135195  1
696  0  0.467676  -0.0480936  10005.4  0.511648  0.0371786  1
697  0  0.909097  0.0419698  10822.5  1.27111  -0.24087  1
698  0  0.783229  0.0714933  10593.6  1.41678  -0.350589  1
699  0  1.64233  1.64233  10663.8  2.06977  -0.214314  1
700  0  1.04395  -0.221956  10737.4  1.99264  0.00933969  1
701  0  0.951191  0.0323221  10861.6  1.15624  -0.230323  1
702  0  -0.106829  0.272745  11082  1.82396  -0.0828693  1
703  0  0.458193  0.133558  9773.64  2.24054  -0.0466625  1
704  0  -0.735465  0.694992  10860  1.97624  -0.201841  1
705  0  0.824452  0.0600436  10719.6  1.29665  -0.285455  1
706  0  0.378569  0.187178  10119.4  2.30826  0.0430687  1
707  0  0.699682  0.0965598  10218.9  1.68763  -0.389882  1
708  0  0.65674  0.107899  10021.6  1.91697  -0.396856  1
709  0  0.349174  -0.265815  10158.1  2.25834  -0.143426  1
710  0  1.66587  1.30268  10674.5  2.01562  -0.199425  1
711  0  0.00318991  -0.0289612  8862.86  2.10592  -1.25076  1
712  0  0.675517  -0.094485  10357.3  1.88726  0.093652  1
713  0  1.06371  -0.315712  10696  1.98837  -0.0218296  1
714  0  0.396959  -0.556459  10437.4  2.1364  -0.152576  1
715  0  0.180942  -0.0946163  9686.84  2.44936  -0.301431  1
716  0  0.946203  -0.0183852  10781.1  0.713793  0.0520122  1
717  0  -0.54514  0.74032  10862  1.96623  -0.158885  1
718  0  1.19212  -0.0382786  10836.9  1.63352  -0.113458  1
719  0  0.631752  -1.26879  10616.7  2.01495  -0.162144  1
720  0  -0.00117836  -0.120654  10176.6  2.17858  -0.609497  1
721  0  -0.541319  -0.542621  10705  2.00875  -0.263247  1
722  0  -0.429519  0.0366728  10905.8  1.92057  -0.25947  1
723  0  -0.397431  0.27558  10950.1  1.90525  -0.186922  1
724  0  0.84843  0.383463  10595.2  2.05293  -0.252903  1
725  0  0.653484  -1.73496  10647.4  1.99046  -0.158701  1
726  0  0.284453  -0.0981169  9716.18  2.33619  -0.150463  1
727  0  1.70699  0.0380599  10703.7  1.95902  -0.160148  1
728  0  0.165823  -0.176296  9922.5  2.33709  -0.310066  1
729  0  -0.711957  0.0100292  10836.3  1.96397  -0.251408  1
730  0  0.839926  0.1448  10637.8  2.09035  -0.376984  1
731  0  -1.33441  0.272457  10822.6  1.98373  -0.249665  1
732  0  -1.0556  1.2611  10854.7  1.97802  -0.230016  1
733  0  0.417724  -0.127721  9989.15  2.34586  -0.0446229  1
734  0  1.34896  0.0879499  10781.3  1.92095  -0.194787  1
735  0  0.844669  0.0523802  10746.9  1.15109  -0.259015  1
736  0  0.8872  0.0439075  10796.5  1.14516  -0.230857  1
737  0  -0.719262  -0.27202  10778.7  1.98437  -0.265154  1
738  0  -0.229891  0.877627  10832.6  1.96166  -0.120797  1
739  0  0.284378  -1.73647  10659.9  1.97625  -0.16401  1
740  0  0.277107  0.264351  10508.2  2.11062  0.0619604  1
741  0  -0.13619  -0.936856  10616.3  2.03047  -0.221432  1
742  0  0.0755077  -0.299139  10285  2.19881  -0.330857  1
743  0  0.776857  1.15757  10695.1  1.99984  -0.181993  1
744  0  0.971498  0.025899  10877.3  1.08354  -0.211424  1
745  0  0.516656  0.190778  10022.7  2.38283  -0.176117  1
746  0  0.00340658  -0.37372  10424.4  2.12879  -0.317106  1
747  0  0.29287  -0.049322  9678.51  0.512036  -0.0253543  1
748  0  1.00902  -1.7285  10643.2  1.97986  -0.157619  1
749  0  0.726591  -0.219725  10461.1  2.14039  0.034897  1
750  0  -0.531722  -1.63873  10704.4  1.98931  -0.245203  1
751  0  0.138214  -0.848962  10558.3  2.05664  -0.201386  1
752  0  0.277401  0.172416  10315.4  2.21671  0.191925  1
753  0  0.989415  -0.0194905  10813.1  0.840521  0.0415986  1
754  0  0.105513  0.400727  10834  1.96276  -0.021787  1
755  0  0.418825  -0.961421  10573.3  2.04223  -0.170853  1
756  0  0.464732  0.568173  10600.3  2.0583  -0.136281  1
757  0  0.249301  0.695667  10721.4  2.00646  -0.114812  1
758  0  0.994684  -0.119204  10787.9  1.90752  0.0690038  1
759  0  0.664118  -0.0388404  10321.2  0.616883  0.0493854  1
760  0  0.689293  -0.0676436  10360.6  1.43483  0.103097  1
761  0  0.588475  0.177396  10046.6  2.37025  -0.290132  1
762  0  -1.23231  -0.664303  10751.6  1.99262  -0.251261  1
763  0  -0.927312  -0.311159  10776.4  1.9899  -0.265766  1
764  0  0.649488  -0.199481  10376.2  2.20985  0.028751  1
765  0  0.541676  -0.238224  10282.7  2.21315  -0.0274911  1
766  0  0.15693  -0.475752  10390.4  2.15047  -0.244321  1
767  0  0.890992  -0.160443  10651.2  2.06848  0.0745629  1
768  0  -0.226973  0.0461998  11060.3  1.82242  -0.299956  1
769  0  1.3083  1.07474  10679.4  1.99832  -0.203657  1
770  0  -1.3246  -1.68452  10721.3  1.98985  -0.234254  1
771  0  0.866179  -0.0978448  10637.6  1.85529  0.116619  1
772  0  0.269304  -0.0775616  9656.44  1.96052  -0.125651  1
773  0  0.313443  -0.0497759  9639.07  0.585171  -0.0451717  1
774  0  0.2272  -0.643441  10480.2  2.11303  -0.204159  1
775  0  0.643501  -0.0409795  10302.2  0.652299  0.0593777  1
776  0  0.239101  -0.230007  10063.9  2.30312  -0.22856  1
777  0  0.151084  0.0988215  10777.6  1.89615  0.448421  1
778  0  0.347992  0.131088  9985.76  2.22415  0.137063  1
779  0  0.757558  0.177595  10472.7  2.13958  -0.378381  1
780  0  0.368475  0.130017  9945.34  2.18444  0.110628  1
781  0  -0.289821  -1.31651  10665.1  2.00536  -0.22704  1
782  0  0.115132  -0.046922  9282.39  1.441  -0.23301  1
783  0  0.0777749  -0.169905  10000.9  2.29273  -0.432074  1
784  0  1.28466  -0.543225  10680.8  1.97683  -0.0881781  1
785  0  0.599386  -0.580567  10495.5  2.10326  -0.110762  1
786  0  -0.316736  0.203946  11003.4  1.86794  -0.19915  1
787  0  0.800196  -0.155741  10533  2.13168  0.079963  1
788  0  0.299067  0.517177  10658.6  2.0413  -0.0829024  1
789  0  -1.34946  -0.41348  10771.8  1.98936  -0.250569  1
790  0  0.444922  -0.224744  10168.5  2.25339  -0.0713794  1
791  0  -0.00369889  -0.79684  10572.8  2.05295  -0.219661  1
792  0  0.422704  -0.0483403  9869.78  0.485671  -0.00395866  1
793  0  0.730573  -0.0687065  10432.1  1.48206  0.11283  1
794  0  0.114232  -0.138129  9835.1  2.37675  -0.409196  1
795  0  0.119133  0.137392  11006.6  1.82544  0.31541  1
796  0  0.6998  0.736277  10645.1  2.02427  -0.185468  1
797  0  0.5743  0.848991  10675.3  2.01848  -0.165147  1
798  0  0.228615  -0.0809542  9617.01  2.15423  -0.201498  1
799  0  0.0680855  0.131253  11270.6  1.68059  0.25452  1
800  0  0.361057  0.220822  10249.4  2.22723  0.0373544  1
801  0  0.126917  0.0945056  10964  1.80528  0.465795  1
802  0  0.271802  -0.346672  10242.6  2.21806  -0.204415  1
803  0  0.726218  0.150383  10385.3  2.24559  -0.426756  1
804  0  0.181339  -0.251828  10115.8  2.28796  -0.278807  1
805  0  0.0950033  -0.0412206  9157.64  1.31376  -0.233231  1
806  0  0.230232  0.382  10675.4  2.03527  -0.0157764  1
807  0  -0.878281  0.848731  10853  1.97855  -0.224709  1
808  0  1.01815  0.188536  10757.7  1.96993  -0.283746  1
809  0  0.309089  0.890736  10727  2.00033  -0.139444  1
810  0  1.44251  0.744382  10684.6  2.00657  -0.201883  1
811  0  1.73118  0.622831  10680  2.00325  -0.206357  1
812  0  0.335896  -0.047658  9691.22  0.40958  0.0375743  1
813  0  1.74775  0.294684  10681.2  1.98467  -0.190686  1
814  0  0.0757549  -0.088607  9609.8  2.5117  -0.5671  1
815  0  0.391489  0.162384  10007  2.43632  0.05488  1
816  0  0.446423  0.195806  10066.8  2.33441  -0.0620566  1
817  0  0.798725  0.1451  10555.4  2.14316  -0.40082  1
818  0  0.168649  0.426751  10753.6  2.00234  -0.0337234  1
819  0  0.622327  -0.0393097  10266.1  0.547297  0.0444259  1
820  0  -0.259393  -0.660802  10624  2.03491  -0.252528  1
821  0  0.139799  -0.0503116  9384.97  1.39207  -0.185238  1
822  0  0.568625  0.123337  9776.61  2.11162  -0.261727  1
823  0  0.048796  -0.0390798  8913.6  1.9284  -0.549574  1
824  0  0.168946  0.154752  10738.4  1.96141  0.292404  1
825  0  1.12486  -0.0250339  10936.8  1.35758  -0.101216  1
826  0  0.188761  0.137888  10613.3  2.06738  0.346083  1
827  0  1.36862  1.74212  10675.7  2.06759  -0.222435  1
828  0  0.325442  0.127586  10053.7  2.19482  0.181197  1
829  0  0.0744107  -0.042472  9075.44  1.7206  -0.395956  1
830  0  0.650999  0.461956  10534.6  2.08227  -0.204192  1
831  0  -0.0969123  0.994764  10809  1.961  -0.126208  1
832  0  -0.76604  -1.32093  10701.7  2.00318  -0.241359  1
833  0  0.946919  -1.11188  10622.4  2.00776  -0.131785  1
834  0  0.44671  -0.0484856  9934.27  0.547755  0.0702221  1
835  0  0.149808  -1.26321  10625.9  2.01149  -0.188834  1
836  0  0.855627  -0.410523  10578.5  2.04976  -0.031624  1
837  0  -0.84395  1.70571  10882.3  1.97918  -0.197112  1
838  0  0.0183759  0.108635  11590.9  1.50124  0.147011  1
839  0  0.75995  0.0734735  10505.2  1.29199  -0.332307  1
840  0  0.924633  -0.381389  10616  2.03094  -0.0227261  1
841  0  -0.0354954  -0.501778  10506.7  2.09393  -0.280195  1
842  0  -0.0817492  -0.335571  10501  2.09378  -0.345835  1
843  0  0.548091  0.126893  9760.03  2.19579  -0.232054  1
844  0  0.575556  0.403707  10470.9  2.11773  -0.182874  1
845  0  0.230053  0.150203  10452.3  2.15856  0.290066  1
846  0  0.840266  -0.0245611  10620.1  0.640228  0.0603966  1
847  0  0.576073  0.21634  10150.4  2.27021  -0.239217  1
848  0  -1.69503  -0.894953  10747.2  1.98799  -0.236326  1
849  0  0.933018  -0.067632  10747.3  1.5718  0.104047  1
850  0  0.97919  0.0937693  10832.6  2.01614  -0.329488  1
851  0  -0.147534  -0.182105  10657.6  2.01334  -0.418626  1
852  0  1.1597  -1.01861  10636.5  1.99615  -0.119874  1
853  0  1.20507  0.328227  10724  1.97419  -0.216626  1
854  0  1.21524  0.480067  10698.7  1.99768  -0.207552  1
855  0  0.817252  -0.0257956  10564.2  0.684592  0.0491403  1
856  0  0.59764  0.150358  9963.2  2.46063  -0.335408  1
857  0  0.52427  0.128428  9750.93  2.21273  -0.177274  1
858  0  -0.0761443  0.21989  11180.6  1.76704  -0.0709238  1
859  0  -0.871926  -0.59377  10739.3  2.00233  -0.263064  1
860  0  1.23477  0.0500945  10801.5  1.80793  -0.203112  1
861  0  -0.857651  0.274423  10851.5  1.97084  -0.240917  1
862  0  0.782576  -0.241375  10522.9  2.09648  0.028894  1
863  0  -0.0257183  0.690477  10822.6  1.9686  -0.109929  1
864  0  0.402437  -0.0464308  9834.65  0.378558  0.00235084  1
865  0  0.484625  0.180501  9962.74  2.42591  -0.118939  1
866  0  -0.024366  0.153786  11371.3  1.6372  -0.00780729  1
867  0  -0.0124254  0.00904727  11727.9  0.735328  -0.92849  1
868  0  -1.28823  1.02567  10849.2  1.98652  -0.24674  1
869  0  0.740961  0.0811138  10470  1.46002  -0.360429  1
870  0  0.515793  -0.109922  10138.8  2.19309  0.0327106  1
871  0  -0.528026  -0.872578  10678.6  2.01815  -0.250133  1
872  0  0.381708  -0.0769868  9830.28  1.64278  -0.0128632  1
873  0  -0.0501511  0.1238  11470.2  1.57983  -0.0896367  1
874  0  0.310368  0.298572  10488.1  2.11619  0.0132973  1
875  0  0.410158  0.302713  10368.3  2.17118  -0.0617983  1
876  0  0.333254  -0.0932668  9809.31  2.19995  -0.0668695  1
877  0  0.94949  1.02473  10677.4  2.00124  -0.199586  1
878  0  -0.245607  -0.0474761  10922.8  1.88892  -0.348079  1
879  0  0.735362  -0.176244  10451.2  2.1718  0.062892  1
880  0  0.624986  -0.0835283  10280.1  1.74441  0.0863251  1
881  0  -0.040449  -1.74999  10680.4  1.96094  -0.214057  1
882  0  0.403511  0.214414  10168.2  2.26525  -0.0105991  1
883  0  0.016725  0.298725  11013.8  1.85906  -0.00121784  1
884  0  0.433614  0.164507  9962.54  2.46221  -0.0147385  1
885  0  -0.324072  0.0967499  10986.1  1.8745  -0.251097  1
886  0  0.662801  0.166774  10206.3  2.31002  -0.381185  1
887  0  0.8871  -0.0447933  10688.1  1.19525  0.105903  1
888  0  0.92256  -0.0430607  10749.1  1.20844  0.0926966  1
889  0  0.203779  -0.160675  9878.28  2.38649  -0.270195  1
890  0  0.230653  -0.18671  9962.23  2.33828  -0.232089  1
891  0  0.0436278  -0.566527  10493.9  2.10213  -0.251825  1
892  0  0.179908  0.281191  10734  1.9982  0.079458  1
893  0  0.719719  0.0867681  10346  1.5761  -0.372877  1
894  0  1.72083  -1.19591  10658.1  1.97597  -0.141757  1
895  0  -0.048  0.0572677  11703.3  1.37012  -0.284015  1
896  0  0.603037  -0.289139  10372.3  2.15943  -0.025173  1
897  0  0.89804  -0.0861585  10692.5  1.75228  0.115279  1
898  0  0.908326  0.0967345  10765.5  2.03155  -0.370807  1
899  0  0.577384  -0.066418  10184.9  1.30045  0.0843295  1
900  0  0.860325  -0.13079  10621.3  2.04406  0.100949  1
901  0  0.85979  -0.0199519  10640.5  0.568584  0.0585635  1
902  0  0.493675  0.26462  10248.4  2.22235  -0.13131  1
903  0  0.141064  0.582874  10765.9  1.99373  -0.0882841  1
904  0  0.212364  0.326633  10675.7  2.02556  0.0283429  1
905  0  -0.0483305  -0.126906  10453.6  2.07936  -0.579174  1
906  0  0.215803  0.111703  10427.5  2.03935  0.380267  1
907  0  0.197511  0.506434  10732.6  2.01201  -0.068364  1
908  0  -0.479446  -1.11917  10675.9  2.01071  -0.241258  1
909  0  0.0655186  0.222364  11063.4  1.82895  0.109064  1
910  0  0.230474  -0.452521  10361.9  2.16273  -0.21973  1
911  0  0.367492  -0.388416  10310.7  2.18592  -0.151625  1
912  0  -0.442053  0.644426  10876.5  1.95832  -0.145457  1
913  0  0.81386  -0.198791  10556.4  2.10234  0.0527865  1
914  0  -0.48861  1.40492  10840.4  1.96112  -0.127795  1
915  0  0.691334  0.14586  10259.6  2.30781  -0.431866  1
916  0  0.867983  -0.206829  10610.7  2.07021  0.0486152  1
917  0  0.849014  0.105415  10689.8  2.10017  -0.405129  1
918  0  1.43771  -0.97918  10654.4  1.97965  -0.124603  1
919  0  1.01515  0.0635414  10871.2  1.85528  -0.310602  1
920  0  -0.110245  -0.00421938  11165.4  1.71356  -0.488749  1
921  0  0.0448323  0.0578347  11838.1  1.223  0.422287  1
922  0  0.624792  -0.399825  10443.1  2.12595  -0.0559795  1
923  0  0.128749  0.256307  10859.9  1.93957  0.0956822  1
924  0  0.968352  -0.0568303  10793.5  1.44782  0.0963617  1
925  0  0.994987  -0.0716656  10822.5  1.61004  0.0926453  1
926  0  -1.77592  -0.573357  10766.3  1.98741  -0.235383  1
927  0  0.445971  -0.086556  9988.83  1.97591  0.0202336  1
928  0  0.447999  0.345873  10413  2.14859  -0.104228  1
929  0  0.789796  0.0939964  10606.5  2.00108  -0.445291  1
930  0  0.671517  -0.301713  10433.6  2.13007  -0.0134291  1
931  0  0.652686  -0.129439  10328.5  2.17897  0.0770712  1
932  0  0.639917  0.142979  10078.5  2.4139  -0.399039  1
933  0  -0.112842  0.587013  10869.2  1.9504  -0.104833  1
934  0  0.143028  0.137229  10860.2  1.90578  0.334387  1
935  0  0.13594  -0.0889969  9603.49  2.55631  -0.396841  1
936  0  0.00718852  0.182346  11261.7  1.71603  0.0486508  1
937  0  -0.0331783  0.0884329  11651.5  1.46811  -0.099289  1
938  0  -1.22519  0.0440596  10810.8  1.98351  -0.257138  1
939  0  -1.36476  1.76751  10867.4  1.97781  -0.233703  1
940  0  0.191344  1.76517  10762.4  2.01697  -0.203089  1
941  0  -0.0633469  -0.00234069  11256.9  1.59372  -0.632312  1
942  0  -0.41964  -0.231323  10767.9  1.97992  -0.292877  1
943  0  0.589383  1.29841  10713.4  1.99179  -0.181649  1
944  0  -1.73447  -1.30722  10734.3  1.98741  -0.233704  1
945  0  0.846025  -1.24049  10624.4  2.00916  -0.146563  1
946  0  0.60214  -0.168465  10305.8  2.2559  0.030146  1
947  0  1.32723  0.235036  10764.5  1.97155  -0.208266  1
948  0  0.413642  0.130943  9848.56  2.20265  0.0373158  1
949  0  1.01197  -0.662397  10623.4  2.01427  -0.0854644  1
950  0  0.310736  -0.0886164  9712.08  2.1562  -0.0960412  1
951  0  -0.0432698  -0.0551664  10657.3  1.85857  -0.763323  1
952  0  -0.0708218  -0.0826046  10699.6  1.93038  -0.602283  1
953  0  0.707896  -0.0353003  10393.2  0.625995  0.056502  1
954  0  0.638577  0.291353  10363.7  2.16055  -0.254337  1
955  0  0.330164  0.169447  10196  2.3134  0.127368  1
956  0  -0.0414918  1.46014  10792.1  1.9416  -0.14237  1
957  0  0.249059  -0.0473892  9552.38  0.569594  -0.0171014  1
958  0  0.426577  -0.398567  10337  2.17459  -0.126643  1
959  0  0.783705  0.118476  10551.9  2.17075  -0.448231  1
960  0  0.612516  0.114863  9861.11  2.0059  -0.332996  1
961  0  0.808008  -0.597208  10566.7  2.05182  -0.0884683  1
962  0  0.0626964  0.788921  10787.4  1.97702  -0.119753  1
963  0  0.456038  -0.188983  10136  2.3144  -0.0535749  1
964  0  0.593861  -1.00725  10586.6  2.03313  -0.159327  1
965  0  0.186782  1.21231  10760.6  1.95963  -0.160621  1
966  0  -0.388533  -0.0514025  10874.4  1.93094  -0.285966  1
967  0  0.947796  -0.17745  10695.1  2.03673  0.0530169  1
968  0  1.01261  0.279223  10704.7  1.98793  -0.261292  1
969  0  1.23287  -0.694898  10656.5  1.9926  -0.0955123  1
970  0  0.356671  -0.170755  10001.1  2.3834  -0.111361  1
971  0  0.762646  -0.147091  10498.7  2.14671  0.0818927  1
972  0  -1.75554  -1.75554  10723.6  1.98843  -0.231378  1
973  0  0.609016  0.204135  10160.6  2.26516  -0.288192  1
974  0  0.14325  -0.215229  10057.6  2.30757  -0.326071  1
975  0  0.996526  -0.408684  10646.2  2.00696  -0.0344881  1
976  0  0.817761  0.241446  10564  2.05446  -0.307925  1
977  0  1.75436  -1.76577  10657.1  1.99372  -0.13295  1
978  0  0.209414  -0.749556  10521.3  2.08317  -0.19752  1
979  0  -0.744648  0.540743  10865.2  1.97605  -0.213926  1
980  0  0.646812  -0.0762169  10330.5  1.64039  0.0827135  1
981  0  0.523854  -0.535597  10453.8  2.1273  -0.119592  1
982  0  0.820816  -0.0627789  10571.4  1.47368  0.114601  1
983  0  -1.77458  1.77458  10860.3  1.98402  -0.228877  1
984  0  -1.44315  0.00224466  10803.4  1.98525  -0.247621  1
985  0  -0.361584  1.23935  10830.8  1.94766  -0.126644  1
986  0  0.55494  -0.0416196  10146.9  0.470481  0.0365631  1
987  0  0.511444  -0.0426778  10028.7  0.417761  0.0638579  1
988  0  0.828548  0.0835654  10686.3  1.91921  -0.408047  1
989  0  -0.0184258  -0.158759  10305.8  2.16238  -0.53147  1
990  0  0.515159  -0.136809  10161.5  2.30575  0.00770706  1
991  0  1.36784  0.543425  10699.8  1.99934  -0.200733  1
992  0  0.778189  -0.0598023  10514.8  1.37604  0.1118  1
993  0  1.14547  -1.47367  10641.7  1.98412  -0.142355  1
994  0  0.145703  -0.147411  9839.39  2.37314  -0.350338  1
995  0  0.38768  -0.293223  10214.3  2.23703  -0.125005  1
996  0  -1.4116  -1.32643  10728.2  1.98972  -0.237142  1
997  0  0.793062  1.638  10710.6  2.04303  -0.202528  1
998  0  -0.821874  -0.822203  10718  2.00648  -0.255067  1
999  0  -1.37617  0.750433  10841  1.98657  -0.245958  1
1000  0  0.109728  0.343091  10856.7  1.94161  0.0145727  1
1001  0  -1.02326  -1.79327  10717.7  1.98868  -0.233489  1
1002  0  0.0390222  0.404014  10892.4  1.93523  -0.0412801  1
1003  0  -0.566557  -0.214298  10788.7  1.9758  -0.269521  1
1004  0  -1.80306  1.03606  10845  1.98622  -0.231798  1
1005  0  0.41098  -0.158759  10032.6  2.37977  -0.0653485  1
1006  0  0.0648463  -1.1246  10615.9  2.02249  -0.198107  1
1007  0  0.539303  0.214194  10118.2  2.28275  -0.192619  1
1008  0  -0.278134  -0.429242  10646.8  2.02951  -0.287771  1
1009  0  0.468819  -0.137168  10082.7  2.33793  -0.0124963  1
1010  0  0.876545  0.090361  10753.8  2.00086  -0.387396  1
1011  0  -0.515742  0.123191  10896.5  1.93199  -0.235387  1
1012  0  0.711605  -0.114335  10412.9  2.09397  0.102189  1
1013  0  0.738573  0.121428  10413.9  2.22124  -0.465641  1
1014  0  0.330132  0.359843  10526  2.10023  -0.030107  1
1015  0  0.134065  0.193334  10906.9  1.90181  0.198422  1
1016  0  0.917796  0.068315  10805.8  1.8636  -0.350596  1
1017  0  0.0283629  -0.0315571  8579.8  1.96059  -0.746443  1
1018  0  0.246256  0.239067  10542.4  2.09317  0.117885  1
1019  0  0.92924  0.0310053  10836.3  0.999518  -0.206075  1
1020  0  0.43873  0.932907  10707.8  2.00917  -0.154457  1
1021  0  0.527565  0.169038  9947.8  2.46777  -0.204725  1
1022  0  0.334059  0.214178  10287.8  2.20563  0.0703685  1
1023  0  -0.0702135  -1.08268  10623.3  2.02206  -0.210969  1
