0  2  1  0  17416.5  -1.48416e-17  -2.57479e-18  1
1  1  2  2  17352.8  1.85282  0.315823  1
2  1  2  -2  17377.5  2.19016  0.323451  1
3  3  -2  -2  17758.4  1.96685  0.362626  1
4  3  -2  2  17332.7  1.96457  0.367377  1
10  1  2  1.6  17319.3  1.8292  0.326096  1
11  1  2  1.2  17319.3  1.72841  0.322006  1
12  1  2  0.8  17319.3  1.5578  0.276733  1
13  1  2  0.4  17319.3  1.66776  0.318716  1
14  1  2  5.50449e-12  17319.3  2.00804  0.377644  1
15  1  2  -0.4  17319.3  2.09255  0.321307  1
16  1  2  -0.8  17319.3  1.97742  0.279087  1
17  1  2  -1.2  17319.3  1.95073  0.244048  1
18  1  2  -1.6  17319.3  2.19722  0.254049  1
19  0  1.6  -2  17478.8  1.96685  0.362626  1
20  0  1.2  -2  17622  1.96685  0.362626  1
21  0  0.8  -2  17703.8  1.96685  0.362626  1
22  0  0.4  -2  17727.1  1.96685  0.362626  1
23  0  5.50449e-12  -2  17796  1.96685  0.362626  1
24  0  -0.4  -2  17823.6  1.96685  0.362626  1
25  0  -0.8  -2  17801.8  1.96685  0.362626  1
26  0  -1.2  -2  17788.4  1.96685  0.362626  1
27  0  -1.6  -2  17780.2  1.96685  0.362626  1
28  3  -2  -1.6  17736.6  1.96685  0.362626  1
29  3  -2  -1.2  17695.9  1.96685  0.362626  1
30  3  -2  -0.8  17649.4  1.96685  0.362626  1
31  3  -2  -0.4  17598.6  1.96685  0.362626  1
32  3  -2  -5.50449e-12  17535.1  1.96685  0.362626  1
33  3  -2  0.4  17469.2  1.96685  0.362626  1
34  3  -2  0.8  17413.5  1.96685  0.362626  1
35  3  -2  1.2  17369.3  1.96685  0.362626  1
36  3  -2  1.6  17341.5  1.96685  0.362626  1
37  0  -1.6  2  17325.9  1.95803  0.37385  1
38  0  -1.2  2  17312.2  1.94245  0.400191  1
39  0  -0.8  2  17297.6  1.92252  0.44281  1
40  0  -0.4  2  17255.2  1.90459  0.451431  1
41  0  -5.50449e-12  2  17224.9  1.88974  0.403144  1
42  0  0.4  2  17233  1.88198  0.33843  1
43  0  0.8  2  17262.7  1.87851  0.321493  1
44  0  1.2  2  17299.3  1.86944  0.319383  1
45  0  1.6  2  17348.1  1.8601  0.304633  1
46  2  0.979457  0.00729761  17095.7  0  0  1
47  2  0.958812  0.0143164  17023.6  0  0  1
48  2  0.937921  0.0205681  16966.6  0  0  1
49  2  0.916909  0.0264056  16915.5  0  0  1
50  2  0.895838  0.0320227  16866.3  0  0  1
51  2  0.874731  0.0375045  16818.1  0  0  1
52  2  0.853591  0.0428615  16784.8  0  0  1
53  2  0.832422  0.0480987  16723  0  0  1
54  2  0.811223  0.0532121  16668.3  7.37873e-17  -1.44152e-17  1
55  2  0.789993  0.058197  16646.1  9.89066e-17  -1.82145e-17  1
56  2  0.768735  0.0630609  16571.3  0  0  1
57  2  0.747443  0.067774  16483.6  0  0  1
58  2  0.726119  0.0723393  16453.1  0  0  1
59  2  0.704757  0.0767249  16426.8  0  0  1
60  2  0.683359  0.0809329  16379.2  0  0  1
61  2  0.661921  0.0849253  16362  -6.07835e-17  7.90897e-18  1
62  2  0.640441  0.0886916  16406.6  -7.22596e-17  4.06557e-18  1
63  2  0.618918  0.092199  16368.8  0  0  1
64  2  0.597347  0.0954051  16287.6  0  0  1
65  2  0.575735  0.0983117  16256  -1.64453e-16  1.13561e-17  1
66  2  0.55408  0.100883  16200.3  -1.49363e-16  6.07321e-18  1
67  2  0.532388  0.103127  16159  0  0  1
68  2  0.510664  0.105027  16068.1  0  0  1
69  2  0.488912  0.106585  15993.3  0  0  1
70  2  0.467139  0.107794  15921.2  0  0  1
71  2  0.445348  0.10865  15849.6  0  0  1
72  2  0.423547  0.109143  15796.2  0  0  1
73  2  0.40174  0.109262  15734.8  1.9718e-16  1.00993e-17  1
74  2  0.379934  0.109009  15660.4  0  0  1
75  2  0.358136  0.108372  15587  0  3.08149e-33  1
76  2  0.336353  0.107348  15547.6  0  0  1
77  2  0.314593  0.105918  15516.3  0  0  1
78  2  0.292863  0.104088  15428.9  0  0  1
79  2  0.271172  0.101842  15345.9  0  0  1
80  2  0.249529  0.0991724  15356.4  0  0  1
81  2  0.227946  0.0960552  15325.3  0  0  1
82  2  0.206434  0.0924773  15269.7  -5.29173e-16  -1.07546e-16  1
83  2  0.185012  0.0884002  15199.7  0  0  1
84  2  0.163698  0.0837897  15148.2  1.7729e-16  4.19665e-17  1
85  2  0.142521  0.0785864  15057.9  0  0  1
86  2  0.121518  0.0727238  15006.3  0  0  1
87  2  0.10074  0.0661061  14922.3  1.02971e-16  5.22512e-17  1
88  2  0.0802676  0.0585998  14824.5  0  0  1
89  2  0.0602215  0.0500218  14823.7  0  0  1
90  2  0.0408177  0.0400822  14726.4  0  0  1
91  2  0.0225016  0.0282719  14265.9  0  0  1
92  2  0.00661718  0.0134284  15812.3  -4.39957e-16  -2.46474e-16  1
93  2  0.00314893  -0.00554156  18348  9.28651e-17  3.42772e-17  1
94  2  0.0221613  -0.0158815  18860.6  0  0  1
95  2  0.0432593  -0.0213209  18656.2  0  0  1
96  2  0.0648272  -0.0245078  18398  1.61191e-16  1.67686e-18  1
97  2  0.0865557  -0.0263354  18231.9  0  0  1
98  2  0.108343  -0.0272513  18164.9  -1.03499e-16  -6.70428e-18  1
99  2  0.130148  -0.0275037  18087.8  0  0  1
100  2  0.151953  -0.0272398  18047.1  -1.16532e-16  -3.92898e-18  1
101  2  0.173751  -0.0265846  17990.6  2.2391e-16  1.13899e-17  1
102  2  0.195536  -0.0256087  17978.9  0  0  1
103  2  0.217309  -0.0243839  17997.2  0  0  1
104  2  0.239069  -0.0229474  17976.8  0  0  1
105  2  0.260819  -0.0213643  17979.1  -4.4824e-16  -2.85495e-17  1
106  2  0.282559  -0.0196473  17987.1  -2.32366e-16  -1.58777e-17  1
107  2  0.304292  -0.0178546  17973.9  0  0  1
108  2  0.326019  -0.0159851  17979.9  2.92305e-16  1.78378e-17  1
109  2  0.347744  -0.0140846  17988  0  0  1
110  2  0.369467  -0.0121646  17984.2  5.46509e-17  5.92268e-18  1
111  2  0.391188  -0.0102334  17977.1  0  0  1
112  2  0.412911  -0.00831465  17983.1  -3.3109e-16  -2.64867e-17  1
113  2  0.434634  -0.0064002  17990.2  0  0  1
114  2  0.456361  -0.00451983  17997.7  2.84281e-16  2.20948e-17  1
115  2  0.47809  -0.00267534  18003.4  0  0  1
116  2  0.499823  -0.000871858  18012.6  -1.19903e-16  -1.02115e-17  1
117  2  0.52156  0.000869128  18019  0  0  1
118  2  0.543302  0.00255601  18025.2  -3.15431e-16  -2.23651e-17  1
119  2  0.56505  0.00416968  18034.1  0  0  1
120  2  0.586804  0.00570031  18027.4  0  0  1
121  2  0.608563  0.0071495  18035.5  0  0  1
122  2  0.630329  0.00849377  18031.1  0  0  1
123  2  0.652101  0.00973265  18035.8  0  0  1
124  2  0.673879  0.0108573  18042.9  -1.21885e-16  -3.72088e-18  1
125  2  0.695664  0.0118548  18037.9  0  0  1
126  2  0.717454  0.0127221  18037.7  2.89145e-16  4.55653e-18  1
127  2  0.73925  0.0134371  18023.4  0  0  1
128  2  0.76105  0.0139894  18027.4  -1.28999e-16  -2.60055e-18  1
129  2  0.782854  0.0143639  18023.1  0  0  1
130  2  0.804661  0.0145354  18022.8  0  0  1
131  2  0.826468  0.0144918  18029.7  0  0  1
132  2  0.848274  0.0142114  18030.8  0  0  1
133  2  0.870074  0.0136608  18025.4  0  0  1
134  2  0.891864  0.0127935  18013.6  0  0  1
135  2  0.913636  0.0115523  17997.9  0  0  1
136  2  0.935374  0.00983167  17962  0  0  1
137  2  0.957053  0.00747764  17915.5  0  0  1
138  2  0.978621  0.00427205  17783.6  0  0  1
268  0  0.825305  -0.944584  17711.3  1.94077  0.208894  1
269  0  0.900092  -0.438239  17755.5  1.87001  0.132293  1
270  0  0.340176  -0.609749  17867.4  1.80088  0.18404  1
271  0  -0.292765  -0.560362  17811.7  1.80806  0.402184  1
272  0  -0.774127  0.837657  17300.3  1.97065  0.400485  1
273  0  0.146774  1.02141  17091.2  2.04399  0.360395  1
274  0  1.04664  0.88704  17186.8  1.9014  0.143416  1
275  0  -0.72134  0.0884608  17503  1.9125  0.424434  1
276  0  -0.215376  0.56413  17098.6  2.04058  0.495262  1
277  0  0.224145  0.566864  16789.2  2.18681  0.37961  1
278  0  0.685365  0.565598  16918.2  2.09729  0.069022  1
279  0  0.580541  -0.325385  17896.2  1.77723  0.157994  1
280  0  1.14142  0.43066  17229.9  1.89181  -0.0678884  1
281  0  0.288185  -0.316925  17962.3  1.73158  0.127346  1
282  0  0.0315917  -0.297438  18015.9  1.69392  0.303273  1
283  0  0.0162684  0.368646  16735.9  2.20176  0.554884  1
284  0  -0.149567  0.196249  17095.1  2.00785  0.720891  1
285  0  0.460132  0.393058  16571.7  2.26228  0.18829  1
286  0  0.778628  -0.228113  17869.5  1.76909  0.110565  1
287  0  -0.349941  -0.142261  17711.6  1.79894  0.506658  1
288  0  0.953703  -0.176056  17776.4  1.84093  -0.00176859  1
289  0  0.231177  0.312804  16327.2  2.38143  0.426716  1
290  0  0.644553  0.291912  16597.2  2.21571  -0.027838  1
291  0  0.909258  0.28448  16981.8  2.13525  -0.160591  1
292  0  0.440001  -0.191504  17960.7  1.71251  0.120832  1
293  0  0.612436  -0.160465  17952.7  1.70154  0.138069  1
294  0  -0.960116  -0.50093  17664.8  1.89305  0.297664  1
295  0  0.167895  -0.19466  18060.4  1.68084  0.165977  1
296  0  0.0340456  -0.157964  18203.6  1.57574  0.280423  1
297  0  0.309008  -0.152996  17994.2  1.71053  0.0964781  1
298  0  0.118154  0.223454  16190.1  2.41062  0.623247  1
299  0  0.374755  0.2597  16205.3  2.39267  0.214515  1
300  0  0.507745  0.259873  16377.2  2.29749  0.0654351  1
301  0  1.0521  0.181422  17224.2  1.90574  -0.351727  1
302  0  -0.147238  0.0311883  17560.5  1.74058  0.773485  1
303  0  0.713437  -0.107442  17959.7  1.73928  0.0824246  1
304  0  0.853441  -0.1057  17898.4  1.82199  0.0316261  1
305  0  0.0236141  0.158793  16301.5  2.28296  0.859786  1
306  0  1.4577  -0.213702  17479.6  2.0472  0.0393691  1
307  0  0.223485  0.20322  15933  2.51234  0.445418  1
308  0  -0.0155261  -1.25707  17794.5  1.97064  0.2939  1
309  0  0.516  -0.107864  17978.7  1.67833  0.146748  1
310  0  0.766826  0.207415  16683.5  2.27733  -0.116822  1
311  0  -0.0516096  0.0958477  16853.3  1.97831  1.00544  1
312  0  -0.693831  -1.1572  17759.1  1.98013  0.289528  1
313  0  0.872947  0.161697  16827.8  2.04309  -0.234714  1
314  0  0.394459  -0.108472  17981.8  1.68964  0.114044  1
315  0  1.33552  -0.762373  17558.3  1.98865  0.175727  1
316  0  -0.031877  -0.0925944  18310.4  1.43642  0.444685  1
317  0  0.601422  0.204819  16423.5  2.30502  -0.0396415  1
318  0  0.662369  -0.668769  17785.5  1.87903  0.206113  1
319  0  0.934831  -0.0785712  17823.6  1.88812  -0.0456754  1
320  0  1.05461  -0.104323  17659.6  1.93848  -0.0293741  1
321  0  1.20268  0.0353848  17540.5  1.60112  -0.161158  1
322  0  1.12191  -0.378791  17657.2  1.92412  0.0808077  1
323  0  0.239015  -0.111071  18020.9  1.70477  0.105165  1
324  0  0.115819  -0.117436  18179.3  1.61504  0.14061  1
325  0  0.0140228  -0.627848  17866.1  1.77476  0.286635  1
326  0  0.436051  0.198901  16102.4  2.46792  0.0944495  1
327  0  0.627045  -0.07919  17989.1  1.72653  0.1106  1
328  0  0.952133  0.112459  16962.8  1.55884  -0.34563  1
329  0  0.302053  0.185272  15861.9  2.57208  0.304114  1
330  0  0.794512  -0.0632133  17964.8  1.82986  0.0352205  1
331  0  0.367022  0.177591  15924.1  2.58929  0.181128  1
332  0  0.320806  -0.0850656  17991.7  1.71698  0.106698  1
333  0  0.451517  -0.0750088  17987.5  1.6952  0.13975  1
334  0  0.503162  0.176174  16192.5  2.48482  -0.00814309  1
335  0  -0.353811  1.0356  17198.6  2.00674  0.397489  1
336  0  -1.35874  0.456185  17442.3  1.95948  0.417832  1
337  0  0.66397  0.159745  16474.5  2.32656  -0.0757527  1
338  0  0.111851  0.147911  15790.7  2.54472  0.747034  1
339  0  0.471958  0.865472  17020.9  2.06889  0.271097  1
340  0  0.462802  -0.963118  17778.4  1.9351  0.232712  1
341  0  0.733351  0.139047  16516  2.01472  -0.153265  1
342  0  0.796391  0.128877  16657.2  1.75183  -0.201519  1
343  0  1.01126  0.0647928  17191.9  1.12368  -0.321072  1
344  0  -0.433142  0.122953  17463.6  1.90129  0.534829  1
345  0  0.65532  1.42622  17196.6  1.93532  0.288491  1
346  0  -0.196601  -0.249959  17880.9  1.74261  0.457537  1
347  0  0.0421729  -0.0887767  18383.9  1.46157  0.183008  1
348  0  0.184137  0.151179  15656.7  2.65831  0.566499  1
349  0  0.559104  -0.0616006  17998.2  1.71554  0.13427  1
350  0  1.24852  -1.36876  17589.4  2.02938  0.191919  1
351  0  0.878789  -0.0491039  17938.2  1.84085  -0.0115745  1
352  0  -1.35094  -1.05059  17697.2  1.9655  0.350632  1
353  0  -0.55101  0.451587  17314.5  1.9497  0.455535  1
354  0  0.687524  -0.0487459  18003.6  1.78498  0.063744  1
355  0  -0.604678  -0.42472  17708.3  1.83457  0.400605  1
356  0  0.144818  -0.466521  17926.5  1.73826  0.223692  1
357  0  -0.18845  -0.925948  17808  1.87906  0.312467  1
358  0  0.160971  -0.0818188  18087.8  1.69904  0.0834819  1
359  0  -0.0797422  0.013967  17677  1.58217  0.911652  1
360  0  -1.41162  1.11733  17361.3  1.99522  0.410739  1
361  0  0.659318  -1.46716  17723.9  2.02308  0.23079  1
362  0  0.00362628  0.571574  16916  2.12161  0.461323  1
363  0  0.761275  -0.366949  17829.2  1.82132  0.140851  1
364  0  -1.18114  -0.0431755  17550  1.94567  0.387438  1
365  0  0.434691  -0.337262  17921.8  1.7688  0.133531  1
366  0  -0.738408  1.35144  17275.8  2.02675  0.427208  1
367  0  0.0778989  0.109508  15572.9  2.61347  0.949775  1
368  0  -0.321141  0.354292  17213.3  1.99924  0.562659  1
369  0  0.979458  -0.0471718  17723  1.93033  -0.100066  1
370  0  0.254851  0.152766  15651.4  2.70545  0.399868  1
371  0  0.751744  -0.0331612  17989.1  1.74179  0.0301232  1
372  0  0.517496  -0.481696  17865.2  1.80101  0.169383  1
373  0  0.0283375  0.0883556  15831.8  2.36384  1.19808  1
374  0  1.5665  0.29747  17313.7  1.66075  -0.103072  1
375  0  -0.141725  -0.413224  17890.3  1.76022  0.386393  1
376  0  0.271883  -0.0597069  17993.7  1.74442  0.106002  1
377  0  0.406239  -0.0566975  17973.4  1.69577  0.131555  1
378  0  0.494856  -0.0460151  17992.6  1.68544  0.139348  1
379  0  -0.0948397  1.45299  17200  1.96193  0.396995  1
380  0  0.884877  -0.294095  17796.1  1.82419  0.095072  1
381  0  1.49806  0.728063  17313.3  1.69835  0.0976939  1
382  0  1.25757  -0.170803  17577.7  2.00103  0.0125367  1
383  0  0.600669  -0.0384101  18010.8  1.72062  0.104097  1
384  0  0.550745  0.142581  16236.5  2.24595  -0.0796088  1
385  0  0.191884  -0.859971  17824.8  1.87682  0.255688  1
386  0  0.83824  -0.0254891  17983.5  1.70907  0.0104824  1
387  0  0.936037  -0.685413  17702.6  1.91554  0.173243  1
388  0  0.361564  -0.0560024  17980.9  1.71234  0.117752  1
389  0  0.924119  -0.027229  17911.9  1.77176  -0.080092  1
390  0  0.906525  0.0856986  16862.4  1.11884  -0.235404  1
391  0  0.647238  -0.0270863  18020.1  1.68548  0.0796494  1
392  0  0.338692  0.384597  16492.6  2.30219  0.307971  1
393  0  -0.553708  -0.756745  17745.3  1.91205  0.364211  1
394  0  0.0968247  -0.0747885  18225.7  1.60306  0.0717041  1
395  0  -0.330451  -0.367271  17793.7  1.79748  0.439909  1
396  0  0.616818  0.141837  16363.3  2.13409  -0.0783699  1
397  0  0.144494  0.426661  16638.7  2.24744  0.456095  1
398  0  0.523504  -0.19088  17950.5  1.70988  0.149365  1
399  0  0.667265  -0.250044  17899  1.75697  0.138024  1
400  0  0.208945  -0.0698361  18019.6  1.74726  0.0983036  1
401  0  -0.116473  0.824513  17087.4  2.05113  0.425976  1
402  0  0.864545  -0.195228  17840.9  1.78655  0.0679146  1
403  0  0.460727  0.620645  16856.1  2.161  0.23802  1
404  0  -1.45258  -0.48066  17623.3  1.95303  0.379048  1
405  0  0.832833  0.0963043  16708.1  1.11262  -0.194759  1
406  0  0.412323  0.154839  15873.1  2.57435  0.0858483  1
407  0  0.457967  0.152102  15979  2.47846  0.00817152  1
408  0  -0.165335  -0.100625  17901.3  1.65883  0.569098  1
409  0  1.41861  1.43284  17278.1  1.8417  0.282905  1
410  0  1.26536  0.250361  17345.1  1.76866  -0.181138  1
411  0  0.166687  0.753794  16961.2  2.10292  0.365337  1
412  0  -0.143123  0.379825  16997.5  2.09242  0.580276  1
413  0  0.162669  -0.323579  17990.4  1.70773  0.196254  1
414  0  0.781717  -0.137645  17914.1  1.75784  0.0772581  1
415  0  0.939177  0.0674032  16939  0.963525  -0.238038  1
416  0  -0.306135  -0.0158492  17621.5  1.8058  0.583974  1
417  0  -0.44426  0.775245  17208.1  1.99472  0.413967  1
418  0  -0.832933  -0.182958  17605  1.88388  0.366117  1
419  0  -0.93381  0.443425  17405.2  1.92786  0.422293  1
420  0  1.10342  0.0173836  17506.5  1.23007  -0.149483  1
421  0  -0.0665348  -0.201258  18058.6  1.64318  0.406392  1
422  0  0.578907  -0.121084  17969.3  1.69018  0.142962  1
423  0  1.04213  -0.0464043  17606.1  1.90431  -0.0289029  1
424  0  0.334942  -0.459908  17905  1.76986  0.15332  1
425  0  0.35964  -0.234915  17966.6  1.72493  0.0987763  1
426  0  0.919423  0.499326  17055.5  1.98807  -0.0391929  1
427  0  -0.0435014  0.251259  16736.9  2.17658  0.702846  1
428  0  0.0809329  -0.240757  18069.2  1.66975  0.254486  1
429  0  0.317178  0.149536  15685.5  2.67199  0.266963  1
430  0  -1.07104  -1.4866  17753.3  1.97313  0.311852  1
431  0  0.0259118  -0.0607917  18576.2  1.30228  0.16676  1
432  0  0.143917  0.120639  15466.7  2.71973  0.708054  1
433  0  0.277398  0.2526  16121.6  2.44118  0.355585  1
434  0  1.07721  -0.550034  17666.9  1.92583  0.129931  1
435  0  -0.423744  -1.51402  17796.4  2.02835  0.305668  1
436  0  0.129347  0.328624  16482.1  2.3101  0.515925  1
437  0  0.0115559  -0.446272  17929.6  1.73818  0.296395  1
438  0  0.794112  0.341406  16850.1  2.14171  -0.103593  1
439  0  0.232215  -0.172029  18024.6  1.70507  0.119136  1
440  0  -0.0197658  0.0575822  16714.1  1.87738  1.30234  1
441  0  -0.279981  0.147424  17365.8  1.91257  0.637097  1
442  0  0.794115  -0.0218552  18004.1  1.67222  0.0264924  1
443  0  1.06107  -0.2506  17689.4  1.90023  0.036747  1
444  0  0.685558  -0.187752  17920.7  1.72836  0.121144  1
445  0  0.444081  0.27651  16320.6  2.33406  0.14259  1
446  0  0.336193  -1.29633  17770.4  1.95078  0.243438  1
447  0  0.783218  -0.537018  17780  1.85698  0.174505  1
448  0  -0.940332  -0.868217  17702.2  1.97176  0.273567  1
449  0  0.681425  0.117936  16411.9  1.53095  -0.110951  1
450  0  -0.0471951  -0.0373268  18283.7  1.31251  0.697951  1
451  0  0.207857  0.130408  15499.2  2.73014  0.520552  1
452  0  -0.598045  -0.0539132  17582.8  1.87446  0.450971  1
453  0  0.463471  -0.137018  17970.7  1.68471  0.132765  1
454  0  -1.11295  0.799772  17363.5  1.96246  0.455724  1
455  0  0.789717  0.890149  17113.9  1.98602  0.172346  1
456  0  0.99741  -0.114704  17721.3  1.89767  -0.0506866  1
457  0  0.532882  -0.0330854  18018.2  1.67057  0.128625  1
458  0  -0.0331397  0.0135563  17637  1.45403  1.21219  1
459  0  0.180379  0.263097  16204  2.42901  0.491429  1
460  0  0.181909  -0.138636  18069.5  1.68618  0.127347  1
461  0  0.566347  0.339512  16560.7  2.23617  0.0483411  1
462  0  0.448662  -0.0420898  17995.4  1.6722  0.138604  1
463  0  0.318087  -0.0509903  17992  1.72445  0.114743  1
464  0  0.701509  -0.0237944  18023.4  1.67523  0.0422815  1
465  0  -1.21627  1.57255  17315.6  1.98011  0.387168  1
466  0  1.01714  -0.341846  17713  1.89214  0.0737969  1
467  0  0.62981  -0.468289  17842.1  1.81494  0.174039  1
468  0  0.507895  1.20523  17143.9  1.98835  0.294811  1
469  0  0.911485  -0.131809  17821.7  1.83442  0.00228708  1
470  0  0.982236  0.048573  17078.2  0.8535  -0.248844  1
471  0  0.596545  -0.247924  17917  1.74773  0.151705  1
472  0  1.01694  1.36995  17227.7  1.89946  0.272183  1
473  0  0.654189  -0.128804  17960.2  1.70565  0.118055  1
474  0  1.13383  -0.937391  17613.2  1.96398  0.197077  1
475  0  0.235655  -0.275715  17994.3  1.70939  0.141784  1
476  0  0.0361348  0.239661  16478.8  2.29512  0.689347  1
477  0  0.74077  0.104481  16481  1.20658  -0.159203  1
478  0  -1.55835  -1.44724  17731.2  1.96435  0.379137  1
479  0  1.52194  0.0741787  17368.4  1.84666  -0.0789669  1
480  0  0.141947  -0.0613  18113.7  1.70625  0.0548749  1
481  0  1.39378  -0.487894  17531.8  2.00481  0.125635  1
482  0  -1.60015  0.138416  17506.6  1.96701  0.39824  1
483  0  1.12026  -0.0491811  17605.7  1.79209  -0.00554318  1
484  0  0.50369  -0.696372  17819.5  1.864  0.202337  1
485  0  0.502183  0.143196  16110.5  2.33365  -0.0516107  1
486  0  0.58269  0.486574  16772  2.17799  0.0987025  1
487  0  0.367897  0.145755  15777.8  2.60611  0.154946  1
488  0  0.247428  0.416516  16567.4  2.27653  0.388432  1
489  0  0.36617  -0.171459  17978.1  1.71079  0.0963384  1
490  0  0.737112  -0.0832523  17967.7  1.78152  0.0592455  1
491  0  -0.994059  1.15865  17313.9  2.0419  0.437068  1
492  0  -0.132746  -0.738941  17831.1  1.81278  0.321392  1
493  0  0.475806  -0.274811  17931.2  1.7539  0.137905  1
494  0  0.000709963  -0.0338317  18778.5  0.836454  0.308742  1
495  0  -0.120687  -0.0329209  17870.3  1.59989  0.698748  1
496  0  0.0988678  -1.68623  17779.7  2.07331  0.265749  1
497  0  0.288667  0.726834  16921.9  2.12844  0.328414  1
498  0  0.241461  -0.0595087  18008.2  1.75397  0.104834  1
499  0  1.5943  -1.15112  17462.4  1.9302  0.180794  1
500  0  0.286208  0.139433  15592.4  2.7099  0.325104  1
501  0  0.109858  0.114619  15504.3  2.69344  0.83705  1
502  0  0.959815  -1.27164  17660.1  1.93611  0.206803  1
503  0  -0.118255  -0.288222  17947  1.71892  0.410775  1
504  0  0.165815  -0.597104  17883.2  1.76879  0.222532  1
505  0  0.716409  -1.26081  17720.8  1.93311  0.213314  1
506  0  0.879627  -0.0208728  17987.1  1.69689  -0.0259933  1
507  0  0.162356  0.21043  16039.3  2.46526  0.561709  1
508  0  0.274335  -0.227688  17996.2  1.70956  0.112818  1
509  0  0.320186  0.486557  16670.5  2.23512  0.329629  1
510  0  0.279915  -0.11599  18003.7  1.7068  0.100522  1
511  0  -0.0575031  0.44889  16898  2.13686  0.530446  1
512  0  0.947529  0.191136  16981.5  2.05009  -0.284095  1
513  0  1.05083  0.320103  17181.2  1.98649  -0.157967  1
514  0  -0.387113  -0.776935  17786.7  1.87383  0.361356  1
515  0  0.167187  1.37779  17174.7  1.96064  0.358084  1
516  0  0.0907295  -0.177496  18137.7  1.63096  0.221694  1
517  0  1.09761  0.104678  17400  1.57017  -0.339599  1
518  0  -1.29449  -0.745963  17671.6  1.95748  0.338573  1
519  0  0.561948  0.205672  16368.2  2.33859  -0.0174541  1
520  0  0.573716  0.260895  16456.6  2.26401  0.0100557  1
521  0  0.0749146  -0.0548045  18313.9  1.45188  0.0151038  1
522  0  0.267974  -0.39575  17938.7  1.74524  0.152398  1
523  0  -0.297495  -1.26218  17791.2  1.98948  0.303048  1
524  0  0.618909  -0.840967  17768.5  1.91959  0.217386  1
525  0  1.02259  -0.170112  17716.8  1.88627  -0.0160465  1
526  0  0.658584  0.222208  16520.7  2.27199  -0.060432  1
527  0  -0.0444292  0.171499  16683.3  2.13391  0.850236  1
528  0  -1.59372  0.749863  17411.9  1.96881  0.400542  1
529  0  -0.568818  1.14306  17246.8  2.0174  0.395847  1
530  0  1.03269  -1.71779  17668.2  2.25886  0.265995  1
531  0  0.0153019  0.0574834  15592  2.18592  1.46874  1
532  0  -0.48283  -0.505874  17745.9  1.82772  0.421557  1
533  0  -0.523339  -0.291513  17694.2  1.83074  0.438058  1
534  0  1.09453  0.703137  17190.1  1.86385  0.0662076  1
535  0  -1.5907  1.41212  17342.3  1.97738  0.373764  1
536  0  -0.383323  1.31663  17224.4  2.00058  0.406875  1
537  0  0.758567  1.17041  17162.9  1.96872  0.245841  1
538  0  0.873035  0.0670321  16804.1  0.676065  -0.131246  1
539  0  0.0721933  0.190016  16180.5  2.37921  0.72999  1
540  0  0.956649  -0.0273059  17827.3  1.80716  -0.1264  1
541  0  1.12911  -0.15228  17663.7  1.94353  0.0179225  1
542  0  -0.171571  1.19992  17178.5  2.00022  0.394341  1
543  0  0.797971  -0.302908  17833.9  1.80305  0.119494  1
544  0  0.0587336  0.0812109  15349.5  2.45994  1.10205  1
545  0  0.786168  0.0901612  16619.8  0.890871  -0.164062  1
546  0  1.68145  -0.65808  17442.3  2.02649  0.209895  1
547  0  0.580465  0.137436  16304.4  2.13582  -0.0892379  1
548  0  0.577202  -0.0200268  18020  1.50846  0.0968295  1
549  0  0.188305  -0.0496229  17993.9  1.62309  0.0771515  1
550  0  0.221292  0.164796  15715.9  2.63035  0.466883  1
551  0  0.633676  0.115907  16365.3  1.35667  -0.0717643  1
552  0  1.04844  0.0281355  17358.3  0.788465  -0.175069  1
553  0  0.525578  -0.0637708  17997.7  1.70412  0.142032  1
554  0  1.40774  0.45659  17313.9  1.69743  -0.0331482  1
555  0  0.0717057  -0.13003  18215.2  1.58456  0.198829  1
556  0  -0.976278  0.195363  17476.3  1.93969  0.400906  1
557  0  0.00861589  -0.81378  17834.8  1.83629  0.2901  1
558  0  0.894742  -0.089121  17872.6  1.85553  -0.00542785  1
559  0  0.345254  -0.128804  17985.4  1.70163  0.0981661  1
560  0  0.829908  -0.0732974  17941.9  1.83897  0.0251602  1
561  0  0.0829244  -0.38189  17969.4  1.72088  0.258634  1
562  0  0.382513  -0.0371853  17975.5  1.53747  0.117994  1
563  0  0.176559  0.123514  15467.5  2.74548  0.608322  1
564  0  0.711418  0.11651  16425  1.5194  -0.140611  1
565  0  -0.764705  -0.62652  17703.7  1.90278  0.324404  1
566  0  0.67377  -0.0258802  18028.7  1.69139  0.061461  1
567  0  0.70986  0.194339  16568.8  2.30257  -0.0945222  1
568  0  0.621764  -0.0178318  18018  1.49651  0.0783557  1
569  0  0.724732  -0.0481295  17992.7  1.79341  0.043366  1
570  0  0.609774  0.7152  16985.6  2.07777  0.182682  1
571  0  0.00910043  -0.231614  18073.2  1.65752  0.327733  1
572  0  0.0394447  -1.02869  17806.8  1.92528  0.293537  1
573  0  0.435043  0.135201  15869.2  2.17785  0.0233841  1
574  0  -1.59344  -0.792395  17662.7  1.96302  0.380093  1
575  0  0.335404  0.213837  16012.5  2.48163  0.245586  1
576  0  0.703884  0.428296  16821.5  2.14394  -0.0119164  1
577  0  0.349871  -0.778756  17828.7  1.86777  0.216485  1
578  0  0.180905  1.68975  17211.5  1.9108  0.363841  1
579  0  -0.382075  0.494352  17212.4  1.9961  0.494947  1
580  0  0.668497  -0.0882504  17977.9  1.73482  0.0940637  1
581  0  0.324523  0.309463  16320.9  2.37156  0.301541  1
582  0  0.280069  0.895456  17027.1  2.07305  0.32702  1
583  0  -0.745827  0.607757  17332.2  1.93112  0.411059  1
584  0  0.965863  -0.281088  17752.7  1.85583  0.0596868  1
585  0  -0.254889  0.229887  17233.2  1.97424  0.633854  1
586  0  -0.492886  0.284246  17365.4  1.9389  0.50263  1
587  0  0.502353  -0.404171  17891.9  1.7906  0.155756  1
588  0  -0.129704  -0.612456  17852.1  1.78196  0.340817  1
589  0  1.56316  1.07814  17288.6  1.76762  0.237547  1
590  0  -0.418766  -1.0031  17777.8  1.93353  0.316373  1
591  0  0.732009  0.262129  16682.2  2.21147  -0.0918552  1
592  0  0.264812  -1.05813  17792.2  1.9353  0.258175  1
593  0  0.772796  -0.0100642  18007.4  1.42206  0.0217295  1
594  0  0.815421  -0.00908391  18011  1.42201  0.0160615  1
595  0  0.913203  0.0548326  16888.6  0.56297  -0.114777  1
596  0  -0.99689  -1.14951  17732.2  1.97414  0.290974  1
597  0  0.25857  0.124597  15440.3  2.46655  0.355272  1
598  0  0.147431  0.156943  15753.1  2.58154  0.631657  1
599  0  0.487025  -0.0803205  17986.9  1.68991  0.143359  1
600  0  -1.25663  -0.302187  17599.4  1.93997  0.3679  1
601  0  0.832681  -0.150324  17884  1.77979  0.0645012  1
602  0  0.73162  -0.153554  17925.8  1.73346  0.0966655  1
603  0  0.810265  -0.102645  17924.4  1.80089  0.048279  1
604  0  -0.215346  -0.339814  17859.7  1.76768  0.427781  1
605  0  1.666  -1.46039  17438.8  2.07973  0.160906  1
606  0  0.797776  -0.774143  17733.9  1.91457  0.202857  1
607  0  0.295265  -0.0410523  17975.7  1.57339  0.103061  1
608  0  -0.137603  0.107925  17271.5  1.89178  0.78714  1
609  0  0.338828  -0.0372888  17991.1  1.53557  0.113322  1
610  0  0.0501934  0.456212  16778.6  2.18719  0.490493  1
611  0  0.426027  -0.0307273  17983.3  1.4911  0.119285  1
612  0  0.469276  -0.0265375  18000.2  1.48012  0.121993  1
613  0  0.242268  -0.498762  17911.2  1.75538  0.180954  1
614  0  0.386588  0.312943  16363.8  2.34382  0.233377  1
615  0  0.131313  0.641187  16891.9  2.13485  0.402185  1
616  0  0.0188994  0.723121  16993.9  2.0854  0.414025  1
617  0  0.591  -0.0730811  17993  1.71777  0.125268  1
618  0  0.431786  -0.109833  17978.9  1.68155  0.126059  1
619  0  0.512451  -0.0219738  18008.6  1.46545  0.110738  1
620  0  0.95548  0.0412138  17001.5  0.563359  -0.134899  1
621  0  0.727485  -0.0119754  18017  1.44761  0.0303076  1
622  0  -0.0223803  -0.0157913  18435.7  0.981543  0.976671  1
623  0  0.0491927  -0.0443481  18518.6  1.26343  0.00512339  1
624  0  0.356047  -0.0933545  17985.5  1.70294  0.10715  1
625  0  0.119261  -0.0500805  18149.2  1.55707  0.0226364  1
626  0  -0.277629  0.739451  17133  2.0258  0.452112  1
627  0  -0.503909  1.65529  17256.4  1.95784  0.439163  1
628  0  0.816975  0.178961  16737  2.20315  -0.170463  1
629  0  0.493705  0.321793  16479.4  2.27663  0.116146  1
630  0  0.479287  0.129904  16003.5  1.98093  -0.030947  1
631  0  0.345573  0.13081  15624.6  2.30761  0.169478  1
632  0  0.390401  0.132026  15771.2  2.21838  0.0823168  1
633  0  0.523739  0.126815  16149.2  1.83897  -0.0730403  1
634  0  0.982702  -0.0180231  17667.2  1.6827  -0.158728  1
635  0  0.663126  -0.346919  17865.8  1.79697  0.152721  1
636  0  0.903536  -0.545275  17734.7  1.88358  0.153894  1
637  0  -0.745893  -1.44959  17777.4  1.99551  0.305437  1
638  0  1.00409  0.0252654  17169.8  0.472906  -0.150148  1
639  0  0.197631  -0.101749  18050.7  1.69491  0.106238  1
640  0  -0.0061068  0.121137  16404.2  2.18892  0.989625  1
641  0  0.419176  -0.252579  17949.1  1.73805  0.115667  1
642  0  0.393445  0.215888  16079  2.45302  0.164463  1
643  0  0.541648  -0.143201  17965.6  1.6864  0.150774  1
644  0  1.73374  -0.131041  17350.9  2.10502  0.150026  1
645  0  0.259531  0.187841  15842.3  2.56198  0.37849  1
646  0  0.843668  1.65978  17251.1  1.88874  0.30721  1
647  0  0.876057  0.659479  17074.4  1.97481  0.0590419  1
648  0  0.152993  -0.254948  18036.5  1.68919  0.191957  1
649  0  -0.232949  -0.169886  17830.1  1.7378  0.506633  1
650  0  0.825946  0.254671  16807.6  2.2173  -0.137963  1
651  0  0.0818771  0.273471  16421.5  2.33416  0.60696  1
652  0  0.0404506  0.0647086  15193.8  2.37263  1.29031  1
653  0  -0.658066  -0.214956  17641.7  1.85607  0.409052  1
654  0  -0.201858  -0.0287478  17698.3  1.73128  0.642482  1
655  0  -0.025648  -0.147859  18185  1.55921  0.382076  1
656  0  -0.084977  -0.133242  18086.4  1.58287  0.478293  1
657  0  0.0830156  0.0827765  15127.2  2.45304  0.949335  1
658  0  0.858655  -0.0066128  18013.1  1.41006  -0.0141255  1
659  0  -1.45668  -0.155162  17560.5  1.9633  0.39906  1
660  0  0.901495  -0.00891731  17986.5  1.46596  -0.0522671  1
661  0  0.00624263  -0.120941  18287.6  1.50204  0.325258  1
662  0  -0.712083  0.318154  17405.6  1.92771  0.432385  1
663  0  0.36243  -0.298843  17950.3  1.74304  0.112296  1
664  0  0.45816  0.506254  16726.2  2.21251  0.217489  1
665  0  0.409784  -0.152166  17972.9  1.6969  0.111259  1
666  0  0.141815  -0.159783  18101  1.66267  0.161305  1
667  0  0.163478  -0.048445  18056.2  1.61524  0.0540817  1
668  0  0.867593  0.106737  16780.3  1.37768  -0.223095  1
669  0  0.121589  0.52678  16790  2.18044  0.434797  1
670  0  0.207559  -0.0451954  17999.7  1.56132  0.0818098  1
671  0  -1.65726  0.451009  17450.7  1.96315  0.390694  1
672  0  0.404218  -1.56283  17761.2  2.05101  0.243628  1
673  0  0.192428  0.368715  16484.8  2.30825  0.438114  1
674  0  0.554023  -0.016348  18035.1  1.42058  0.100723  1
675  0  0.0966203  -0.0465121  18228.2  1.46999  -0.00592437  1
676  0  0.476833  0.217164  16232.3  2.38463  0.0656859  1
677  0  1.17867  1.65055  17271.8  1.86169  0.31106  1
678  0  0.234816  0.117225  15425.5  2.40731  0.402134  1
679  0  0.229086  0.252707  16136  2.44418  0.424922  1
680  0  0.634554  -0.206143  17929.5  1.72375  0.14032  1
681  0  0.599  -0.0126838  18025.3  1.39082  0.0840302  1
682  0  0.758834  0.0872369  16518.7  0.70244  -0.132942  1
683  0  1.01309  0.115546  17146.5  1.62295  -0.384003  1
684  0  0.805571  0.0768437  16669.4  0.664617  -0.12984  1
685  0  1.01026  -0.0299334  17546.2  1.84181  -0.0949355  1
686  0  0.12967  -0.0847246  18146.7  1.65613  0.0886714  1
687  0  -0.115211  0.661675  17043.9  2.06034  0.459239  1
688  0  -0.00354469  0.0295826  16164  1.72674  1.76106  1
689  0  0.0988697  -0.306565  18018.4  1.6946  0.24339  1
690  0  0.611144  0.112039  16336.3  1.25766  -0.10262  1
691  0  0.65828  0.107025  16390.4  1.07413  -0.0477034  1
692  0  -0.0587448  0.33585  16834.6  2.15464  0.60753  1
693  0  -0.11893  0.279094  16956.2  2.09107  0.659522  1
694  0  0.272592  -0.0372391  17996.7  1.48921  0.0987838  1
695  0  1.71503  0.528805  17306.2  1.5711  0.0510127  1
696  0  0.833557  -0.248279  17835.6  1.78903  0.0956363  1
697  0  0.403733  -0.0283338  17970.7  1.42422  0.113103  1
698  0  1.41492  -1.70417  17543.9  2.28788  0.149734  1
699  0  0.360293  -0.032221  17982.1  1.44909  0.113981  1
700  0  0.847632  0.0717202  16750.6  0.691007  -0.142503  1
701  0  0.917802  -0.227831  17793.8  1.81433  0.0520701  1
702  0  0.490899  -0.0196147  17993.9  1.37863  0.111718  1
703  0  0.41275  0.128718  15785.6  2.02578  0.034784  1
704  0  1.65333  -0.378144  17431  2.08218  0.166202  1
705  0  0.456957  0.12673  15892.8  1.88723  -0.011748  1
706  0  0.837274  -0.00340103  18008.9  1.29148  0.00191964  1
707  0  0.545426  0.119797  16178.6  1.52576  -0.0829292  1
708  0  0.61765  -0.115459  17973.3  1.69879  0.127099  1
709  0  1.26915  -0.331038  17581  1.96787  0.0700297  1
710  0  -0.286658  -0.256782  17803.3  1.78096  0.466374  1
711  0  1.16826  0.181239  17372.5  1.77626  -0.273582  1
712  0  0.845048  -0.367843  17794  1.84211  0.126851  1
713  0  -0.435703  -0.0327933  17586.1  1.85279  0.518187  1
714  0  0.735215  -0.276545  17867.3  1.78153  0.128994  1
715  0  0.923588  -0.00547414  17956.3  1.36268  -0.0756634  1
716  0  1.2134  1.12487  17243.8  1.85653  0.227808  1
717  0  0.384671  -0.074959  17981.3  1.71149  0.120108  1
718  0  -0.255914  -0.453807  17832.1  1.78899  0.412783  1
719  0  -1.66996  1.03273  17378.8  1.97744  0.388537  1
720  0  -0.806392  -0.375368  17664.4  1.85972  0.346616  1
721  0  -0.0363983  -0.369113  17949.6  1.72929  0.341602  1
722  0  0.422031  -0.430139  17899  1.78275  0.148349  1
723  0  0.416573  -0.515386  17876.2  1.78827  0.162682  1
724  0  -0.24401  0.437242  17114.8  2.04586  0.546935  1
725  0  0.88608  0.394549  16980.5  2.06945  -0.0975561  1
726  0  -1.65527  -1.14098  17699.5  1.96227  0.380627  1
727  0  0.932538  0.0420847  16932.6  0.42553  -0.0836246  1
728  0  1.10737  -0.734239  17641.9  1.95022  0.168771  1
729  0  0.892666  0.0554181  16840.1  0.520906  -0.108544  1
730  0  0.0712441  0.146668  15936.8  2.44631  0.839187  1
731  0  0.642834  -0.00744292  18019.4  1.30104  0.0583532  1
732  0  1.33711  -0.038721  17506.4  1.86877  -0.0796201  1
733  0  1.32043  -1.08383  17538.6  1.95007  0.189169  1
734  0  0.154418  -0.116007  18101.2  1.66157  0.119629  1
735  0  0.25937  -0.146512  18015.2  1.70871  0.105578  1
736  0  0.582645  0.16951  16330.3  2.3904  -0.053914  1
737  0  0.351709  -0.373138  17930.6  1.75884  0.131494  1
738  0  -0.126385  -1.48022  17801.2  2.01905  0.280694  1
739  0  0.826317  0.0692878  16702.6  0.542129  -0.135701  1
740  0  0.55204  -0.0951003  17983.3  1.689  0.142058  1
741  0  -0.905891  1.66414  17298.4  1.97431  0.424084  1
742  0  -1.23864  0.207621  17488.6  1.96081  0.411006  1
743  0  0.509997  -0.33263  17906.8  1.77732  0.152627  1
744  0  0.0644933  0.871886  17046.6  2.06924  0.379871  1
745  0  0.94964  -0.115676  17782.7  1.86667  -0.0357311  1
746  0  0.276477  0.354504  16415.8  2.33765  0.371847  1
747  0  1.01112  -0.0733393  17680  1.94911  -0.0744107  1
748  0  0.909346  0.131546  16892  1.75698  -0.29475  1
749  0  0.121721  0.185371  15974.3  2.46816  0.65377  1
750  0  0.811781  -0.450455  17785.9  1.85182  0.151889  1
751  0  0.127512  0.094656  15207  2.48461  0.727858  1
752  0  0.255417  -0.0855922  18006.6  1.72315  0.102091  1
753  0  1.66491  1.66491  17321.2  1.84354  0.293689  1
754  0  0.333677  0.603165  16814.5  2.18288  0.312765  1
755  0  0.912007  -0.0542068  17889.3  1.86862  -0.0443625  1
756  0  -0.563908  -0.58965  17735  1.8649  0.39685  1
757  0  0.768266  0.161731  16624.3  2.18397  -0.149098  1
758  0  0.0693345  -0.523154  17903.6  1.74447  0.265049  1
759  0  0.609666  0.98694  17086.7  2.02583  0.24902  1
760  0  -0.366067  0.230324  17336.9  1.94271  0.57355  1
761  0  0.332935  0.17999  15855.1  2.6006  0.243531  1
762  0  0.832631  0.128896  16706.8  1.73424  -0.212845  1
763  0  0.302171  0.123483  15559.1  2.23871  0.224011  1
764  0  0.323174  0.123419  15559.7  2.14509  0.182437  1
765  0  0.225929  -0.340815  17971.4  1.72153  0.159318  1
766  0  0.14892  0.0984802  15224.2  2.36558  0.616787  1
767  0  0.654719  -0.053439  18005.7  1.76781  0.0853636  1
768  0  -0.588179  0.935488  17250.4  1.99471  0.382081  1
769  0  -0.0926066  1.00613  17125.6  2.03394  0.396831  1
770  0  0.0395624  0.121346  15946.5  2.40479  0.985455  1
771  0  -0.606242  -1.74997  17805.8  2.0135  0.334626  1
772  0  0.539427  1.71184  17222.5  1.9008  0.313158  1
773  0  -0.00342748  0.085026  16342.3  2.114  1.19551  1
774  0  1.03165  -0.00155958  17409.4  1.05281  -0.0408509  1
775  0  1.32382  0.123398  17403.9  1.71924  -0.184883  1
776  0  0.50345  -0.144613  17965.8  1.68543  0.146414  1
777  0  1.21234  -0.473747  17612.5  1.95773  0.113523  1
778  0  0.860709  -0.0306358  17981.7  1.76293  -0.00206616  1
779  0  -0.0944756  0.0691244  17288.5  1.82091  0.912383  1
780  0  1.00026  -0.446663  17711.5  1.89567  0.109279  1
781  0  0.227592  -0.0435707  17996.8  1.58206  0.087108  1
782  0  -0.415125  -0.623151  17775.6  1.84938  0.40287  1
783  0  0.658502  0.132289  16425.3  1.96931  -0.0884615  1
784  0  -0.196205  1.76928  17221.6  1.9157  0.426237  1
785  0  -1.7282  -0.277895  17575.2  1.96515  0.387827  1
786  0  0.070703  -0.0939712  18283.2  1.53725  0.14222  1
787  0  -0.00124897  0.203352  16521.7  2.24672  0.77081  1
788  0  0.81318  -0.0413481  17980.7  1.80312  0.0228906  1
789  0  0.416311  -0.0795901  17985.2  1.69954  0.129373  1
790  0  -1.4699  1.74544  17323.4  1.95883  0.371364  1
791  0  0.579342  -0.577066  17825.2  1.83341  0.190027  1
792  0  0.628649  0.178245  16410.8  2.3609  -0.0588893  1
793  0  0.346121  0.156737  15768.6  2.66702  0.210177  1
794  0  0.320971  -0.203424  17984.9  1.71453  0.0970708  1
795  0  0.872242  -0.143385  17854.7  1.80636  0.0371181  1
796  0  0.25121  -0.0395528  17991.4  1.55038  0.0958308  1
797  0  0.899207  -0.032066  17944.4  1.79329  -0.0436625  1
798  0  0.113811  -0.720115  17855.3  1.80567  0.253541  1
799  0  0.0487135  -0.200661  18125.9  1.62988  0.281314  1
800  0  -0.0112917  0.00710881  17601.6  1.11077  1.56917  1
801  0  -1.35063  -1.68153  17763.7  1.96581  0.35447  1
802  0  0.723947  -0.453577  17818.2  1.83025  0.164578  1
803  0  0.907443  -0.17793  17815.7  1.80783  0.033307  1
804  0  0.697434  -1.70428  17719.9  2.20812  0.290436  1
805  0  -0.0827515  -0.0759817  18116.1  1.50429  0.579621  1
806  0  -0.748013  -0.0636873  17571.8  1.89235  0.399555  1
807  0  0.193572  0.107729  15328.7  2.38318  0.484343  1
808  0  0.97443  0.0770889  17036.1  1.19384  -0.32472  1
809  0  0.103424  0.0900648  15239.7  2.4917  0.84195  1
810  0  0.535275  -0.247599  17927.8  1.74451  0.15213  1
811  0  0.291323  0.219724  15995.9  2.48426  0.324358  1
812  0  0.282197  0.118688  15435.8  2.18041  0.257022  1
813  0  0.567058  0.117706  16240.5  1.51073  -0.0825836  1
814  0  0.696844  0.151282  16464.9  2.17105  -0.111541  1
815  0  -0.039062  -0.272689  18010.4  1.68936  0.363385  1
816  0  0.685688  -0.00545528  18041.9  1.30087  0.0430513  1
817  0  0.807256  0.481506  16955.5  2.06213  -0.0350967  1
818  0  0.338797  -0.0672209  17987.5  1.72911  0.110793  1
819  0  0.085038  0.387502  16648.1  2.24182  0.512832  1
820  0  0.702145  -0.0757629  17983.3  1.77213  0.0676065  1
821  0  0.58896  0.114849  16323.8  1.41998  -0.0851157  1
822  0  0.399005  0.436047  16600.6  2.25679  0.256853  1
823  0  0.94636  -0.0524981  17822.6  1.89642  -0.0802701  1
824  0  0.981043  -1.05903  17659.1  1.94997  0.207739  1
825  0  0.793969  -0.00242081  18016.5  1.24479  0.0169666  1
826  0  0.750465  -0.00555486  18009.4  1.30786  0.0269012  1
827  0  -0.501635  -0.158716  17656.5  1.84016  0.465165  1
828  0  0.012  -0.0895822  18406.2  1.41684  0.279566  1
829  0  0.969803  -0.0803268  17750.2  1.91423  -0.0734757  1
830  0  0.748089  -0.11524  17942.1  1.75194  0.073876  1
831  0  0.62424  -0.0514815  18003.7  1.75306  0.0996571  1
832  0  0.944398  -0.00806475  17911.8  1.44448  -0.10825  1
833  0  0.481528  -0.822239  17803.7  1.90778  0.221281  1
834  0  0.0282429  -0.0354446  18739.5  0.961725  0.0455761  1
835  0  0.69152  -0.140343  17947.1  1.71722  0.106073  1
836  0  0.777706  -0.0409078  17990  1.79909  0.0309636  1
837  0  0.321886  0.255482  16160.9  2.42548  0.294872  1
838  0  1.16448  0.301266  17302.7  1.86319  -0.167935  1
839  0  -0.176159  -1.0954  17792.6  1.95085  0.311573  1
840  0  0.676454  0.0972113  16375.6  0.713878  -0.0706895  1
841  0  0.763963  0.118589  16562.4  1.57088  -0.19547  1
842  0  0.652376  -1.04773  17738.2  1.94472  0.220033  1
843  0  0.21821  -0.140537  18037.3  1.70121  0.116533  1
844  0  -0.230124  0.0649876  17484.6  1.83616  0.676624  1
845  0  0.233001  0.140385  15549.9  2.73669  0.460044  1
846  0  0.299435  -0.0653224  17985.9  1.74401  0.108347  1
847  0  0.429751  -0.0568227  17987  1.70302  0.138257  1
848  0  -0.570528  0.167307  17450.7  1.91742  0.479032  1
849  0  0.470267  -0.0539943  17991.2  1.70224  0.141606  1
850  0  0.865051  -0.0759233  17919.2  1.85402  0.00907348  1
851  0  -0.944461  0.694743  17354.1  1.93518  0.436321  1
852  0  -0.970373  0.918323  17325.9  1.99955  0.441808  1
853  0  0.125365  -0.210746  18080.9  1.66718  0.200832  1
854  0  0.397044  -0.207244  17965.5  1.71862  0.10326  1
855  0  0.479963  -0.177512  17958.4  1.70412  0.138405  1
856  0  1.78695  0.185314  17273.6  1.81049  0.0777164  1
857  0  0.465515  0.178114  16111.4  2.52594  0.0351278  1
858  0  1.22302  -0.0693132  17596.7  1.86725  -0.0277485  1
859  0  0.627044  0.381243  16692.9  2.19578  0.0249422  1
860  0  -1.75484  -0.55019  17627  1.96144  0.382059  1
861  0  1.24865  0.579128  17257.3  1.80555  0.0303529  1
862  0  0.180995  0.316212  16367.9  2.36263  0.482279  1
863  0  0.572142  -0.185489  17945.6  1.71017  0.151101  1
864  0  0.233836  -0.721571  17852  1.82104  0.22049  1
865  0  -1.30034  -1.33101  17728.2  1.96172  0.345076  1
866  0  0.387621  0.159068  15866.9  2.6324  0.133989  1
867  0  0.404101  0.181061  15981.4  2.57517  0.122946  1
868  0  0.190992  0.184714  15859.4  2.53952  0.523795  1
869  0  0.963885  -0.0083288  17855  1.44006  -0.142445  1
870  0  0.052579  -0.0685384  18399  1.45586  0.100248  1
871  0  0.495998  -1.15892  17754.6  1.94318  0.235349  1
872  0  0.727403  -0.211901  17897.7  1.74869  0.116041  1
873  0  0.78928  -0.641187  17757  1.88432  0.189664  1
874  0  1.71708  1.38077  17298.3  1.81648  0.289818  1
875  0  -1.02013  -0.277319  17612.5  1.90409  0.341113  1
876  0  0.17096  0.101789  15286  2.39787  0.559261  1
877  0  -0.0557466  0.0500155  17226.6  1.73961  1.06356  1
878  0  0.315583  -0.1163  17989.4  1.70197  0.0992879  1
879  0  0.974952  0.0279174  17058.7  0.360146  -0.108803  1
880  0  -0.242917  -1.73841  17811.1  2.05525  0.300122  1
881  0  -0.512084  0.621468  17254.9  1.96525  0.428463  1
882  0  0.931515  -0.360449  17754.6  1.86541  0.101683  1
883  0  -0.061796  -0.499367  17893.4  1.75603  0.331766  1
884  0  0.254879  0.223244  16008.9  2.48209  0.386436  1
885  0  0.481622  0.155898  16086.7  2.49453  -0.0141642  1
886  0  0.720097  0.0919144  16438.8  0.668092  -0.102757  1
887  0  0.133286  0.268358  16286.5  2.39507  0.551163  1
888  0  0.011071  0.295657  16641.9  2.23724  0.624917  1
889  0  -0.515946  -1.27722  17788  1.98922  0.300058  1
890  0  0.874531  0.214189  16864.1  2.22334  -0.183224  1
891  0  0.696252  0.0968717  16397.8  0.770707  -0.0957948  1
892  0  0.214125  0.108779  15364.3  2.2593  0.411067  1
893  0  -1.35102  0.808792  17387.5  1.97222  0.432557  1
894  0  0.366708  1.47129  17184.4  1.94464  0.324489  1
895  0  0.809543  -0.189164  17873.6  1.76605  0.0902337  1
896  0  1.27741  0.850063  17258.2  1.80472  0.13942  1
897  0  0.208551  0.48281  16688.8  2.22524  0.402822  1
898  0  0.316473  -0.0322231  17989.2  1.43551  0.102536  1
899  0  0.446992  -0.0220549  17998.2  1.36497  0.111212  1
900  0  0.4373  0.33298  16431.5  2.30923  0.185716  1
901  0  -0.924785  -0.0173228  17550.4  1.91697  0.377584  1
902  0  0.463365  -0.103963  17978.4  1.67556  0.137368  1
903  0  0.196614  -0.172185  18053  1.69206  0.136647  1
904  0  -0.772327  1.05744  17284.1  2.02671  0.410495  1
905  0  1.27349  0.378968  17301.3  1.79322  -0.0814789  1
906  0  0.219522  -0.211879  18021.6  1.69959  0.136883  1
907  0  0.283964  0.16297  15749.4  2.67134  0.337901  1
908  0  0.577054  -0.0457129  18012.2  1.73127  0.117681  1
909  0  0.662921  -0.0067126  18043.8  1.31939  0.0512824  1
910  0  0.993793  0.410499  17101.4  1.99865  -0.0857374  1
911  0  1.04565  0.547038  17153  1.90436  -0.0069045  1
912  0  -0.728039  -0.926883  17727.6  1.9673  0.302709  1
913  0  0.96356  -0.855801  17677.5  1.94105  0.193539  1
914  0  0.533057  -0.0134949  18023.1  1.32141  0.0967833  1
915  0  0.320931  -0.920816  17808.3  1.91449  0.239276  1
916  0  0.290813  -0.0888782  17994  1.71675  0.102858  1
917  0  0.623251  -0.292955  17895  1.77224  0.151913  1
918  0  -1.72  -1.70313  17747.6  1.96644  0.375366  1
919  0  0.523205  0.153107  16180.9  2.41937  -0.0527387  1
920  0  -1  -1.78111  17782.9  1.98153  0.332218  1
921  0  0.651208  -0.167761  17939.6  1.71224  0.12616  1
922  0  0.139825  -1.41069  17789.1  1.98097  0.255504  1
923  0  0.738653  0.0847491  16463.2  0.497519  -0.0919028  1
924  0  -0.153014  0.470988  17024.3  2.0868  0.531553  1
925  0  1.06918  -0.0103252  17477.2  1.34  0.0189749  1
926  0  -0.402712  -0.268782  17735.3  1.81286  0.459674  1
927  0  0.516382  -0.0420704  18007.4  1.69927  0.138532  1
928  0  -1.13729  -0.915821  17696.9  1.97248  0.295436  1
929  0  0.70556  -0.00332965  18044.3  1.23631  0.0366586  1
930  0  -1.12956  0.576188  17398.4  1.9402  0.439538  1
931  0  0.500957  0.122305  16047.9  1.67519  -0.0599186  1
932  0  0.986347  -0.219172  17750  1.85346  0.0181537  1
933  0  0.618942  0.242745  16490.6  2.24629  -0.0319151  1
934  0  -0.144109  -0.190532  17954.7  1.68328  0.477336  1
935  0  0.0929098  0.12907  15710.8  2.56639  0.838243  1
936  0  0.514711  0.210613  16307  2.35348  0.017094  1
937  0  0.559343  0.578854  16850.1  2.15263  0.163099  1
938  0  -1.00245  1.40563  17309.1  2.02153  0.422436  1
939  0  0.186508  -0.075938  18037.7  1.73586  0.0854412  1
940  0  1.54437  -0.917502  17472.4  1.98005  0.179261  1
941  0  1.72835  0.839699  17327.8  1.63003  0.198041  1
942  0  1.16776  -0.256702  17621.6  1.93704  0.051169  1
943  0  0.425614  0.234432  16192.7  2.38103  0.132734  1
944  0  1.73826  -1.73826  17389  2.32866  0.166015  1
945  0  0.538196  0.414704  16642  2.22831  0.116997  1
946  0  0.197176  0.227922  16040.5  2.46917  0.486946  1
947  0  0.826624  -1.1182  17697.4  1.94585  0.210615  1
948  0  -1.20901  1.28143  17331.7  2.01658  0.411069  1
949  0  0.368388  0.125194  15668.8  2.0457  0.103626  1
950  0  0.424829  1.02377  17077  2.0376  0.30143  1
951  0  0.436007  0.16847  15993.8  2.58006  0.0655435  1
952  0  -0.104314  0.547263  16994.2  2.09011  0.49622  1
953  0  0.0394893  -0.119801  18302.3  1.51607  0.237692  1
954  0  -0.184336  -0.512488  17849.9  1.78349  0.378263  1
955  0  -1.73212  1.75151  17332.8  1.96414  0.369006  1
956  0  0.84808  -0.0506316  17959.5  1.83408  0.0112129  1
957  0  1.40595  0.258608  17352.4  1.71098  -0.134126  1
958  0  -0.00809008  -0.0628254  18547.5  1.26964  0.378149  1
959  0  0.694661  -0.557651  17802.5  1.84647  0.188156  1
960  0  -0.366285  0.638929  17180.8  1.99976  0.459945  1
961  0  0.535378  0.295518  16469.4  2.26211  0.0594294  1
962  0  -0.342812  0.0706122  17482.5  1.87378  0.593578  1
963  0  -0.210433  0.149295  17288.3  1.9292  0.699456  1
964  0  0.573643  -0.399183  17876.5  1.7976  0.164064  1
965  0  0.149702  -1.20198  17786.9  1.95406  0.274675  1
966  0  1.01162  0.235872  17110.1  2.07421  -0.254652  1
967  0  1.09571  0.245674  17270.3  1.93986  -0.257606  1
968  0  0.141318  -0.0424836  18098.5  1.50581  0.0244602  1
969  0  -0.256364  0.87984  17154.2  2.02436  0.423707  1
970  0  0.277644  0.299505  16264.1  2.40123  0.362444  1
971  0  0.268746  1.16692  17122.1  2.0091  0.335143  1
972  0  -1.04574  -0.691148  17681.2  1.94211  0.280008  1
973  0  0.965054  1.08848  17188.2  1.93036  0.210486  1
974  0  -0.255239  -0.662076  17816  1.82009  0.367822  1
975  0  0.765882  -0.181596  17897.9  1.74951  0.098896  1
976  0  0.774364  -0.091513  17947.2  1.79096  0.0543041  1
977  0  0.0372817  1.2042  17149  2.00273  0.371187  1
978  0  1.19964  -0.620979  17610.7  1.96395  0.146267  1
979  0  -0.370108  -0.483349  17783.4  1.81172  0.426084  1
980  0  0.22906  0.654089  16872.1  2.15174  0.360691  1
981  0  0.978176  -0.144202  17752  1.86804  -0.0343384  1
982  0  0.269237  -0.185755  18006.5  1.70885  0.106958  1
983  0  1.4135  1.7754  17301.2  1.85082  0.300187  1
984  0  -1.17255  -0.508305  17646.3  1.92803  0.322134  1
985  0  0.810719  0.104216  16674.9  1.27218  -0.209065  1
986  0  0.0647203  0.33078  16581.2  2.26799  0.563975  1
987  0  -0.530021  0.0517693  17523.9  1.8892  0.48672  1
988  0  0.404343  0.371925  16487.8  2.29537  0.236756  1
989  0  -0.616169  0.761356  17271  1.96336  0.388169  1
990  0  0.376232  -0.137267  17979.9  1.69595  0.103103  1
991  0  -0.0875761  0.136121  16984.3  1.99793  0.852239  1
992  0  -0.446767  -0.389857  17743.3  1.81525  0.436426  1
993  0  0.228494  -0.0855514  18019.5  1.72118  0.103933  1
994  0  0.922095  -0.103073  17827.1  1.86114  -0.0223767  1
995  0  -1.12741  0.375757  17443.2  1.9516  0.420058  1
996  0  -1.36915  0.0369249  17525.1  1.96497  0.409456  1
997  0  -0.43216  0.388316  17284.9  1.97127  0.514909  1
998  0  0.522427  -1.34921  17749.1  1.93089  0.219153  1
999  0  -0.0901064  0.213427  16906.9  2.08767  0.749509  1
1000  0  0.000475958  -0.187266  18129.1  1.61071  0.338513  1
1001  0  0.554541  -0.0392961  18010.1  1.70749  0.12223  1
1002  0  0.760028  -0.0600295  17975.4  1.82038  0.0398379  1
1003  0  0.160813  0.137359  15569.4  2.68494  0.633088  1
1004  0  0.538486  0.176418  16264.1  2.44283  -0.0310549  1
1005  0  -0.260996  -0.815915  17803.4  1.85405  0.332569  1
1006  0  -1.17809  0.998942  17349.1  2.01054  0.446965  1
1007  0  -1.7853  -1.39247  17724  1.96503  0.378097  1
1008  0  0.47053  -0.581592  17848.6  1.81526  0.179979  1
1009  0  0.641845  -0.102926  17975.9  1.7057  0.113806  1
1010  0  0.317416  -0.263347  17974.1  1.72213  0.107963  1
1011  0  0.487506  -0.115206  17975.9  1.67282  0.143625  1
1012  0  0.0770898  0.23165  16300.7  2.3679  0.663476  1
1013  0  -0.254045  -0.0879995  17747.6  1.74826  0.559589  1
1014  0  1.05771  0.0698642  17341.9  1.29221  -0.339381  1
1015  0  0.880343  -0.00198973  18015  1.28618  -0.0294127  1
1016  0  0.478954  -0.222481  17946.6  1.7282  0.136452  1
1017  0  0.10157  -0.145309  18162.3  1.62695  0.179459  1
1018  0  0.187764  -0.40122  17953.4  1.73152  0.19274  1
1019  0  1.13355  -1.16036  17605.8  1.94228  0.206751  1
1020  0  -0.205277  0.312765  17104.3  2.03698  0.616139  1
1021  0  0.0771583  -0.454459  17934.5  1.73201  0.259938  1
1022  0  0.419143  0.731804  16935.3  2.12214  0.277424  1
1023  0  1.77149  -0.94156  17391.5  1.95763  0.20943  1
1024  0  0.70032  0.340997  16726.2  2.17694  -0.0525564  1
1025  0  0.888373  -1.47789  17680.9  2.08011  0.238843  1
