409  516  744
288  464  888
288  463  888
445  614  950
270  516  744
353  635  727
397  608  661
279  441  989
414  578  891
299  479  560
448  527  1012
374  546  907
0  137  543
353  635  758
455  606  618
390  606  618
292  490  611
304  490  520
30  450  648
382  598  600
365  426  768
375  682  834
352  495  583
0  543  544
415  533  855
351  473  700
374  446  907
385  461  729
301  513  810
419  496  732
461  635  727
325  579  670
391  511  654
350  477  683
331  589  609
277  435  568
434  571  622
327  496  673
364  608  661
432  613  668
326  346  732
292  611  725
349  677  895
435  568  738
383  571  622
409  515  516
343  593  634
319  589  725
40  442  605
387  415  712
280  533  855
268  617  803
338  566  653
279  497  734
347  497  734
525  655  957
40  442  1007
355  440  672
356  619  755
404  562  827
335  507  756
284  613  668
284  716  758
402  693  747
320  423  498
480  644  663
360  486  775
301  432  579
343  510  634
374  446  585
328  447  502
280  510  650
373  469  551
273  461  729
445  580  785
279  441  751
326  396  732
298  481  986
386  715  863
305  495  596
375  502  845
619  713  755
497  567  1011
272  539  573
272  539  549
340  434  622
300  479  597
295  514  589
342  446  787
388  744  1024
266  465  1009
358  525  920
392  543  544
312  566  791
362  480  714
280  533  867
93  94  569
313  537  984
283  449  570
375  502  834
363  495  583
612  847  997
280  510  634
351  700  948
363  495  596
335  507  537
399  408  730
421  592  861
446  704  787
452  568  738
511  654  994
287  452  914
299  503  566
387  593  634
270  509  744
295  589  609
277  561  942
354  542  671
303  655  737
340  434  488
350  477  580
387  415  855
300  479  557
134  135  545
360  741  775
380  705  854
430  587  843
359  548  688
556  793  944
275  534  711
34  707  844
290  568  984
405  741  775
29  30  648
110  111  553
354  542  841
420  709  861
383  542  841
297  554  833
30  450  925
395  467  559
550  684  962
384  541  733
404  719  827
0  544  905
466  655  957
346  419  732
18  662  879
348  515  516
370  809  928
370  444  802
407  713  795
298  565  623
367  565  623
298  481  623
313  763  984
413  641  651
281  657  739
402  642  693
310  598  600
344  445  950
81  82  542
304  490  910
267  486  775
577  688  953
465  776  1009
328  502  845
397  608  992
283  449  710
452  568  984
293  499  1015
469  805  978
277  561  909
267  518  677
509  744  1024
305  495  927
451  557  903
63  64  564
103  104  548
475  641  651
276  468  809
394  555  985
34  35  707
401  644  663
288  730  736
391  439  650
485  635  758
479  557  560
325  578  891
407  749  795
312  474  678
384  610  733
38  521  1007
336  433  500
315  465  776
304  508  912
340  612  622
391  439  657
399  603  619
362  714  987
359  548  858
391  654  966
51  52  550
413  532  905
279  501  989
487  642  693
403  419  532
28  29  512
49  50  555
399  408  808
269  583  817
385  461  866
88  89  552
432  579  670
294  505  931
468  809  928
390  618  858
386  527  863
320  498  724
395  467  939
69  70  558
406  456  883
349  617  895
329  455  522
352  583  817
298  610  986
339  401  754
318  525  920
273  461  635
357  755  764
405  677  775
365  472  513
363  583  624
360  486  898
463  554  833
416  739  994
390  548  858
137  543  838
394  762  985
33  476  844
26  471  752
360  549  741
272  580  785
17  18  662
382  458  885
492  617  803
449  581  710
518  677  895
308  538  829
358  493  784
423  546  749
354  483  671
298  565  1025
457  718  915
380  522  854
370  444  621
356  477  603
383  622  841
29  512  648
301  432  668
266  465  704
365  513  768
485  716  758
446  585  850
304  587  912
361  664  974
365  426  832
460  612  997
292  581  956
119  120  572
392  544  640
327  496  769
266  546  749
342  446  850
301  513  668
440  472  1031
514  589  725
347  497  567
391  510  650
121  122  574
335  448  1012
327  769  865
311  693  747
397  556  793
45  718  915
391  511  657
490  520  956
96  97  586
336  540  638
293  519  1015
357  573  755
377  716  796
289  454  769
443  534  711
83  84  571
367  504  616
306  717  740
574  700  948
38  39  1007
377  528  687
304  910  954
453  662  879
359  688  953
361  487  684
452  763  914
356  603  619
107  108  576
376  654  994
407  755  764
371  491  934
285  541  733
329  455  618
655  737  988
105  106  577
422  504  781
521  904  1008
302  378  540
404  476  872
504  616  831
380  586  826
389  562  598
323  592  861
26  471  878
414  721  800
501  608  674
345  475  651
361  487  693
299  560  773
346  403  419
60  61  582
376  534  654
376  596  639
267  486  633
293  726  908
292  490  956
414  488  800
328  447  595
418  904  1008
395  563  600
371  523  934
28  512  1004
294  679  722
286  557  903
327  413  651
351  678  871
323  709  861
333  587  843
375  558  825
361  684  962
306  591  643
400  586  826
286  712  802
302  540  810
284  613  758
309  559  848
378  540  638
447  502  790
41  605  789
434  488  771
315  465  656
492  617  895
419  496  673
373  491  819
269  817  883
281  466  655
299  566  653
287  452  738
364  431  674
393  558  825
271  517  989
412  516  1010
371  523  647
305  927  930
296  896  997
406  456  945
315  486  629
457  585  850
407  749  764
365  472  1031
391  510  966
113  114  590
337  597  971
275  534  654
503  566  791
326  396  645
385  614  669
530  896  997
292  581  892
299  503  773
294  505  679
382  584  598
381  572  835
470  581  956
382  458  913
357  539  573
310  562  598
524  919  925
77  78  616
289  646  767
396  645  724
416  639  994
372  633  789
436  646  736
359  709  748
309  524  862
344  741  785
372  629  782
23  746  964
382  584  885
294  536  977
398  572  835
410  536  977
373  469  978
354  483  565
412  556  607
277  435  909
425  633  789
459  538  829
304  587  954
269  647  1032
309  559  857
360  539  898
384  541  669
423  546  991
129  130  601
435  909  928
271  501  608
304  520  886
364  608  674
377  485  716
291  462  1016
279  501  674
392  427  543
382  599  600
356  573  745
306  591  717
385  541  669
304  508  886
299  479  971
101  102  606
93  569  922
295  481  968
479  597  971
272  549  785
349  528  998
371  491  681
402  642  701
321  392  742
426  716  796
310  563  600
271  607  992
360  539  549
601  714  987
313  763  871
269  583  624
530  613  896
403  532  544
358  525  784
289  454  993
431  591  643
317  824  970
468  561  909
335  537  731
311  554  888
309  524  837
429  629  782
517  561  836
39  40  1007
311  602  888
370  531  802
385  541  866
425  605  708
294  536  722
344  445  785
468  909  928
315  629  656
302  378  594
283  614  669
320  626  740
44  45  718
326  346  652
355  440  924
33  476  828
311  554  747
595  910  954
517  561  942
402  628  701
266  764  1009
474  763  871
469  551  822
466  679  722
401  545  754
40  41  605
472  513  810
309  494  857
323  592  815
412  516  786
324  623  968
511  657  739
336  579  753
271  501  989
535  730  736
307  602  917
331  589  735
395  559  848
347  643  734
404  476  844
33  34  844
417  520  975
455  522  811
315  486  898
344  604  729
343  588  660
380  522  1005
388  588  660
386  632  715
338  566  774
297  554  995
355  672  1027
296  578  847
0  46  703
323  815  1015
547  927  930
110  553  667
366  864  990
111  553  666
16  17  661
312  474  791
295  514  856
395  563  848
286  557  560
17  661  662
286  560  802
294  506  931
308  612  622
288  463  821
267  677  775
481  623  968
449  581  892
320  423  991
374  626  851
317  618  858
395  599  600
287  503  791
381  637  706
373  491  746
395  599  939
435  621  738
272  573  745
443  723  814
389  584  598
358  493  569
403  640  938
339  401  820
512  752  1004
602  664  974
474  678  871
369  535  736
448  527  816
331  609  780
523  647  1032
454  769  865
343  588  694
308  612  829
267  518  969
31  919  925
356  573  755
470  683  975
409  515  702
290  507  537
443  534  935
21  22  551
327  413  673
307  602  664
268  803  885
81  542  671
124  125  632
293  499  620
58  59  627
56  57  628
387  531  712
369  646  736
341  492  887
296  578  670
318  505  679
291  751  788
334  757  849
375  825  845
26  27  752
389  584  803
82  542  689
478  626  851
94  569  649
273  604  729
73  74  630
287  621  738
4  37  823
4  36  823
71  72  631
388  660  744
308  538  841
379  493  784
63  564  676
22  23  964
64  564  675
404  707  844
348  561  836
369  529  646
539  776  898
352  495  750
373  819  978
291  659  1016
281  466  897
104  548  688
366  597  990
444  560  802
46  47  641
467  559  750
450  524  862
388  588  711
329  522  1005
386  615  731
387  531  929
397  662  793
377  485  687
51  550  690
319  589  735
275  588  711
285  541  866
376  534  916
325  579  753
52  550  684
328  611  910
134  545  728
334  625  849
115  116  636
351  473  615
422  760  781
280  867  946
103  548  697
284  513  668
470  520  975
50  555  690
132  133  644
117  118  637
336  500  638
338  765  899
410  536  867
14  15  591
88  552  721
49  555  695
435  621  928
424  524  837
275  588  694
135  545  696
413  532  673
89  552  792
69  558  682
308  622  841
319  825  845
442  605  708
533  726  908
54  55  642
276  593  702
41  789  873
341  492  895
70  558  698
345  762  985
288  464  918
411  672  1027
321  392  640
330  648  965
38  521  904
343  510  694
549  741  785
401  644  728
422  504  1003
342  686  718
375  558  682
362  756  932
347  643  794
356  477  745
379  784  894
290  568  853
478  717  740
354  841  1025
424  801  828
266  749  764
454  759  993
317  618  970
349  677  998
387  593  929
276  468  1023
536  867  946
353  530  613
389  562  827
320  626  991
303  737  894
309  494  862
307  759  951
270  509  805
377  528  958
20  21  658
509  819  1024
13  478  851
477  580  745
344  729  950
266  546  907
278  924  1031
305  596  639
414  578  937
94  95  649
339  659  820
322  819  1024
423  749  795
313  537  731
303  525  655
399  535  730
332  793  944
427  543  838
476  801  828
298  538  1025
336  433  753
43  44  686
87  88  721
416  889  1027
531  712  802
499  709  748
298  610  943
331  779  780
345  475  985
382  599  913
282  683  975
556  607  992
404  707  719
11  12  1019
84  571  798
338  653  899
341  518  895
119  572  706
270  786  805
108  576  761
300  557  868
538  841  1025
425  605  789
105  577  688
107  576  766
432  613  896
440  924  1031
274  619  713
120  572  699
273  687  882
25  575  859
410  867  908
289  496  769
322  723  814
83  571  689
106  577  766
468  561  874
290  772  853
389  665  827
352  559  750
397  661  662
412  556  944
44  686  718
121  574  699
109  110  667
324  780  968
312  566  774
122  574  700
111  112  666
295  481  875
80  81  671
421  592  870
60  582  777
61  582  778
453  662  793
296  847  997
319  611  845
430  587  880
373  551  964
310  562  872
376  596  916
402  628  812
316  719  827
330  648  818
276  702  1023
483  565  911
15  591  770
62  63  676
297  833  1013
64  65  675
464  602  888
318  525  957
507  756  932
310  563  801
451  519  868
340  578  847
295  609  968
328  611  845
454  759  951
348  516  1010
389  803  887
470  581  1029
367  623  906
24  25  859
393  631  698
97  586  705
68  69  682
21  551  658
357  539  776
52  53  684
318  505  826
404  562  872
341  665  839
464  602  917
339  742  743
368  587  954
339  659  743
353  530  727
459  538  943
11  585  1019
335  448  756
340  612  847
418  707  719
50  51  690
427  742  754
336  540  797
417  508  886
540  797  810
295  856  875
78  616  692
82  83  689
434  771  798
366  597  933
378  594  901
381  774  835
104  105  688
113  590  804
344  604  741
645  740  959
370  621  928
136  137  838
114  590  807
325  578  670
291  462  783
48  49  695
370  531  809
319  611  725
322  723  934
469  786  805
96  586  720
384  570  875
440  472  979
413  703  905
374  546  626
290  507  772
287  791  914
135  136  696
506  824  970
374  585  1019
447  790  830
311  602  974
77  616  831
2  18  879
2  19  879
20  658  1001
78  79  692
120  121  699
416  737  1027
417  508  1013
421  667  761
342  718  850
510  694  966
463  554  888
350  580  923
278  547  939
367  504  906
97  98  705
278  547  924
289  646  993
336  579  797
102  103  697
469  786  936
31  32  919
122  123  700
471  752  965
337  899  971
526  691  901
381  572  706
381  637  842
386  632  1017
408  808  881
317  620  748
451  726  903
102  606  697
443  624  723
531  809  929
392  427  742
334  482  757
334  482  812
447  595  869
313  615  731
341  665  887
23  24  681
70  71  698
467  547  939
92  691  1014
369  860  1020
333  625  849
55  56  701
467  547  927
399  619  961
377  617  796
337  597  990
283  570  1028
323  709  1015
341  708  839
320  645  724
620  824  908
405  604  882
417  520  886
429  629  656
13  478  717
331  484  779
405  604  741
331  484  806
457  585  947
424  524  919
616  692  911
371  647  900
450  648  818
459  610  733
390  606  697
366  592  870
584  803  885
416  639  889
279  674  734
397  556  992
273  604  882
433  500  792
12  13  851
499  620  748
658  876  1001
430  676  778
362  480  663
533  867  908
118  119  706
448  813  816
283  614  877
101  606  846
327  651  865
496  732  767
284  513  768
393  735  825
368  587  880
401  663  820
74  75  760
415  533  726
332  658  822
46  641  703
409  702  973
340  488  937
412  786  936
409  660  973
449  514  856
282  808  1002
497  751  788
399  535  961
108  109  761
130  131  714
414  488  937
491  681  746
377  617  958
106  107  766
462  685  783
380  826  1005
431  591  770
369  535  860
125  126  715
609  780  968
523  723  934
451  519  1022
436  646  993
512  648  965
129  601  813
439  536  722
345  651  865
450  524  925
276  593  929
314  659  820
321  742  743
270  516  786
500  792  1030
546  626  991
130  601  714
289  496  767
444  621  799
316  665  839
361  693  974
95  96  720
485  635  687
399  603  808
470  520  956
56  628  701
387  634  855
466  722  897
85  86  771
280  634  855
449  514  892
369  529  890
287  621  799
367  565  911
89  90  792
383  571  689
59  60  777
61  62  778
532  544  905
71  631  698
411  672  972
512  752  965
274  713  795
301  797  810
436  736  918
380  586  705
415  726  903
340  578  937
59  627  777
460  612  829
74  630  760
320  645  740
350  581  710
364  431  770
413  641  703
528  687  882
133  134  728
42  43  981
459  733  976
459  610  943
338  489  765
352  559  857
449  570  856
292  725  892
371  859  900
437  666  804
84  85  798
55  642  701
275  654  966
319  735  825
90  792  1030
324  623  906
302  810  979
22  551  964
455  811  846
75  76  781
500  638  893
30  31  925
338  489  842
411  737  894
32  33  828
402  747  812
507  772  932
299  653  971
422  630  760
13  14  717
408  680  833
333  625  1018
302  972  979
388  711  814
272  580  745
1  45  915
1  10  915
378  526  901
398  678  835
421  667  870
393  631  806
112  113  804
394  664  762
41  42  873
409  660  744
58  627  952
357  776  1009
57  628  952
653  899  971
86  87  800
407  713  755
114  115  807
66  67  790
128  129  813
368  595  869
363  624  935
118  637  706
515  702  1023
346  652  938
490  611  910
314  772  932
115  636  807
444  560  773
278  913  939
412  607  1010
303  784  894
73  630  963
125  632  715
72  631  963
334  747  812
478  626  740
424  563  801
312  774  835
473  615  1017
394  550  690
424  563  837
383  542  689
287  503  799
376  639  994
390  548  697
401  545  728
281  657  897
393  735  806
440  672  979
416  737  988
408  821  833
394  555  690
428  627  777
334  747  995
316  665  827
334  625  995
99  100  811
277  685  942
447  675  830
367  616  911
506  824  977
403  544  640
405  677  998
109  667  761
116  636  980
441  685  942
127  128  816
54  642  1006
87  721  800
47  641  940
124  632  921
288  736  918
271  607  836
65  66  830
439  657  897
369  890  1020
430  676  880
394  664  962
393  558  698
117  637  980
317  620  824
372  633  1026
363  534  916
526  638  893
348  515  874
680  833  1013
379  594  901
592  815  933
495  750  927
396  529  724
457  718  850
269  647  883
0  703  905
76  77  831
306  740  959
346  403  938
62  676  778
381  774  842
428  843  849
273  635  687
462  772  853
414  552  721
551  658  822
389  665  887
493  569  922
67  68  834
398  678  948
465  656  787
112  666  804
100  101  846
310  801  872
406  647  883
437  666  864
567  640  938
329  618  970
385  729  950
331  735  806
307  664  762
428  627  757
422  630  779
268  617  796
348  836  1010
451  557  868
505  826  1005
274  619  961
355  889  1027
338  774  842
414  552  891
277  568  685
400  826  920
294  506  977
443  624  935
519  815  1015
92  691  922
321  743  788
378  526  638
15  16  955
529  646  767
65  675  830
349  528  958
332  658  876
19  879  1001
475  695  985
133  644  728
19  20  1001
25  26  878
410  824  908
362  663  932
297  625  995
379  493  691
564  675  869
384  875  986
438  636  807
445  580  923
408  680  881
303  525  784
439  650  946
343  660  973
267  633  969
396  529  767
68  682  834
400  649  720
98  99  854
23  681  746
570  856  875
37  38  904
25  575  878
519  815  868
126  127  863
514  725  892
95  649  720
364  661  955
132  644  941
293  519  1022
366  553  864
341  518  949
284  716  768
92  93  922
441  685  783
553  666  864
326  652  794
575  859  900
42  782  981
285  727  866
305  639  889
564  676  880
353  613  758
366  553  870
447  675  869
298  538  943
342  686  999
280  650  946
10  11  947
553  667  870
80  671  983
438  636  765
361  664  962
366  592  933
456  817  883
75  760  781
433  753  891
518  949  969
306  643  794
386  527  1012
53  684  1006
85  771  798
421  576  761
314  663  820
368  564  869
420  576  766
14  591  717
86  771  800
420  577  766
453  879  1001
603  808  1002
279  497  751
486  629  1026
282  808  881
420  709  953
368  564  880
363  596  916
417  680  1013
437  840  990
35  36  1000
428  582  777
499  709  1015
379  594  894
462  685  853
430  582  778
321  640  1011
48  695  940
285  727  926
297  625  1018
386  615  1017
3  27  1004
3  28  1004
79  692  983
463  821  833
433  552  792
288  730  821
434  571  798
429  686  999
300  597  933
431  643  734
439  536  946
494  818  862
98  705  854
271  517  836
457  915  947
136  696  838
368  595  954
436  759  917
423  498  795
410  824  977
424  828  919
452  763  984
465  704  787
347  652  794
123  124  921
385  614  950
599  913  939
76  781  831
386  731  1012
66  790  830
438  840  899
307  762  951
271  608  992
339  742  754
286  712  903
363  534  935
418  707  1000
437  590  804
67  790  834
476  801  872
123  700  921
313  615  871
285  733  976
316  839  960
291  751  783
371  681  859
333  587  912
337  840  990
438  590  807
47  48  940
90  91  1030
400  649  1021
328  595  910
398  572  699
530  727  926
131  132  941
418  719  1008
384  570  1028
290  537  984
32  828  919
482  627  757
314  663  932
274  795  1020
398  574  699
417  680  881
433  552  891
348  561  874
126  715  863
384  669  1028
535  860  961
405  882  998
345  762  951
57  58  952
372  629  1026
415  712  903
266  704  907
72  73  963
291  743  788
396  732  767
297  1013  1018
436  917  918
128  813  816
477  603  1002
351  678  948
359  748  858
333  843  849
349  617  958
445  614  877
425  949  969
100  811  846
475  695  940
116  117  980
79  80  983
484  630  779
489  636  765
306  794  959
422  779  780
341  708  949
568  685  853
10  915  947
300  815  933
354  565  1025
503  773  799
99  811  854
351  615  871
131  714  941
554  747  995
53  54  1006
482  628  812
326  645  959
281  739  988
359  709  953
486  633  1026
422  780  1003
483  692  983
484  631  806
127  816  863
428  582  843
477  683  1002
430  582  843
483  692  911
421  576  861
373  746  964
420  576  861
473  700  921
408  730  821
487  684  1006
470  683  1029
345  865  951
482  627  952
482  628  952
394  550  962
441  751  783
437  590  840
455  606  846
291  659  743
91  92  1014
484  630  963
438  590  840
484  631  963
318  679  957
567  652  938
607  836  1010
426  796  884
420  577  953
483  671  983
428  757  849
283  710  877
526  691  1014
487  642  1006
11  585  947
475  641  940
384  610  986
442  708  839
400  586  720
529  724  890
350  581  1029
429  686  981
418  823  1000
442  960  1007
333  912  1018
458  832  884
343  593  973
293  726  1022
489  636  980
314  659  1016
593  702  973
489  637  842
305  889  930
450  818  862
312  678  835
489  637  980
293  620  908
330  818  967
425  708  949
301  579  797
326  794  959
425  633  969
316  719  1008
300  815  868
307  759  917
332  793  876
427  696  754
467  750  927
448  601  813
406  900  996
268  796  884
406  852  945
480  714  941
398  574  948
329  931  1005
379  691  901
322  819  934
335  731  1012
269  624  1032
458  902  913
35  707  1000
456  967  982
16  661  955
458  832  902
365  832  902
426  832  884
427  696  838
545  696  754
418  823  904
372  782  873
438  765  899
426  716  768
443  711  814
337  840  899
672  972  979
473  632  921
406  647  900
492  803  887
37  823  904
419  532  673
563  837  848
458  884  885
471  878  996
317  748  858
350  710  923
309  837  848
347  567  652
412  936  944
656  787  999
432  670  896
325  753  891
283  669  1028
451  726  1022
355  924  930
311  693  974
508  1013  1018
372  789  873
332  822  936
460  926  976
439  722  897
275  694  966
318  826  920
24  681  859
411  594  894
460  926  997
282  683  1002
453  793  876
330  945  967
448  756  987
296  670  896
567  640  1011
42  782  873
468  874  1023
442  839  960
474  763  914
444  773  799
91  893  1030
469  822  936
281  655  988
352  857  982
448  601  987
15  770  955
322  814  1024
461  727  866
575  878  996
446  704  907
523  723  1032
411  737  1027
416  739  988
575  900  996
332  936  944
504  781  831
521  960  1007
494  818  967
342  787  999
417  881  975
502  790  834
324  780  1003
624  723  1032
498  795  1020
429  782  981
466  679  957
555  695  985
278  902  913
480  644  941
400  920  1021
481  875  986
91  893  1014
431  674  734
494  967  982
456  817  982
350  683  1029
473  632  1017
488  771  800
355  889  930
330  852  945
314  772  1016
330  852  965
321  788  1011
352  817  982
474  791  914
710  877  923
464  917  918
364  770  955
357  764  1009
429  656  999
459  829  976
511  739  994
27  752  1004
460  829  976
302  594  972
505  931  1005
268  884  885
43  686  981
315  776  898
509  819  978
406  852  996
36  823  1000
411  594  972
509  805  978
437  864  990
471  852  965
522  811  854
504  906  1003
374  851  1019
471  852  996
569  649  1021
329  931  970
456  945  967
441  942  989
285  926  976
453  876  1001
491  819  934
358  569  1021
316  960  1008
527  816  863
276  809  929
12  851  1019
530  926  997
362  756  987
494  857  982
388  814  1024
436  759  993
498  724  890
515  874  1023
274  860  1020
493  691  922
365  902  1031
274  860  961
521  960  1008
445  877  923
454  865  951
282  881  975
528  882  998
497  788  1011
462  772  1016
517  942  989
500  893  1030
358  920  1021
278  902  1031
547  924  930
508  912  1018
506  931  970
324  906  1003
526  893  1014
472  810  979
498  890  1020
