0  2  1  0  12789.9  0  0  1
1  1  2  2  12544.6  1.96895  -0.15025  1
2  1  2  -2  12540.1  1.95819  -0.108684  1
3  3  -2  -2  12750.9  1.99492  -0.158043  1
4  3  -2  2  13080  1.99386  -0.15656  1
10  1  2  1.6  12534.4  1.89835  -0.147497  1
11  1  2  1.2  12534.4  1.85913  -0.153161  1
12  1  2  0.8  12534.4  1.86733  -0.158614  1
13  1  2  0.4  12534.4  1.87105  -0.159577  1
14  1  2  5.50449e-12  12534.4  1.90428  -0.14052  1
15  1  2  -0.4  12534.4  1.94702  -0.121969  1
16  1  2  -0.8  12534.4  1.95639  -0.114748  1
17  1  2  -1.2  12534.4  1.95458  -0.107809  1
18  1  2  -1.6  12534.4  1.95584  -0.105749  1
19  0  1.6  -2  12559.4  1.9626  -0.118862  1
20  0  1.2  -2  12591.3  1.96483  -0.121602  1
21  0  0.8  -2  12621.9  1.96601  -0.120709  1
22  0  0.4  -2  12654.1  1.9652  -0.12901  1
23  0  5.50449e-12  -2  12678.2  1.9684  -0.163224  1
24  0  -0.4  -2  12692.5  1.98108  -0.17694  1
25  0  -0.8  -2  12696.7  1.98392  -0.141891  1
26  0  -1.2  -2  12706.1  1.98863  -0.145664  1
27  0  -1.6  -2  12734.7  1.99659  -0.164335  1
28  3  -2  -1.6  12757.6  1.99386  -0.15656  1
29  3  -2  -1.2  12776.1  1.99386  -0.15656  1
30  3  -2  -0.8  12807.4  1.99386  -0.15656  1
31  3  -2  -0.4  12843.1  1.99386  -0.15656  1
32  3  -2  -5.50449e-12  12877.7  1.99386  -0.15656  1
33  3  -2  0.4  12915.7  1.99386  -0.15656  1
34  3  -2  0.8  12960.3  1.99386  -0.15656  1
35  3  -2  1.2  13013.6  1.99386  -0.15656  1
36  3  -2  1.6  13052.5  1.99386  -0.15656  1
37  0  -1.6  2  13139.8  1.99386  -0.15656  1
38  0  -1.2  2  13166.4  1.89586  -0.0613175  1
39  0  -0.8  2  13123.9  1.72097  0.183091  1
40  0  -0.4  2  13109.9  1.81897  0.0878491  1
41  0  -5.50449e-12  2  12949.7  1.99386  -0.15656  1
42  0  0.4  2  12763.4  1.99386  -0.15656  1
43  0  0.8  2  12696.3  1.99386  -0.15656  1
44  0  1.2  2  12620.2  1.99386  -0.15656  1
45  0  1.6  2  12577.5  1.99386  -0.15656  1
46  2  0.979411  0.00767928  12667.8  2.46519e-32  6.16298e-33  1
47  2  0.958662  0.0149457  12585.8  0  0  1
48  2  0.93754  0.0210474  12536.8  7.68104e-17  -1.49982e-17  1
49  2  0.916241  0.0265053  12501.7  0  0  1
50  2  0.89486  0.0316352  12469.2  0  0  1
51  2  0.873434  0.0365753  12441.5  -4.95233e-16  9.89138e-17  1
52  2  0.851975  0.0413664  12386.7  -7.18407e-17  1.64167e-17  1
53  2  0.830488  0.0460346  12381.8  0  0  1
54  2  0.80898  0.0505988  12366.8  -1.54525e-16  2.77386e-17  1
55  2  0.78745  0.0550658  12301.4  0  0  1
56  2  0.765903  0.0594433  12278.7  2.55421e-16  -4.56879e-17  1
57  2  0.744336  0.0637259  12265.4  0  0  1
58  2  0.72275  0.0679094  12204.1  0  0  1
59  2  0.701145  0.071993  12207.6  4.93038e-32  0  1
60  2  0.67952  0.0759693  12174.1  1.9114e-16  -3.07872e-17  1
61  2  0.657875  0.0798382  12116.1  1.60612e-16  -2.57547e-17  1
62  2  0.636207  0.0835762  12089.3  0  0  1
63  2  0.614518  0.0871903  12069.8  0  0  1
64  2  0.592806  0.0906562  12021.2  0  0  1
65  2  0.571071  0.09398  11977.5  0  0  1
66  2  0.54931  0.0971327  11953.5  0  0  1
67  2  0.527525  0.100109  11909.4  0  0  1
68  2  0.505714  0.10289  11863.2  2.60478e-16  -3.15273e-17  1
69  2  0.483876  0.105452  11832.1  2.23215e-16  -1.91847e-17  1
70  2  0.462012  0.107788  11806.7  8.42054e-16  -7.06726e-17  1
71  2  0.440123  0.109862  11742.1  0  0  1
72  2  0.41821  0.111669  11702.3  0  0  1
73  2  0.396273  0.113162  11668.5  -4.83523e-16  2.15101e-17  1
74  2  0.374316  0.114328  11647.5  0  0  1
75  2  0.352343  0.115118  11578.3  4.67293e-16  -8.46291e-18  1
76  2  0.330359  0.115507  11543.2  0  0  1
77  2  0.308372  0.115427  11526.7  4.26451e-16  8.92068e-18  1
78  2  0.286392  0.114833  11494.9  8.49814e-17  7.70749e-18  1
79  2  0.264437  0.113658  11489.7  1.71119e-16  9.09779e-18  1
80  2  0.242525  0.111843  11463.7  1.64356e-16  9.66732e-18  1
81  2  0.220682  0.109333  11470  -6.6897e-16  -9.68549e-17  1
82  2  0.19894  0.106064  11550.1  4.45831e-16  6.98273e-17  1
83  2  0.177336  0.101981  11641.8  3.2728e-16  5.95898e-17  1
84  2  0.155909  0.0970499  11721  0  0  1
85  2  0.134709  0.0912247  11874  -6.77304e-17  -1.38138e-17  1
86  2  0.113791  0.0844573  12038.7  6.66343e-16  2.23323e-16  1
87  2  0.0932402  0.0766456  12266.1  0  0  1
88  2  0.0731777  0.0676564  12525.9  1.8842e-16  8.00226e-17  1
89  2  0.0537825  0.0573098  12873.8  1.8842e-16  8.00226e-17  1
90  2  0.0353667  0.0453138  13272.1  -3.70424e-16  -1.11775e-16  1
91  2  0.0185507  0.0311787  13818.8  -2.82389e-16  -1.21013e-16  1
92  2  0.00487697  0.014043  14238.9  -2.19982e-16  -5.08576e-17  1
93  2  0.00174717  -0.00669703  13335.8  0  0  1
94  2  0.0181872  -0.0209456  11798.5  -4.93038e-32  2.46519e-32  1
95  2  0.0380269  -0.030365  11165  2.27752e-16  -9.60149e-17  1
96  2  0.0589306  -0.0371532  11279.5  -3.73004e-16  1.32491e-16  1
97  2  0.0803415  -0.0421347  11362.4  -6.84762e-17  1.03846e-17  1
98  2  0.102028  -0.0457447  11327.8  3.83476e-16  -7.6081e-17  1
99  2  0.12387  -0.0482545  11380.2  1.14138e-16  -1.22093e-17  1
100  2  0.145801  -0.0498161  11430.9  0  0  1
101  2  0.167774  -0.0505819  11531.5  1.62278e-16  -6.1482e-18  1
102  2  0.189761  -0.0506548  11629.8  -4.97101e-16  1.83063e-17  1
103  2  0.211742  -0.0501411  11729.2  4.08523e-16  9.49581e-19  1
104  2  0.233706  -0.049112  11832.7  9.43599e-16  9.69414e-18  1
105  2  0.255646  -0.0476712  11924.4  0  0  1
106  2  0.277559  -0.0458648  12017.5  -8.39038e-16  -3.55955e-17  1
107  2  0.299448  -0.0437793  12101  0  0  1
108  2  0.32131  -0.0414332  12187.6  4.20164e-16  2.57171e-17  1
109  2  0.343153  -0.0389186  12235.1  -3.76741e-16  -2.78017e-17  1
110  2  0.36498  -0.0362634  12314.6  0  0  1
111  2  0.386795  -0.0335147  12383.1  -3.38737e-16  -3.00589e-17  1
112  2  0.40861  -0.0307618  12454.6  -1.3232e-16  -5.81346e-18  1
113  2  0.430422  -0.0279839  12503.6  -3.11539e-16  -3.1118e-17  1
114  2  0.452238  -0.025244  12498.1  0  0  1
115  2  0.47406  -0.0225452  12573.9  0  0  1
116  2  0.495887  -0.0198959  12628.4  4.76771e-16  3.88963e-17  1
117  2  0.517724  -0.0173243  12640.6  0  0  1
118  2  0.539569  -0.0148192  12681.5  1.18224e-16  9.13937e-18  1
119  2  0.561423  -0.0124029  12707.4  -1.29971e-16  -2.47357e-17  1
120  2  0.583288  -0.0100822  12699  1.29354e-16  1.59854e-17  1
121  2  0.605163  -0.00785723  12723  0  0  1
122  2  0.62705  -0.00574627  12753.9  0  0  1
123  2  0.648946  -0.00374804  12765.9  9.48677e-17  6.57661e-18  1
124  2  0.670854  -0.00187342  12781.7  0  0  1
125  2  0.692773  -0.000134563  12800.9  -1.17986e-16  -1.00648e-17  1
126  2  0.714702  0.00146543  12811.7  -5.89932e-17  -5.03238e-18  1
127  2  0.736642  0.00291275  12820  1.85497e-16  1.2629e-17  1
128  2  0.758593  0.00419627  12863.4  0  0  1
129  2  0.780552  0.00530989  12861.5  0  0  1
130  2  0.80252  0.00623627  12859.8  -2.61673e-16  -7.43984e-18  1
131  2  0.824496  0.00696125  12881.8  -1.70037e-16  -6.26094e-18  1
132  2  0.846478  0.0074584  12896.6  1.2326e-32  0  1
133  2  0.868464  0.00770459  12905.3  -1.94821e-16  -3.17738e-18  1
134  2  0.890452  0.00766228  12924.2  -2.05245e-16  -1.48274e-18  1
135  2  0.912436  0.00729027  12938  2.00888e-16  -1.86644e-18  1
136  2  0.93441  0.00650194  12937.2  1.82183e-16  -2.10933e-18  1
137  2  0.956356  0.00517037  12931.4  0  0  1
138  2  0.978246  0.0031133  12905.7  0  0  1
268  0  0.821593  -0.98197  12636.5  1.97514  -0.0970195  1
269  0  0.935134  -0.453714  12692  1.94532  -0.0545782  1
270  0  0.366513  -0.620429  12615  2.02294  -0.0730318  1
271  0  -0.717308  -0.837733  12765.6  2.01949  -0.156313  1
272  0  -0.0886132  -0.51028  12677.7  2.02527  -0.151213  1
273  0  -0.87186  0.727671  12925.4  2.00639  -0.118458  1
274  0  0.0146901  1.02177  12796.6  1.9116  0.0684421  1
275  0  0.990043  1.0209  12610.4  1.89747  -0.114286  1
276  0  -0.642368  0.0893869  12911.4  1.97563  -0.124559  1
277  0  0.503696  0.716181  12568.3  1.98791  -0.0538303  1
278  0  0.939774  0.523106  12541.8  1.95098  -0.179337  1
279  0  0.0509853  0.565529  12685.5  1.98794  0.0894399  1
280  0  -0.186915  0.302165  12931.5  1.91406  0.0898479  1
281  0  0.605128  -0.349758  12639.4  1.99438  -0.00426241  1
282  0  0.34613  -0.321063  12499.8  2.07667  -0.0266195  1
283  0  0.0783388  -0.298921  12501.8  2.07981  -0.170267  1
284  0  -0.160411  -0.210404  12826.4  1.93096  -0.22378  1
285  0  0.65606  0.402609  12396.3  2.04689  -0.155798  1
286  0  0.351413  0.420431  12380.1  2.10224  0.00100155  1
287  0  1.10313  0.273369  12612.8  1.89636  -0.233928  1
288  0  0.795429  -0.23232  12743.9  1.92325  -0.00260993  1
289  0  0.838799  0.28279  12447.7  1.99996  -0.249984  1
290  0  0.14505  0.321577  12475  2.08006  0.174467  1
291  0  -0.269177  0.0447933  13052.3  1.85384  -0.0749994  1
292  0  0.964294  -0.162799  12806.7  1.90942  -0.0366849  1
293  0  0.488134  -0.201619  12562.4  2.02878  0.0554118  1
294  0  0.628917  -0.150805  12694  1.98898  0.0611339  1
295  0  0.496863  0.290291  12196.4  2.16841  -0.123011  1
296  0  0.0258401  0.22689  12767.6  1.94792  0.274882  1
297  0  -0.116522  0.124938  13190.8  1.74492  0.105929  1
298  0  0.35012  0.256906  12077.5  2.23966  0.00846904  1
299  0  0.630817  0.236801  12237.6  2.12754  -0.224876  1
300  0  0.231335  -0.203027  12290  2.17273  -0.0566654  1
301  0  0.344799  -0.160964  12364.2  2.13233  0.0529597  1
302  0  0.736749  0.190109  12314.4  2.10307  -0.289896  1
303  0  0.857944  -0.109972  12830.8  1.9402  0.00952997  1
304  0  -0.00270405  -0.179104  12559.8  2.04363  -0.310476  1
305  0  0.834608  0.152741  12413.3  2.08329  -0.337663  1
306  0  0.988317  0.157212  12592.6  1.9447  -0.311822  1
307  0  0.755026  -0.10162  12796.1  1.97928  0.0399917  1
308  0  0.126947  -0.159817  12146.6  2.22264  -0.199928  1
309  0  -0.0917844  -1.21092  12689.7  2.02197  -0.153101  1
310  0  1.47701  -0.200487  12649.1  1.90177  -0.129368  1
311  0  0.245329  0.227303  12088  2.23743  0.160139  1
312  0  0.143095  0.203999  12303.9  2.13432  0.313948  1
313  0  0.540006  -0.11513  12627  2.05796  0.0920039  1
314  0  1.38883  -0.806473  12613.6  1.94258  -0.100892  1
315  0  0.454978  -0.117496  12514  2.10831  0.107845  1
316  0  1.15988  0.0994901  12742.5  1.84348  -0.25157  1
317  0  1.18318  -0.118412  12757.3  1.83623  -0.0895889  1
318  0  -0.373939  0.733387  12866.1  1.95794  0.0291742  1
319  0  0.934368  -0.0833766  12867.9  1.88159  -0.0153734  1
320  0  -0.562364  -0.416889  12817  1.9897  -0.174289  1
321  0  -0.0674526  -0.097563  12950  1.83448  -0.355675  1
322  0  0.686503  -0.65821  12644.8  1.98415  -0.0676908  1
323  0  1.04522  -0.097325  12842.6  1.86278  -0.0584038  1
324  0  0.540204  1.24185  12705.1  1.86498  -0.0489624  1
325  0  0.43169  0.210294  12002.7  2.266  -0.0966856  1
326  0  0.528631  0.197979  12071.9  2.24153  -0.192475  1
327  0  -1.27324  -0.25626  12852.9  1.99497  -0.175524  1
328  0  0.273207  -0.126888  12169.4  2.24893  0.0275367  1
329  0  1.42016  0.694093  12582.8  1.88841  -0.159493  1
330  0  0.663808  -0.0865097  12752.8  1.9986  0.0736115  1
331  0  0.0802797  0.166727  12547  2.00509  0.424158  1
332  0  0.000460472  0.125432  13094.9  1.75249  0.395982  1
333  0  0.202393  -0.120615  12043  2.32509  -0.0583011  1
334  0  0.363694  0.185895  11867  2.39089  -0.0209591  1
335  0  0.659274  0.159043  12186.2  2.23467  -0.296119  1
336  0  0.384641  -0.101239  12390.9  2.18288  0.123841  1
337  0  0.600881  -0.0743991  12704  1.95602  0.0925451  1
338  0  0.592465  0.159501  12108.4  2.30085  -0.270003  1
339  0  0.904546  0.113922  12498.2  2.07256  -0.371101  1
340  0  0.965161  0.0902691  12596.8  1.99808  -0.376593  1
341  0  -0.658248  1.36611  12993.3  1.91918  0.0588233  1
342  0  0.436973  -1.13514  12647.3  1.99531  -0.10315  1
343  0  -0.101498  0.0194894  13413.5  1.57651  -0.105212  1
344  0  -1.08537  0.25196  12900.6  1.99751  -0.154681  1
345  0  0.815706  -0.0600082  12847.1  1.73632  0.045177  1
346  0  1.10006  -0.332307  12720.3  1.91726  -0.0684785  1
347  0  0.0939913  -0.882474  12664.1  2.0183  -0.115158  1
348  0  0.192167  -0.488585  12579.7  2.05415  -0.0930416  1
349  0  0.300346  0.182803  11867.4  2.39045  0.0865943  1
350  0  -1.3125  1.31052  13005.1  2.00289  -0.195983  1
351  0  0.0520974  -0.115027  12183.4  2.18027  -0.401874  1
352  0  1.56479  0.247648  12613.5  1.86557  -0.176555  1
353  0  0.766751  0.120889  12295.5  2.15005  -0.353432  1
354  0  1.35929  -1.39719  12589.6  1.96367  -0.112284  1
355  0  -0.292971  -0.830452  12721.4  2.0274  -0.169314  1
356  0  0.879341  -0.0534189  12884.8  1.69911  0.018034  1
357  0  0.723228  0.617801  12523.7  1.98545  -0.124347  1
358  0  -0.0414831  0.0650601  13602.1  1.38804  0.162502  1
359  0  -1.37625  -0.889693  12790.6  1.99996  -0.173539  1
360  0  -0.0072141  0.40106  12724.9  1.9857  0.141334  1
361  0  -0.44821  -0.169321  12891.5  1.94753  -0.158628  1
362  0  0.201402  0.172069  11950.2  2.33388  0.304242  1
363  0  -0.498079  0.439793  12903.8  1.97244  -0.0386468  1
364  0  0.519846  0.47208  12413.7  2.0615  -0.0823514  1
365  0  0.479963  0.160804  11929.7  2.40147  -0.181844  1
366  0  0.277367  0.645566  12585.8  2.00237  0.0162741  1
367  0  0.491837  -0.0744754  12592.2  2.00172  0.130078  1
368  0  -0.575256  -1.3843  12720.9  2.01531  -0.157884  1
369  0  0.769203  -0.386262  12686.9  1.95756  -0.0287116  1
370  0  0.714546  -0.0526987  12795.2  1.70232  0.0654776  1
371  0  0.315969  -0.0946925  12220.4  2.28684  0.101063  1
372  0  0.106662  -0.101717  11827.7  2.38814  -0.319743  1
373  0  0.260919  0.336517  12319.5  2.14481  0.0841431  1
374  0  0.980164  -0.0464386  12883  1.57877  -0.023657  1
375  0  0.916563  -0.299513  12735.9  1.92172  -0.0380968  1
376  0  0.00246366  -0.0796671  12517.8  1.97037  -0.58306  1
377  0  0.455339  -0.451748  12587.8  2.03445  -0.0391423  1
378  0  0.700193  0.899697  12607.9  1.94051  -0.0846355  1
379  0  0.699525  0.123976  12223.6  2.21989  -0.336502  1
380  0  0.71994  0.300035  12364.3  2.05773  -0.21966  1
381  0  0.410664  0.162711  11840.5  2.46218  -0.0955274  1
382  0  0.750897  -1.43075  12629.6  1.97779  -0.113976  1
383  0  0.210438  -0.331841  12468.2  2.09884  -0.0871479  1
384  0  0.249438  0.15751  11772  2.47057  0.213886  1
385  0  0.155625  0.147303  12032.9  2.30587  0.45533  1
386  0  0.554073  -0.0563854  12672.7  1.73994  0.111324  1
387  0  0.77245  -0.0365014  12844  1.38667  0.0503354  1
388  0  0.544874  0.145882  11964  2.31982  -0.245866  1
389  0  1.01504  0.0467012  12738.8  1.57668  -0.351393  1
390  0  0.344822  0.953114  12681.3  1.93845  -0.0129027  1
391  0  0.192607  0.470604  12532.2  2.0467  0.0791808  1
392  0  0.831142  0.103935  12396.9  2.08338  -0.370979  1
393  0  0.155137  -0.0975648  11805.1  2.4327  -0.162895  1
394  0  1.22569  0.514987  12590.1  1.90113  -0.175282  1
395  0  -1.38925  0.708414  12943.4  2.00675  -0.18954  1
396  0  1.46944  1.20813  12582.1  1.8643  -0.142777  1
397  0  0.924605  -0.0313375  12912.1  1.3537  -0.00463697  1
398  0  0.696277  -0.264556  12691.8  1.95914  0.00959418  1
399  0  -0.859456  -0.212721  12859.2  1.98673  -0.149834  1
400  0  0.918305  1.45478  12655.2  1.84492  -0.103412  1
401  0  0.806397  0.421542  12472.5  1.99424  -0.19051  1
402  0  -0.316705  -0.365735  12798.9  1.97568  -0.185707  1
403  0  -0.177954  -0.0797947  13032.8  1.8344  -0.207606  1
404  0  -0.197163  0.536242  12828.6  1.9567  0.0792705  1
405  0  0.0584856  1.44329  12862.1  1.79715  0.0342563  1
406  0  0.947294  -0.710539  12651.7  1.95752  -0.0785549  1
407  0  1.13164  -0.570817  12665.8  1.94051  -0.0809276  1
408  0  -0.0555227  -0.302111  12668.4  2.01072  -0.202706  1
409  0  1.10472  0.0120461  12831.9  1.48741  -0.184471  1
410  0  0.943398  0.736017  12574.6  1.9313  -0.140021  1
411  0  0.42528  -0.0746333  12482.5  2.02889  0.14021  1
412  0  0.699741  -0.145976  12741.4  1.97407  0.0434733  1
413  0  0.640233  -0.0449988  12738.7  1.53262  0.082065  1
414  0  -1.13338  -1.44507  12741.5  2.00276  -0.143402  1
415  0  0.464285  -0.325344  12563.3  2.04022  -0.00193533  1
416  0  0.248055  -0.0899668  11994.3  2.36067  0.0482047  1
417  0  0.575356  -0.243655  12629.3  1.99512  0.0340874  1
418  0  0.88217  -0.194243  12782.5  1.90503  -0.0171058  1
419  0  -1.02016  -0.587504  12810.2  2.00277  -0.157991  1
420  0  0.39682  -0.237687  12480.2  2.0809  0.0219543  1
421  0  0.411444  -0.156776  12462.7  2.08483  0.0749776  1
422  0  -0.462609  0.260738  12934.7  1.95738  -0.0538855  1
423  0  0.508089  -0.84894  12639  1.99732  -0.0848705  1
424  0  -0.336323  1.13057  12880.2  1.91111  0.0726127  1
425  0  0.0871234  0.792538  12712.1  1.96074  0.0585003  1
426  0  0.300426  -1.52865  12655.8  1.98898  -0.12992  1
427  0  0.633096  0.124069  12103.7  2.17777  -0.302752  1
428  0  0.952475  0.343719  12532.6  1.95326  -0.230267  1
429  0  1.34455  0.274082  12638.6  1.86486  -0.191632  1
430  0  0.0675862  -0.645332  12646.4  2.03185  -0.113223  1
431  0  0.0651588  0.110763  12680.4  1.92131  0.627043  1
432  0  0.1135  0.129023  12250  2.177  0.576668  1
433  0  0.345659  0.15497  11721.9  2.49659  -0.00105407  1
434  0  -0.865791  0.371831  12911.6  1.99717  -0.130706  1
435  0  0.922685  0.182659  12525.6  1.96797  -0.307039  1
436  0  0.605489  0.345966  12326.6  2.09377  -0.15776  1
437  0  1.38811  -0.410729  12655.3  1.93766  -0.110574  1
438  0  0.0487705  -0.454529  12614  2.04533  -0.132306  1
439  0  0.634928  -0.49421  12641.7  1.99123  -0.0415138  1
440  0  -0.0156307  -0.0433562  12926.6  1.72446  -0.705128  1
441  0  0.915495  0.0669218  12503.6  1.7846  -0.362821  1
442  0  0.869475  0.0773619  12423.7  1.85314  -0.359035  1
443  0  0.804548  -0.543801  12665.4  1.96591  -0.0555046  1
444  0  0.36159  -0.0752613  12316.3  2.09758  0.147718  1
445  0  0.832192  -0.0301981  12873  1.31347  0.0328943  1
446  0  0.151771  -0.242249  12347.8  2.15035  -0.140621  1
447  0  0.406825  0.343098  12259.8  2.15206  -0.0350899  1
448  0  -0.621655  0.94181  12922.3  1.97404  -0.0242834  1
449  0  1.39719  -0.0183961  12695.2  1.81392  -0.153178  1
450  0  0.302193  -0.238066  12400.4  2.1288  -0.0168556  1
451  0  1.23014  0.835098  12588.4  1.89524  -0.148517  1
452  0  0.804223  -0.16008  12780.5  1.93431  0.00962554  1
453  0  1.06938  -0.2193  12761.3  1.90033  -0.0646965  1
454  0  0.400287  0.561167  12502.2  2.03427  -0.0193244  1
455  0  0.740407  0.101235  12260.3  2.02103  -0.345027  1
456  0  0.784542  0.0931967  12302.1  1.94991  -0.349002  1
457  0  -1.0431  1.09837  12977.8  2.01118  -0.132032  1
458  0  1.05581  -0.0371806  12867.1  1.44325  -0.0531797  1
459  0  0.617711  0.529152  12463.6  2.0265  -0.109086  1
460  0  -1.5791  0.0572245  12884.4  1.99369  -0.181663  1
461  0  0.0598477  -0.0792391  11940.2  2.32639  -0.519907  1
462  0  -0.293136  -0.636939  12735.3  2.01871  -0.172724  1
463  0  -0.969948  0.0701512  12886.9  1.99404  -0.145633  1
464  0  -0.0485797  0.0115038  13740.3  1.37409  -0.194903  1
465  0  0.317107  -0.451727  12562.3  2.05668  -0.06038  1
466  0  0.295419  -0.836794  12644.3  2.0105  -0.0932882  1
467  0  -0.255456  1.49608  12917  1.76248  0.119619  1
468  0  -0.475569  -1.12905  12722.4  2.02146  -0.168528  1
469  0  0.503912  -0.609765  12623.9  2.00922  -0.0629081  1
470  0  0.994357  0.261918  12567  1.92751  -0.254656  1
471  0  0.914529  -0.135148  12826  1.92646  -0.0192373  1
472  0  0.0818434  0.274191  12577.7  2.03093  0.237244  1
473  0  1.16887  -0.899253  12626.2  1.95061  -0.097769  1
474  0  0.180892  0.270923  12323.5  2.1462  0.196388  1
475  0  0.563238  0.257861  12199.5  2.15259  -0.178881  1
476  0  0.211224  1.25571  12783.1  1.85934  0.0163859  1
477  0  0.570314  -0.187758  12635.7  1.98705  0.0572369  1
478  0  0.201607  -0.0881509  11869.1  2.4155  -0.039144  1
479  0  0.59746  -0.0407702  12723.9  1.50406  0.0928406  1
480  0  1.40398  1.62351  12595.9  1.89803  -0.145343  1
481  0  1.08681  0.129692  12703.3  1.91238  -0.28507  1
482  0  0.45293  0.14517  11860.3  2.38645  -0.168516  1
483  0  0.497583  0.138482  11897.9  2.31448  -0.210767  1
484  0  0.587527  0.128453  12056.9  2.21683  -0.280269  1
485  0  -0.136406  0.791299  12806  1.95167  0.0796332  1
486  0  -1.03994  1.63574  13051.5  1.91417  -0.0759347  1
487  0  0.759608  1.22485  12660.7  1.86832  -0.0775507  1
488  0  -0.153972  -0.720765  12700.5  2.02698  -0.151988  1
489  0  -0.219313  -1.62405  12692.3  1.99272  -0.171196  1
490  0  0.520433  -0.0577966  12643.6  1.79478  0.124424  1
491  0  0.461959  -0.0614074  12532.8  1.85855  0.139019  1
492  0  -1.6626  -0.650243  12818.5  1.99551  -0.175323  1
493  0  0.737752  -0.0324106  12829.8  1.31301  0.0591847  1
494  0  0.0585971  -0.215537  12431.3  2.10774  -0.23967  1
495  0  0.685089  -0.0387494  12786.3  1.46178  0.0698676  1
496  0  0.689545  0.212352  12272.4  2.10712  -0.261227  1
497  0  -0.87036  -1.23157  12746.3  2.01157  -0.140688  1
498  0  0.283767  -0.0828512  12102.1  2.28248  0.0911496  1
499  0  0.498318  1.66624  12755.1  1.84565  -0.0473769  1
500  0  0.803049  -0.0302723  12868.7  1.33269  0.0437008  1
501  0  0.0197558  0.0891059  13227.6  1.58738  0.553224  1
502  0  1.09827  0.666374  12580  1.91445  -0.158167  1
503  0  0.392254  -0.0715862  12419.8  2.066  0.151387  1
504  0  0.378665  0.151369  11764  2.46992  -0.058627  1
505  0  0.78721  0.18594  12373.6  2.07045  -0.303974  1
506  0  0.595769  -0.121883  12673.3  2.03004  0.0762275  1
507  0  0.297202  0.151914  11701.8  2.51449  0.106083  1
508  0  -0.536558  -0.644144  12771.8  2.01471  -0.174428  1
509  0  -0.481445  0.0121336  12933.2  1.94772  -0.120668  1
510  0  0.958331  0.0552483  12595.9  1.68521  -0.365543  1
511  0  -0.102937  0.24845  12949.5  1.8832  0.14802  1
512  0  -0.17444  -1.02492  12699.1  2.02538  -0.159197  1
513  0  0.77065  0.247739  12384.3  2.03692  -0.258734  1
514  0  0.494773  -0.14562  12569.3  2.04622  0.0862583  1
515  0  0.667347  0.115748  12154.6  2.12414  -0.315643  1
516  0  -1.57811  -1.334  12761.4  1.99733  -0.168153  1
517  0  0.879182  -0.0265998  12902.5  1.26115  0.0246438  1
518  0  1.18434  1.38461  12616.1  1.85632  -0.13012  1
519  0  0.709383  -0.0957864  12767.5  1.98824  0.0569517  1
520  0  -0.340449  0.473695  12888.2  1.9554  0.0321562  1
521  0  -0.169453  -0.322712  12755.6  1.98003  -0.196085  1
522  0  0.994521  -0.113221  12838.9  1.91203  -0.0425731  1
523  0  0.29298  0.234006  12043.9  2.25657  0.0860505  1
524  0  0.10733  0.411024  12587.3  2.03585  0.127668  1
525  0  -0.0663964  -0.038643  13251  1.63664  -0.375664  1
526  0  0.406257  0.278688  12142.9  2.20893  -0.0446923  1
527  0  1.12669  -1.21857  12612.8  1.96662  -0.110965  1
528  0  0.674131  -1.18129  12638.2  1.98261  -0.103955  1
529  0  1.10705  0.412748  12588.6  1.91166  -0.201379  1
530  0  -0.0786117  -0.171589  12765.2  1.94756  -0.288855  1
531  0  0.205702  0.136192  11666.3  2.34282  0.355048  1
532  0  -0.637326  -0.108738  12885.6  1.97165  -0.146908  1
533  0  0.213035  -0.621691  12617.8  2.0329  -0.0901905  1
534  0  0.489508  0.235999  12101  2.20847  -0.143775  1
535  0  -0.603821  0.686928  12906.2  1.97813  -0.0464385  1
536  0  0.180538  -0.178689  12211  2.20577  -0.112594  1
537  0  0.825681  -0.312051  12720.4  1.93679  -0.0245842  1
538  0  -0.24564  0.177861  13025.5  1.87304  0.0131715  1
539  0  -0.790488  -0.614329  12796.8  2.00883  -0.157879  1
540  0  -1.09016  -0.909218  12780.2  2.00777  -0.153898  1
541  0  1.58336  -1.1135  12579.2  1.95263  -0.104768  1
542  0  0.957355  -0.0295674  12913.1  1.32699  -0.0223278  1
543  0  0.576021  0.207034  12133.8  2.1973  -0.217941  1
544  0  -0.31925  -0.166841  12910.6  1.91863  -0.170921  1
545  0  0.760505  -0.180893  12753.4  1.93201  0.0182734  1
546  0  0.308645  -0.187155  12333.6  2.1409  0.0142929  1
547  0  0.132834  -0.0771384  11633.6  2.33059  -0.233297  1
548  0  0.330617  0.341415  12288.2  2.15018  0.0241825  1
549  0  1.00551  -0.275388  12747.6  1.90818  -0.051453  1
550  0  0.700024  -0.825539  12642.5  1.98325  -0.0824439  1
551  0  1.75234  -0.530152  12579.4  1.95283  -0.11765  1
552  0  0.898571  -0.0965143  12852.6  1.921  -0.00514298  1
553  0  -1.51619  0.393291  12912.6  1.99597  -0.188536  1
554  0  -1.08771  0.545225  12923.1  2.00491  -0.15434  1
555  0  0.62986  -0.106555  12713.6  2.02717  0.0741143  1
556  0  0.712615  0.478634  12463  2.01218  -0.151644  1
557  0  0.800896  -0.104916  12811.8  1.96532  0.0241196  1
558  0  0.227681  -1.04396  12658.8  2.00808  -0.110002  1
559  0  0.524158  0.859664  12620.4  1.95663  -0.0532873  1
560  0  0.293718  0.518076  12501.1  2.04934  0.0255652  1
561  0  0.0943531  0.104886  12319.2  2.00063  0.670505  1
562  0  0.488081  -0.0468254  12600.8  1.43146  0.116782  1
563  0  0.138351  0.119729  11974.8  2.18763  0.557857  1
564  0  0.129545  -0.382996  12537.3  2.07395  -0.119897  1
565  0  0.0117026  0.30445  12728.4  1.9718  0.198206  1
566  0  0.349055  -0.108604  12320.1  2.22286  0.099999  1
567  0  -1.57928  1.57928  13068.7  1.97616  -0.198428  1
568  0  0.016364  -0.0489294  12041.8  2.05141  -0.864825  1
569  0  1.31479  -0.284431  12699  1.93256  -0.108966  1
570  0  -1.64178  1.01799  12970.9  2.00726  -0.194379  1
571  0  0.519616  0.372386  12318.3  2.10937  -0.108242  1
572  0  -0.154293  1.22892  12857.5  1.8572  0.0897625  1
573  0  0.654462  0.295323  12308.2  2.09389  -0.201331  1
574  0  0.825082  0.0742724  12372.2  1.58012  -0.299097  1
575  0  0.366051  0.792904  12618.1  1.97433  -0.0168169  1
576  0  0.231769  -0.151745  12169.8  2.22033  -0.0320269  1
577  0  1.02869  -0.157381  12803.8  1.91152  -0.0563264  1
578  0  0.675868  -0.215157  12697.3  1.95125  0.0282063  1
579  0  0.514171  -0.269612  12587.3  2.02436  0.0236273  1
580  0  0.876291  0.636004  12547.4  1.95683  -0.149718  1
581  0  0.7928  0.755184  12569.7  1.95263  -0.116821  1
582  0  0.742822  -0.0749049  12809.7  1.92834  0.0565441  1
583  0  -0.0537115  0.181301  13033.3  1.81496  0.224229  1
584  0  0.707834  -0.0222281  12804.7  0.999491  0.0493931  1
585  0  -0.126332  0.414413  12826  1.95277  0.110554  1
586  0  1.21784  -0.015273  12759.5  1.68452  -0.149576  1
587  0  0.246231  -0.271299  12407.9  2.12686  -0.0561724  1
588  0  0.623506  0.184874  12176.7  2.20075  -0.25792  1
589  0  0.0865735  -0.0696591  11621.6  2.3438  -0.436174  1
590  0  0.311716  -0.0669452  12163.2  1.89225  0.11582  1
591  0  0.733332  0.136633  12275.3  2.20242  -0.335797  1
592  0  0.889725  0.0582983  12456.2  1.4415  -0.291385  1
593  0  1.0505  0.0189525  12834.5  1.25979  -0.211347  1
594  0  0.00653957  0.0603216  13530  1.27177  0.544995  1
595  0  0.394215  0.231371  12034.6  2.24356  -0.0516574  1
596  0  0.307281  -0.134926  12265.6  2.2029  0.054564  1
597  0  0.555542  -0.421664  12620.4  2.00866  -0.0249131  1
598  0  1.13979  -1.65985  12597.6  1.97051  -0.119354  1
599  0  0.569619  -0.0935314  12668.5  2.03534  0.094693  1
600  0  0.196889  0.379592  12449.8  2.08984  0.11072  1
601  0  1.64563  0.894499  12569.6  1.8767  -0.154307  1
602  0  0.0451616  -0.0561542  11706.3  2.24789  -0.692827  1
603  0  0.505142  0.576425  12495.7  2.0239  -0.0613733  1
604  0  0.685136  -0.327237  12672.9  1.97111  -0.006617  1
605  0  0.0510511  0.0847906  12838.5  1.69714  0.720779  1
606  0  -0.0114959  0.0333747  13980  0.990711  0.229042  1
607  0  0.718951  0.0896792  12206.7  1.56424  -0.267912  1
608  0  0.393425  -0.380962  12547.2  2.05385  -0.0295116  1
609  0  -0.486394  1.63869  13020  1.74132  0.194853  1
610  0  0.75979  0.0848085  12274.5  1.60028  -0.288694  1
611  0  0.407936  0.136336  11732  2.17759  -0.0968727  1
612  0  -0.301677  -1.34425  12705.2  2.01635  -0.16529  1
613  0  0.178855  -0.0745425  11714.9  2.23874  -0.0824443  1
614  0  1.11705  -0.0674208  12806.6  1.67076  -0.0774111  1
615  0  0.793464  0.337924  12433.5  2.01679  -0.219967  1
616  0  0.223794  -0.0724575  11867.7  2.1248  0.0218293  1
617  0  0.268019  -1.28929  12658.1  2.00378  -0.121627  1
618  0  0.986686  -0.371505  12715  1.92941  -0.0542694  1
619  0  0.444456  0.175042  11924.4  2.39598  -0.130676  1
620  0  0.977526  0.034071  12659.8  1.20789  -0.292363  1
621  0  -1.21544  -0.0105173  12877.9  1.99593  -0.167935  1
622  0  -0.0519176  0.674655  12758.8  1.96308  0.0833593  1
623  0  0.0761497  -0.165035  12264.6  2.17422  -0.278384  1
624  0  0.753524  -0.289905  12706.9  1.94894  -0.00739489  1
625  0  0.82575  0.518839  12511.1  1.97742  -0.166461  1
626  0  0.328111  0.206179  11950.6  2.2982  0.0327416  1
627  0  0.563833  0.118734  11978.8  1.90965  -0.225739  1
628  0  0.574633  -0.0326958  12693.8  1.15956  0.0651684  1
629  0  0.607113  0.110941  12068.9  1.80076  -0.247644  1
630  0  0.61768  -0.0283231  12741.5  1.06044  0.0694198  1
631  0  0.27424  0.136206  11598.2  2.30675  0.151369  1
632  0  0.939923  0.129644  12549.1  2.01907  -0.348717  1
633  0  0.983536  -0.019575  12877.4  1.07845  -0.0398587  1
634  0  0.319285  0.137399  11626.2  2.26381  0.0462639  1
635  0  0.851183  -0.0743967  12863.2  1.8478  0.0256705  1
636  0  0.0920229  0.210928  12511.4  2.04924  0.32897  1
637  0  0.254773  0.277414  12206.5  2.19522  0.115286  1
638  0  0.00367106  -0.254571  12569.4  2.04398  -0.221872  1
639  0  -0.0245611  -0.121945  12667  1.96036  -0.409631  1
640  0  0.475255  0.128246  11844.2  2.01054  -0.172801  1
641  0  0.519082  0.124319  11924  1.97648  -0.208782  1
642  0  -0.048507  0.508982  12750.8  1.97257  0.106893  1
643  0  0.932964  0.0457208  12536  1.31334  -0.283063  1
644  0  0.639595  0.747125  12569.5  1.97182  -0.0871764  1
645  0  0.172441  0.579039  12608.1  2.00936  0.0605077  1
646  0  0.874019  0.349606  12486.7  1.98232  -0.225337  1
647  0  0.184064  0.125576  11789.5  2.25477  0.428446  1
648  0  0.802322  0.12007  12351.3  2.14009  -0.363926  1
649  0  0.229106  0.132326  11601.8  2.30307  0.2762  1
650  0  0.913981  -0.563919  12670  1.95488  -0.0635149  1
651  0  1.01666  0.108384  12654.3  1.95224  -0.333091  1
652  0  1.72801  1.42435  12563.8  1.86146  -0.145604  1
653  0  -1.09475  0.834791  12949.4  2.01833  -0.154599  1
654  0  -0.889148  -1.66229  12711.9  2.00146  -0.124891  1
655  0  -1.42929  -1.68221  12735.9  1.99685  -0.16403  1
656  0  0.194665  0.217467  12176.2  2.20001  0.237687  1
657  0  0.501516  -1.38286  12645.1  1.98769  -0.114424  1
658  0  0.520044  -0.0878489  12631.2  2.06096  0.117073  1
659  0  0.770612  -0.0146271  12851.4  0.779256  0.0386947  1
660  0  0.698075  0.164012  12242.8  2.18812  -0.303349  1
661  0  -0.699455  -0.294462  12845.6  1.98365  -0.159309  1
662  0  0.782506  -0.0717163  12832.3  1.87503  0.0453232  1
663  0  0.857703  -0.0130873  12897.9  0.877396  0.0143097  1
664  0  0.90098  -0.0138053  12929.5  0.924339  0.00667767  1
665  0  1.2091  0.213829  12655.5  1.87158  -0.218864  1
666  0  0.418178  -0.108245  12460.2  2.14193  0.114048  1
667  0  0.494848  -0.10672  12582.3  2.09689  0.113587  1
668  0  0.452776  -0.1576  12516.7  2.05654  0.0784392  1
669  0  0.430311  -0.199257  12501.7  2.05898  0.0511519  1
670  0  0.836191  0.218984  12432.7  2.0095  -0.283435  1
671  0  0.121341  0.164881  12314.8  2.12553  0.421942  1
672  0  1.42341  0.463224  12597.3  1.87764  -0.17501  1
673  0  1.70396  0.510968  12572.7  1.86988  -0.16352  1
674  0  0.017818  -0.357218  12594.5  2.0481  -0.166535  1
675  0  0.867725  0.109426  12433.3  2.08496  -0.371857  1
676  0  0.163749  -0.131826  12035.8  2.29722  -0.139373  1
677  0  1.59431  0.0129876  12618.1  1.86429  -0.15781  1
678  0  1.63021  -1.63021  12558.5  1.95922  -0.11204  1
679  0  0.422231  -0.0506891  12467.8  1.40305  0.140143  1
680  0  0.110577  -0.0676402  11550.7  2.29944  -0.327354  1
681  0  0.58772  -0.985854  12641.7  1.98852  -0.0928407  1
682  0  0.467467  0.201983  12018.4  2.27828  -0.135573  1
683  0  -1.308  -0.531755  12823.1  1.99743  -0.176036  1
684  0  1.75517  -0.197229  12585.1  1.915  -0.13031  1
685  0  0.863778  -0.247372  12751.9  1.91338  -0.0207202  1
686  0  0.335534  -0.0599783  12233.2  1.69669  0.125208  1
687  0  1.19347  1.07056  12601.8  1.88126  -0.132955  1
688  0  0.251949  0.130309  11598.7  2.20197  0.206436  1
689  0  0.72706  0.377474  12418.7  2.02992  -0.186231  1
690  0  0.162257  0.118328  11796.7  2.17323  0.490897  1
691  0  0.28932  -0.349751  12497.1  2.08197  -0.0534379  1
692  0  0.431731  0.130377  11759.6  2.02633  -0.128884  1
693  0  0.666395  -0.12432  12728.8  2.00438  0.0586409  1
694  0  0.15608  -0.0699287  11587.2  2.21102  -0.146085  1
695  0  -0.600137  0.273391  12915.9  1.98219  -0.0975574  1
696  0  1.29535  -1.08081  12608.1  1.95567  -0.104831  1
697  0  0.907105  0.25451  12504.1  1.96515  -0.266144  1
698  0  0.847897  0.063761  12394.1  1.39823  -0.273664  1
699  0  0.245943  -0.0672657  11889.7  1.91246  0.0636357  1
700  0  0.800613  0.0732147  12341.3  1.44652  -0.274818  1
701  0  0.271027  0.411106  12417.2  2.09577  0.0558721  1
702  0  0.548111  -1.70363  12641.4  1.97499  -0.122152  1
703  0  -1.72339  -0.974787  12790.4  1.99543  -0.17123  1
704  0  0.517526  0.161945  11983.5  2.36605  -0.21315  1
705  0  0.444194  0.422038  12361.1  2.0976  -0.0530979  1
706  0  0.875659  0.896159  12597.3  1.9242  -0.112087  1
707  0  0.541043  0.117838  11916.3  1.80106  -0.211335  1
708  0  0.552595  -0.0325953  12677.1  1.06486  0.0823202  1
709  0  0.639069  -0.0207154  12746.3  0.854492  0.0592368  1
710  0  0.692688  0.0987617  12195.5  1.72164  -0.277306  1
711  0  0.849496  -0.159522  12797.8  1.92845  -0.00194046  1
712  0  -0.187666  0.989669  12836.6  1.92784  0.0800843  1
713  0  0.017623  0.171408  12894.1  1.86279  0.348112  1
714  0  0.936862  -0.222889  12772  1.90093  -0.0338551  1
715  0  0.877047  -0.379091  12705.8  1.94091  -0.0415996  1
716  0  -0.358051  -0.0437173  12964.2  1.91015  -0.126325  1
717  0  -0.426459  0.58394  12882.9  1.96185  0.00451858  1
718  0  -1.58537  -0.259321  12853.6  1.99453  -0.178686  1
719  0  -0.404538  -0.48817  12780.5  1.99772  -0.181866  1
720  0  -0.728296  0.520792  12912  1.99311  -0.103861  1
721  0  0.923183  -0.00945461  12932.3  0.794949  0.001681  1
722  0  -0.0282585  -0.0148513  13499.7  1.41838  -0.706969  1
723  0  0.620676  -0.198046  12670.4  1.96797  0.0447793  1
724  0  0.450834  -0.2568  12537  2.05267  0.0241088  1
725  0  0.293625  -0.542305  12593.8  2.03946  -0.073973  1
726  0  1.30225  0.112702  12700.6  1.83983  -0.20026  1
727  0  -0.515569  -0.904897  12740.4  2.02499  -0.170975  1
728  0  0.374237  1.4135  12757.7  1.83919  -0.0261313  1
729  0  -0.222284  -0.46711  12735.7  2.00414  -0.175721  1
730  0  0.53419  -0.340408  12604.3  2.01639  -0.00236741  1
731  0  0.578993  0.426638  12389.9  2.06146  -0.122802  1
732  0  0.376179  -0.138729  12400.9  2.1341  0.0818249  1
733  0  -0.0804355  -0.400218  12677.9  2.01853  -0.170631  1
734  0  0.558198  0.172783  12061.6  2.30727  -0.236078  1
735  0  1.06747  0.0695128  12771.6  1.80656  -0.311001  1
736  0  0.347723  -0.211871  12410.3  2.11057  0.0193493  1
737  0  -0.128262  -0.118813  12934.8  1.86827  -0.265794  1
738  0  0.0320229  -1.42075  12674.3  2.00542  -0.1466  1
739  0  -0.0733452  0.326738  12842  1.93994  0.147867  1
740  0  0.999034  0.0206787  12707.8  0.890547  -0.24721  1
741  0  0.806997  -0.6654  12652.7  1.97058  -0.0700919  1
742  0  1.04226  0.187688  12625.8  1.90357  -0.276949  1
743  0  0.0677424  0.342461  12630  2.01762  0.172415  1
744  0  -1.71734  0.595809  12934.6  1.99757  -0.178236  1
745  0  0.64514  1.4562  12701.7  1.84045  -0.0640973  1
746  0  0.429095  -0.729014  12631.5  2.00905  -0.0776508  1
747  0  0.131428  -0.119405  11935.3  2.33185  -0.22167  1
748  0  -1.18755  -1.1473  12766.5  2.00598  -0.152636  1
749  0  -0.860993  -0.41885  12826.6  1.99488  -0.155357  1
750  0  0.233048  0.788304  12662.6  1.96672  0.0223001  1
751  0  0.159803  0.922998  12724.9  1.94051  0.0381378  1
752  0  -0.175687  0.0661087  13185.3  1.75609  -0.0351767  1
753  0  -0.457883  -0.329974  12833.4  1.97237  -0.177506  1
754  0  0.402957  -0.302307  12518.7  2.06752  -0.00436612  1
755  0  0.630902  -0.270227  12662.2  1.97866  0.0179428  1
756  0  0.109559  -0.549266  12617.5  2.04057  -0.108278  1
757  0  1.19894  0.339459  12612.2  1.88613  -0.199377  1
758  0  0.0885711  0.668409  12684.1  1.97967  0.0696719  1
759  0  0.738954  -0.141504  12762.4  1.96733  0.0353322  1
760  0  1.04429  -0.481035  12686.3  1.93976  -0.0682524  1
761  0  0.229314  0.189693  11978.7  2.31315  0.220308  1
762  0  0.951654  -0.116906  12841.3  1.92477  -0.0282839  1
763  0  0.263628  0.192536  11917.9  2.33596  0.149807  1
764  0  0.443635  -0.0449682  12480.2  1.38197  0.109176  1
765  0  0.532207  -0.0358135  12673.5  1.18263  0.0987707  1
766  0  -0.0181335  0.00690927  14089.7  0.843623  -0.310205  1
767  0  0.576143  1.05025  12658.7  1.91309  -0.0562952  1
768  0  0.392575  -0.522067  12597.5  2.02981  -0.05823  1
769  0  0.628356  0.102628  12069.7  1.56166  -0.232395  1
770  0  0.118668  0.106246  12105.4  2.05865  0.631735  1
771  0  0.266858  -0.0660015  12000.1  1.88935  0.080154  1
772  0  0.907755  -0.0641045  12881.5  1.76794  -0.00126206  1
773  0  0.0320998  -0.0846803  12194.8  2.15139  -0.571181  1
774  0  0.534301  -0.219156  12601.6  2.00731  0.0474821  1
775  0  0.399983  0.195807  11931.6  2.33256  -0.0688692  1
776  0  0.889926  0.149558  12479  2.04057  -0.340155  1
777  0  0.634657  -0.0716566  12730.2  1.92587  0.0838087  1
778  0  0.661433  -0.0245809  12774.4  1.03692  0.0533687  1
779  0  -0.258126  -0.248325  12844.3  1.9421  -0.19186  1
780  0  0.750477  -0.0152509  12849.9  0.835403  0.0568758  1
781  0  0.276971  0.164194  11760.4  2.48004  0.148209  1
782  0  0.363147  0.133438  11663.8  2.1045  -0.0381135  1
783  0  0.0751319  0.0898513  12544.3  1.83046  0.738615  1
784  0  -0.067738  -0.62913  12675.4  2.02872  -0.138165  1
785  0  1.10401  -0.148367  12796.7  1.91343  -0.0802412  1
786  0  0.239646  -0.11681  12076.2  2.32962  0.00536644  1
787  0  0.649087  0.100041  12111.1  1.60055  -0.239097  1
788  0  1.39177  0.940478  12585.7  1.88183  -0.147519  1
789  0  0.146949  -0.297592  12451.1  2.10416  -0.127484  1
790  0  0.466068  -0.0877156  12523.3  2.09227  0.132711  1
791  0  0.210324  0.306932  12343.1  2.13842  0.141375  1
792  0  0.858753  -0.0390512  12893.8  1.52122  0.0331446  1
793  0  0.898372  -0.0378532  12905  1.47117  0.0130519  1
794  0  -0.809727  -0.012018  12886.5  1.987  -0.140695  1
795  0  0.626221  0.15303  12133.8  2.29748  -0.293827  1
796  0  0.317859  0.163002  11757.2  2.51134  0.0586656  1
797  0  -1.06038  -0.3507  12838.8  1.99427  -0.159825  1
798  0  -0.608773  -1.70283  12709.7  2.00381  -0.154965  1
799  0  -0.134729  1.71975  12976  1.7306  0.0414659  1
800  0  0.448954  0.251148  12097  2.21323  -0.096508  1
801  0  0.342158  0.131286  11586.6  2.06543  -0.00577512  1
802  0  0.618467  -0.0521499  12729.9  1.70561  0.0895489  1
803  0  0.162009  -0.741877  12644.8  2.02406  -0.101523  1
804  0  0.609211  0.135329  12087.5  2.28574  -0.293787  1
805  0  -0.421893  0.936199  12884.9  1.95266  0.0298994  1
806  0  0.829017  -0.451503  12682.3  1.95604  -0.0469735  1
807  0  -0.333209  0.313513  12936.1  1.93724  0.0131912  1
808  0  0.509878  -0.0357412  12624.4  1.12985  0.0966807  1
809  0  0.223099  -0.0976001  11971.9  2.40246  -0.00737348  1
810  0  0.815057  -0.0111592  12882.2  0.765777  0.0281968  1
811  0  0.729481  -0.0131023  12815.3  0.732041  0.0501891  1
812  0  0.6571  -0.410248  12653.1  1.98201  -0.0246527  1
813  0  0.463995  -0.040198  12555.2  1.19688  0.109383  1
814  0  0.135839  0.247951  12403.5  2.10992  0.251395  1
815  0  1.30094  -0.142929  12723.1  1.8447  -0.112338  1
816  0  0.376917  -0.0532602  12354.6  1.52554  0.135373  1
817  0  0.86664  0.056342  12427.1  1.23965  -0.256723  1
818  0  0.579333  -0.0595564  12700.1  1.80201  0.10711  1
819  0  0.287869  -0.0610884  12084.9  1.72017  0.0966427  1
820  0  1.70324  -0.836919  12574.3  1.94847  -0.108888  1
821  0  0.532941  -0.161202  12607.4  2.0108  0.0710775  1
822  0  1.01523  -0.0202541  12861.8  1.16665  -0.0444553  1
823  0  0.90989  0.0465418  12480.2  1.18585  -0.251569  1
824  0  0.720668  0.242533  12327.5  2.06931  -0.251761  1
825  0  0.397547  0.670914  12558.5  2.00233  -0.024316  1
826  0  0.686455  0.262429  12302.8  2.08588  -0.231093  1
827  0  -0.382226  0.128985  12980.9  1.91841  -0.0604039  1
828  0  0.901031  0.433161  12514.8  1.96497  -0.199732  1
829  0  1.12596  -0.726494  12643.8  1.94505  -0.087468  1
830  0  0.596624  0.636447  12523.4  1.99903  -0.0875017  1
831  0  0.0167503  -1.0386  12678.1  2.01863  -0.133558  1
832  0  0.683161  -0.0179937  12788.9  0.809433  0.055349  1
833  0  0.687099  -0.0656855  12771.2  1.86552  0.0717664  1
834  0  0.671034  0.0943028  12158.5  1.47094  -0.235796  1
835  0  0.384067  0.129727  11697.1  1.99753  -0.0632695  1
836  0  0.943584  -0.0535466  12890.1  1.68641  -0.0160827  1
837  0  0.762566  0.156508  12320.2  2.14545  -0.322544  1
838  0  0.199385  1.70713  12838.3  1.82668  -0.0439605  1
839  0  0.939579  0.0705223  12554.3  1.87106  -0.380548  1
840  0  -0.915267  1.35136  12991.9  1.99103  -0.0710585  1
841  0  0.0956904  -0.12593  12068.5  2.2398  -0.292995  1
842  0  1.24357  0.677638  12582.8  1.90135  -0.159528  1
843  0  0.569235  0.143963  12046.8  2.32791  -0.268454  1
844  0  0.465506  0.346477  12269.5  2.14089  -0.0793723  1
845  0  1.0594  0.527582  12569.1  1.92585  -0.180312  1
846  0  0.599096  0.287731  12263  2.1214  -0.182233  1
847  0  1.00931  -0.0640662  12869.2  1.73851  -0.0327538  1
848  0  -0.137407  -0.0379267  13178  1.74499  -0.198399  1
849  0  0.981393  1.21282  12630.2  1.87038  -0.108598  1
850  0  0.580883  -0.719191  12637  1.99566  -0.072598  1
851  0  -0.00172292  -0.0272667  12673.7  1.65628  -1.03427  1
852  0  0.943611  -0.0118275  12924.9  0.882523  -0.0167709  1
853  0  0.401383  -0.0513737  12452.2  1.51028  0.143334  1
854  0  -0.748046  1.14113  12960.3  1.98196  -0.0347314  1
855  0  -0.0533368  0.109556  13302.3  1.67566  0.235087  1
856  0  1.20989  -0.422173  12684.5  1.92775  -0.0858398  1
857  0  1.28989  -0.584679  12647.5  1.93738  -0.094462  1
858  0  -0.945377  -0.781702  12784.4  2.01176  -0.149974  1
859  0  0.31057  0.292026  12190.9  2.19911  0.050785  1
860  0  0.180348  -0.10254  11903.7  2.41312  -0.100599  1
861  0  0.792229  -0.0106471  12851.5  0.789886  0.0163595  1
862  0  0.356435  -0.0527363  12293.9  1.45173  0.126826  1
863  0  0.902531  -1.20763  12625.8  1.97351  -0.109493  1
864  0  0.0803695  -0.0972474  11929.5  2.31552  -0.402803  1
865  0  -1.31795  1.70843  13105  1.94171  -0.188483  1
866  0  0.840503  -0.801242  12644  1.97053  -0.0850243  1
867  0  1.05945  0.870283  12592.8  1.90717  -0.134519  1
868  0  0.980782  -0.852605  12638  1.96045  -0.0922306  1
869  0  -0.345416  -1.00897  12718.4  2.02646  -0.172875  1
870  0  0.835185  -0.008005  12878.4  0.698435  0.0212642  1
871  0  0.0372487  0.109684  12948.5  1.78202  0.554038  1
872  0  0.0139129  -0.557707  12645.3  2.03497  -0.12817  1
873  0  -0.0384903  0.257566  12878.1  1.90646  0.199486  1
874  0  -0.832313  0.934705  12938.7  2.00382  -0.0865475  1
875  0  1.0478  1.69981  12637.3  1.89387  -0.133987  1
876  0  0.36304  0.218684  11973.9  2.27577  -0.0169455  1
877  0  0.963821  -0.0105372  12922.6  0.850519  -0.0266529  1
878  0  0.16136  -1.7486  12663.4  1.97572  -0.141385  1
879  0  0.117691  -0.205362  12309.2  2.17032  -0.188592  1
880  0  0.738825  -0.470937  12665  1.97147  -0.0419204  1
881  0  0.918922  -0.174342  12798.6  1.90766  -0.0243134  1
882  0  0.066171  -0.056868  11640.5  2.26094  -0.558562  1
883  0  0.528706  0.232067  12136  2.18666  -0.170408  1
884  0  0.336831  -0.0835126  12250.5  2.21481  0.134129  1
885  0  0.290388  -0.107811  12174  2.3054  0.0698268  1
886  0  0.198501  -0.249922  12364.3  2.14559  -0.0970666  1
887  0  0.222302  0.156911  11804.4  2.45147  0.28349  1
888  0  0.369225  0.30463  12190.9  2.19176  -0.00437662  1
889  0  1.12619  0.179491  12665.6  1.88164  -0.248374  1
890  0  0.868426  -1.72345  12615.3  1.97116  -0.118414  1
891  0  0.183312  0.152312  11926.6  2.3759  0.393503  1
892  0  -0.819662  0.181918  12903.5  1.99108  -0.131187  1
893  0  1.73008  -1.37237  12559.4  1.95633  -0.106666  1
894  0  0.496619  0.191742  12032.3  2.2906  -0.172784  1
895  0  -1.31979  0.994186  12968.9  2.01754  -0.194974  1
896  0  0.015755  -0.117213  12433.9  2.06442  -0.428057  1
897  0  0.0370565  -0.152966  12370.6  2.12098  -0.336647  1
898  0  0.736656  0.0818819  12256.9  1.36629  -0.248443  1
899  0  0.779934  0.0732884  12283.3  1.32556  -0.248835  1
900  0  -0.360711  -0.259616  12854.8  1.95124  -0.178827  1
901  0  -1.75974  0.27256  12903.4  1.99301  -0.172161  1
902  0  0.16977  0.180422  12122.7  2.22525  0.33827  1
903  0  0.224494  -0.40258  12529.3  2.07589  -0.0820112  1
904  0  0.552465  0.308521  12258.4  2.13249  -0.148673  1
905  0  -0.0133604  0.0882277  13372.5  1.54417  0.365216  1
906  0  0.403843  -0.962169  12645.8  1.99915  -0.0942016  1
907  0  0.0874084  0.135768  12479.5  2.03728  0.534841  1
908  0  0.0332991  0.0673683  13217.3  1.45109  0.731637  1
909  0  1.03296  0.346781  12570.5  1.92793  -0.225178  1
910  0  1.18051  -0.230362  12731.3  1.91764  -0.0926291  1
911  0  0.773595  -0.133472  12784.3  1.96082  0.0263275  1
912  0  -0.0470045  -0.231329  12666.8  1.99772  -0.246793  1
913  0  0.876592  0.19102  12470.6  1.9948  -0.303285  1
914  0  -1.72829  1.32159  13020.3  2.00038  -0.193294  1
915  0  0.998781  0.431183  12551.9  1.9379  -0.202931  1
916  0  0.969389  0.2083  12559.9  1.9318  -0.281328  1
917  0  -0.0330232  -0.0753326  12882.3  1.82123  -0.494935  1
918  0  0.80874  0.0929377  12355.3  1.98384  -0.356535  1
919  0  -0.568636  -0.243971  12856.9  1.97102  -0.164907  1
920  0  0.721698  0.11572  12225.3  2.13126  -0.346579  1
921  0  1.56724  -0.386009  12622.2  1.94781  -0.123932  1
922  0  0.348548  -0.265964  12459.3  2.09948  -0.00785748  1
923  0  1.38586  -1.73745  12577.8  1.96606  -0.121148  1
924  0  0.485004  -0.387807  12585.7  2.02971  -0.0195563  1
925  0  0.676633  0.138508  12196.2  2.26447  -0.326407  1
926  0  0.838567  -0.0549638  12865.5  1.7434  0.0381378  1
927  0  0.793428  -0.0496245  12844.3  1.68071  0.0587442  1
928  0  0.384546  -0.184214  12436.3  2.09073  0.050343  1
929  0  0.827442  -0.128146  12809.2  1.95428  0.0105863  1
930  0  0.432836  0.152314  11821.8  2.45339  -0.138781  1
931  0  0.387723  0.486124  12437.6  2.06908  -0.0190447  1
932  0  0.764055  1.72995  12699.2  1.87307  -0.0873035  1
933  0  -1.03395  -0.119658  12866.4  1.99265  -0.153736  1
934  0  -0.313933  0.604913  12860.1  1.95449  0.0464682  1
935  0  0.981836  0.614476  12562.1  1.93742  -0.163297  1
936  0  -0.0251471  0.883122  12768.6  1.9448  0.0737664  1
937  0  1.78517  0.148993  12576.2  1.87162  -0.157777  1
938  0  0.201152  -0.0671894  11744.5  2.03352  -0.0179341  1
939  0  1.44898  0.122927  12654.3  1.85947  -0.179994  1
940  0  -1.15314  -1.72116  12713.9  1.99138  -0.134466  1
941  0  1.2969  0.399123  12604.7  1.88335  -0.183516  1
942  0  0.732892  -0.230264  12721.6  1.93668  0.0130701  1
943  0  0.271179  -0.211727  12337.7  2.15213  -0.0261813  1
944  0  1.01594  -1.43496  12612.8  1.97243  -0.115907  1
945  0  0.0439984  0.476578  12676.9  1.99728  0.11465  1
946  0  -0.534331  1.14045  12917.5  1.94126  0.0278713  1
947  0  -1.17984  -0.741757  12797.2  2.00451  -0.163136  1
948  0  0.293214  -0.709961  12630  2.02007  -0.0852427  1
949  0  0.925944  0.0944515  12539.1  2.0275  -0.383156  1
950  0  -0.102031  -0.248432  12733.9  1.97252  -0.226449  1
951  0  0.220244  0.257833  12221.9  2.18917  0.170343  1
952  0  -0.41412  1.32928  12938.9  1.85134  0.107244  1
953  0  0.968934  -0.0795925  12864.4  1.84708  -0.0284786  1
954  0  0.666803  -0.169729  12708.9  1.95942  0.0449755  1
955  0  1.74833  1.73974  12563.8  1.92908  -0.143898  1
956  0  0.405088  -0.0889261  12456.4  2.17316  0.13258  1
957  0  -1.29929  0.458208  12913.4  1.999  -0.179749  1
958  0  0.823825  -0.087157  12833.8  1.92182  0.0290316  1
959  0  -0.165149  -0.592845  12705.4  2.022  -0.159255  1
960  0  0.113472  0.500555  12617.4  2.01385  0.0951206  1
961  0  0.895485  0.0867303  12474.8  1.9893  -0.377465  1
962  0  0.332781  0.179287  11844.1  2.42327  0.0303359  1
963  0  0.521639  -0.512214  12619  2.01054  -0.0462549  1
964  0  1.01803  0.013709  12787.1  0.93113  -0.207882  1
965  0  -1.72148  -1.72324  12746.9  1.9969  -0.164713  1
966  0  0.306484  -0.289229  12453.7  2.10258  -0.0336353  1
967  0  -0.513757  0.152927  12935.9  1.95617  -0.0917487  1
968  0  1.76862  1.1054  12556.5  1.86192  -0.150291  1
969  0  0.110669  -0.251932  12410.1  2.11812  -0.172934  1
970  0  0.715602  -0.568542  12652.2  1.97868  -0.0556937  1
971  0  -0.771174  1.55601  13008.5  1.88281  0.0828724  1
972  0  0.58447  0.108553  12014.3  1.63228  -0.215481  1
973  0  0.13135  0.142788  12168.4  2.22091  0.503996  1
974  0  -0.690064  -1.06197  12742.5  2.01858  -0.153208  1
975  0  0.595652  -0.0229891  12717.6  0.842191  0.0587272  1
976  0  0.848264  0.0857512  12401.6  1.94659  -0.368333  1
977  0  -0.162915  0.191055  13052.9  1.83496  0.0909641  1
978  0  -0.889797  -0.997937  12764.6  2.01438  -0.143194  1
979  0  0.388251  0.173945  11850.7  2.43792  -0.0632393  1
980  0  0.182733  0.688029  12650.5  1.98326  0.0463289  1
981  0  0.839812  -0.202001  12768.8  1.90904  -0.00662971  1
982  0  0.368643  1.14363  12721.9  1.88898  -0.020152  1
983  0  1.0493  -1.04014  12624.4  1.96399  -0.104007  1
984  0  0.986543  0.0669348  12654.7  1.83668  -0.368282  1
985  0  0.444881  0.301941  12192.4  2.18153  -0.0769785  1
986  0  -0.903436  0.546897  12921.8  2.00196  -0.130984  1
987  0  0.267549  -0.1038  12100.1  2.34902  0.051607  1
988  0  0.953005  0.0342067  12565.5  1.05446  -0.25516  1
989  0  -0.231656  0.697304  12828.2  1.9553  0.0676558  1
990  0  1.03124  -0.621676  12663.4  1.9468  -0.0743085  1
991  0  -0.206776  -0.0159426  13102.5  1.80841  -0.131994  1
992  0  0.881467  -0.14184  12813.9  1.92863  -0.00934502  1
993  0  0.26969  -0.166342  12256.1  2.17538  -0.00095206  1
994  0  0.0491148  0.144223  12777.2  1.8974  0.461528  1
995  0  0.6532  0.136472  12146.6  2.29168  -0.317926  1
996  0  1.50922  -0.586464  12617.2  1.94273  -0.111562  1
997  0  0.640611  0.460666  12427.9  2.0363  -0.134172  1
998  0  -0.277777  -1.14362  12708.2  2.02447  -0.168791  1
999  0  -1.35111  0.173401  12893.7  1.99615  -0.182511  1
1000  0  0.0537328  0.185676  12690.1  1.95596  0.364701  1
1001  0  0.431727  -0.134962  12483.8  2.09461  0.0949306  1
1002  0  0.45241  0.124289  11822.3  1.84414  -0.144192  1
1003  0  0.496335  0.119341  11864.1  1.76265  -0.175347  1
1004  0  0.672602  0.344281  12360  2.0669  -0.184811  1
1005  0  -0.236814  0.408005  12883.8  1.94437  0.0696256  1
1006  0  0.801173  1.0406  12627.9  1.90357  -0.0894183  1
1007  0  0.658693  0.190263  12225.2  2.15538  -0.268347  1
1008  0  0.297098  0.131156  11575.2  2.14365  0.0906241  1
1009  0  0.200881  1.07831  12749.2  1.90716  0.0226399  1
1010  0  -0.267623  0.846397  12839.3  1.95292  0.061673  1
1011  0  -1.78025  1.78025  13082.4  1.97748  -0.170644  1
1012  0  1.00095  -0.207551  12778.9  1.89626  -0.0483055  1
1013  0  0.543966  -0.082547  12666.3  2.02637  0.108987  1
1014  0  -1.40596  -0.0839117  12870.3  1.99559  -0.184281  1
1015  0  0.565781  -0.139431  12641.1  2.01875  0.0754301  1
1016  0  0.662228  -0.0551692  12763  1.73566  0.079185  1
1017  0  0.595542  -0.160007  12665.5  1.98617  0.0646357  1
1018  0  0.92478  -0.107986  12851.1  1.93035  -0.0177323  1
1019  0  0.977515  0.121377  12604.1  1.9899  -0.343616  1
1020  0  0.0460434  1.19422  12811.6  1.86871  0.0548034  1
1021  0  -0.00278278  -0.753088  12670  2.02695  -0.125697  1
1022  0  -0.105022  -0.0740455  13082.9  1.78311  -0.281562  1
1023  0  -0.220246  -0.152207  12924.7  1.89201  -0.198646  1
1024  0  -0.267832  -0.0788026  12995.4  1.87341  -0.153512  1
1025  0  -0.689972  -0.477735  12813.3  1.99796  -0.165269  1
1026  0  -0.0855708  -0.875049  12687.9  2.02511  -0.1426  1
1027  0  0.712461  -0.180587  12729.9  1.94178  0.0305126  1
1028  0  0.751013  -0.0509786  12828.6  1.71006  0.0577911  1
1029  0  0.875568  -0.0794572  12862.8  1.88449  0.0085022  1
1030  0  -0.822661  -1.44915  12727.7  2.01367  -0.138762  1
1031  0  0.40246  -0.127436  12435.8  2.12722  0.0983181  1
1032  0  -0.0961979  0.0748739  13366.5  1.62471  0.0769826  1
1033  0  0.457731  0.512976  12441  2.05702  -0.0477469  1
1034  0  0.571949  -0.294732  12624  2.00401  0.013747  1
1035  0  0.607245  -0.593689  12637  1.99398  -0.0572902  1
1036  0  0.0905378  -1.2007  12672.1  2.01571  -0.131651  1
1037  0  0.789285  0.148516  12348.1  2.13728  -0.338406  1
1038  0  0.879356  -0.0076251  12916.6  0.719134  0.0169641  1
