390  445  954
268  483  970
418  506  885
269  458  758
452  491  907
269  391  758
435  526  900
440  519  907
341  445  954
315  446  704
390  445  659
276  378  533
309  460  628
284  476  614
344  491  907
347  495  593
302  465  518
364  690  931
30  519  615
353  477  916
307  545  748
294  552  702
29  519  542
276  378  549
36  524  635
382  541  637
267  507  742
369  510  970
278  480  629
487  722  752
405  470  582
293  416  715
441  580  601
452  491  806
342  530  532
376  447  984
301  501  623
2  19  687
278  424  585
333  427  656
307  682  748
385  476  496
366  655  801
386  580  601
2  18  687
344  519  907
267  593  742
326  471  642
268  483  582
362  639  785
60  61  513
450  451  623
483  521  970
90  91  555
406  511  809
394  690  931
351  611  658
351  577  658
369  510  831
295  523  709
348  463  483
277  459  596
320  612  793
376  447  579
58  59  516
335  547  551
682  748  770
326  552  642
332  491  806
35  36  524
301  501  657
375  566  861
318  651  734
336  444  457
303  488  591
275  470  658
282  557  728
280  492  647
372  497  790
444  457  731
304  364  690
305  487  722
357  507  972
388  510  800
354  429  541
288  434  789
266  681  917
91  555  688
275  470  714
303  488  789
298  449  612
330  560  612
29  30  519
324  450  451
513  648  660
372  468  556
294  402  750
372  468  738
324  412  740
294  402  552
284  425  862
321  554  723
373  675  811
28  29  542
309  460  794
380  570  857
309  628  880
374  605  786
425  460  862
368  661  788
370  530  532
282  557  795
333  591  656
354  541  637
399  560  832
467  633  702
522  654  948
327  433  502
303  591  848
385  496  798
280  492  576
518  539  993
446  704  927
282  439  550
129  130  543
328  418  885
318  470  582
344  519  542
329  545  638
308  527  776
377  648  660
385  476  614
286  451  623
411  497  892
412  454  512
390  659  835
399  560  770
299  449  550
321  554  836
432  522  948
415  528  765
302  465  639
414  480  629
298  560  832
278  480  678
313  422  847
313  473  650
422  495  847
352  391  603
304  636  856
284  476  640
293  416  585
366  502  801
346  566  861
395  540  763
375  684  792
355  468  556
369  521  569
333  591  757
288  572  642
367  473  650
291  464  841
389  604  680
268  405  582
370  532  992
291  508  851
363  531  634
403  548  978
313  422  713
357  500  972
354  633  942
342  530  630
268  405  803
302  639  785
449  612  793
300  472  505
403  548  917
267  495  593
372  497  874
331  441  503
271  583  721
299  449  793
269  463  783
264  465  539
349  570  857
417  508  851
286  549  898
404  494  828
353  531  628
548  681  917
386  546  747
357  500  745
398  667  941
370  494  992
411  497  790
408  557  728
362  515  696
475  604  680
378  549  898
318  458  651
365  546  747
264  737  971
373  503  811
357  507  746
320  406  809
353  531  916
386  601  747
463  483  922
461  910  957
384  544  735
347  495  804
279  467  633
305  553  722
304  364  636
334  447  984
366  544  735
467  552  702
77  78  544
465  518  539
402  552  642
355  553  556
279  517  633
368  506  788
480  598  988
389  680  701
345  739  755
15  499  718
383  563  691
19  592  687
288  434  894
387  522  574
105  106  546
300  657  823
484  545  748
290  481  879
404  722  752
340  591  656
411  712  892
388  510  803
291  466  841
527  776  946
335  551  690
36  635  965
375  511  792
284  425  614
476  496  814
19  20  592
15  16  499
312  739  755
264  465  971
335  435  900
297  726  949
358  470  714
333  525  701
331  441  601
340  659  835
421  704  927
396  592  681
269  463  888
350  518  993
351  492  576
278  424  678
352  391  625
325  510  800
449  550  622
409  640  736
93  94  536
443  557  795
291  464  884
318  470  734
379  480  598
372  556  790
381  641  727
305  487  906
32  33  595
354  429  633
22  730  774
437  523  709
290  481  644
322  570  826
351  576  577
270  598  988
269  391  625
357  746  749
315  496  798
363  610  673
315  446  874
356  667  941
367  473  720
517  633  942
309  701  794
461  649  957
353  475  680
358  443  557
338  528  765
493  641  727
326  515  780
440  519  615
320  566  809
404  494  752
456  602  843
334  657  667
343  524  849
499  548  978
132  133  567
344  542  671
306  554  723
301  623  902
306  554  987
490  636  856
314  605  786
500  620  745
379  558  721
336  540  763
332  491  626
112  113  564
300  657  777
304  551  856
114  115  565
422  495  804
308  628  776
322  464  825
362  696  706
30  615  711
268  510  803
288  572  789
353  475  609
353  477  609
33  595  975
377  660  769
369  500  620
389  604  652
424  678  796
381  727  775
387  522  654
402  572  642
415  697  844
380  570  826
406  511  773
573  685  973
410  592  681
123  124  573
367  595  650
420  583  721
488  591  757
394  699  829
375  566  809
367  534  595
363  587  673
333  679  701
376  602  843
326  552  891
267  507  746
372  446  874
373  503  915
342  532  710
308  531  628
369  521  970
50  51  579
431  494  828
469  647  799
296  571  708
454  512  969
266  420  583
343  524  767
405  470  658
298  449  904
467  552  891
48  49  578
370  730  774
406  683  773
337  653  740
273  696  780
264  539  781
21  730  822
369  500  831
295  523  930
313  473  713
305  553  556
466  662  883
277  459  854
365  589  674
418  506  754
43  44  581
425  460  794
374  605  660
407  524  635
283  484  748
329  545  632
397  576  577
433  502  761
295  545  918
324  412  450
308  527  634
434  488  789
336  561  763
107  108  580
271  583  873
61  513  648
277  596  733
60  513  669
287  541  744
441  503  768
276  443  533
293  547  551
282  439  795
525  701  794
308  531  634
396  530  630
271  430  558
291  466  662
324  451  627
523  599  995
347  504  942
335  547  762
310  554  836
357  624  745
337  653  670
299  588  929
272  496  814
343  910  957
320  406  817
293  551  901
24  626  945
323  634  879
408  557  961
360  563  691
429  633  702
21  22  730
295  545  638
266  420  646
367  534  797
394  526  829
302  518  720
101  102  587
298  560  612
22  23  774
287  541  799
397  577  784
317  481  644
91  688  923
103  104  589
59  516  669
423  595  650
31  32  534
58  516  663
312  755  925
361  493  685
358  734  943
376  602  698
338  456  528
363  634  840
368  608  661
405  611  658
355  553  737
559  726  949
323  634  840
499  548  645
359  686  925
333  525  757
277  563  736
90  555  868
407  462  749
389  536  652
343  631  849
24  895  945
347  517  942
350  534  797
415  528  844
344  491  671
317  481  747
331  503  915
286  501  623
333  427  679
271  558  721
345  739  877
377  648  695
382  647  799
32  534  595
372  446  738
312  571  739
281  486  856
371  662  883
405  611  803
434  724  894
348  463  782
351  586  611
373  564  825
339  537  653
297  670  726
327  502  926
296  599  995
521  569  980
309  680  701
383  640  736
52  53  602
336  444  540
407  462  767
407  524  767
415  765  786
304  551  690
419  553  722
272  584  691
92  93  881
265  487  952
355  468  706
535  646  977
81  82  597
79  80  600
314  765  953
306  729  987
341  686  751
383  476  640
363  610  916
410  548  645
317  601  747
339  836  860
379  480  678
380  565  826
464  825  915
417  508  983
472  505  855
342  710  977
286  451  603
484  545  918
38  39  624
381  641  694
310  718  978
423  595  975
375  606  684
0  731  833
129  543  666
330  560  756
373  825  915
428  564  825
130  543  664
65  66  606
402  445  875
328  599  930
383  563  736
289  613  724
460  628  776
490  636  893
428  565  826
95  96  604
63  64  607
415  663  786
399  748  966
269  458  783
380  618  689
501  657  823
432  522  821
44  581  853
414  707  988
327  433  756
361  685  973
382  647  869
395  692  859
454  457  731
86  87  608
369  569  858
88  89  594
99  100  610
376  579  698
97  98  609
328  418  839
435  526  810
326  471  780
39  624  745
283  834  866
116  117  618
499  718  978
354  637  942
326  515  842
340  591  848
118  119  617
269  654  888
277  563  733
311  588  959
324  590  740
72  73  619
402  445  750
70  71  621
377  607  695
365  546  674
327  560  756
272  584  712
286  549  603
281  490  559
381  617  694
469  647  944
280  647  944
388  586  611
45  574  853
316  561  763
440  539  781
358  470  734
316  636  893
360  584  665
414  480  988
350  534  711
283  616  866
291  508  884
307  545  632
306  729  830
274  637  962
323  453  840
516  663  786
356  667  902
283  748  966
323  453  852
361  493  727
348  569  980
318  458  783
338  575  843
314  605  953
327  560  770
281  490  856
486  551  901
313  649  847
322  570  808
457  670  867
492  647  869
529  588  929
410  548  681
442  776  946
486  551  856
370  530  730
275  577  658
395  540  859
320  566  793
77  544  655
335  435  762
374  513  660
94  536  652
105  546  674
44  45  853
274  586  693
305  556  790
340  659  848
382  637  869
106  546  676
16  499  645
515  842  865
78  544  677
287  455  812
443  533  787
46  47  643
348  483  980
303  789  875
291  662  851
359  448  555
120  121  641
360  584  691
270  707  988
472  765  953
425  613  614
30  31  711
279  467  911
418  732  754
459  596  967
290  725  914
363  587  840
301  657  667
352  451  603
379  678  796
371  596  629
366  544  655
504  637  942
341  445  750
368  599  885
340  478  656
461  649  847
439  787  919
456  528  813
413  672  713
279  517  882
378  533  905
296  571  739
299  550  929
265  487  752
282  550  622
400  712  846
388  586  693
300  472  947
296  739  877
449  622  904
297  670  867
40  41  620
351  586  802
275  577  784
277  854  985
37  38  928
61  62  648
438  728  870
443  787  795
504  637  962
92  716  881
371  596  967
413  489  865
384  632  819
365  589  852
373  564  675
319  727  775
399  748  770
462  746  749
389  536  679
413  713  838
313  649  650
392  724  894
37  635  928
362  515  865
24  25  626
317  601  955
352  451  627
351  492  802
292  808  883
266  630  681
311  660  769
410  592  687
382  541  799
288  642  778
359  686  954
442  779  862
515  696  780
523  599  930
290  527  879
365  747  896
420  535  646
435  766  810
527  634  879
400  584  712
380  565  689
76  77  655
428  825  826
57  58  663
42  569  858
271  430  668
59  60  669
312  686  925
112  564  675
128  129  666
322  464  841
348  581  782
366  682  735
478  688  923
415  663  697
412  454  740
400  584  665
276  549  758
270  598  982
280  576  760
130  131  664
272  712  892
274  586  802
276  651  758
483  521  980
273  696  738
394  666  699
94  95  652
374  516  786
113  564  753
383  476  814
115  565  689
114  565  753
318  582  922
292  883  939
11  522  821
444  540  815
311  605  660
93  536  881
416  562  939
374  513  669
450  623  902
41  42  858
408  728  870
268  510  970
406  621  683
363  531  916
348  581  741
11  522  920
429  541  744
38  624  928
651  734  943
317  955  983
111  112  675
16  17  645
371  562  883
353  628  880
507  742  972
396  630  681
387  581  853
329  632  819
436  742  800
283  616  870
490  559  949
289  613  886
393  664  700
106  107  676
330  612  817
408  616  784
433  761  771
85  86  661
104  105  674
39  40  745
430  558  872
100  101  673
329  638  839
334  657  777
267  495  979
369  620  858
133  567  692
82  83  732
557  714  961
312  571  812
361  762  845
348  569  741
132  567  700
398  667  940
491  626  908
459  662  851
374  516  669
342  646  977
347  593  887
387  581  782
538  854  985
78  79  677
414  596  629
426  760  866
362  639  706
481  747  896
398  643  705
430  559  726
122  123  685
402  572  875
123  573  685
107  580  676
17  18  921
411  712  846
35  524  849
483  582  922
338  456  843
342  630  646
133  134  692
439  529  919
42  43  741
368  608  764
66  67  684
69  70  683
101  587  673
310  554  718
518  720  797
124  573  766
115  116  689
282  622  728
325  742  972
287  455  744
361  727  845
104  589  674
328  599  885
311  605  959
300  505  823
270  707  719
319  568  775
14  15  987
108  580  818
357  624  749
119  120  694
472  765  947
412  450  876
393  567  935
447  578  940
266  630  646
537  653  670
18  687  921
62  63  695
425  613  886
395  567  935
375  606  861
379  598  721
274  637  869
368  599  877
310  836  860
367  720  797
376  843  984
375  511  809
398  578  940
95  604  652
353  680  880
329  791  839
384  600  677
358  443  943
427  536  679
401  665  719
590  653  740
466  808  883
51  52  698
380  618  857
387  574  853
336  457  867
113  114  753
102  587  850
424  486  901
51  579  698
438  622  728
441  768  818
276  443  943
336  561  867
302  720  838
103  589  850
388  611  803
314  765  786
56  57  697
50  579  772
127  128  699
360  665  719
285  787  919
389  679  701
42  569  741
49  578  772
436  593  742
442  725  779
397  576  760
131  132  700
283  484  834
273  738  927
434  488  976
436  593  887
31  534  711
355  639  706
455  686  751
48  578  705
350  615  711
82  597  732
100  610  673
468  696  706
47  48  705
384  632  735
430  559  872
83  84  754
15  718  987
79  600  677
381  617  864
312  686  812
529  588  959
347  517  804
294  702  743
329  474  819
542  671  997
324  627  723
520  729  830
377  607  871
514  605  953
92  716  923
124  125  766
329  474  791
325  510  831
285  505  855
49  50  772
378  505  823
299  566  793
33  34  975
315  496  950
392  704  798
346  769  986
509  594  755
41  620  858
13  520  963
337  454  457
386  580  676
448  555  868
388  693  800
12  13  963
370  494  994
66  606  684
74  75  761
488  757  976
320  612  817
347  504  887
538  725  914
364  636  934
73  74  771
303  659  875
408  616  870
346  479  861
292  570  808
366  502  926
284  779  862
338  575  947
281  486  991
96  604  937
422  672  713
86  608  661
81  597  889
396  592  824
80  600  889
116  618  689
431  494  994
346  479  871
70  621  683
265  710  992
349  775  968
416  585  878
293  585  901
135  136  815
379  558  796
439  787  795
97  609  937
63  607  695
0  837  924
98  609  938
99  610  938
334  447  940
28  542  932
346  566  986
119  617  694
109  110  768
300  575  947
426  834  918
68  69  773
265  752  992
383  691  814
349  482  857
73  619  771
295  638  930
426  709  918
478  656  716
89  594  868
52  602  698
88  594  974
289  525  757
350  518  797
311  588  769
349  482  864
555  688  981
13  14  729
328  638  839
284  640  779
272  496  892
306  627  723
65  606  897
349  570  968
473  720  838
316  561  893
494  752  992
400  665  717
84  85  788
331  601  955
26  27  997
420  535  982
87  608  974
64  607  897
396  530  822
34  35  849
420  598  721
332  626  945
53  602  863
392  703  704
278  585  878
25  626  908
423  649  650
281  796  872
522  574  920
67  68  792
398  578  705
288  703  778
343  631  957
72  619  936
418  597  732
407  624  749
338  765  947
117  618  912
413  489  958
71  621  936
440  539  993
562  883  939
118  617  912
416  715  913
409  538  725
368  506  885
120  641  694
346  769  871
416  562  878
394  690  900
34  631  975
75  76  801
279  672  958
276  651  943
330  485  759
20  21  824
303  659  848
377  769  871
269  654  948
108  109  818
330  485  816
360  563  707
394  666  931
0  136  833
407  624  928
110  111  811
406  621  816
571  708  960
325  742  800
125  126  810
446  738  927
440  615  993
23  24  895
423  631  957
438  622  904
54  55  813
385  613  614
350  615  993
62  648  695
413  785  865
358  557  714
381  775  864
563  707  733
11  12  821
444  815  833
327  682  770
432  956  963
397  760  866
437  523  995
537  670  726
401  977  989
393  664  933
397  616  784
349  775  864
10  11  920
386  546  676
265  710  717
339  653  836
293  547  715
341  686  954
126  127  829
3  27  932
3  28  932
448  755  925
456  813  863
121  641  996
43  581  741
340  478  835
426  760  807
102  103  850
514  605  959
520  956  963
47  643  705
13  520  729
76  655  801
25  26  908
345  509  755
55  56  844
301  667  902
279  672  882
384  544  677
668  860  873
83  732  754
89  90  868
57  663  697
288  703  894
53  54  863
128  666  699
334  667  940
307  682  735
322  825  826
46  643  924
410  645  921
394  526  900
378  505  905
359  448  925
473  713  838
403  583  873
427  536  881
384  600  819
264  781  805
131  664  700
134  135  859
296  708  995
444  731  833
111  675  811
20  592  824
401  719  989
267  746  820
433  619  771
85  661  788
439  529  929
419  722  827
572  789  875
401  710  977
424  486  991
448  594  755
69  683  773
0  46  924
404  722  827
4  36  965
4  37  965
401  710  717
1  45  964
1  10  964
289  525  886
455  743  744
319  715  845
272  691  814
393  567  700
330  816  817
462  767  910
67  684  792
34  631  849
613  724  903
366  682  926
468  696  738
360  707  719
316  636  934
319  568  913
417  854  914
371  629  899
436  887  962
422  672  882
341  750  751
407  635  928
26  671  997
289  757  976
74  761  771
418  597  791
80  81  889
392  703  894
40  620  745
45  574  964
429  702  743
64  65  897
575  843  984
84  754  788
393  934  935
323  879  896
295  709  918
409  640  779
290  527  946
287  799  960
315  704  798
547  762  845
433  619  759
285  505  905
328  638  930
398  643  941
75  761  801
355  639  971
378  823  898
422  804  882
409  725  779
122  685  996
91  92  923
117  118  912
437  708  944
323  852  896
397  616  866
269  625  948
421  703  704
285  514  855
414  707  733
439  550  929
109  768  818
423  631  975
368  764  877
337  457  670
68  773  792
110  768  811
535  977  989
431  895  945
98  99  938
96  97  937
316  934  935
71  72  936
478  716  923
501  823  898
21  822  824
428  564  753
127  699  829
286  501  898
437  709  807
352  625  956
419  553  909
433  756  759
134  692  859
125  766  810
428  565  753
317  644  983
391  549  603
285  787  905
455  743  751
547  715  845
292  568  968
56  697  844
324  590  723
508  955  983
387  654  888
437  807  944
427  656  716
504  887  962
421  778  890
296  599  877
319  727  845
281  559  872
453  587  850
414  596  733
136  815  833
410  687  921
453  589  850
484  834  918
87  88  974
532  710  992
441  580  818
436  693  800
588  769  986
335  690  900
408  784  961
121  122  996
280  760  807
395  763  935
459  662  967
387  782  888
343  767  910
430  668  990
568  775  968
423  649  957
412  512  876
285  514  919
436  693  962
403  583  917
307  632  735
300  575  777
448  594  868
401  665  717
0  731  969
469  799  960
426  709  807
538  854  914
491  671  908
475  604  937
274  693  962
126  810  829
275  714  961
438  870  966
299  588  986
475  609  937
495  847  979
421  703  778
477  609  938
490  893  949
477  610  938
419  805  806
287  571  812
355  737  971
406  816  817
55  813  844
485  619  759
437  708  995
409  538  985
421  890  927
478  688  835
54  813  863
458  651  758
297  561  867
345  509  764
135  815  859
530  730  822
517  804  882
278  629  899
509  608  764
435  573  766
289  724  976
471  642  778
327  682  926
362  785  865
290  644  914
371  562  899
337  454  740
442  776  862
453  587  840
432  625  956
331  884  915
395  567  692
424  585  901
474  597  889
474  600  889
525  794  886
299  566  986
474  597  791
356  498  941
266  583  917
413  672  958
37  635  965
452  781  805
400  717  952
453  589  852
420  598  982
487  846  952
391  549  758
290  725  946
434  724  976
279  911  958
265  717  952
471  780  890
292  570  968
294  743  751
297  561  949
330  756  759
454  731  969
292  568  939
485  619  936
479  606  897
485  621  936
417  644  983
479  607  897
409  736  985
482  618  912
460  776  862
492  802  869
385  613  903
474  600  819
482  617  912
485  621  816
339  668  860
481  879  896
461  847  979
554  718  987
287  571  960
493  685  996
26  671  908
432  625  948
574  920  964
273  780  890
319  715  913
418  791  839
462  746  820
445  659  875
404  827  828
435  762  973
283  870  966
509  594  974
396  822  824
310  860  978
558  796  872
264  737  909
477  610  916
447  579  772
419  806  827
447  578  772
432  821  963
442  725  946
509  608  974
264  805  909
305  790  906
455  686  812
17  645  921
493  641  996
482  618  857
568  913  939
479  606  861
413  785  838
352  627  830
482  617  864
452  805  806
463  782  888
498  837  924
431  774  895
309  680  880
356  876  951
469  708  944
10  920  964
479  607  871
322  808  841
456  602  863
298  832  904
553  737  909
274  802  869
326  842  891
471  778  890
271  668  873
364  543  931
364  543  933
280  807  944
273  890  927
440  781  907
562  878  899
390  688  835
429  743  744
392  798  903
417  851  854
318  783  922
334  777  984
370  774  994
361  762  973
321  590  723
359  555  981
575  777  984
464  884  915
385  798  903
452  781  907
435  573  973
393  933  934
426  834  866
537  726  990
294  750  751
321  590  653
403  860  873
392  724  903
498  643  924
465  639  971
431  828  945
462  820  910
502  761  801
277  736  985
461  820  910
503  768  811
543  666  931
267  820  979
325  831  972
416  913  939
359  954  981
543  664  933
411  790  906
425  794  886
400  846  952
512  876  951
0  837  969
438  832  904
281  796  991
511  773  792
364  933  934
365  852  896
332  827  828
306  627  830
431  774  994
506  754  788
332  828  945
356  876  902
533  787  905
302  785  838
12  821  963
427  716  881
417  644  914
403  860  978
399  832  966
424  796  991
463  783  922
332  806  827
419  805  909
461  820  979
331  884  955
561  893  949
459  851  854
315  874  950
356  498  951
472  855  953
411  846  906
14  729  987
489  842  865
514  855  953
339  668  990
345  764  877
438  832  966
270  719  989
467  891  911
316  763  935
352  830  956
514  919  959
321  653  836
23  774  895
526  810  829
469  708  960
498  643  941
339  537  990
371  662  967
390  954  981
489  911  958
430  726  990
529  919  959
270  982  989
528  813  844
466  808  841
542  932  997
496  892  950
540  815  859
489  891  911
489  842  891
278  878  899
275  784  961
500  831  972
498  837  951
27  932  997
512  837  969
520  830  956
487  846  906
497  874  950
512  837  951
508  884  955
497  892  950
390  688  981
535  982  989
450  876  902
