0  2  1  -1e-05  15406.2  0  0  1
1  1  2  2  15276.1  2.0496  -0.312217  1
2  1  2  -2  15295.9  2.01653  -0.214118  1
3  3  -2  -2  15130.5  1.97418  -0.341641  1
4  3  -2  2  15772.3  1.97079  -0.340543  1
10  1  2  1.6  15282.4  2.01994  -0.269736  1
11  1  2  1.2  15282.4  1.91676  -0.261732  1
12  1  2  0.8  15282.4  1.93302  -0.258447  1
13  1  2  0.4  15282.4  1.95117  -0.235737  1
14  1  2  5.50449e-12  15282.4  1.95632  -0.205638  1
15  1  2  -0.4  15282.4  1.95384  -0.188458  1
16  1  2  -0.8  15282.4  1.95809  -0.198897  1
17  1  2  -1.2  15282.4  1.97676  -0.214987  1
18  1  2  -1.6  15282.4  2.00545  -0.219548  1
19  0  1.6  -2  15298.7  2.01888  -0.208769  1
20  0  1.2  -2  15278.8  2.02808  -0.208718  1
21  0  0.8  -2  15247.2  2.04066  -0.208473  1
22  0  0.4  -2  15216.5  2.05347  -0.199853  1
23  0  5.50449e-12  -2  15139.7  2.06055  -0.216482  1
24  0  -0.4  -2  15060.2  2.04918  -0.266618  1
25  0  -0.8  -2  15029  2.02037  -0.322951  1
26  0  -1.2  -2  15054.2  1.99755  -0.344817  1
27  0  -1.6  -2  15108.7  1.98304  -0.339411  1
28  3  -2  -1.6  15169.7  1.97079  -0.340543  1
29  3  -2  -1.2  15226.6  1.97079  -0.340543  1
30  3  -2  -0.8  15287.5  1.97079  -0.340543  1
31  3  -2  -0.4  15363.1  1.97079  -0.340543  1
32  3  -2  -5.50449e-12  15450.7  1.97079  -0.340543  1
33  3  -2  0.4  15530.9  1.97079  -0.340543  1
34  3  -2  0.8  15600.1  1.97079  -0.340543  1
35  3  -2  1.2  15680.6  1.97079  -0.340543  1
36  3  -2  1.6  15740.4  1.97079  -0.340543  1
37  0  -1.6  2  15830  1.97079  -0.340543  1
38  0  -1.2  2  15930.7  1.97079  -0.340543  1
39  0  -0.8  2  15863.4  1.87841  -0.123199  1
40  0  -0.4  2  15792.4  1.87841  -0.123199  1
41  0  -5.50449e-12  2  15697  1.97079  -0.340543  1
42  0  0.4  2  15499.6  1.97079  -0.340543  1
43  0  0.8  2  15440.1  1.97079  -0.340543  1
44  0  1.2  2  15417.1  1.97079  -0.340543  1
45  0  1.6  2  15340.8  1.97079  -0.340543  1
46  2  0.978958  0.00563301  15303.6  -9.38203e-17  1.5235e-17  1
47  2  0.957678  0.0104041  15267.8  0  0  1
48  2  0.93636  0.0150027  15232.2  0  0  1
49  2  0.914986  0.0193303  15169.9  1.55713e-16  -2.44817e-17  1
50  2  0.893569  0.0234412  15145.4  7.39557e-32  -6.16298e-33  1
51  2  0.872118  0.0273717  15121.2  5.28747e-16  -8.39241e-17  1
52  2  0.850637  0.0311361  15095.6  0  0  1
53  2  0.82913  0.0347451  15084  0  0  1
54  2  0.807598  0.0382054  15050.5  0  0  1
55  2  0.786043  0.0415187  15051.7  4.14973e-16  -5.6562e-17  1
56  2  0.764466  0.044684  15018.7  -7.67451e-16  1.05763e-16  1
57  2  0.742867  0.047694  15009.1  -1.53991e-16  2.07107e-17  1
58  2  0.721247  0.0505549  15004.7  3.9867e-16  -4.68391e-17  1
59  2  0.699608  0.053268  14992.9  0  0  1
60  2  0.677952  0.055833  14984.4  -6.69249e-16  7.3039e-17  1
61  2  0.656278  0.0582513  14976.7  0  0  1
62  2  0.634588  0.0605153  14963.7  0  0  1
63  2  0.612882  0.0626265  14944  1.55508e-16  -1.23136e-17  1
64  2  0.591162  0.0645834  14965.3  -4.34484e-16  3.46558e-17  1
65  2  0.569429  0.0663854  14936.9  0  0  1
66  2  0.547682  0.0680291  14915.5  -1.53943e-16  7.02496e-18  1
67  2  0.525925  0.0695098  14935.8  0  0  1
68  2  0.504156  0.0708253  14951.6  2.15357e-16  -1.07883e-17  1
69  2  0.482378  0.071966  14931  1.99515e-16  -9.23086e-18  1
70  2  0.460591  0.0729293  14934  -6.94286e-16  2.56095e-17  1
71  2  0.438797  0.0737019  14922.8  0  0  1
72  2  0.416996  0.0742768  14898.7  2.29275e-16  -1.88176e-18  1
73  2  0.395191  0.0746424  14945.6  2.29275e-16  -1.88176e-18  1
74  2  0.373384  0.0747826  14952.5  -1.0153e-15  7.57069e-19  1
75  2  0.351576  0.0746828  14963  -1.58676e-16  -2.31029e-18  1
76  2  0.329771  0.0743286  14967.4  -1.58676e-16  -2.31029e-18  1
77  2  0.307972  0.0737069  14973.9  7.48067e-17  3.53735e-18  1
78  2  0.286183  0.0727968  15009.1  -5.99898e-16  -2.59438e-17  1
79  2  0.264408  0.0715918  15031.9  1.43202e-16  7.47207e-18  1
80  2  0.242653  0.0700768  15077.7  6.73129e-16  4.60303e-17  1
81  2  0.220922  0.0682427  15104.8  0  0  1
82  2  0.199224  0.0660635  15123.6  1.27537e-16  1.12433e-17  1
83  2  0.177566  0.0635061  15198.4  2.21461e-16  2.45933e-17  1
84  2  0.155965  0.0605138  15277.8  -4.25274e-16  -5.67299e-17  1
85  2  0.134441  0.05701  15325.2  0  0  1
86  2  0.113026  0.0528918  15459.2  -5.52251e-17  -5.46989e-18  1
87  2  0.0917715  0.0480142  15616.7  0  0  1
88  2  0.070761  0.0421786  15835.8  1.86392e-16  3.95863e-17  1
89  2  0.0501283  0.035128  16099  4.08145e-16  5.95003e-17  1
90  2  0.0301426  0.0264229  16520  0  0  1
91  2  0.0115352  0.0151098  16695.1  -2.13702e-16  6.25211e-17  1
92  2  0.000309974  -0.00222505  14408.6  1.06851e-16  -3.12605e-17  1
93  2  0.0201851  -0.00899496  12943.6  0  0  1
94  2  0.0419677  -0.00998632  13775.9  -4.61045e-16  1.19417e-16  1
95  2  0.0637746  -0.0101534  14080.5  0  0  1
96  2  0.0855808  -0.00988088  14300.4  -1.84363e-16  3.3495e-17  1
97  2  0.107382  -0.00932427  14389.1  0  0  1
98  2  0.129177  -0.00857627  14369.3  1.34414e-16  -2.15662e-17  1
99  2  0.150967  -0.00768546  14353.9  -1.30082e-16  -8.14072e-18  1
100  2  0.172751  -0.00667169  14355.2  1.65815e-16  -2.80763e-17  1
101  2  0.194532  -0.00556888  14354.6  3.66557e-17  -2.29346e-18  1
102  2  0.216309  -0.00440658  14405.8  -7.97881e-17  5.11809e-18  1
103  2  0.238084  -0.00320304  14497.4  0  0  1
104  2  0.259857  -0.00197325  14556.9  -2.35675e-17  -6.96102e-17  1
105  2  0.28163  -0.00073895  14572.7  0  0  1
106  2  0.303404  0.000490277  14598.6  7.65862e-17  1.19346e-17  1
107  2  0.325179  0.00169592  14613.7  0  0  1
108  2  0.346955  0.00287213  14639.5  -6.20109e-17  2.96712e-18  1
109  2  0.368733  0.00401393  14667.6  1.46749e-18  -9.9139e-18  1
110  2  0.390514  0.00511122  14658.7  0  0  1
111  2  0.412297  0.00616084  14662.4  1.37099e-17  -1.09371e-18  1
112  2  0.434083  0.00714259  14712.7  -8.28951e-17  6.44054e-18  1
113  2  0.455871  0.00806232  14776.9  0  0  1
114  2  0.477662  0.00892541  14828.5  -7.90428e-17  -5.04818e-18  1
115  2  0.499456  0.00972009  14862.1  0  0  1
116  2  0.521252  0.0104424  14908.6  0  0  1
117  2  0.543051  0.0110879  14949.8  -4.40505e-17  -1.02724e-17  1
118  2  0.564852  0.0116543  14969.2  1.0628e-16  9.5402e-18  1
119  2  0.586655  0.012128  14996  3.20555e-17  8.16639e-19  1
120  2  0.608459  0.0125105  15027.5  5.44231e-17  4.7079e-18  1
121  2  0.630265  0.0127997  15056.2  1.94249e-17  1.17617e-18  1
122  2  0.652073  0.0129958  15083.9  -7.64485e-17  -1.05019e-17  1
123  2  0.673881  0.0130977  15142.6  0  0  1
124  2  0.695689  0.0130955  15192.6  1.08147e-17  -1.26793e-18  1
125  2  0.717497  0.012984  15218.8  0  0  1
126  2  0.739303  0.0127524  15269.9  1.1379e-16  1.0544e-17  1
127  2  0.761109  0.0123989  15345.6  0  0  1
128  2  0.782911  0.0119171  15399.3  1.64984e-16  1.40866e-17  1
129  2  0.804711  0.0113043  15441  0  0  1
130  2  0.826506  0.0105531  15481.5  0  0  1
131  2  0.848296  0.0096546  15502.7  0  0  1
132  2  0.870079  0.00860852  15518.4  -1.20583e-16  -9.73319e-19  1
133  2  0.891854  0.00740706  15525.8  1.10447e-16  1.10662e-18  1
134  2  0.91362  0.0060524  15531.7  0  0  1
135  2  0.935377  0.00456847  15530.2  1.0131e-16  3.60531e-18  1
136  2  0.957128  0.00298884  15526.9  0  0  1
137  2  0.978878  0.00139612  15508.5  1.30434e-16  -3.70945e-18  1
266  0  -0.907053  0.624498  15572.1  1.97663  -0.501295  1
267  0  -0.0590153  0.991951  15573  1.87503  -0.0547271  1
268  0  0.902004  1.00149  15389.5  1.87658  -0.166288  1
269  0  -0.300918  -0.99487  15194.4  2.07429  -0.283952  1
270  0  0.679893  -1.03994  15216.8  2.04575  -0.164548  1
271  0  0.171301  -0.630923  15136  2.0992  -0.164633  1
272  0  0.645644  -0.484777  15178.3  2.07134  -0.0951415  1
273  0  0.430117  0.660534  15402.9  1.93515  -0.0987031  1
274  0  0.890195  0.507848  15317.7  1.94796  -0.190284  1
275  0  -0.00601353  0.523231  15537  1.91542  -0.0422472  1
276  0  -0.354579  0.254914  15587.1  1.93522  -0.25386  1
277  0  0.967056  -0.321285  15329.6  1.96513  -0.0620228  1
278  0  -0.114334  -0.370062  15181.3  2.07042  -0.267633  1
279  0  -1.02833  -0.429133  15346.2  1.99639  -0.455341  1
280  0  0.165044  -0.306147  14969  2.16685  -0.199852  1
281  0  0.45995  -0.278078  15004.9  2.16211  -0.0741726  1
282  0  0.699542  -0.240421  15194.3  2.06029  0.00408301  1
283  0  0.606265  0.378694  15258.5  2.0088  -0.145332  1
284  0  0.311363  0.370544  15348.5  1.98524  -0.0354945  1
285  0  1.06638  0.272678  15334.2  1.95673  -0.236613  1
286  0  0.804642  0.275238  15227.1  2.02291  -0.214903  1
287  0  -0.111689  0.233981  15697.3  1.84809  -0.0883597  1
288  0  0.111002  0.277489  15522.6  1.92069  0.0303413  1
289  0  -0.321289  -0.100933  15430.2  1.95781  -0.345522  1
290  0  0.875281  -0.15996  15375.9  1.99408  0.0176833  1
291  0  0.0217166  -0.193009  14979.3  2.15206  -0.333928  1
292  0  0.300848  -0.170946  14799  2.26464  -0.129462  1
293  0  0.454839  0.257605  15189  2.06245  -0.0738491  1
294  0  0.933816  0.175272  15262.7  1.99611  -0.26381  1
295  0  0.655288  0.202044  15124.5  2.07302  -0.185167  1
296  0  0.321379  0.210718  15213  2.05929  0.0132777  1
297  0  0.172846  -0.137071  14698  2.28985  -0.233653  1
298  0  0.58231  -0.142404  15043.1  2.20495  0.0393205  1
299  0  0.457782  -0.124354  14858.9  2.30017  -0.00913372  1
300  0  -0.125406  0.0895212  15820.2  1.75319  -0.20685  1
301  0  0.201965  0.191244  15355.1  1.99832  0.0852393  1
302  0  0.0229379  0.173185  15750.9  1.80632  0.0542857  1
303  0  0.684773  -0.100738  15164.6  2.02124  0.105289  1
304  0  0.789388  -0.0919736  15335.8  1.89307  0.103435  1
305  0  0.974843  -0.121389  15452.2  1.91548  -0.0169233  1
306  0  0.544327  0.187698  15094.7  2.09309  -0.128472  1
307  0  1.54649  -0.136535  15337  1.92278  -0.175979  1
308  0  0.745728  0.152435  15118.5  2.09353  -0.233001  1
309  0  0.0749893  -0.112892  14707  2.28207  -0.372366  1
310  0  -0.0193251  -0.103829  15063.7  2.09984  -0.480541  1
311  0  0.835735  0.13109  15163.1  2.09685  -0.271324  1
312  0  0.36635  -0.0878399  14708  2.20579  -0.0603764  1
313  0  0.277747  -0.0899068  14636.2  2.33223  -0.136665  1
314  0  -0.564761  -0.51636  15290.2  2.03181  -0.435825  1
315  0  -0.420407  0.729921  15573.2  1.93206  -0.210844  1
316  0  1.01832  0.109744  15343.1  1.99597  -0.287732  1
317  0  -0.799495  0.0520607  15460.6  1.98794  -0.492912  1
318  0  0.877275  -0.0839804  15452.4  1.82959  0.048494  1
319  0  -0.955616  -1.03598  15225.3  2.00997  -0.415951  1
320  0  0.106012  0.147103  15594.5  1.86884  0.155854  1
321  0  0.210347  -1.13712  15185.6  2.06463  -0.17531  1
322  0  0.407727  0.171865  15099.1  2.10624  -0.036403  1
323  0  1.41277  0.714751  15339.2  1.90455  -0.21174  1
324  0  0.43251  1.19312  15496.9  1.87339  -0.103759  1
325  0  1.35171  -0.899826  15277.3  1.99269  -0.164325  1
326  0  0.512592  -0.0745413  14913.7  1.88141  0.0557142  1
327  0  1.30729  0.0283012  15389.1  1.88146  -0.201561  1
328  0  -0.0253799  0.0947178  16057.1  1.6167  -0.0324957  1
329  0  -0.115598  -0.0227297  15617.5  1.81  -0.40232  1
330  0  -0.141432  -0.204216  15256.9  2.01963  -0.32782  1
331  0  0.608142  0.141378  15051.6  2.1575  -0.170956  1
332  0  0.621251  -0.0619529  15032.8  1.64217  0.103002  1
333  0  -0.78973  1.29638  15691  2.00662  -0.412264  1
334  0  0.341121  0.140231  15090.7  2.15562  0.0283382  1
335  0  0.27431  0.140311  15168.9  2.10439  0.0795662  1
336  0  0.477706  0.144009  15039.3  2.16949  -0.0865892  1
337  0  0.209016  -0.0723631  14500.9  2.26119  -0.170516  1
338  0  0.149349  -0.0726742  14482.6  2.44817  -0.286721  1
339  0  0.894183  -0.703495  15246.9  2.02568  -0.127273  1
340  0  0.674521  0.123423  15054.7  2.19244  -0.214064  1
341  0  1.20722  -0.239142  15375.5  1.9371  -0.109753  1
342  0  0.896152  0.0901507  15185.4  2.10988  -0.314514  1
343  0  -0.247474  0.478378  15580.3  1.93232  -0.118946  1
344  0  0.32929  -0.464149  15071.2  2.1305  -0.142846  1
345  0  0.941456  -0.0622722  15496.2  1.66119  0.0102274  1
346  0  -0.158239  -0.687928  15196.7  2.07728  -0.235012  1
347  0  -1.50692  0.203314  15488.2  1.97415  -0.402424  1
348  0  0.42687  -0.0569109  14699  1.42824  0.0244495  1
349  0  0.727716  -0.051526  15241  1.46219  0.131494  1
350  0  0.468023  -0.753677  15172.7  2.07573  -0.151557  1
351  0  1.43057  0.349949  15348  1.92607  -0.208578  1
352  0  0.04085  0.102341  15922  1.69248  0.168934  1
353  0  1.14467  -0.0967185  15455  1.77086  -0.0939783  1
354  0  0.673683  0.609098  15347.9  1.94301  -0.148119  1
355  0  -0.365979  -0.372976  15294.7  2.03287  -0.365967  1
356  0  -1.37887  1.04731  15660  1.9753  -0.429171  1
357  0  0.224503  0.57712  15448.1  1.93653  -0.054359  1
358  0  -0.0498969  0.0301115  16175.1  1.4679  -0.322836  1
359  0  1.38111  1.31219  15354.8  1.88375  -0.259712  1
360  0  0.181111  0.126472  15327.3  2.02276  0.172887  1
361  0  0.961566  0.0735132  15294.3  2.06443  -0.333966  1
362  0  0.318666  -0.0514746  14611.7  1.4408  -0.0369189  1
363  0  0.453246  0.401302  15298.8  1.99899  -0.0891561  1
364  0  0.0330351  -0.332745  15066.6  2.11782  -0.239294  1
365  0  0.0306952  -0.0614447  14455.9  2.45202  -0.595703  1
366  0  0.777884  0.095261  15078.3  2.16752  -0.266412  1
367  0  0.555776  -0.0385378  14971.3  0.888601  0.0450241  1
368  0  0.536423  0.129489  15011.2  2.21444  -0.129108  1
369  0  1.11583  0.0359193  15484.5  1.79304  -0.221853  1
370  0  0.570841  -0.267775  15086.5  2.1196  -0.032236  1
371  0  1.07729  -1.40172  15254.1  2.02122  -0.184009  1
372  0  0.625365  0.90188  15412.5  1.89663  -0.132781  1
373  0  -0.626163  -0.216077  15387.1  2.00031  -0.471772  1
374  0  0.251085  0.89116  15490.7  1.8972  -0.0732055  1
375  0  -0.166617  -1.5018  15158.2  2.06455  -0.228762  1
376  0  -0.0189546  -0.524637  15149.6  2.09628  -0.209576  1
377  0  -0.701074  0.346265  15527.1  2.00948  -0.459754  1
378  0  0.663205  -0.0358556  15105  1.11789  0.0839991  1
379  0  -0.295628  0.087524  15589.1  1.89314  -0.276382  1
380  0  1.16109  -0.568814  15298.9  1.97884  -0.122747  1
381  0  0.380219  0.119645  15019.3  2.22389  0.00555384  1
382  0  0.836796  -0.0421107  15455.7  1.35831  0.073086  1
383  0  0.596181  -1.49094  15218.9  2.04739  -0.186524  1
384  0  0.0976784  -0.0564889  14415.3  2.28929  -0.344903  1
385  0  1.18865  0.547326  15341  1.91709  -0.200548  1
386  0  0.718227  0.0954766  15027.4  2.17063  -0.243149  1
387  0  0.380174  -0.036343  14678.2  0.781904  -0.0247002  1
388  0  0.466958  -0.0332254  14803.6  0.663759  0.0475502  1
389  0  -0.538155  0.111059  15512.7  1.96112  -0.411031  1
390  0  0.137631  0.105276  15433.8  1.98219  0.247845  1
391  0  0.092264  0.0946145  15661  1.84137  0.285927  1
392  0  0.226544  0.114189  15204.2  2.12766  0.153123  1
393  0  0.320272  -0.318646  14971.5  2.17566  -0.137472  1
394  0  0.759412  0.421178  15284.1  1.98019  -0.181717  1
395  0  0.769372  -0.0318531  15334.7  1.08662  0.11742  1
396  0  0.000999686  1.41566  15618.8  1.76637  -0.0798503  1
397  0  0.231508  0.292446  15378.7  1.98294  0.0158485  1
398  0  0.152599  0.437567  15471.1  1.93277  -0.0243862  1
399  0  0.43302  0.113538  14987.8  2.23615  -0.0515234  1
400  0  1.00181  0.0464994  15384  1.86007  -0.335478  1
401  0  0.83703  1.45527  15427.6  1.84539  -0.128078  1
402  0  0.825694  0.0792899  15093.7  2.09608  -0.292252  1
403  0  0.988699  -0.046379  15496.5  1.55783  -0.0238953  1
404  0  -1.41248  -0.783563  15282.5  1.97988  -0.386769  1
405  0  0.778955  -0.391221  15233.8  2.02963  -0.0582071  1
406  0  0.383113  -0.170894  14843.4  2.25344  -0.0764441  1
407  0  -1.38725  -1.36639  15176.5  1.98854  -0.363791  1
408  0  0.251524  -0.047792  14563.1  1.3961  -0.0581395  1
409  0  -0.000570266  0.296688  15619.5  1.88073  -0.0176588  1
410  0  -0.403962  1.09443  15601  1.90141  -0.154485  1
411  0  0.934872  0.306851  15285.6  1.98424  -0.221842  1
412  0  -0.475943  0.469167  15567.6  1.98137  -0.298543  1
413  0  -1.0605  0.303109  15507  1.99736  -0.473703  1
414  0  0.582175  0.278689  15182.7  2.05631  -0.141816  1
415  0  -0.604806  -1.31265  15166.3  2.04789  -0.358912  1
416  0  0.874834  0.750379  15360.3  1.91065  -0.172505  1
417  0  0.512298  -0.398301  15100.5  2.11226  -0.0945671  1
418  0  -1.5057  -0.2649  15388.3  1.97904  -0.394289  1
419  0  0.0558962  -0.87998  15172.8  2.08304  -0.17806  1
420  0  -0.171818  0.681671  15559.2  1.91734  -0.067176  1
421  0  0.106303  -0.189098  14842.6  2.2236  -0.281  1
422  0  0.899939  -0.0382275  15500  1.35221  0.0227875  1
423  0  0.0252541  0.72518  15526.3  1.91365  -0.0462154  1
424  0  0.153077  -0.435076  15066.9  2.12975  -0.178347  1
425  0  0.703677  0.318344  15222.4  2.02644  -0.181897  1
426  0  0.502476  -0.194406  14982.8  2.19443  -0.0217246  1
427  0  0.741889  -0.162267  15256.2  2.08383  0.0580848  1
428  0  0.228255  -0.138871  14699  2.29245  -0.18316  1
429  0  -0.240819  -0.508406  15228.4  2.06536  -0.29142  1
430  0  1.12335  0.180673  15368.3  1.94317  -0.241349  1
431  0  0.580995  0.103954  14996.6  2.21241  -0.164808  1
432  0  0.629767  0.0997157  14992.7  2.20328  -0.193657  1
433  0  0.220307  -0.224656  14854.3  2.23051  -0.18624  1
434  0  0.598251  -0.027236  14998.2  0.651779  0.0449706  1
435  0  -0.70554  0.890702  15599  1.94098  -0.431336  1
436  0  -0.00121723  -0.0431952  14664.4  2.29295  -0.826151  1
437  0  -0.0555496  -0.0186904  15692.5  1.77407  -0.568046  1
438  0  -0.427682  1.57141  15760.6  1.73395  0.038493  1
439  0  0.511664  -0.0294506  14885.2  0.602901  0.050348  1
440  0  -1.14535  -0.054226  15433.5  1.98385  -0.445584  1
441  0  1.05501  0.440868  15328.7  1.93929  -0.208272  1
442  0  -0.231661  0.164999  15657.4  1.86896  -0.203405  1
443  0  -0.0796726  -0.169364  15204.1  2.04154  -0.362327  1
444  0  -0.651725  -0.859112  15243.1  2.0395  -0.425014  1
445  0  -0.415487  -0.674036  15241  2.05676  -0.361829  1
446  0  0.808464  -0.252233  15284  2.00022  -0.0111996  1
447  0  0.322206  0.112822  15050.1  2.21433  0.0574886  1
448  0  -1.35881  0.621499  15571.6  1.98095  -0.433493  1
449  0  0.491955  0.10977  14987.9  2.22064  -0.0988926  1
450  0  0.710278  -0.704288  15213.1  2.05057  -0.129511  1
451  0  1.07564  -1.06396  15257.3  2.01598  -0.165293  1
452  0  -0.00210975  0.058183  16315.6  1.44179  0.0410985  1
453  0  -0.105892  0.386399  15600.5  1.90244  -0.0674713  1
454  0  1.66741  -0.521102  15300.8  1.95635  -0.169533  1
455  0  0.677589  -0.372361  15183.3  2.06119  -0.0593535  1
456  0  0.805489  0.195179  15178.5  2.03922  -0.236456  1
457  0  0.737308  0.228866  15170.6  2.05052  -0.208766  1
458  0  0.348071  0.527186  15392.6  1.95445  -0.0723944  1
459  0  0.656326  -0.180559  15147.3  2.11874  0.031307  1
460  0  0.189802  -0.0437859  14390.3  1.46618  -0.127291  1
461  0  -0.0719974  0.175711  15786.9  1.7924  -0.072162  1
462  0  0.368785  0.299135  15268  2.02628  -0.0375089  1
463  0  1.06849  -0.0380292  15494.2  1.5422  -0.0809625  1
464  0  0.557337  0.519085  15324.4  1.97115  -0.130103  1
465  0  1.231  0.888069  15353.7  1.88714  -0.198671  1
466  0  0.465084  -0.60768  15147  2.08973  -0.139749  1
467  0  0.960675  -0.228953  15371  1.95303  -0.0413994  1
468  0  1.09813  -0.196936  15406.5  1.93412  -0.0862954  1
469  0  -1.23202  1.52451  15769.5  1.91131  -0.466083  1
470  0  -0.0364977  -0.273486  15109.2  2.09021  -0.283696  1
471  0  0.914441  0.060934  15190.8  1.99288  -0.32483  1
472  0  0.869306  0.0679851  15137.3  2.03325  -0.309633  1
473  0  -0.225004  0.0381382  15610.1  1.86456  -0.28271  1
474  0  -0.219858  -0.082853  15459.6  1.93227  -0.337244  1
475  0  -0.245183  0.30106  15611.9  1.9137  -0.16251  1
476  0  0.709409  -0.0248886  15190.2  0.833724  0.0673863  1
477  0  1.59881  -1.27807  15276.7  1.99405  -0.195164  1
478  0  0.567152  -0.100199  14993.4  2.12151  0.0555877  1
479  0  0.172485  -1.52707  15179.7  2.0607  -0.191661  1
480  0  -1.08191  -1.56953  15121.5  2.00364  -0.368713  1
481  0  0.831833  -0.574949  15242.6  2.02876  -0.105021  1
482  0  0.611331  0.199652  15111.8  2.08022  -0.16465  1
483  0  0.919434  -0.118879  15438.5  1.92886  0.0149958  1
484  0  0.510543  -0.13718  14949.9  2.25716  0.00956844  1
485  0  -0.843869  -0.628874  15296.4  2.01473  -0.464752  1
486  0  0.259183  -0.807768  15164.8  2.08175  -0.161642  1
487  0  0.426907  -1.04595  15195.1  2.05939  -0.168361  1
488  0  0.63017  -0.118336  15087.9  2.16204  0.0736806  1
489  0  0.424914  -0.0285795  14674.6  0.593307  0.0463559  1
490  0  0.2604  0.197342  15267.2  2.03586  0.0529265  1
491  0  0.426415  -0.379526  15053.1  2.13635  -0.111424  1
492  0  -0.0934924  -0.101538  15308.6  1.98407  -0.41482  1
493  0  0.896085  0.253282  15258.7  2.00506  -0.233102  1
494  0  0.67109  0.0929867  15018.2  2.17326  -0.216057  1
495  0  -1.1038  0.951073  15637.8  1.96807  -0.466524  1
496  0  0.055282  -0.0463862  14190.5  2.34536  -0.450424  1
497  0  0.0713695  -0.26899  14994.6  2.14747  -0.252219  1
498  0  0.41263  1.652  15519.2  1.89148  -0.155381  1
499  0  0.736928  -0.109993  15240  2.02921  0.0970636  1
500  0  0.142757  -0.0439263  14387.6  1.72024  -0.208456  1
501  0  -0.267959  -0.320817  15276.9  2.03155  -0.328879  1
502  0  0.0742523  0.352317  15539.6  1.91194  -0.00973276  1
503  0  0.273808  0.108904  15105.6  2.19366  0.112037  1
504  0  0.48225  0.215114  15135  2.0834  -0.0872143  1
505  0  0.347649  -0.255836  14922.9  2.20084  -0.115112  1
506  0  0.675017  1.20643  15447.1  1.86501  -0.121748  1
507  0  0.346926  -0.0370275  14650.3  0.830973  -0.011684  1
508  0  0.757532  0.076017  15070.8  2.0594  -0.260223  1
509  0  0.288971  -0.0371421  14578.4  0.844028  -0.0255529  1
510  0  0.0110972  -0.672133  15162.6  2.08941  -0.190564  1
511  0  -0.136192  -1.09958  15181.6  2.07662  -0.222527  1
512  0  0.0750136  0.212885  15609.7  1.88453  0.0590675  1
513  0  0.49802  0.349992  15251.9  2.02318  -0.10304  1
514  0  0.313963  -0.126691  14714.1  2.36191  -0.121562  1
515  0  0.219158  -0.0425824  14443.2  1.38324  -0.0753507  1
516  0  0.022606  -0.121031  14861.7  2.19343  -0.428165  1
517  0  -0.675879  0.541079  15556.2  1.99131  -0.433855  1
518  0  0.155719  1.15237  15553  1.85679  -0.0720137  1
519  0  0.258687  -0.399945  15030.2  2.14766  -0.156691  1
520  0  0.633167  -0.0227083  15052.3  0.613085  0.034075  1
521  0  0.351699  0.113432  15041.2  2.22857  0.027842  1
522  0  0.85289  0.369134  15277.8  1.98219  -0.203426  1
523  0  1.08736  1.26552  15380.6  1.84526  -0.198116  1
524  0  0.689341  0.171038  15104.2  2.08811  -0.206449  1
525  0  0.308163  -0.62138  15128.8  2.09901  -0.152951  1
526  0  0.461153  0.115902  15002.8  2.23291  -0.0764566  1
527  0  0.943706  -0.0318078  15521.1  1.359  -0.0139076  1
528  0  1.25265  0.31817  15352.4  1.9304  -0.212754  1
529  0  1.0152  0.669511  15347.4  1.91215  -0.187645  1
530  0  -0.267221  0.869944  15572.8  1.89907  -0.10388  1
531  0  1.0347  0.199755  15328.9  1.96082  -0.253693  1
532  0  0.987235  -0.550652  15275.3  2.00114  -0.108627  1
533  0  0.816501  -0.0151898  15458.1  0.84898  0.0567908  1
534  0  0.857761  -0.0205634  15494.9  0.976535  0.0272196  1
535  0  1.48193  0.0891722  15352.7  1.92016  -0.204624  1
536  0  0.142258  0.202936  15480.1  1.94509  0.0885396  1
537  0  0.121981  -0.123491  14653.4  2.2867  -0.296259  1
538  0  -0.571638  0.261641  15542.9  1.98541  -0.402731  1
539  0  0.379494  0.231278  15201.7  2.06271  -0.0246707  1
540  0  0.0480041  0.0735782  16013.5  1.6441  0.285868  1
541  0  1.05655  0.0223668  15473  1.53309  -0.242984  1
542  0  -0.777381  -0.381967  15347.6  2.0102  -0.484259  1
543  0  0.185096  0.0926722  15213.7  1.99474  0.221517  1
544  0  0.656481  0.158961  15079.6  2.10993  -0.191865  1
545  0  0.953205  0.0404991  15258.5  1.65258  -0.297888  1
546  0  1.70375  1.06663  15325.9  1.91007  -0.259829  1
547  0  0.406164  -0.106732  14772.3  2.325  -0.0412025  1
548  0  0.472327  -0.0828971  14824.8  2.01687  0.0341241  1
549  0  0.883284  0.139682  15209.4  2.05381  -0.27651  1
550  0  0.739155  -0.0246586  15268.3  0.92523  0.10507  1
551  0  -0.232549  1.25789  15619.1  1.83472  -0.0483632  1
552  0  0.749014  0.114872  15086.9  2.17594  -0.250605  1
553  0  0.807068  -0.15738  15318.5  2.03937  0.0431673  1
554  0  0.815259  -1.27254  15234.1  2.03403  -0.176822  1
555  0  -1.63483  1.41954  15734.5  1.95048  -0.396723  1
556  0  0.443224  -0.178783  14911.1  2.22993  -0.0449778  1
557  0  -0.407886  0.00952219  15494.8  1.94295  -0.358284  1
558  0  -0.0171623  -0.15363  15046.9  2.11202  -0.386268  1
559  0  0.790483  0.143177  15134  2.09718  -0.251999  1
560  0  0.118591  0.0816883  15465.1  1.85789  0.308023  1
561  0  0.538662  0.0960704  14943  2.03376  -0.118301  1
562  0  0.664785  0.480068  15305.4  1.97402  -0.155836  1
563  0  -0.33133  0.396927  15586.4  1.94829  -0.197486  1
564  0  0.40677  0.101392  14943.2  2.06513  -0.0169493  1
565  0  -0.479417  -0.193798  15383.2  1.99563  -0.414468  1
566  0  1.25353  1.66148  15367.8  1.96626  -0.30003  1
567  0  0.801176  0.0683958  15042  1.86887  -0.254732  1
568  0  -0.289317  -0.211046  15345  1.99633  -0.342218  1
569  0  0.532545  0.235096  15143.2  2.07654  -0.118641  1
570  0  0.180862  0.25063  15430  1.96531  0.0462383  1
571  0  0.178721  -0.092957  14574.7  2.46891  -0.250795  1
572  0  0.434591  0.853775  15440.2  1.90468  -0.101661  1
573  0  0.934268  0.126267  15254.8  2.03616  -0.29166  1
574  0  0.29071  -0.235654  14877.7  2.22174  -0.143606  1
575  0  0.29988  0.173992  15184.3  2.06679  0.0455768  1
576  0  0.23941  0.154873  15244.7  2.05062  0.0968215  1
577  0  0.798928  -0.0486061  15379.7  1.42898  0.109592  1
578  0  0.315708  -0.0244986  14606.4  0.300832  -0.0461766  1
579  0  0.604256  0.0883989  14962.9  1.95674  -0.156076  1
580  0  1.67589  0.546379  15318.9  1.92355  -0.225609  1
581  0  -1.10876  -0.671061  15297.4  1.99367  -0.42729  1
582  0  0.692582  -0.0548221  15162.7  1.54236  0.110994  1
583  0  0.884823  -0.253124  15327  1.97355  -0.0269927  1
584  0  -0.309186  -1.25128  15173  2.06674  -0.27683  1
585  0  -0.112906  -0.931722  15186.2  2.08176  -0.21639  1
586  0  0.158724  -0.202558  14823.8  2.23896  -0.231405  1
587  0  -0.408769  0.137818  15558.6  1.93035  -0.321558  1
588  0  0.489442  -0.0148887  14841.8  0.264426  0.0241599  1
589  0  0.532463  -0.0159486  14929.1  0.329287  0.0355811  1
590  0  1.02145  -0.0855529  15463.3  1.78868  -0.0338199  1
591  0  0.576427  -0.0129533  14975.8  0.28873  0.00735563  1
592  0  0.298252  0.29465  15322.8  2.00456  -0.00897174  1
593  0  0.0730557  0.123942  15725.9  1.79807  0.180134  1
594  0  0.322805  0.747197  15451.2  1.9186  -0.0806927  1
595  0  0.585342  0.747461  15393.2  1.92041  -0.127755  1
596  0  0.164235  0.329681  15460  1.94389  0.00581119  1
597  0  -0.0318665  -0.418317  15136.8  2.09477  -0.233057  1
598  0  -0.563957  -1.5996  15122.4  2.04535  -0.32751  1
599  0  0.255691  0.462512  15415  1.95165  -0.0424743  1
600  0  1.28039  0.1884  15372.6  1.94126  -0.215573  1
601  0  0.572565  -1.23717  15212.8  2.04633  -0.176295  1
602  0  0.834483  -0.111124  15377.5  1.95409  0.0693537  1
603  0  -0.924385  -0.158969  15407.5  1.99215  -0.48493  1
604  0  0.780376  0.533416  15318.9  1.95289  -0.173438  1
605  0  0.59425  -0.198043  15080.6  2.14307  0.00795419  1
606  0  0.058249  -0.157502  14862  2.20458  -0.342381  1
607  0  0.714034  0.134404  15083.9  2.15343  -0.227254  1
608  0  0.575059  0.134035  15029.2  2.19886  -0.156021  1
609  0  1.38529  -1.74115  15278.6  2.01954  -0.201641  1
610  0  0.649507  0.282073  15191.9  2.04783  -0.168905  1
611  0  0.515134  0.157768  15054.6  2.12974  -0.111525  1
612  0  0.438696  0.320311  15247.9  2.03145  -0.073817  1
613  0  0.366622  0.189431  15148.5  2.08344  -0.011954  1
614  0  -1.65126  0.455553  15547.4  1.9746  -0.392497  1
615  0  -1.55645  0.810858  15610.3  1.97671  -0.407253  1
616  0  0.0699217  -0.0731991  14499.2  2.48255  -0.447821  1
617  0  0.144224  0.144115  15468.7  1.93511  0.160807  1
618  0  1.59187  1.63676  15342.8  2.0221  -0.305766  1
619  0  -0.119765  -0.467734  15182  2.08091  -0.250263  1
620  0  0.655293  -0.0755394  15103.1  1.84662  0.100439  1
621  0  0.888204  0.0506037  15146.9  1.70822  -0.276557  1
622  0  0.843791  0.0562266  15112.6  1.73817  -0.257305  1
623  0  -0.127965  0.49096  15573.6  1.91601  -0.0686226  1
624  0  -0.0364347  0.227857  15703.6  1.84044  -0.0341102  1
625  0  1.42112  -0.421616  15320.2  1.94841  -0.149902  1
626  0  0.0310545  0.0516241  16243.9  1.37147  0.277593  1
627  0  -0.0133118  0.0271056  16478.3  0.962428  -0.28157  1
628  0  -0.109891  -0.287166  15190.5  2.05705  -0.293187  1
629  0  0.0291793  -0.0309558  13908.1  2.07636  -0.537806  1
630  0  -0.389753  -0.502519  15268.5  2.04658  -0.362219  1
631  0  -0.0415848  -0.0634536  15226.2  2.01392  -0.580069  1
632  0  -0.509583  -0.349052  15329.6  2.02203  -0.4268  1
633  0  0.687464  -0.00797842  15166.5  0.332729  0.0495421  1
634  0  1.01824  -0.0391678  15483.1  1.47165  -0.0269958  1
635  0  -0.688824  0.177983  15504.7  1.98888  -0.464825  1
636  0  -1.32951  -1.07661  15227.1  1.9854  -0.381137  1
637  0  -1.5891  -1.09348  15229.4  1.97627  -0.367939  1
638  0  0.272229  -0.134496  14704.9  2.3284  -0.157156  1
639  0  0.750618  -0.3043  15232.1  2.03041  -0.0251677  1
640  0  -0.911724  1.68917  15782.5  1.86359  -0.467511  1
641  0  0.0753086  0.0665466  15774.6  1.67887  0.356562  1
642  0  0.754832  -0.0653378  15292.7  1.69299  0.12552  1
643  0  1.6918  -0.990378  15282.4  1.97992  -0.187321  1
644  0  0.648293  0.081226  14992.3  1.88328  -0.176067  1
645  0  0.691515  0.0771842  15009.3  1.87018  -0.201339  1
646  0  0.445889  -0.0139976  14747  0.154118  0.0773121  1
647  0  0.402445  -0.0159533  14632.1  0.123488  -0.0098513  1
648  0  1.25399  1.08766  15355  1.87527  -0.214923  1
649  0  0.252057  0.0939154  15090.1  2.021  0.138201  1
650  0  0.11952  -0.0320113  14383.7  1.21069  -0.194251  1
651  0  0.296654  0.0953592  15035.7  2.02573  0.0885142  1
652  0  0.451759  0.179013  15095.5  2.10373  -0.06713  1
653  0  0.162864  -0.028761  14340.3  0.746766  -0.126444  1
654  0  0.0716986  -0.0289608  14218.6  1.41442  -0.21534  1
655  0  0.25307  -0.179426  14784  2.25863  -0.164238  1
656  0  -0.0994  0.0331138  15872.7  1.70577  -0.331591  1
657  0  1.09872  -0.306048  15355.3  1.94534  -0.0873605  1
658  0  0.118265  0.544885  15491.7  1.92428  -0.0408081  1
659  0  0.585641  -0.0581507  14992.3  1.49345  0.0741539  1
660  0  0.735633  0.0703139  15014.4  1.79545  -0.210944  1
661  0  0.119743  -0.369378  15037.8  2.13741  -0.201419  1
662  0  -0.14334  0.158579  15742.9  1.81584  -0.148414  1
663  0  0.163835  0.0831616  15328.5  1.91527  0.255489  1
664  0  0.241252  -0.0807094  14574.4  2.3318  -0.155714  1
665  0  0.966365  -0.0207745  15511.6  1.17484  -0.0334118  1
666  0  0.207944  0.0883493  15162.7  1.97301  0.188675  1
667  0  0.852193  0.0957482  15150.7  2.14421  -0.300591  1
668  0  -1.09724  1.22997  15703.3  1.98326  -0.477701  1
669  0  0.60365  -0.612211  15178.5  2.07168  -0.124113  1
670  0  0.837419  -1.59757  15241.8  2.03745  -0.194268  1
671  0  0.923192  -0.0170361  15523.8  1.06193  -0.0203549  1
672  0  -0.519972  -1.07041  15201.4  2.05548  -0.362711  1
673  0  0.00556938  0.12784  15915.7  1.70261  0.0507188  1
674  0  0.92925  0.038574  15223.1  1.5596  -0.276062  1
675  0  0.520633  -0.318872  15070.1  2.12732  -0.0673369  1
676  0  0.514829  0.0908952  14974.7  1.93976  -0.0971726  1
677  0  0.562272  0.0881314  14938.7  1.91415  -0.132185  1
678  0  0.732132  0.743395  15374  1.91508  -0.152544  1
679  0  0.973005  0.0289245  15312  1.46742  -0.279462  1
680  0  0.790669  -0.013185  15397.5  0.74302  0.0634403  1
681  0  0.250173  -0.0238791  14548.4  0.268983  -0.0377803  1
682  0  0.458147  0.512894  15348  1.96875  -0.101418  1
683  0  0.837172  -0.0115312  15483.7  0.806251  0.032322  1
684  0  0.882043  -0.0171379  15512.6  0.994817  0.00996752  1
685  0  1.04435  0.0668242  15412.4  1.96333  -0.312541  1
686  0  0.241777  -0.519276  15094  2.12004  -0.158104  1
687  0  -0.350679  0.559513  15573.4  1.94902  -0.180055  1
688  0  0.0979036  0.07004  15600.2  1.74917  0.354584  1
689  0  0.384417  0.0947817  14982.4  1.94724  -0.00248614  1
690  0  0.230583  -0.298974  14947.3  2.18274  -0.171711  1
691  0  0.428808  0.092293  14920.7  1.90186  -0.0359922  1
692  0  -0.309707  0.17472  15600.6  1.90546  -0.248936  1
693  0  0.888225  0.605633  15337.7  1.92984  -0.182183  1
694  0  0.796425  -0.866069  15227.1  2.04155  -0.147106  1
695  0  0.778833  0.339193  15249.3  2.00569  -0.197027  1
696  0  0.994637  0.0220467  15354  1.30516  -0.272734  1
697  0  -1.66841  0.00350017  15443.8  1.97281  -0.38594  1
698  0  0.394088  -0.311187  14994.2  2.16711  -0.106593  1
699  0  0.776567  0.063433  15072.9  1.72815  -0.238158  1
700  0  0.344585  -1.33648  15195.3  2.05536  -0.181168  1
701  0  -0.0682886  0.0726034  16020.6  1.62755  -0.180076  1
702  0  0.421477  0.214814  15151.1  2.08055  -0.0500233  1
703  0  0.0250806  -1.27009  15178.4  2.06551  -0.197941  1
704  0  0.1119  -0.0850898  14548.6  2.46152  -0.348714  1
705  0  0.554455  -0.00801184  14959  0.188869  0.00217961  1
706  0  0.0929468  -0.0317892  14340.8  1.32266  -0.200007  1
707  0  0.142093  0.0775299  15359.7  1.84989  0.285992  1
708  0  -0.461179  0.331503  15569.5  1.97519  -0.312097  1
709  0  0.660697  -0.010937  15098.3  0.344294  0.0472962  1
710  0  0.230124  0.0880584  15145.9  1.92194  0.160644  1
711  0  0.713246  0.0693595  14987.3  1.70103  -0.196488  1
712  0  0.38058  -0.0144271  14658.5  0.013218  -0.0892965  1
713  0  0.942743  -0.168637  15403.4  1.96311  -0.0186172  1
714  0  0.467519  -0.0104972  14812.7  0.0697024  0.0282291  1
715  0  0.434892  -0.470501  15096.9  2.11751  -0.125974  1
716  0  -0.50646  0.904208  15588.9  1.91713  -0.268805  1
717  0  -1.37201  -1.69972  15122  1.99015  -0.347447  1
718  0  -1.69995  -0.547051  15330.7  1.97579  -0.374679  1
719  0  0.235185  0.367639  15403.2  1.96367  -0.0144445  1
720  0  0.28865  1.4249  15539  1.84364  -0.13307  1
721  0  0.821458  0.0557253  15061.9  1.63407  -0.2343  1
722  0  1.15851  -0.777545  15275.9  1.99848  -0.145834  1
723  0  0.82195  -0.0719582  15401.9  1.74816  0.0990857  1
724  0  0.996089  -0.0187524  15478.5  1.14548  -0.0427012  1
725  0  0.20664  -0.176516  14770.7  2.26595  -0.200843  1
726  0  0.164893  -0.0523029  14362.4  1.93382  -0.202225  1
727  0  -0.546539  -0.0651328  15442.6  1.97427  -0.436889  1
728  0  -1.12475  0.504281  15550.7  1.98751  -0.475617  1
729  0  0.324878  -0.0879628  14652.9  2.24013  -0.0833714  1
730  0  0.964171  0.240822  15293.4  1.98239  -0.243704  1
731  0  1.67314  0.291081  15319.6  1.93661  -0.215149  1
732  0  -0.196399  0.0980865  15690.3  1.83085  -0.228309  1
733  0  0.533319  -0.10273  14965.8  2.19202  0.0438551  1
734  0  -0.0218045  -0.0227364  15005.6  1.93769  -1.01801  1
735  0  0.345602  -0.06581  14682.3  1.81999  -0.0415898  1
736  0  0.681528  0.393221  15262.7  2.00041  -0.166989  1
737  0  0.555966  1.42922  15495  1.86733  -0.100743  1
738  0  0.771594  -0.00668232  15358.2  0.518299  0.0681376  1
739  0  0.40354  -0.226085  14927.1  2.20276  -0.0817979  1
740  0  0.804129  0.885128  15387.5  1.89319  -0.159065  1
741  0  -1.32497  -0.492622  15339.8  1.98593  -0.403764  1
742  0  1.26869  -0.117608  15386  1.83224  -0.132061  1
743  0  0.397357  -0.0704602  14708.2  1.83195  -0.0217158  1
744  0  0.985166  0.159252  15305.9  1.9788  -0.270896  1
745  0  0.939985  0.421829  15307.3  1.95847  -0.205588  1
746  0  -0.274564  -0.0133018  15526  1.91134  -0.31581  1
747  0  0.545152  -0.501662  15142.5  2.09246  -0.113761  1
748  0  0.891659  -0.437146  15275.7  2.00304  -0.0772288  1
749  0  0.698619  -0.146002  15180.1  2.12636  0.0647344  1
750  0  0.901567  -0.0120564  15522.7  0.918934  -0.0129641  1
751  0  1.3533  -1.17542  15270.1  2.00192  -0.178972  1
752  0  -0.254481  -0.794143  15207.4  2.07408  -0.275731  1
753  0  -1.07522  -1.22684  15192  2.00577  -0.391063  1
754  0  0.363247  -0.125625  14761.9  2.34989  -0.0788501  1
755  0  0.930856  0.0874176  15248.7  2.0955  -0.325518  1
756  0  0.846929  -0.326551  15281.2  1.99692  -0.0412433  1
757  0  -0.200839  -0.402551  15225.4  2.05817  -0.29166  1
758  0  0.601076  -0.332894  15128.2  2.09337  -0.0548376  1
759  0  0.385199  0.379938  15310.9  1.99865  -0.0612216  1
760  0  0.839527  0.171201  15190.4  2.03385  -0.252507  1
761  0  1.73771  0.0374834  15308.6  1.93654  -0.204085  1
762  0  1.74443  -0.242621  15310.8  1.94423  -0.180472  1
763  0  0.634541  -0.252883  15137.5  2.09311  -0.0110661  1
764  0  -0.882465  0.43059  15534  2.00429  -0.493936  1
765  0  0.533275  0.416609  15288.8  1.99791  -0.119697  1
766  0  -0.145447  1.70237  15711.7  1.70325  -0.0597993  1
767  0  -0.0165466  0.375578  15582.5  1.90004  -0.0360529  1
768  0  0.635413  0.129624  15045.3  2.19342  -0.19339  1
769  0  1.13945  0.375198  15340.4  1.93823  -0.214449  1
770  0  -1.67713  -1.66529  15144.3  1.97949  -0.349713  1
771  0  0.60368  -0.848143  15199  2.06083  -0.152549  1
772  0  0.973167  -0.07886  15483.4  1.77402  -0.00932957  1
773  0  -0.0676369  0.614598  15547.1  1.91736  -0.0497638  1
774  0  0.0566709  -0.432369  15098.2  2.11394  -0.203427  1
775  0  0.0108894  0.0369487  16562  1.02085  0.0827716  1
776  0  0.0163314  0.084714  16092.4  1.59343  0.132549  1
777  0  0.717365  -0.0779084  15208.8  1.85206  0.124429  1
778  0  0.293559  0.1207  15097.4  2.19372  0.0838281  1
779  0  -0.0794769  0.802039  15553.6  1.90368  -0.0495657  1
780  0  0.271785  -0.019722  14560.2  0.236799  0.00918609  1
781  0  0.625846  0.0790466  14958.8  1.77298  -0.154183  1
782  0  0.358806  -0.0149014  14675.2  0.091622  0.0144562  1
783  0  0.581691  0.0828817  14991  1.78907  -0.134311  1
784  0  0.864253  0.296576  15253.8  2.00527  -0.218181  1
785  0  0.440932  0.146217  15054.2  2.16804  -0.0588573  1
786  0  1.37925  -0.630875  15300.4  1.96937  -0.149121  1
787  0  0.274711  0.246912  15297.7  2.02301  0.0204308  1
788  0  1.73534  1.36311  15328.1  1.91314  -0.263644  1
789  0  0.513701  -0.253075  15029.4  2.15033  -0.0447392  1
790  0  -0.0754498  0.307904  15638.2  1.87845  -0.056897  1
791  0  1.02367  0.0204951  15453.3  1.44073  -0.28116  1
792  0  0.545635  -0.0708725  14964.1  1.76263  0.0659341  1
793  0  0.751498  0.281434  15210  2.03306  -0.202465  1
794  0  0.510959  -0.00818252  14883  0.110146  0.0385448  1
795  0  0.597877  -0.00547218  15013.5  0.133006  0.0310922  1
796  0  -0.448024  -0.849266  15226.4  2.06253  -0.362093  1
797  0  0.371512  0.153177  15086.5  2.13084  -0.00106332  1
798  0  0.0224287  0.225557  15677.4  1.85005  0.0144712  1
799  0  0.910896  -0.0694883  15484.8  1.71369  0.0329616  1
800  0  0.16275  1.74871  15571.3  1.83192  -0.229953  1
801  0  0.87106  -0.0479958  15491.4  1.48751  0.0520487  1
802  0  -0.0452614  -0.341197  15133.1  2.08723  -0.259151  1
803  0  0.407581  0.136312  15031.6  2.19467  -0.0268993  1
804  0  0.65193  0.105355  15023.5  2.22889  -0.208389  1
805  0  0.339336  0.0931564  15005.5  1.96266  0.0399628  1
806  0  0.688864  0.25255  15175.3  2.05352  -0.188278  1
807  0  1.08783  0.111033  15410.5  1.96788  -0.272507  1
808  0  0.491367  -0.0492259  14847  1.1911  0.0473613  1
809  0  -0.113374  -0.583959  15187.7  2.08198  -0.236675  1
810  0  0.291878  -0.0634199  14583.7  1.86225  -0.0528479  1
811  0  0.124241  -0.0580381  14454.4  2.26551  -0.306744  1
812  0  0.121518  -0.24873  14924  2.18446  -0.238308  1
813  0  0.618223  -0.00562032  15037.4  0.174964  0.010594  1
814  0  -1.49286  1.72776  15802.8  1.93528  -0.374527  1
815  0  1.24199  -0.406538  15329.8  1.9517  -0.121558  1
816  0  -0.607604  -0.676167  15267.6  2.04087  -0.434708  1
817  0  -0.873497  1.04414  15638.9  1.97683  -0.475785  1
818  0  0.7627  0.192984  15157.1  2.05104  -0.227031  1
819  0  0.141512  -0.74505  15156.6  2.08724  -0.16679  1
820  0  1.37425  -0.242336  15354.5  1.93635  -0.142029  1
821  0  0.233316  -0.963464  15178.7  2.07385  -0.167376  1
822  0  0.077515  0.877879  15530.8  1.89556  -0.0530967  1
823  0  -0.0376957  0.136838  15891.4  1.72131  -0.0359255  1
824  0  0.415273  -0.142891  14838.3  2.30588  -0.0509171  1
825  0  0.436168  -0.0836574  14763.2  2.08495  0.00772123  1
826  0  0.0703269  0.164325  15672  1.83926  0.110026  1
827  0  0.337878  -0.0147361  14620.4  0.0234443  0.0136358  1
828  0  1.3845  0.530469  15339.5  1.91417  -0.206279  1
829  0  -0.597897  0.734497  15580.6  1.94479  -0.367698  1
830  0  -0.995018  0.082088  15463  1.99128  -0.476181  1
831  0  0.773579  -0.13001  15309.1  2.0544  0.0794623  1
832  0  -1.23943  0.149294  15475.3  1.98337  -0.435759  1
833  0  0.227414  0.233376  15346.6  2.00372  0.0463983  1
834  0  0.544245  -0.170208  15021.5  2.19393  0.00696502  1
835  0  0.2923  -0.0163223  14597.5  0.0579243  -0.020138  1
836  0  0.205399  -0.0232421  14363.1  0.330165  -0.0206576  1
837  0  0.552695  0.621688  15364.7  1.94517  -0.123163  1
838  0  0.662774  1.74358  15468.6  1.93092  -0.0961841  1
839  0  -0.215136  0.57828  15568.7  1.92871  -0.0887589  1
840  0  0.319188  0.0898747  14980.2  1.89108  0.0583675  1
841  0  1.18385  0.0888111  15452.1  1.93543  -0.233161  1
842  0  0.0928414  -0.540982  15122.5  2.10836  -0.179685  1
843  0  0.00477622  -0.022083  13655.9  2.05812  -0.963354  1
844  0  0.307205  0.638357  15435.5  1.93402  -0.0735612  1
845  0  -0.0280121  -0.206787  15084  2.09763  -0.328204  1
846  0  0.638885  -0.00269402  15064.9  0.114257  -0.00516648  1
847  0  0.493113  0.0866264  14969.7  1.79707  -0.0831442  1
848  0  0.974151  0.108949  15300.6  2.03459  -0.305416  1
849  0  -0.152639  0.308069  15635.6  1.88944  -0.101801  1
850  0  0.478506  -0.158681  14920.1  2.24493  -0.016435  1
851  0  0.965496  1.72889  15403.9  1.94895  -0.185417  1
852  0  0.0195264  -0.249476  15033.6  2.12471  -0.283684  1
853  0  0.693877  0.104695  15038  2.21818  -0.228853  1
854  0  0.473247  0.0912294  14949.2  1.9142  -0.0746365  1
855  0  -1.37674  -0.0371737  15436.6  1.97757  -0.409637  1
856  0  0.444228  -0.0386608  14746.8  0.870851  0.0515846  1
857  0  0.406352  -0.0416494  14664.1  1.02587  0.0199846  1
858  0  0.36104  1.02812  15482.3  1.88518  -0.0907956  1
859  0  -0.0540097  -0.123117  15186.4  2.03884  -0.42634  1
860  0  0.097206  -0.146506  14752.2  2.25574  -0.316731  1
861  0  -1.10641  0.715698  15594  1.97025  -0.474088  1
862  0  -0.48671  1.32927  15663.5  1.90801  -0.139757  1
863  0  0.89065  1.17435  15410.4  1.85048  -0.1568  1
864  0  0.363142  0.0941607  14984.1  1.98252  0.014783  1
865  0  0.169393  0.700336  15486.5  1.91895  -0.0568428  1
866  0  0.0185828  -1.69876  15160.2  2.06147  -0.205518  1
867  0  0.498688  -0.101991  14895.1  2.23616  0.0297219  1
868  0  0.00194043  -0.0769548  14850.7  2.21057  -0.569222  1
869  0  0.72697  -0.00504502  15236.8  0.341642  0.0316572  1
870  0  -0.270207  -0.629786  15223.2  2.06592  -0.291447  1
871  0  0.624046  0.241702  15152.7  2.06729  -0.165678  1
872  0  0.342815  -1.70089  15200.1  2.05636  -0.190682  1
873  0  0.230108  -0.0241842  14473.8  0.352722  0.0592484  1
874  0  0.253226  0.122439  15160.6  2.14281  0.120104  1
875  0  0.879816  -0.118791  15416.1  1.95716  0.0421033  1
876  0  0.209546  -0.105839  14620.9  2.41213  -0.204921  1
877  0  0.449269  0.0932656  14966.6  1.9396  -0.0549429  1
878  0  0.205755  0.142356  15298.6  2.02826  0.133693  1
879  0  -0.187758  0.237079  15663  1.87223  -0.145451  1
880  0  1.01673  -0.163687  15432  1.93864  -0.0483313  1
881  0  1.68635  -1.60098  15283.4  2.00773  -0.207246  1
882  0  -0.854563  0.232016  15499.6  2.00329  -0.488521  1
883  0  0.977065  0.0541929  15317.4  1.95108  -0.340898  1
884  0  0.530081  -0.0489877  14922.8  1.15639  0.0673322  1
885  0  0.185069  -0.0216059  14350.1  0.252749  -0.0463298  1
886  0  0.718684  -0.434986  15206.8  2.05232  -0.0769564  1
887  0  0.20129  0.112808  15240.6  2.1052  0.17983  1
888  0  0.310763  0.144211  15127.7  2.12641  0.0527413  1
889  0  0.162379  0.110339  15367.5  2.02616  0.221607  1
890  0  0.0513004  0.450601  15528.3  1.91502  -0.0307677  1
891  0  0.0657847  0.0914551  15824.5  1.74742  0.262795  1
892  0  -0.634417  1.09313  15632.1  1.95659  -0.341631  1
893  0  -0.693545  -0.0724519  15427.7  1.9845  -0.488491  1
894  0  -1.6625  1.09831  15669.1  1.96678  -0.39984  1
895  0  0.606969  -0.0927638  15032.5  2.04633  0.0787004  1
896  0  0.750876  -0.00620538  15311.1  0.461549  0.077009  1
897  0  0.864811  0.0466646  15120.2  1.53414  -0.244847  1
898  0  0.584518  0.17081  15077.2  2.10095  -0.152903  1
899  0  0.175952  0.160638  15386.2  1.97615  0.125409  1
900  0  0.90809  0.0385766  15153.6  1.46961  -0.252863  1
901  0  0.836761  0.447509  15298.5  1.96494  -0.190821  1
902  0  1.01257  0.843354  15365.1  1.89166  -0.17942  1
903  0  1.06293  1.04341  15372  1.86885  -0.183573  1
904  0  0.517969  0.113237  14985.9  2.24372  -0.112448  1
905  0  -0.646473  1.7548  15800.4  1.78417  -0.101235  1
906  0  1.05796  -0.431747  15311  1.97104  -0.0946468  1
907  0  0.131453  -0.159362  14753  2.26197  -0.27268  1
908  0  0.336581  0.258134  15255.1  2.03936  -0.00853328  1
909  0  0.995738  0.0815281  15338.8  2.04697  -0.317558  1
910  0  -0.185957  -0.0216805  15571.3  1.87156  -0.325598  1
911  0  0.110747  0.117818  15557.8  1.88852  0.217489  1
912  0  -0.216403  1.07243  15599.6  1.86859  -0.0646582  1
913  0  0.558682  0.110336  14974.3  2.24324  -0.150491  1
914  0  0.60597  0.113962  15008.8  2.24003  -0.179034  1
915  0  0.812289  0.104482  15114.7  2.16934  -0.280665  1
916  0  0.182692  -0.0674696  14462.8  2.32539  -0.220762  1
917  0  -0.429597  -0.101335  15425.7  1.97077  -0.385768  1
918  0  0.372768  -0.539162  15108.1  2.11209  -0.143299  1
919  0  0.579824  0.218941  15129.7  2.07815  -0.144904  1
920  0  -0.157961  0.0357416  15703.4  1.80865  -0.28493  1
921  0  0.998702  0.534183  15330.8  1.93294  -0.19662  1
922  0  1.01664  0.343041  15315.2  1.96202  -0.222489  1
923  0  -0.900538  0.815268  15602.2  1.95449  -0.496117  1
924  0  1.64787  0.815776  15322.9  1.91641  -0.241636  1
925  0  0.63937  -0.0459648  15064  1.28673  0.0960915  1
926  0  0.34469  -0.197554  14857.7  2.23633  -0.106896  1
927  0  1.44694  0.951127  15344.6  1.89589  -0.232957  1
928  0  -0.869726  -0.847835  15254.1  2.01388  -0.4353  1
929  0  0.0549759  0.273919  15589.6  1.89018  0.0141642  1
930  0  0.70715  -0.00245999  15199  0.242922  0.0111823  1
931  0  0.680644  -0.298685  15175.1  2.06489  -0.0298253  1
932  0  0.336287  0.440225  15363.6  1.97237  -0.0570856  1
933  0  0.505843  0.283886  15196.8  2.0543  -0.104363  1
934  0  0.545103  -0.216701  15041.2  2.1533  -0.0163523  1
935  0  0.0664471  -0.217801  14941.1  2.17311  -0.286878  1
936  0  0.763879  -0.21548  15260.6  2.03187  0.0175466  1
937  0  0.782367  0.234302  15194.8  2.03821  -0.219831  1
938  0  1.55074  -0.312842  15322.6  1.94375  -0.163253  1
939  0  0.596139  0.447848  15288.2  1.99074  -0.141775  1
940  0  0.0400305  -0.0891041  14656.7  2.29648  -0.473995  1
941  0  0.409578  0.268782  15212.6  2.0535  -0.0515629  1
942  0  -0.577143  0.389931  15547.4  2.00388  -0.387396  1
943  0  -0.759769  -1.13729  15204.4  2.02875  -0.408558  1
944  0  -0.813969  -1.42953  15150.1  2.02434  -0.383069  1
945  0  0.978772  -0.859989  15253.3  2.02162  -0.146151  1
946  0  0.937196  0.0629929  15244.9  2.01523  -0.332349  1
947  0  -0.52376  0.608612  15567.4  1.96558  -0.303877  1
948  0  0.619769  -0.156158  15096.2  2.17113  0.0408207  1
949  0  0.38742  -0.872678  15177.4  2.07339  -0.16014  1
950  0  0.962679  -0.0480187  15503.6  1.54669  -0.0121749  1
951  0  0.923838  -0.0437664  15503  1.47306  0.0141228  1
952  0  -0.156507  -0.130261  15349.2  1.97569  -0.355402  1
953  0  -0.387438  -1.48234  15148.7  2.05856  -0.293536  1
954  0  0.563723  0.33982  15233  2.02928  -0.130346  1
955  0  0.45632  -0.0574296  14772.6  1.46492  0.0347375  1
956  0  0.636818  0.334355  15225.3  2.02771  -0.158571  1
957  0  0.351565  -0.389823  15037.4  2.14533  -0.131127  1
958  0  0.578093  -0.0344616  14992.5  0.855266  0.0554677  1
959  0  -0.0786846  0.121328  15877.9  1.72573  -0.111714  1
960  0  -0.281504  -1.73786  15119.6  2.06253  -0.253587  1
961  0  0.104997  -0.30936  15000.2  2.14964  -0.223237  1
962  0  0.245806  -0.109964  14657.5  2.40623  -0.18077  1
963  0  0.860876  -1.02695  15237.3  2.03242  -0.161268  1
964  0  -1.19462  -0.260025  15388.5  1.98752  -0.428969  1
965  0  -0.0504869  0.445694  15564.7  1.9087  -0.0459865  1
966  0  -0.220481  -0.16443  15358.5  1.97976  -0.333718  1
967  0  0.536317  1.04231  15447.5  1.88583  -0.115943  1
968  0  -1.77481  -0.24169  15396  1.97389  -0.373724  1
969  0  0.712245  -0.556101  15208.1  2.0535  -0.103606  1
970  0  0.230237  -0.0608617  14487.5  2.02408  -0.119853  1
971  0  0.686034  -0.0321904  15142.9  0.889211  0.0854792  1
972  0  -0.466864  0.219387  15556.6  1.9564  -0.344491  1
973  0  1.17244  0.267024  15359.4  1.93995  -0.227567  1
974  0  0.245033  -0.703522  15147.1  2.08964  -0.159469  1
975  0  0.355484  -0.727784  15156.2  2.08442  -0.154764  1
976  0  -0.761347  -0.208098  15397.2  1.99867  -0.497739  1
977  0  0.700357  0.208918  15143.5  2.06168  -0.201117  1
978  0  1.17204  0.732602  15347.3  1.90019  -0.193598  1
979  0  0.78419  0.645549  15346.8  1.92997  -0.166494  1
980  0  -0.265778  0.226554  15621.2  1.8994  -0.198558  1
981  0  0.709282  -0.191109  15205.3  2.07892  0.0357635  1
982  0  1.11559  -1.68619  15261.6  2.02683  -0.199374  1
983  0  0.464578  -0.226085  14968  2.18376  -0.0525337  1
984  0  0.423925  -0.00904539  14672.2  -0.0824467  0.0258659  1
985  0  -1.72294  -1.36806  15188.8  1.97622  -0.357341  1
986  0  0.550001  0.155401  15055.4  2.1296  -0.134275  1
987  0  0.669026  0.0730962  14991.3  1.69779  -0.17307  1
988  0  0.596352  -0.417999  15145.8  2.08658  -0.0845516  1
989  0  0.368398  -0.0609959  14701.5  1.62992  -0.028032  1
990  0  0.724911  0.181441  15130.5  2.06438  -0.216907  1
991  0  0.274622  0.0885135  15055.5  1.91283  0.113089  1
992  0  -0.295511  -0.425487  15263.8  2.04741  -0.328842  1
993  0  0.0478524  0.621646  15515.7  1.91929  -0.0439141  1
994  0  0.664101  -0.130106  15151.8  2.14151  0.0705102  1
995  0  0.0459236  -1.04699  15179.7  2.0761  -0.184262  1
996  0  -0.142002  -0.0682269  15473.1  1.91079  -0.377391  1
997  0  0.0207312  -0.155635  14938.2  2.1637  -0.366309  1
998  0  -0.0852156  -0.0526607  15415.6  1.89801  -0.468411  1
999  0  -0.0853995  -0.787585  15185.4  2.0816  -0.211181  1
1000  0  0.741195  0.091819  15060.9  2.18565  -0.263807  1
1001  0  0.334724  0.171079  15145.3  2.08601  0.0208282  1
1002  0  0.507837  0.130855  15015.9  2.20894  -0.110067  1
1003  0  -0.23402  1.46665  15629.1  1.75343  0.00534664  1
1004  0  0.141057  -0.0241921  14360.6  0.556387  -0.1056  1
1005  0  -1.71182  -0.828501  15269.9  1.97271  -0.366444  1
1006  0  -1.29697  0.833055  15618.7  1.9735  -0.436383  1
1007  0  -1.32361  0.372842  15522.9  1.98336  -0.432138  1
1008  0  0.487094  0.172759  15080.7  2.10523  -0.0915054  1
1009  0  0.0524892  -0.0250455  14002.3  1.4825  -0.249073  1
1010  0  -0.079101  -0.228204  15167.3  2.05942  -0.316115  1
1011  0  -0.0571674  1.17206  15607.6  1.83481  -0.0507982  1
1012  0  0.748436  -0.0426573  15291.6  1.3613  0.134968  1
1013  0  1.39573  -0.0758012  15368  1.87328  -0.171706  1
1014  0  0.338834  -0.157776  14796.6  2.28342  -0.102259  1
1015  0  -0.692958  1.51339  15744  1.88404  -0.290232  1
1016  0  0.147349  -0.102096  14579.5  2.40113  -0.287393  1
1017  0  -1.36795  1.27642  15726.2  1.95059  -0.429844  1
1018  0  0.462677  -0.337193  15044.6  2.14064  -0.091682  1
1019  0  0.042548  0.138327  15805  1.76116  0.112237  1
1020  0  0.361137  0.131621  15060.9  2.1846  0.0151817  1
1021  0  0.848313  -0.0714337  15434.9  1.73587  0.0766491  1
1022  0  0.179235  -0.256213  14903.7  2.19885  -0.204931  1
1023  0  0.61769  -0.039163  15012.4  1.11287  0.0813878  1
1024  0  1.04987  0.152091  15346  1.95432  -0.267345  1
1025  0  -0.798156  -1.73126  15078.2  2.01914  -0.346299  1
1026  0  0.187765  0.505521  15458.9  1.9342  -0.0405741  1
1027  0  -0.0248378  0.178859  15788.8  1.78831  -0.00692795  1
1028  0  0.945154  -0.0124122  15533  0.97538  -0.030855  1
1029  0  -0.201747  0.393632  15597.4  1.91764  -0.112743  1
1030  0  1.03965  1.51302  15374.2  1.84778  -0.216199  1
1031  0  0.755549  0.0596963  15038.2  1.53498  -0.198612  1
1032  0  0.398082  0.45111  15344.4  1.97753  -0.0764334  1
1033  0  1.27916  0.424222  15346.1  1.92238  -0.20504  1
1034  0  1.60789  -0.772201  15287.9  1.97244  -0.171658  1
1035  0  -0.0280506  0.00271304  16007.5  1.2958  -0.765548  1
1036  0  0.943959  -0.0901778  15463.6  1.84986  0.00701275  1
1037  0  1.34744  -1.45021  15268.4  2.01094  -0.192008  1
1038  0  -1.75401  1.75681  15773.7  1.95796  -0.36566  1
1039  0  -1.12522  -0.940314  15248.6  1.99498  -0.407717  1
1040  0  0.841506  -0.20749  15323.1  1.99357  0.00411015  1
1041  0  0.738914  1.03526  15414.9  1.87799  -0.145099  1
1042  0  -0.721756  -0.529352  15302.3  2.01993  -0.471084  1
1043  0  0.595283  -1.75788  15223.3  2.05009  -0.198457  1
1044  0  0.838843  0.230802  15221.8  2.02245  -0.232085  1
1045  0  0.892621  0.201844  15241.6  2.00672  -0.249179  1
1046  0  1.20407  -0.0122589  15447.9  1.77787  -0.171217  1
1047  0  0.106521  0.178797  15564.5  1.90026  0.113028  1
1048  0  -0.367866  -0.262428  15337.3  2.01164  -0.372591  1
1049  0  -0.177502  -0.327573  15229.5  2.04681  -0.297378  1
1050  0  -0.199208  -0.253893  15275.1  2.02142  -0.3179  1
1051  0  1.06989  -0.116185  15483.9  1.85402  -0.0614598  1
1052  0  0.269321  0.167786  15217.1  2.05343  0.0665703  1
1053  0  -0.294956  0.669676  15569.9  1.92731  -0.115183  1
1054  0  -0.0317974  0.0565443  16242  1.47408  -0.106883  1
1055  0  0.0775055  -0.0473649  14329  2.25298  -0.367636  1
1056  0  -0.757382  0.721209  15583.9  1.95562  -0.474685  1
1057  0  0.793645  -0.479249  15234.3  2.03515  -0.0826316  1
1058  0  -0.663188  0.0450977  15470.8  1.97601  -0.470859  1
1059  0  0.51227  0.193687  15101.1  2.09283  -0.107444  1
1060  0  1.40812  1.82258  15382.3  2.06165  -0.356878  1
1061  0  -1.78014  0.225506  15492.8  1.97139  -0.3762  1
1062  0  0.185427  -0.361904  15011  2.15256  -0.180652  1
1063  0  0.622935  0.167003  15080.4  2.09882  -0.174174  1
1064  0  0.546873  -0.133583  15007.4  2.2454  0.0275118  1
1065  0  0.909519  -0.206763  15360.4  1.96737  -0.014661  1
1066  0  1.03176  -0.243127  15375.3  1.94334  -0.0664743  1
1067  0  1.81229  1.8  15296.2  2.10486  -0.297272  1
1068  0  0.0550513  0.0538111  16023.8  1.47328  0.373339  1
1069  0  1.04479  -0.682438  15270.8  2.00562  -0.12847  1
1070  0  -0.377497  -0.173908  15386.9  1.98491  -0.369816  1
1071  0  0.578733  -0.722395  15182.8  2.06884  -0.14115  1
1072  0  -0.969174  1.43704  15719.8  1.9506  -0.515614  1
1073  0  1.02637  -0.00848668  15491.7  1.1544  -0.110461  1
