294  730  1045
13  731  761
359  523  1030
493  730  1045
304  602  831
342  549  667
373  542  632
47  48  545
381  689  864
82  83  543
288  502  596
321  487  700
399  526  785
533  577  680
297  428  876
358  437  656
276  475  980
342  472  621
408  509  810
277  748  756
313  514  729
273  458  682
129  130  533
366  552  559
342  471  621
131  132  534
38  469  640
277  583  756
288  570  596
339  450  481
395  577  680
313  408  810
340  524  544
342  549  573
322  613  702
377  517  764
491  715  957
365  868  940
366  508  1000
310  631  859
370  758  763
407  480  753
397  570  596
405  748  756
276  475  563
504  652  702
299  484  867
376  510  842
313  729  810
473  746  910
334  447  521
433  690  1022
397  592  719
336  449  526
504  569  933
511  584  703
323  385  978
341  353  468
374  518  822
396  518  1011
470  628  802
412  517  942
358  437  1035
314  542  632
295  544  1063
474  746  910
472  622  667
363  682  765
288  502  929
464  682  837
332  620  895
410  551  862
379  442  732
408  681  873
17  477  881
384  616  704
386  552  607
402  622  667
337  460  515
421  812  935
336  526  785
487  601  700
340  524  607
325  643  751
303  499  749
293  504  933
466  525  975
758  763  931
311  549  667
3  27  770
381  521  864
376  510  809
365  436  629
433  574  690
425  695  736
312  729  754
385  441  921
371  451  554
269  511  584
26  480  1025
359  566  1030
443  492  952
383  554  670
66  67  561
16  454  1034
312  547  754
15  16  454
34  614  615
287  461  662
295  482  1063
298  478  895
3  28  770
314  445  630
421  586  812
285  430  531
288  536  570
313  408  664
377  517  942
279  485  581
323  385  828
296  539  613
287  461  624
13  14  761
387  507  782
431  608  914
327  535  600
466  669  1071
414  610  956
415  598  944
395  738  896
407  480  717
394  562  604
409  502  929
288  512  536
267  518  822
301  536  570
502  767  890
271  510  842
308  552  559
284  462  592
444  485  816
270  487  771
392  576  874
551  862  1003
278  628  802
282  459  981
29  637  1005
353  369  463
475  563  1029
412  517  947
293  504  702
343  563  687
318  483  799
269  511  585
408  509  780
294  730  744
330  443  1010
338  726  916
273  572  595
385  441  769
38  469  814
313  514  638
408  515  873
273  458  844
297  571  876
290  483  713
387  712  782
284  592  719
85  86  560
0  724  1073
292  574  926
2  19  881
357  458  599
354  464  562
430  531  1024
355  630  632
273  572  594
379  557  746
464  682  765
277  467  583
287  624  790
279  485  542
305  590  880
303  620  994
396  518  720
375  479  703
451  722  945
339  481  532
302  512  826
488  620  895
23  866  872
273  682  837
289  474  966
516  868  940
298  488  895
286  695  784
399  564  803
349  642  777
381  564  803
338  571  916
344  519  686
350  466  975
311  559  760
91  92  627
404  718  741
393  519  690
33  34  614
344  715  957
362  507  578
24  598  1025
401  506  863
416  529  902
355  632  1048
371  554  670
387  507  989
366  567  699
547  754  824
54  55  567
359  648  927
349  476  550
362  509  578
395  550  896
72  73  564
553  602  831
325  451  722
310  516  558
106  107  578
270  487  601
379  473  732
301  490  576
374  518  858
488  620  994
379  442  692
485  581  928
424  519  686
414  954  956
359  546  927
658  865  993
270  554  601
395  577  642
289  474  746
335  576  874
351  580  828
299  484  850
364  470  852
282  459  763
297  428  725
379  557  587
420  530  1053
17  18  881
350  466  1071
330  443  952
408  681  780
282  639  936
366  567  915
266  517  764
352  673  776
477  643  751
296  490  575
369  463  541
2  18  881
492  631  859
358  627  1035
529  902  978
414  569  933
514  729  754
270  554  963
309  616  704
427  553  936
269  584  672
375  584  703
17  477  643
365  496  616
366  552  1000
419  585  995
373  542  976
536  617  899
414  933  954
367  589  705
539  613  702
402  567  915
367  591  705
565  632  1048
328  673  776
767  890  965
378  582  620
303  582  620
327  535  1013
399  691  877
303  499  777
393  505  574
317  603  830
308  559  818
371  451  751
301  536  899
389  587  972
405  455  639
492  631  998
427  499  749
309  516  606
380  786  815
412  563  687
29  30  1005
393  519  957
284  462  759
319  753  1039
292  574  655
389  538  972
329  656  920
432  768  914
409  624  790
359  566  618
26  480  717
424  686  842
418  718  741
398  502  596
420  530  779
63  64  579
335  575  888
321  487  821
348  743  825
399  526  877
434  520  813
389  538  635
323  465  978
346  510  809
295  524  544
91  627  775
598  944  1025
38  39  640
411  493  730
308  552  607
487  771  949
339  450  694
367  589  884
310  516  868
456  559  760
481  532  748
423  773  779
553  936  1040
314  542  1042
289  557  746
122  123  709
401  506  737
452  627  775
361  755  848
321  700  703
403  634  724
309  537  704
323  465  927
403  590  634
290  483  875
114  115  588
116  117  589
446  639  936
343  563  1029
40  438  766
356  495  668
280  690  1022
444  928  943
118  119  591
82  543  666
403  590  772
351  535  600
83  543  663
278  597  619
344  686  918
349  476  582
329  437  656
298  605  834
296  613  1001
354  562  604
274  693  921
394  695  736
326  548  808
366  508  699
25  26  1025
299  548  867
460  515  836
466  525  918
447  521  805
479  866  872
40  438  905
388  588  808
386  607  853
357  658  865
402  667  915
433  574  655
317  830  882
331  608  914
22  23  872
413  832  1007
129  533  680
383  554  601
306  569  1059
364  497  852
383  700  872
411  730  922
48  545  674
459  605  763
419  486  819
328  452  776
24  25  1025
130  533  683
314  445  816
323  580  828
452  627  1054
47  545  679
565  727  917
340  544  768
131  534  683
309  516  940
420  773  779
429  809  870
359  523  648
485  816  1042
398  599  719
456  559  818
479  700  872
413  728  1007
366  559  915
362  729  810
590  880  1051
132  534  684
507  578  827
386  660  711
511  703  995
357  844  865
409  502  767
396  720  800
465  648  927
378  520  709
281  698  739
304  499  642
463  541  1073
439  588  808
384  650  706
35  36  555
315  530  1053
317  603  893
374  822  865
330  628  1010
505  574  926
636  753  1039
342  472  667
507  735  989
295  806  871
509  578  835
401  523  863
449  526  854
285  730  922
325  451  751
318  483  875
416  529  693
603  893  976
329  910  920
386  645  711
448  614  615
342  573  755
376  774  842
388  646  714
387  647  712
531  730  744
272  455  988
340  607  853
633  709  971
369  807  841
321  703  995
434  659  1023
396  551  1011
11  12  546
359  546  788
123  633  709
320  617  1047
625  786  815
439  589  884
296  787  908
304  577  642
299  556  824
511  585  995
422  684  801
350  771  949
365  496  629
285  531  730
400  685  791
337  571  916
377  538  635
318  602  1021
341  353  742
367  659  792
504  569  1059
351  528  600
476  550  869
453  623  1029
436  629  843
391  593  911
444  485  928
353  468  1051
375  479  866
302  826  1019
376  597  774
389  557  587
292  514  638
52  53  622
34  35  894
443  492  859
284  599  719
297  586  725
306  898  919
462  612  759
422  799  801
536  617  1047
293  612  933
289  568  966
376  597  619
385  529  921
379  587  692
372  595  678
436  631  734
50  51  621
34  615  894
312  547  743
374  594  865
534  684  801
21  670  982
581  928  1039
317  635  882
279  542  603
363  513  612
411  493  784
302  512  798
498  720  800
290  553  602
417  491  715
417  491  1018
362  507  735
411  522  784
294  549  573
398  596  719
364  470  802
430  807  1024
274  745  921
654  706  1055
390  617  911
303  582  777
440  603  830
368  904  1002
499  642  777
379  473  746
66  561  677
324  518  858
15  454  762
372  572  595
367  591  958
67  561  676
335  778  888
344  519  957
123  124  633
463  634  1073
305  483  713
93  94  629
287  662  879
401  737  838
354  595  678
390  663  707
271  525  686
334  521  1020
277  467  1066
298  478  1064
382  533  577
331  768  914
414  871  919
358  656  701
315  530  716
357  458  844
299  556  850
272  455  886
392  666  710
276  587  692
374  572  594
347  614  1061
444  672  943
393  574  690
20  21  982
337  460  916
314  630  632
505  698  739
438  862  1003
305  483  1036
404  636  637
369  685  807
485  542  1042
92  734  843
429  630  870
42  498  838
266  728  764
373  565  632
451  554  963
405  455  886
404  581  741
395  680  738
354  464  837
410  551  912
346  752  999
513  933  954
336  449  1002
430  600  973
311  549  760
296  539  908
390  617  889
332  659  895
547  743  825
334  447  888
423  822  865
424  774  842
89  90  626
95  96  654
301  490  833
268  863  903
440  603  964
394  604  901
354  595  837
59  60  645
328  701  959
415  584  672
497  812  935
61  62  644
77  78  651
426  484  850
328  823  959
306  898  986
112  113  646
623  773  839
522  695  784
478  733  1064
450  694  771
110  111  647
300  662  732
373  565  727
347  697  1061
79  80  649
501  568  1048
372  678  740
388  808  955
392  649  710
267  530  779
448  615  1006
97  98  650
274  604  693
464  765  939
99  100  653
319  753  943
427  553  831
27  717  770
269  672  796
267  518  1011
324  518  720
42  498  800
411  522  745
297  537  1016
490  575  1052
296  490  787
324  506  737
469  555  1017
400  679  696
407  636  637
394  522  695
87  88  641
364  597  802
419  486  821
482  871  919
388  588  714
12  13  580
324  506  967
330  966  1050
85  560  707
279  581  741
436  631  868
93  629  843
271  686  842
392  576  878
525  686  918
368  611  1002
391  593  891
381  564  689
86  560  688
608  898  986
283  736  939
271  510  819
434  520  1023
346  809  870
298  605  948
279  603  964
362  509  810
306  569  919
434  795  813
103  104  681
382  534  801
268  863  1041
573  755  848
548  808  955
439  808  884
297  586  907
351  580  731
602  723  1021
300  662  959
393  698  957
332  659  1023
12  546  924
308  607  990
107  578  827
136  137  665
106  578  835
73  564  689
394  562  736
72  564  691
523  863  903
338  571  1016
498  737  838
19  20  609
444  672  796
37  38  814
57  58  660
381  797  803
410  530  716
512  536  1047
413  728  764
461  662  959
55  567  699
397  596  719
380  722  786
593  826  1019
365  436  868
760  1044  1045
386  660  1000
406  556  824
416  740  902
424  519  1062
384  650  811
36  555  1038
664  876  962
324  720  737
372  572  967
278  597  802
390  560  911
426  484  834
301  570  833
594  844  865
54  567  721
378  709  971
307  535  761
382  533  683
26  27  717
272  886  969
309  537  860
529  693  921
382  534  683
81  82  666
273  595  837
83  84  663
356  495  1006
337  571  876
326  548  867
407  636  753
134  135  671
487  821  949
479  700  703
356  615  1006
276  563  708
391  560  911
273  594  844
14  761  762
406  556  739
295  482  871
387  647  857
400  696  791
423  865  993
388  646  856
10  618  788
450  481  969
482  898  919
384  706  1055
378  620  925
429  619  809
886  969  1057
311  559  915
393  505  698
465  902  978
347  614  1007
384  616  1055
335  575  1052
386  645  853
441  745  921
455  758  931
355  501  1048
469  555  814
304  499  831
301  576  878
337  664  876
412  687  947
12  580  924
276  692  980
403  665  724
360  617  889
48  49  674
448  614  1007
610  806  871
415  598  953
304  602  723
272  669  747
339  945  1069
382  577  723
343  623  1029
281  739  983
422  684  750
322  613  797
401  523  1030
14  15  762
63  579  781
449  847  854
673  823  1027
64  579  783
128  129  680
524  607  990
290  713  1065
535  731  761
456  760  1044
446  936  1040
46  47  679
428  638  655
298  488  948
117  589  705
297  571  1016
410  530  912
118  591  705
130  131  683
386  552  1000
114  588  714
16  17  643
389  557  727
465  648  903
384  704  811
357  599  1026
359  618  788
19  609  881
302  673  1027
427  499  831
404  581  1039
290  602  875
30  31  718
65  66  677
304  577  723
391  641  688
132  133  684
67  68  676
115  588  794
523  648  903
116  589  794
284  599  932
311  667  915
412  563  708
364  597  774
0  696  791
291  606  935
753  943  944
119  591  795
383  601  700
413  830  882
348  489  856
307  535  1013
348  489  857
302  798  1027
478  659  792
352  593  891
421  606  935
337  515  970
380  532  906
476  582  971
491  698  957
568  966  1050
400  685  909
397  787  833
364  497  961
459  605  948
342  471  755
289  557  917
292  638  655
73  74  689
28  29  985
322  652  702
71  72  691
277  657  1066
406  754  824
334  797  1001
540  626  776
513  612  933
496  616  1055
290  1040  1065
520  709  846
447  805  840
322  652  785
404  636  1039
378  520  925
414  569  919
433  586  725
390  663  889
403  772  950
55  56  699
408  515  970
419  510  819
335  576  1052
486  821  949
90  91  775
16  643  1034
275  890  965
351  535  731
319  928  943
338  704  811
501  568  1050
430  807  841
592  787  908
477  881  1037
522  745  901
387  743  857
421  586  907
422  671  750
376  619  809
452  626  775
392  666  887
274  604  901
348  743  857
293  612  941
431  608  913
481  748  1057
292  514  1014
336  652  785
445  630  870
322  797  803
301  878  899
429  630  992
117  118  705
542  603  976
266  517  1056
355  501  992
355  630  992
363  513  765
460  836  885
0  46  696
86  87  688
478  659  895
11  546  788
634  724  1073
516  558  997
285  769  922
318  799  801
35  555  894
605  834  934
495  668  817
334  888  1001
336  611  1002
288  512  929
285  430  973
338  500  726
358  627  1054
278  619  757
340  494  853
431  677  783
430  600  841
277  748  906
346  510  999
340  494  804
419  510  999
270  694  771
338  500  811
398  502  890
320  593  911
96  97  706
368  611  986
341  468  657
381  521  1020
109  110  712
416  693  979
113  114  714
356  894  1017
419  585  999
90  626  775
274  745  901
299  547  825
466  669  747
58  59  711
282  639  931
585  752  999
657  815  906
53  54  721
365  616  940
470  628  1010
395  642  1012
457  793  806
397  570  833
318  602  875
84  85  707
394  522  901
363  612  759
80  81  710
269  585  752
294  573  744
362  729  735
353  369  1046
426  556  850
369  541  685
452  626  776
62  63  781
378  582  971
445  796  816
64  65  783
332  620  925
418  855  964
468  657  1066
370  675  758
609  881  1037
351  528  1033
345  772  950
395  550  1012
446  583  1040
305  590  772
461  624  1027
23  24  960
10  618  1067
392  649  874
310  558  859
53  622  721
506  863  1041
275  623  773
271  525  974
10  11  788
320  617  911
280  661  961
0  137  724
406  739  926
555  814  1038
341  815  820
562  736  939
325  643  1034
331  768  1063
307  761  762
323  580  924
127  128  738
42  43  838
377  538  942
416  678  979
322  785  803
435  716  892
21  22  1043
416  678  740
299  547  824
352  540  776
390  560  707
104  105  780
572  858  967
108  109  782
414  610  871
396  766  800
309  606  860
267  530  912
113  646  714
420  773  839
110  647  712
446  639  756
115  116  794
96  654  706
119  120  795
397  592  787
286  784  1044
442  662  879
97  650  706
338  704  1016
59  645  711
52  622  897
299  548  825
40  41  766
297  537  907
493  784  1044
326  808  884
133  134  750
62  644  781
124  633  930
89  626  1068
281  675  789
333  668  817
434  659  958
336  652  1008
51  621  897
335  503  778
314  816  1042
462  539  908
370  675  789
400  679  883
391  641  891
425  793  806
368  608  913
316  685  807
402  622  721
87  641  688
480  944  1025
50  621  900
476  869  930
343  687  839
41  42  800
315  687  947
425  610  806
428  655  725
374  572  858
488  948  994
104  681  780
44  566  851
349  582  777
446  583  756
575  888  1001
385  769  1033
335  503  874
432  644  781
80  649  710
389  727  1058
407  717  770
424  661  1062
58  660  711
364  661  774
556  739  983
94  629  1009
423  779  822
77  651  840
92  93  843
462  612  941
399  785  803
75  76  805
353  742  1046
280  690  1062
364  661  961
417  715  747
100  653  885
296  575  1001
295  524  977
398  658  890
346  752  870
349  642  1012
462  539  941
483  799  1036
43  44  851
88  641  1068
347  697  855
501  757  992
112  646  984
111  647  984
60  645  987
435  817  923
555  894  1017
268  740  902
120  121  813
98  650  1004
61  644  987
99  653  1004
442  662  732
95  654  1009
444  796  816
103  681  873
76  77  840
380  815  906
453  623  965
462  592  908
328  452  1054
13  580  731
464  562  939
107  108  827
283  954  956
68  69  847
326  733  867
431  677  913
325  722  786
78  651  991
417  675  758
105  106  835
449  676  847
28  770  985
528  600  973
79  649  991
81  666  710
84  663  707
276  587  972
286  695  793
101  102  836
460  653  726
423  773  993
300  656  701
410  716  892
370  605  763
498  720  737
440  855  964
313  638  962
436  734  843
65  677  783
293  702  941
583  1040  1065
367  659  958
490  787  833
358  701  1054
23  866  960
122  709  846
137  665  724
326  733  792
320  593  826
344  715  918
57  660  1031
424  661  774
69  70  854
328  701  1054
29  637  985
328  673  823
356  615  894
490  576  1052
417  675  1018
315  716  829
348  825  955
437  631  734
74  75  864
280  661  1062
46  679  696
722  945  1069
30  718  1005
403  665  950
305  713  880
128  680  738
519  690  1062
613  797  1001
440  832  855
469  640  1072
294  549  1045
39  40  905
441  769  922
291  845  852
418  741  964
409  767  790
432  644  804
125  126  869
455  639  931
102  103  873
68  676  847
70  71  877
134  671  750
624  798  1027
100  101  885
300  732  920
433  655  725
276  708  972
512  798  929
399  564  691
109  712  782
121  122  846
426  789  983
31  32  968
291  852  935
455  758  988
352  673  1019
336  611  1008
51  52  897
351  828  1033
573  744  848
402  567  721
92  627  1035
418  697  855
391  560  688
500  653  726
415  584  953
49  50  900
457  793  937
291  558  845
349  550  1012
360  617  899
272  669  969
92  734  1035
74  689  864
281  698  1018
385  529  978
408  664  970
449  676  904
44  45  1060
432  768  804
133  684  750
356  668  1017
310  631  868
126  127  896
71  691  877
544  768  1063
428  876  962
426  556  983
459  948  994
380  532  1069
478  733  792
136  665  1028
398  658  1026
539  702  941
32  33  1061
291  558  997
49  674  900
370  605  934
275  623  965
447  651  840
377  635  882
354  678  979
375  953  960
422  671  951
135  671  1028
411  745  922
360  878  899
406  754  1014
470  845  852
309  616  940
409  624  798
439  588  794
396  551  1003
439  589  794
468  880  1051
447  651  778
327  600  841
459  749  981
540  641  891
434  591  795
460  653  885
108  782  827
312  729  735
410  862  892
105  780  835
266  728  861
352  540  891
120  795  813
432  579  781
561  676  904
275  658  890
363  682  1032
124  125  930
437  734  1035
1  10  1067
495  817  923
431  579  783
566  618  1060
368  561  904
513  765  954
56  699  1031
458  599  932
418  718  968
557  727  917
343  623  839
345  799  1036
1  45  1067
316  744  848
541  685  791
425  695  793
329  437  998
492  996  998
368  561  913
287  790  849
389  635  1058
20  609  982
340  768  804
463  590  634
561  677  913
76  805  840
339  532  1069
331  608  898
467  583  1065
319  928  1039
377  764  882
4  36  1038
4  37  1038
473  910  920
312  743  989
352  593  1019
505  739  926
345  527  951
401  838  851
516  606  997
493  1044  1045
404  637  1005
269  752  796
422  799  951
380  722  1069
303  749  994
435  716  829
429  619  757
307  762  938
75  805  864
290  553  1040
127  738  896
398  599  1026
302  673  1019
347  832  1007
368  608  986
443  558  859
345  527  950
347  832  855
277  657  906
405  748  1057
69  847  854
360  543  887
121  813  846
281  675  1018
39  640  905
102  836  873
382  801  1021
101  836  885
383  670  1043
360  543  889
323  924  927
268  740  1041
742  820  1013
537  704  1016
727  893  1058
285  769  973
367  792  884
348  856  955
445  752  870
316  685  909
500  650  811
289  568  1070
111  112  984
425  736  956
266  861  923
333  862  892
60  61  987
421  606  860
70  854  877
371  670  982
44  566  1060
407  637  985
306  611  986
405  639  756
445  752  796
78  79  991
491  698  1018
406  926  1014
371  982  1037
98  99  1004
426  789  934
41  766  800
443  558  845
503  651  778
387  743  989
417  747  988
300  656  920
337  664  970
532  748  906
94  95  1009
442  692  980
428  638  962
494  644  804
345  799  951
418  697  968
126  869  896
286  793  937
341  657  815
466  715  747
267  779  822
413  764  882
278  628  1049
279  741  964
329  996  998
291  606  997
425  610  956
489  646  856
489  647  857
330  628  1050
125  869  930
371  751  1037
476  633  930
396  766  1003
598  953  960
56  57  1031
24  598  960
538  708  942
489  646  984
370  789  934
385  828  1033
489  647  984
339  694  945
494  645  853
135  136  1028
283  765  954
500  650  1004
500  653  1004
382  723  1021
540  626  1068
471  674  946
448  728  861
333  668  1072
504  652  1008
604  693  979
471  674  900
496  654  1055
494  645  987
32  697  968
325  786  1034
494  644  987
625  815  820
453  790  849
458  682  1032
543  666  887
45  618  1067
284  759  932
88  89  1068
327  742  1046
433  586  1022
280  812  961
282  763  931
341  742  820
548  825  955
543  663  889
496  629  1009
432  579  914
417  758  988
278  757  1049
431  579  914
537  860  907
471  755  946
435  817  892
434  591  958
281  789  983
467  713  880
497  852  935
540  641  1068
413  830  832
508  699  1031
450  669  969
45  618  1060
484  733  867
481  969  1057
459  749  994
454  625  786
496  654  1009
316  807  1024
21  670  1043
473  732  920
375  584  953
404  718  1005
373  727  893
506  967  1041
503  649  874
503  651  991
361  848  909
361  545  946
508  660  1031
350  771  1071
503  649  991
275  658  993
287  849  879
409  798  929
472  622  897
381  797  1020
354  604  979
369  841  1046
438  766  1003
472  621  897
476  633  971
361  545  883
313  664  962
31  718  968
267  912  1011
266  923  1056
283  736  956
412  708  942
33  614  1061
357  658  1026
300  701  959
471  621  900
541  791  1073
326  792  884
453  767  790
268  902  903
22  872  1043
32  697  1061
308  818  990
372  967  1041
392  878  887
270  694  963
469  668  1072
407  770  985
460  726  916
315  829  947
333  817  892
272  747  988
456  818  937
450  771  1071
545  674  946
361  883  909
400  883  909
427  749  981
609  982  1037
470  845  1010
316  744  1024
295  806  977
447  778  888
305  772  1036
283  765  939
517  829  947
306  611  1059
275  773  993
538  708  972
415  672  943
514  754  1014
457  818  990
694  945  963
438  905  1015
546  924  927
469  668  1017
440  830  832
497  812  961
507  782  827
401  851  1030
509  780  835
545  679  883
480  753  944
289  917  1070
333  1015  1072
350  949  975
427  936  981
465  902  903
508  660  1000
0  791  1073
495  861  923
345  772  1036
456  937  1044
454  625  938
372  740  1041
586  812  1022
429  757  992
437  631  998
426  834  934
495  861  1006
527  665  1028
457  977  990
457  818  937
520  813  846
334  797  1020
419  821  995
486  949  975
421  860  907
448  861  1006
317  635  1058
271  819  974
527  671  1028
453  849  1029
43  838  851
515  836  873
375  866  960
475  879  980
457  806  977
441  745  922
565  917  1070
327  742  1013
438  862  1015
466  715  918
521  805  864
388  856  955
453  767  965
492  952  996
454  762  938
360  878  887
475  849  879
527  665  950
329  910  996
373  893  976
526  854  877
501  757  1049
524  977  990
448  728  1007
527  671  951
517  829  1056
307  820  1013
549  760  1045
550  869  896
484  834  1064
566  851  1030
361  755  946
320  826  1047
450  669  1071
463  590  1051
415  943  944
449  904  1002
315  687  1053
333  862  1015
474  952  996
312  735  989
484  733  1064
520  925  1023
353  463  1051
467  713  1065
525  974  975
640  1015  1072
37  814  1038
383  872  1043
292  926  1014
298  834  1064
477  751  1037
640  905  1015
551  912  1011
474  910  996
363  759  1032
442  879  980
475  849  1029
405  886  1057
282  936  981
482  898  1063
280  812  1022
461  823  959
331  898  1063
461  823  1027
420  839  1053
286  937  1044
454  786  1034
467  880  1066
528  769  973
316  848  909
324  858  967
443  845  1010
628  1049  1050
486  819  974
321  821  995
687  839  1053
759  932  1032
451  945  963
318  801  1021
330  952  966
512  826  1047
435  923  1056
458  932  1032
307  820  938
474  952  966
435  829  1056
528  769  1033
486  974  975
625  820  938
568  1048  1070
611  1008  1059
531  744  1024
327  841  1046
332  925  1023
317  893  1058
501  1049  1050
504  1008  1059
565  1048  1070
468  880  1066
