286  467  891
530  701  734
286  451  891
426  503  927
405  608  944
453  479  928
276  585  813
333  701  734
275  627  635
25  565  722
299  757  913
373  665  799
465  610  619
384  795  973
339  481  624
269  588  740
274  479  535
353  578  607
330  452  483
380  777  820
271  522  776
307  370  637
110  111  510
377  610  619
37  38  484
293  504  509
453  627  635
312  481  489
23  464  722
523  848  922
293  504  708
404  495  808
276  480  701
338  477  762
413  508  715
290  440  516
330  543  595
364  555  667
38  484  705
425  579  745
368  668  733
57  58  513
314  501  774
77  78  533
411  695  868
282  485  739
55  56  514
290  440  505
274  479  579
328  497  509
356  471  754
399  636  651
26  27  461
366  567  683
270  499  592
368  554  733
493  624  923
286  472  683
392  455  651
406  650  675
306  387  703
323  432  819
507  965  984
338  477  537
470  779  860
364  667  855
296  539  720
524  624  923
271  522  716
323  432  566
437  573  911
516  844  938
337  385  456
336  496  557
285  468  671
347  453  928
276  435  701
363  572  964
286  472  742
328  497  715
358  480  585
327  404  808
520  757  913
24  25  722
325  501  774
336  496  613
294  650  675
397  848  922
418  521  850
389  578  895
44  553  629
321  446  982
531  608  944
276  480  585
300  449  659
299  512  757
372  485  739
329  426  927
344  421  549
511  585  813
30  31  447
410  587  868
307  370  601
407  668  733
312  436  569
444  627  773
545  657  884
2  19  649
2  18  649
432  616  752
398  667  855
283  530  744
373  503  799
334  519  540
321  446  987
356  728  754
363  649  964
93  94  527
331  659  821
435  530  701
352  525  570
327  529  675
322  528  559
288  550  933
319  584  857
470  661  779
332  579  929
394  779  860
343  489  836
306  534  563
384  712  973
513  666  713
293  497  509
0  729  944
303  534  718
0  46  568
506  635  760
322  528  606
329  426  775
284  621  709
365  494  958
277  422  732
346  547  590
369  658  976
354  465  657
325  501  749
388  524  605
31  747  946
369  471  976
392  478  636
274  535  544
378  627  773
299  512  602
429  522  755
306  563  703
270  499  762
31  447  946
345  563  703
350  431  538
387  630  729
442  588  740
357  628  722
450  522  776
437  758  911
353  578  895
288  550  746
26  461  641
282  485  751
390  666  713
44  45  629
391  551  756
314  580  906
334  519  596
308  500  584
315  469  526
12  444  552
377  613  619
335  508  715
437  758  801
134  135  555
392  455  616
322  777  820
393  525  570
33  470  661
301  449  821
330  452  979
375  424  588
389  714  826
382  658  939
400  493  582
339  481  852
432  616  890
338  762  975
406  529  675
429  755  992
278  468  846
275  635  760
373  551  756
327  404  771
30  447  789
23  24  722
130  131  542
366  683  732
449  659  821
29  723  789
303  534  563
355  652  659
115  116  545
316  442  893
113  114  546
408  723  789
387  568  729
386  494  765
277  422  847
101  102  551
354  657  884
12  444  773
412  550  746
320  400  493
272  492  727
294  517  650
393  547  590
501  749  763
369  471  623
604  739  830
368  668  841
464  628  722
317  496  613
278  454  846
404  495  766
294  517  823
329  595  775
297  512  830
488  516  810
312  436  481
86  87  575
417  605  693
362  507  984
350  538  698
494  599  958
531  654  729
274  579  745
419  637  952
292  582  923
80  81  560
296  628  720
343  630  951
107  108  556
346  544  547
382  621  709
71  72  558
385  456  577
386  494  599
270  427  592
307  583  601
324  695  868
331  418  850
280  506  810
460  640  779
286  467  742
413  715  953
360  552  562
310  623  809
402  539  720
365  495  576
321  523  982
583  601  843
412  504  708
479  579  929
416  761  899
328  509  652
365  494  576
531  729  944
349  721  753
278  728  945
295  702  874
357  450  522
27  461  845
333  592  903
312  489  726
289  573  911
379  535  536
369  538  698
285  468  754
304  742  971
335  441  508
283  448  778
321  523  562
341  580  706
466  623  809
392  636  651
314  501  906
126  127  576
351  674  749
515  965  984
276  435  617
405  608  869
376  502  744
283  502  744
135  555  667
360  552  791
440  516  933
354  465  619
389  521  826
458  668  841
350  431  813
316  442  818
300  449  598
294  496  557
395  561  776
316  663  966
302  671  846
386  673  765
401  517  823
135  136  667
275  627  791
348  455  943
278  468  728
301  578  607
448  604  778
296  539  645
297  512  950
23  464  625
324  587  868
311  717  947
269  588  738
367  743  853
457  597  981
500  584  857
396  844  938
417  758  911
326  602  950
270  427  795
290  528  844
321  562  726
290  559  962
350  511  813
413  672  822
42  43  536
333  485  734
425  459  579
110  510  642
111  510  643
322  559  777
18  649  842
301  449  648
472  498  783
324  838  913
320  400  654
404  696  766
359  460  779
468  671  846
439  512  757
402  586  625
330  543  677
289  554  693
429  522  716
422  472  683
428  684  809
499  592  903
444  627  791
381  575  832
286  567  782
376  617  744
298  543  595
358  585  870
369  623  698
365  808  958
467  742  971
275  760  848
295  490  838
39  570  705
345  563  681
401  731  874
406  529  861
359  460  603
433  684  920
403  717  947
421  730  872
88  89  589
350  807  863
375  424  639
324  695  838
384  458  954
311  603  725
344  606  681
13  14  443
0  568  729
379  544  547
289  554  733
25  565  641
393  547  644
302  674  749
354  695  735
512  602  950
367  810  853
422  609  847
426  503  768
283  530  778
399  454  940
371  691  751
333  485  592
379  536  894
315  526  741
347  453  697
309  564  721
452  483  792
528  718  844
338  537  880
287  501  763
413  508  822
309  599  721
495  576  796
37  484  904
443  562  726
430  762  975
343  446  951
292  605  923
283  448  737
535  536  928
331  578  850
418  521  802
357  565  722
488  550  933
308  500  758
78  533  646
77  533  647
494  576  800
426  483  781
354  619  735
428  684  947
443  552  562
439  512  830
58  513  666
332  459  579
272  640  839
435  530  744
347  553  697
389  578  850
337  671  674
352  705  887
32  33  661
352  570  705
57  513  670
344  421  812
376  502  626
378  553  629
418  710  802
56  514  670
317  496  750
323  618  860
311  574  717
13  443  552
306  534  711
357  450  628
377  620  685
307  637  638
372  485  734
453  479  929
434  520  757
55  514  669
270  795  973
392  478  793
137  138  594
518  728  945
297  540  950
383  575  832
12  13  552
368  554  736
342  641  805
370  859  865
390  713  798
409  567  782
290  528  559
395  511  591
425  459  897
350  698  863
319  608  857
273  616  890
360  523  848
327  529  808
38  39  705
284  462  621
14  443  924
429  574  717
460  603  679
343  489  987
374  452  527
386  599  721
280  516  938
280  516  810
393  525  988
286  567  683
302  671  674
477  537  966
433  591  920
303  528  606
272  492  816
274  544  886
290  505  962
427  485  592
297  519  540
371  541  702
439  739  956
397  760  848
377  610  685
25  26  641
324  587  913
90  91  581
326  761  899
334  540  761
484  705  887
379  535  544
294  557  675
498  580  906
395  511  585
287  498  783
466  727  879
403  684  920
436  569  896
94  527  914
458  668  954
348  455  752
372  530  778
268  537  880
338  719  975
459  743  853
298  595  919
388  524  700
313  596  959
372  604  739
317  613  619
11  12  773
455  518  943
339  524  700
431  617  813
391  596  828
318  559  777
529  808  958
331  418  862
44  553  767
481  489  882
342  565  641
347  536  928
295  838  931
319  855  869
430  499  762
303  528  718
421  549  872
319  608  869
427  485  751
17  18  842
564  721  753
285  658  939
288  648  933
295  490  593
349  597  981
377  613  804
347  553  767
276  617  813
371  751  759
541  702  874
29  30  789
338  719  880
388  605  693
395  561  870
441  508  797
339  700  738
300  509  652
366  689  732
82  83  615
268  537  663
286  451  782
328  715  953
290  516  844
326  540  761
357  565  755
440  648  933
344  463  549
373  551  665
118  119  610
43  536  767
340  637  638
84  85  614
492  772  943
105  106  612
311  603  679
293  497  583
435  617  744
464  628  720
340  637  952
305  543  677
336  557  771
310  623  698
519  596  959
103  104  611
42  536  894
134  555  678
463  548  889
507  719  917
461  641  805
430  645  975
390  666  724
388  554  693
490  695  838
470  618  860
311  679  947
277  636  824
534  718  948
336  613  804
327  557  675
367  488  550
407  517  650
335  715  843
298  919  993
537  663  966
376  617  748
409  567  662
350  511  807
319  584  855
356  471  866
280  506  760
598  746  942
131  542  676
407  650  653
130  542  673
541  731  874
268  880  965
398  855  869
412  550  925
334  596  828
428  679  839
120  121  620
122  123  622
339  524  624
395  591  776
363  515  984
306  387  630
116  545  657
330  595  775
115  545  655
301  607  963
272  727  879
421  669  820
504  509  969
62  63  631
388  700  736
271  591  920
114  546  655
366  567  662
297  604  916
408  723  805
342  755  992
347  536  767
60  61  633
389  631  714
378  553  697
113  546  680
46  568  660
469  526  856
69  70  632
398  594  869
359  661  779
67  68  634
310  684  809
358  480  994
289  573  653
341  580  788
371  691  702
320  493  624
381  614  692
33  470  888
332  506  635
300  652  659
327  557  771
363  572  984
514  669  820
444  552  791
304  580  986
273  590  835
453  627  697
101  551  665
517  731  957
539  719  975
415  899  936
362  507  917
102  551  690
410  587  834
368  736  740
305  621  937
392  616  793
421  812  820
43  44  767
401  517  731
388  554  736
390  633  724
409  662  790
311  574  725
373  664  756
384  600  954
468  728  754
409  782  921
393  590  988
108  556  687
93  527  864
401  593  750
447  603  725
107  556  686
352  525  784
342  565  755
384  600  759
337  456  787
109  110  642
111  112  643
372  530  734
404  622  696
317  593  735
298  626  993
22  23  625
326  899  936
15  569  741
356  728  955
332  459  853
312  569  785
486  654  729
292  605  829
443  726  924
370  601  865
431  538  991
506  810  853
72  558  672
410  643  680
488  516  933
71  558  704
450  561  776
365  495  808
445  919  993
400  582  608
384  458  840
78  79  646
405  594  869
369  538  709
28  29  723
76  77  647
461  723  805
127  576  800
363  649  842
497  583  843
126  576  796
323  688  819
399  609  940
366  656  662
486  630  729
80  560  694
346  544  886
339  738  852
287  609  783
426  769  781
304  580  706
346  590  835
14  785  924
493  582  923
505  607  963
268  663  900
406  573  653
377  620  804
309  529  958
497  715  843
271  591  776
520  838  931
375  639  900
81  560  699
307  583  891
374  577  967
307  638  891
345  476  548
3  28  845
3  27  845
417  605  829
293  583  921
292  500  857
507  719  880
302  749  763
451  583  921
399  454  883
15  16  741
432  566  784
315  469  639
426  768  769
348  772  943
316  663  818
362  586  827
408  574  805
490  695  735
498  580  986
374  677  967
22  586  625
402  625  720
331  578  821
434  691  956
116  117  657
278  454  883
407  653  733
58  59  666
114  115  655
380  513  713
325  749  873
56  57  670
375  663  900
46  47  660
318  607  962
402  586  917
343  486  630
281  668  954
281  731  957
317  593  750
463  549  849
448  604  916
490  593  735
54  55  669
415  642  687
21  22  586
361  602  936
426  483  775
414  858  953
86  575  692
364  855  885
394  772  816
352  566  887
335  843  865
351  749  873
455  518  945
100  101  665
329  664  919
283  502  737
374  527  577
292  582  857
406  650  653
394  640  816
472  498  986
574  805  992
129  130  673
131  132  676
380  514  820
133  134  678
279  656  662
422  472  783
282  739  956
382  658  709
317  619  735
460  640  839
597  753  885
72  73  672
369  658  709
344  606  812
403  684  947
362  586  917
371  600  780
277  689  732
337  385  674
40  41  644
438  566  887
39  570  877
380  513  670
371  600  759
391  611  690
385  532  577
281  600  780
380  514  670
398  594  815
409  708  921
359  661  747
524  605  923
326  540  950
424  588  738
320  836  882
87  575  682
421  669  730
436  481  852
35  36  794
391  596  756
346  886  907
336  475  803
479  535  928
361  587  834
353  607  798
287  763  940
419  646  694
478  636  824
451  782  921
455  651  945
328  858  953
112  113  680
463  548  875
336  475  804
308  584  885
318  559  962
539  645  975
518  728  955
429  574  992
106  107  686
119  120  685
273  793  835
123  124  696
297  604  830
28  723  845
412  504  746
305  621  854
102  103  690
108  109  687
378  629  898
412  708  790
87  88  682
460  679  839
410  643  834
418  634  710
476  548  878
393  570  877
357  522  755
284  462  764
402  539  719
36  794  904
288  746  942
340  638  971
360  523  562
419  637  881
81  82  699
520  838  913
318  713  798
416  612  686
466  623  866
340  706  971
408  574  725
434  691  702
403  716  717
39  40  877
505  607  962
414  632  704
70  71  704
272  640  816
382  787  939
79  80  694
401  593  874
66  67  710
137  594  815
269  700  738
326  602  936
20  572  827
334  473  806
423  689  707
439  739  830
664  919  985
464  625  720
345  548  889
63  64  714
287  498  906
441  797  825
279  662  790
14  15  785
280  760  938
511  591  807
423  886  907
309  599  958
41  644  983
287  609  940
422  609  783
330  483  775
334  473  828
467  638  971
409  708  790
138  594  786
292  500  829
294  496  823
97  98  769
433  807  863
356  727  866
352  566  784
358  645  905
310  684  863
451  583  891
85  86  692
415  642  833
404  622  803
119  610  685
361  602  912
309  564  901
423  707  745
420  871  952
366  689  707
313  664  756
303  563  681
371  541  780
471  623  866
309  861  901
59  60  724
106  612  686
41  894  983
373  503  927
526  741  972
335  441  865
355  652  858
4  36  904
4  37  904
323  566  990
288  648  942
123  622  696
314  580  788
296  628  980
120  620  685
384  759  795
279  743  897
366  656  707
322  606  812
333  701  903
502  626  993
20  21  827
124  125  766
128  129  765
103  611  690
452  527  914
389  521  850
442  588  818
345  476  703
356  727  955
98  99  768
389  631  895
386  542  673
467  638  891
329  595  919
527  577  864
337  671  939
53  54  730
281  731  780
303  606  681
456  577  967
277  636  847
31  32  747
374  452  979
430  645  905
601  843  865
88  589  682
269  700  736
408  725  789
282  691  751
118  610  935
378  627  697
422  683  732
308  758  801
541  731  780
0  138  786
91  581  961
355  659  862
287  501  906
89  589  831
433  591  807
96  97  781
455  616  752
112  643  680
305  543  937
431  617  748
321  489  726
348  688  772
466  727  866
82  615  699
437  573  901
105  612  926
273  590  988
109  642  687
381  575  692
450  628  980
35  794  908
430  499  905
417  693  911
381  614  902
89  90  831
104  611  926
440  505  963
399  636  847
390  633  909
393  644  877
309  529  861
349  597  753
121  620  941
70  632  704
122  622  941
584  855  885
452  792  914
362  827  984
301  578  821
67  634  710
15  569  785
63  631  714
394  688  860
95  96  792
438  794  908
381  788  832
282  691  956
457  597  876
353  482  895
343  446  987
273  616  793
364  555  876
315  741  896
332  506  853
274  745  886
353  482  909
381  788  902
363  526  856
83  615  918
99  100  799
484  794  904
410  546  680
125  126  796
378  773  898
74  75  797
281  600  954
400  531  608
447  725  789
60  633  724
406  573  861
374  677  979
433  684  863
582  608  857
127  128  800
65  66  802
75  76  825
322  812  820
84  614  918
420  615  699
85  614  692
492  727  955
136  667  815
269  736  740
344  681  889
419  646  881
345  681  889
385  674  811
69  632  949
384  712  840
300  509  969
90  581  831
344  463  889
62  631  934
68  634  949
434  520  931
34  35  908
341  706  871
445  737  993
461  723  845
391  611  828
79  646  694
355  491  851
343  486  654
355  491  837
61  633  934
297  519  916
73  74  822
300  598  969
64  65  826
129  673  765
438  794  887
370  637  881
353  798  909
391  551  690
403  716  920
462  621  937
416  612  806
390  798  909
341  788  902
318  607  798
279  743  925
278  651  945
411  545  655
415  556  687
279  656  897
438  566  990
394  688  772
555  678  876
411  546  655
507  880  965
308  753  885
397  760  938
76  647  825
284  709  991
373  664  927
328  652  858
407  668  957
363  526  842
367  488  810
432  752  819
416  556  686
293  708  921
41  42  894
399  651  883
10  11  898
367  550  743
124  696  766
305  854  967
32  661  747
289  693  911
340  871  952
289  653  733
117  657  935
459  743  897
16  17  972
320  654  836
542  676  981
100  665  799
398  667  815
323  618  990
59  666  724
136  137  815
51  52  849
569  741  896
547  644  983
463  875  892
411  695  884
331  659  862
478  835  907
348  688  819
416  761  806
413  558  672
363  515  856
21  586  827
407  517  957
504  598  746
40  644  877
561  980  989
428  679  947
418  634  851
414  632  837
340  706  871
278  651  883
425  707  745
298  626  978
277  689  824
484  794  887
437  564  801
313  596  756
423  689  824
361  833  936
132  676  915
33  34  888
425  656  707
133  678  915
462  626  764
73  672  822
414  558  704
98  768  769
405  786  944
19  20  964
54  669  730
291  534  711
532  577  864
341  487  867
321  489  987
97  769  781
424  738  852
404  771  803
364  597  876
323  688  860
52  53  872
386  721  910
424  639  814
341  867  871
437  564  901
336  771  803
271  716  920
305  677  967
429  716  717
355  837  858
380  713  777
361  510  833
361  510  834
330  677  979
463  849  892
334  761  806
50  51  892
125  766  796
394  640  779
49  50  875
361  587  912
20  572  964
445  737  770
489  836  882
128  765  800
341  487  902
48  49  878
296  980  989
96  781  792
332  635  929
419  560  694
573  861  901
425  656  897
476  878  932
66  710  802
47  660  932
99  768  799
441  647  825
480  701  903
316  712  840
94  95  914
301  648  963
132  133  915
83  84  918
64  714  826
450  561  980
358  645  989
1  45  970
1  10  970
95  792  914
457  676  915
342  805  992
457  678  915
476  703  974
395  585  870
364  597  885
355  851  862
572  827  984
104  105  926
400  531  654
542  910  981
47  48  932
320  624  882
420  560  699
372  604  778
354  695  884
386  542  910
117  118  935
61  62  934
469  639  900
441  647  859
470  618  888
314  788  832
396  718  948
481  624  882
291  711  982
571  581  873
379  547  983
121  122  941
618  888  908
456  854  967
383  774  832
75  797  825
358  870  989
457  678  876
74  797  822
376  626  764
376  748  764
427  751  759
284  748  764
68  69  949
533  647  859
465  657  935
295  702  931
65  802  826
411  545  884
279  790  925
349  721  910
375  663  818
438  618  990
359  603  946
370  533  859
329  664  927
383  774  977
368  740  841
351  674  811
346  835  907
438  618  908
298  543  978
281  668  957
629  898  970
510  642  833
475  620  804
510  643  834
550  743  925
420  615  867
449  598  942
19  649  964
405  594  786
53  730  872
410  546  868
411  546  868
92  93  968
492  772  816
268  900  930
465  610  935
453  635  929
475  622  803
476  660  974
496  750  823
475  620  941
439  757  956
475  622  941
448  737  770
399  609  847
91  92  961
310  698  863
449  648  942
500  758  829
299  602  912
456  787  854
462  626  978
306  711  951
424  814  852
382  621  854
270  762  973
312  785  924
360  791  848
93  864  968
325  474  977
473  612  806
295  593  874
473  612  926
375  588  818
473  611  926
502  737  993
415  556  899
275  791  848
359  747  946
291  817  948
416  556  899
10  898  970
296  645  989
302  763  846
473  611  828
34  888  908
45  629  970
370  533  881
396  817  948
291  534  948
52  849  872
348  752  819
543  937  978
51  849  892
504  598  969
382  787  854
478  793  835
427  759  795
272  839  879
423  745  886
0  786  944
525  784  890
434  702  931
446  711  982
16  741  972
457  676  981
50  875  892
491  632  949
49  875  878
491  634  949
285  658  976
491  632  837
423  824  907
447  603  946
431  748  991
11  773  898
48  878  932
304  742  986
343  654  836
458  840  893
482  631  934
442  740  841
432  784  890
413  558  953
458  841  893
414  837  858
491  634  851
466  809  879
482  633  934
313  770  985
533  646  881
401  750  823
564  753  801
325  774  977
325  474  873
313  770  959
418  851  862
417  758  829
284  748  991
337  787  939
273  890  988
561  870  989
291  817  922
285  754  976
316  840  893
316  712  966
445  919  985
414  558  953
448  770  959
476  660  932
525  890  988
308  753  801
420  867  871
494  765  800
495  766  796
412  790  925
318  713  777
487  615  918
383  589  682
487  614  918
469  856  930
396  817  938
587  912  913
415  833  936
474  581  873
482  631  895
440  648  963
383  575  682
419  560  952
442  841  893
448  916  959
538  709  991
420  560  952
454  763  940
482  633  909
385  532  811
434  757  956
402  719  917
487  615  867
387  703  974
472  742  986
285  671  939
441  859  865
487  614  902
477  762  973
428  839  879
469  900  930
312  726  924
503  768  799
397  817  938
92  960  968
268  930  965
483  781  792
315  639  814
571  581  961
313  664  985
454  763  846
379  894  983
314  774  832
477  712  973
519  916  959
436  814  852
396  718  844
532  811  960
474  581  831
518  943  955
526  842  972
445  770  985
428  809  879
521  802  826
477  712  966
508  797  822
387  568  974
515  856  930
351  571  873
306  630  951
304  706  971
474  589  831
436  814  896
462  937  978
397  817  922
568  660  974
471  754  976
499  903  994
499  905  994
492  943  955
351  571  811
299  912  913
383  589  977
92  960  961
549  849  872
478  824  907
480  903  994
349  910  981
315  814  896
532  864  968
571  811  960
548  875  878
17  842  972
291  922  982
474  589  977
358  905  994
446  711  951
515  930  965
532  960  968
523  922  982
571  960  961
