312  465  967
274  451  892
415  513  868
274  462  892
35  499  791
429  816  940
323  428  633
311  492  534
276  484  825
315  500  610
414  514  536
0  565  569
338  494  617
348  479  869
411  546  804
363  651  797
325  366  457
315  352  424
329  514  536
340  521  754
304  500  610
310  591  659
273  518  522
332  489  529
349  464  664
340  521  709
357  495  499
377  488  599
52  53  524
290  440  508
78  79  510
332  489  637
280  388  516
134  135  609
388  502  749
95  96  517
411  511  595
313  531  783
312  526  967
281  423  505
280  388  502
292  540  613
316  458  540
338  617  755
326  624  691
357  494  942
343  527  585
634  846  932
136  137  509
92  93  574
358  495  499
552  781  895
295  519  602
45  724  763
361  616  719
348  468  869
346  426  876
334  518  931
343  816  940
344  421  504
408  428  554
34  35  791
30  453  690
377  599  614
282  528  911
29  30  453
321  546  804
124  125  590
361  544  719
336  513  868
489  805  944
299  455  660
273  522  523
411  595  706
460  598  609
90  91  525
287  502  859
88  89  539
326  383  406
291  452  654
31  474  674
374  522  952
343  523  527
441  447  957
2  19  652
2  18  652
22  436  692
293  529  649
377  628  745
404  506  586
283  597  737
389  468  725
348  531  662
349  664  867
432  592  878
377  488  745
353  449  819
408  428  703
378  416  600
134  609  891
362  518  522
378  416  693
313  531  581
16  483  829
450  514  985
381  555  562
297  534  898
346  426  581
379  542  734
357  495  942
329  735  757
369  542  734
273  523  723
304  552  781
124  551  590
293  649  699
389  468  903
276  730  778
384  540  613
293  489  529
363  504  797
323  481  968
273  518  564
353  449  642
322  519  602
403  520  822
44  45  724
329  536  757
299  455  592
414  514  770
290  508  659
362  522  582
334  518  564
395  531  783
494  638  1009
674  741  828
360  551  803
346  581  793
364  420  570
282  595  911
559  664  867
349  623  905
376  511  595
269  703  824
316  458  753
335  583  644
382  919  973
311  492  748
399  512  773
115  116  542
375  598  609
451  545  949
360  530  599
367  658  813
276  825  909
294  490  575
273  418  723
281  514  678
414  536  848
296  485  927
281  514  770
522  582  952
342  460  537
355  398  553
410  551  803
362  475  518
284  501  993
284  680  722
385  616  719
268  860  950
356  505  678
33  640  791
378  447  600
109  110  547
381  527  562
280  577  716
0  138  569
498  628  823
370  548  753
103  104  550
15  16  483
338  494  638
346  769  793
281  423  658
410  548  753
386  674  741
325  454  457
287  502  577
121  122  548
101  102  549
352  574  870
470  554  863
420  570  800
319  554  863
407  634  846
334  462  684
392  516  1004
524  641  687
360  488  599
123  124  551
16  471  829
375  509  834
273  418  564
317  422  974
455  660  955
71  72  556
389  541  844
303  543  557
276  484  778
368  572  887
328  661  854
16  17  471
304  500  781
346  578  769
450  514  678
353  642  768
475  518  931
298  455  955
377  498  628
339  445  520
503  825  909
470  576  917
323  482  968
347  467  656
389  541  903
411  546  894
283  434  986
461  485  927
324  575  944
353  515  819
357  494  1009
343  585  816
404  506  987
415  513  612
29  453  815
363  539  799
360  530  803
434  657  986
325  366  672
288  544  693
83  84  559
308  702  731
492  534  898
383  406  588
288  442  933
404  668  751
375  609  834
441  447  930
268  513  612
412  724  763
446  713  750
591  659  972
292  540  934
293  489  805
399  512  722
307  570  800
418  645  723
22  436  961
426  531  581
658  770  813
286  432  694
430  772  801
443  578  769
291  713  874
381  527  585
490  805  944
365  517  760
298  455  634
39  555  562
360  551  590
300  521  754
337  533  789
339  520  822
436  606  692
434  781  895
404  586  868
359  702  731
92  574  720
368  571  682
479  688  958
368  572  710
371  539  799
99  100  571
393  649  699
369  594  671
97  98  568
358  499  856
398  641  687
31  32  674
347  473  656
295  519  711
495  647  893
370  593  679
301  614  951
347  624  811
285  846  932
418  493  564
435  537  795
367  507  587
368  549  682
459  735  757
507  587  699
521  709  742
33  34  791
288  544  719
50  51  588
374  527  873
358  495  893
315  424  718
401  597  611
527  562  873
348  479  958
312  465  653
323  428  721
356  526  762
365  568  666
285  618  701
274  451  949
315  500  764
31  474  959
289  461  584
360  488  590
30  690  959
432  592  701
345  470  917
356  746  762
366  517  760
283  434  908
374  523  527
330  626  809
323  447  930
479  670  869
308  702  792
373  601  689
534  623  905
400  578  876
461  485  904
376  511  670
493  564  999
332  529  676
398  715  879
136  509  834
290  659  774
274  462  976
405  528  775
421  504  739
359  565  569
288  442  756
435  537  845
470  554  860
323  447  633
338  541  844
373  567  697
271  546  894
372  608  686
395  531  662
348  531  958
296  485  913
358  589  856
25  772  801
329  514  985
38  39  555
79  510  689
532  614  951
323  482  721
463  703  824
342  460  598
308  584  731
344  552  767
314  506  586
403  677  830
343  523  827
449  512  773
411  459  706
351  497  597
411  511  894
78  510  650
320  670  869
407  503  874
270  536  848
392  545  1004
543  557  694
352  454  870
404  751  868
281  505  678
534  623  767
96  517  666
428  703  840
95  517  604
458  753  851
137  509  717
337  714  914
293  587  805
290  440  746
328  572  887
449  512  819
307  419  968
271  639  688
490  575  944
344  552  733
326  383  796
323  481  930
391  789  807
329  735  985
368  571  887
35  499  856
405  528  972
275  642  773
119  120  593
344  421  623
378  544  643
312  572  762
117  118  594
330  626  826
318  529  649
426  531  958
523  723  827
271  546  639
287  563  859
291  654  874
306  573  752
311  534  905
52  524  707
290  746  900
274  698  949
460  537  838
349  464  567
28  815  843
497  597  737
429  642  768
1  10  763
1  45  763
403  520  830
370  548  679
310  508  659
53  524  687
351  597  611
442  627  933
325  591  672
490  784  805
369  626  826
414  813  848
321  546  738
438  735  775
345  470  983
348  468  832
493  730  778
451  545  918
17  18  747
301  530  599
350  543  704
316  530  803
391  813  848
331  431  740
378  544  693
312  526  762
485  598  792
289  600  957
392  558  663
278  478  680
318  529  676
381  555  893
80  81  601
291  452  748
370  753  851
298  644  955
382  754  973
286  579  580
439  752  786
374  522  523
48  49  615
365  568  888
295  528  972
369  626  734
127  128  628
284  501  722
375  702  792
563  624  691
369  542  671
316  540  857
336  586  868
485  598  913
113  114  603
356  505  915
111  112  605
334  462  931
91  525  720
107  108  607
357  499  791
350  543  973
105  106  608
299  592  878
388  516  921
342  537  795
503  713  874
282  595  706
467  615  811
508  661  854
425  698  724
280  502  577
324  637  944
285  618  846
359  565  675
292  480  934
307  570  736
271  688  808
284  500  993
440  746  762
361  544  643
345  620  926
289  461  788
314  538  886
39  40  562
389  515  924
395  690  798
443  578  883
511  808  894
576  860  950
418  493  730
330  456  831
88  539  651
42  683  948
94  95  604
353  617  755
355  398  743
480  626  809
301  599  614
330  456  826
42  43  683
333  575  765
417  789  807
342  598  913
278  512  819
396  765  852
17  471  747
438  735  985
314  538  883
310  508  661
358  555  866
20  21  994
435  779  1010
344  504  945
398  553  879
558  698  949
341  614  966
440  508  854
378  447  759
272  585  647
58  59  625
337  533  914
406  615  811
322  519  849
345  652  926
116  542  671
115  542  673
18  652  747
385  486  1003
312  572  710
396  607  685
326  624  811
90  525  636
308  584  904
423  505  784
401  713  750
282  735  775
746  900  946
272  617  942
75  76  621
445  520  814
73  74  622
435  794  845
293  587  699
310  591  672
371  610  799
278  478  847
412  698  724
463  703  1000
437  571  887
350  919  973
416  788  927
287  563  691
89  539  636
444  815  843
426  639  688
369  594  826
46  47  656
365  517  666
512  680  722
287  691  752
416  696  927
423  587  658
66  67  630
358  589  866
498  779  1010
62  63  632
449  642  773
411  459  804
294  490  784
280  516  1004
392  558  949
480  809  934
412  558  820
60  61  631
370  593  831
109  547  685
352  424  574
486  833  1001
122  548  669
479  670  808
64  65  629
110  547  681
319  829  841
324  575  765
20  620  994
489  637  944
301  530  889
270  751  988
286  432  708
334  684  999
346  578  876
401  503  713
392  516  667
335  583  776
460  609  891
121  548  679
275  646  648
423  587  805
300  543  694
439  573  752
104  550  686
282  528  775
123  551  669
448  536  757
437  568  888
396  547  852
103  550  665
28  29  815
409  580  896
0  565  881
394  484  618
380  653  710
341  596  795
305  749  974
424  574  720
372  550  686
426  639  876
353  515  755
408  554  971
351  645  646
331  431  776
102  549  665
383  588  707
287  577  786
275  642  648
327  660  955
394  684  999
372  653  877
298  583  644
485  792  904
387  704  936
367  813  975
458  540  934
271  808  894
356  526  915
101  549  682
296  937  966
268  612  714
358  555  893
368  549  963
397  547  852
444  655  862
428  633  840
268  513  950
355  476  553
393  833  1001
372  608  812
371  610  718
417  789  970
364  667  837
378  643  759
331  583  776
277  466  580
382  629  700
138  569  717
402  622  695
87  88  651
397  637  852
13  667  1002
331  583  842
410  753  803
466  618  701
41  42  582
373  601  938
470  576  860
334  564  999
305  563  624
389  535  924
324  765  852
486  833  1003
91  92  720
558  663  820
382  632  700
272  585  816
77  78  650
291  492  748
295  528  711
15  483  736
282  706  735
373  510  689
407  503  825
14  570  736
401  611  909
71  556  677
135  609  834
315  352  990
342  596  795
89  90  636
439  573  885
289  600  788
333  469  806
93  574  870
379  603  673
72  556  695
333  469  812
337  789  970
84  559  744
315  764  990
400  578  920
83  559  664
317  561  974
435  779  794
333  575  780
36  589  856
287  752  786
354  606  692
286  580  708
280  716  918
332  472  785
301  627  889
308  792  904
494  617  942
332  472  777
14  15  736
384  540  857
339  445  709
612  714  914
307  482  968
439  557  579
387  631  705
362  475  880
21  22  692
296  596  966
474  690  798
100  571  682
350  704  936
37  589  866
404  787  987
408  703  1000
433  478  849
40  873  952
655  801  862
533  751  988
303  557  885
25  26  801
391  619  813
395  690  783
440  572  762
341  795  1010
412  558  698
532  614  966
307  419  800
53  54  687
272  617  768
10  763  820
381  585  647
297  534  767
102  103  665
480  626  978
99  571  761
40  41  952
409  579  580
483  829  841
479  688  808
387  635  704
393  833  978
98  568  761
122  123  669
10  11  820
436  538  886
427  584  731
435  795  1010
82  83  664
377  498  884
388  561  749
3  27  843
3  28  843
318  626  978
298  634  654
97  568  666
379  676  734
375  509  702
398  641  743
278  847  924
299  521  742
353  617  768
365  661  760
421  739  744
476  553  835
272  647  942
397  605  681
302  541  741
464  567  938
292  480  833
423  784  805
532  937  966
379  676  777
70  71  677
336  790  980
100  101  682
125  590  817
116  117  671
392  545  949
387  625  705
311  567  697
416  600  788
279  616  995
339  660  742
114  115  673
120  121  679
283  597  750
473  732  875
364  420  921
399  737  910
396  547  685
96  97  666
352  454  802
277  684  892
399  501  737
110  111  681
357  640  791
402  556  943
277  580  896
351  497  960
384  613  726
108  109  685
314  506  920
391  619  807
120  593  679
117  594  671
307  736  947
302  541  903
35  36  856
394  484  778
104  105  686
394  778  999
332  676  777
296  596  913
443  538  883
484  618  846
386  640  916
297  552  767
397  637  785
276  611  730
385  613  726
409  577  716
385  613  1003
389  535  725
390  565  675
317  422  912
385  616  839
79  80  689
361  616  995
94  604  991
383  524  707
389  515  844
396  607  806
465  653  877
286  557  579
366  457  604
313  655  766
428  554  954
390  565  881
403  556  943
355  743  962
363  539  651
377  614  884
37  38  866
347  467  811
365  661  888
386  674  916
432  694  858
434  781  993
385  719  726
84  85  744
13  667  837
303  543  704
12  13  1002
385  486  839
355  476  635
415  751  868
401  503  909
114  603  673
338  541  897
332  637  785
326  691  796
119  593  855
328  572  854
398  687  715
363  733  799
72  73  695
118  594  855
269  643  824
23  538  969
461  584  904
405  659  774
85  86  739
111  605  681
318  626  734
304  552  733
270  536  984
497  737  910
108  607  685
11  12  663
409  577  786
443  772  969
480  833  978
137  138  717
408  714  971
105  608  686
127  628  745
278  512  680
313  655  793
447  600  957
364  516  667
76  77  758
24  25  772
405  659  972
619  813  975
318  676  734
335  644  872
445  814  818
382  754  890
270  668  751
400  546  639
399  501  722
40  562  873
316  530  857
98  99  761
342  596  913
384  857  889
364  570  837
63  64  700
315  610  718
461  788  927
51  52  707
51  588  707
433  519  953
300  543  973
126  127  745
434  908  993
460  838  891
50  588  712
345  652  747
128  628  823
354  620  917
285  592  701
475  810  880
80  601  689
393  649  978
276  611  909
413  646  648
493  778  999
59  60  705
301  627  951
394  618  729
437  887  888
113  603  906
330  809  851
112  605  906
107  607  907
379  603  777
402  556  695
347  473  732
303  885  962
106  608  907
447  633  759
386  638  897
376  670  865
49  50  712
336  586  790
373  510  996
433  478  847
535  847  924
279  619  975
443  769  772
394  684  729
277  466  729
81  601  882
43  44  923
93  870  991
453  690  783
300  521  858
313  581  793
351  645  977
373  567  938
401  597  750
402  872  943
339  660  822
367  587  658
314  578  920
279  619  807
54  55  715
379  542  673
340  754  890
333  780  877
13  14  837
305  563  859
24  772  969
23  538  961
325  454  901
38  555  866
352  802  990
415  612  914
430  769  772
302  662  832
376  595  911
76  621  758
397  605  785
268  714  971
415  533  751
73  622  695
422  566  875
433  519  849
442  532  951
386  741  897
442  696  756
362  582  948
286  557  694
86  87  797
288  719  726
129  130  779
292  833  1003
130  131  794
348  662  832
415  533  914
281  658  770
400  546  738
317  560  998
23  24  969
354  606  850
366  672  760
412  763  820
361  643  824
341  614  884
341  596  966
294  784  915
324  637  852
325  591  1005
422  732  875
397  547  681
345  620  917
383  524  641
474  674  828
402  622  871
359  675  731
327  644  872
316  753  803
573  885  962
351  646  960
322  477  802
67  68  818
314  586  886
410  548  669
269  633  759
413  645  646
431  650  758
367  507  975
313  766  783
419  481  853
75  621  935
388  561  727
455  592  932
284  680  861
436  538  961
326  406  811
393  699  1001
74  622  935
459  757  979
297  657  895
272  768  816
382  629  890
67  630  818
478  861  982
375  598  792
63  632  700
22  23  961
269  643  759
410  551  669
357  640  1009
291  492  925
510  740  996
64  629  700
59  625  705
430  769  793
299  521  878
312  653  710
303  635  704
459  706  735
344  623  767
68  69  814
279  807  995
306  691  752
302  832  903
339  709  742
49  615  712
77  650  758
380  653  941
327  660  822
48  615  864
292  613  1003
442  532  937
336  513  980
421  623  867
277  684  729
390  566  881
372  653  941
354  620  994
364  516  921
413  645  723
66  630  956
328  661  888
60  631  705
606  790  980
37  589  989
36  589  989
386  640  1009
294  575  780
363  504  945
310  661  760
382  632  919
430  655  793
87  651  797
478  680  861
407  634  654
128  129  823
443  538  969
30  31  959
306  641  743
432  701  708
416  693  756
65  629  956
361  836  995
58  625  899
404  668  787
270  668  984
69  70  830
62  632  939
297  657  898
444  655  766
511  670  808
495  647  942
320  725  964
583  842  965
309  853  1007
61  631  939
283  737  908
335  487  821
47  48  864
279  975  997
26  27  862
56  57  835
372  550  941
366  517  604
535  725  964
330  831  851
466  580  708
354  576  917
335  487  871
279  616  839
125  126  817
380  550  665
466  618  729
333  765  806
302  662  798
431  650  740
403  822  943
430  655  801
85  739  744
32  33  916
132  133  838
338  638  897
380  549  665
118  119  855
395  662  798
131  132  845
448  668  787
304  610  799
488  590  817
284  500  764
561  749  974
387  631  936
135  136  834
47  656  864
362  683  880
425  810  880
448  668  984
317  727  728
457  604  991
351  611  977
317  561  727
296  696  937
288  693  756
409  579  786
458  809  851
471  747  983
431  621  758
300  694  858
306  573  743
436  606  790
459  804  979
82  664  882
320  725  869
314  578  883
19  20  926
275  646  960
327  872  943
317  728  998
507  975  997
42  582  948
81  82  882
318  649  978
0  875  902
611  730  977
55  56  879
297  552  895
420  727  921
396  765  806
356  678  946
306  691  796
388  727  921
453  766  815
70  677  830
322  802  901
0  46  902
296  696  927
477  764  990
307  482  947
476  635  992
274  698  810
86  739  797
133  134  891
454  802  901
304  733  799
429  642  648
418  645  977
57  58  899
126  745  817
444  766  815
298  654  965
454  457  870
416  696  756
112  113  906
106  107  907
429  648  940
340  496  782
46  656  902
439  557  885
387  625  992
130  779  794
54  687  715
392  663  1002
322  602  901
354  576  850
333  812  877
4  36  989
4  37  989
350  491  919
586  790  886
347  624  922
501  737  908
477  802  990
340  496  890
373  697  996
350  491  936
400  738  920
331  697  842
269  703  840
452  654  965
129  779  823
433  865  953
421  559  744
424  525  720
425  683  880
442  627  951
384  627  889
509  702  981
74  75  935
456  593  855
424  525  718
456  594  855
310  672  760
448  787  979
131  794  845
453  766  783
61  62  939
711  911  953
403  556  677
44  724  923
476  835  899
506  738  920
431  776  821
440  572  854
405  774  775
362  683  948
505  784  915
477  764  861
464  664  882
371  525  636
465  780  877
492  898  925
327  644  955
507  699  1001
371  525  718
65  66  956
438  900  985
381  647  893
349  567  905
509  717  981
472  603  777
437  571  761
425  698  810
437  568  761
68  814  818
455  634  932
349  623  867
439  579  786
483  736  947
371  539  636
269  633  840
469  607  907
399  773  910
573  743  962
469  608  907
289  584  771
472  603  906
320  670  865
422  566  912
472  605  785
448  536  984
363  733  945
472  605  906
19  652  926
387  635  992
408  714  1000
431  621  821
132  838  845
380  710  963
469  607  806
383  641  796
469  608  812
446  898  925
69  814  830
510  650  740
445  630  818
295  602  1005
328  887  888
327  822  943
451  716  896
345  747  983
456  594  826
278  819  924
450  900  985
483  841  947
321  787  979
462  684  892
446  657  898
456  593  831
421  559  867
299  660  742
427  584  771
606  850  980
442  696  937
133  838  891
93  94  991
444  843  862
445  709  782
386  638  1009
434  657  895
390  566  912
41  582  952
305  749  859
11  663  820
419  728  800
291  713  925
407  654  874
425  683  923
306  641  796
465  780  967
413  723  827
285  592  932
427  928  1006
445  630  782
446  713  925
55  715  879
337  714  1000
477  861  982
335  871  872
429  768  816
541  741  897
420  727  728
317  560  912
419  481  968
384  627  933
400  639  876
20  620  926
414  770  813
33  640  916
335  776  821
390  675  1006
409  716  896
427  675  731
451  892  896
290  774  900
319  554  954
322  477  982
311  567  905
344  733  945
302  741  828
380  550  941
560  853  1007
515  755  844
464  601  882
406  615  712
368  710  963
294  780  967
56  835  879
438  774  775
361  824  836
402  871  872
57  835  899
419  853  998
488  745  817
319  829  863
380  549  963
457  870  991
354  692  994
528  711  911
433  865  964
311  748  1008
425  724  923
451  716  918
521  858  878
433  847  964
413  648  940
27  843  862
21  692  994
331  697  996
468  725  869
303  635  962
496  630  782
32  674  916
321  738  987
474  690  959
302  798  828
384  726  933
43  683  923
407  825  846
463  970  1000
487  621  935
464  601  938
487  622  935
487  621  821
370  831  851
450  900  946
295  591  1005
463  824  836
446  750  986
482  721  841
438  774  900
450  678  946
12  663  1002
298  583  965
427  675  1006
428  721  954
14  570  837
275  773  910
391  789  988
359  569  981
277  892  896
372  812  877
406  588  712
413  827  940
496  630  956
325  901  1005
487  622  871
418  730  977
496  629  956
284  764  861
482  841  947
374  873  952
468  832  903
475  810  976
463  836  970
452  842  965
498  779  823
513  850  950
376  911  953
340  709  782
452  748  1008
446  657  986
515  819  924
530  857  889
466  701  708
491  632  939
356  746  946
491  631  939
458  809  934
721  841  954
274  810  976
338  755  844
496  629  890
537  838  845
295  591  972
309  853  929
26  801  862
476  625  899
270  848  988
0  875  881
355  635  962
376  865  953
419  728  998
268  860  971
513  850  980
474  798  828
283  750  986
554  860  971
294  915  967
498  884  1010
491  632  919
467  656  864
420  728  800
347  732  922
288  726  933
441  929  930
467  615  864
322  849  982
426  688  958
504  739  797
359  702  981
491  631  936
519  711  953
497  910  960
392  667  1002
471  863  983
337  970  1000
422  732  974
569  717  981
526  915  967
320  865  964
436  790  886
391  848  988
289  771  957
501  908  993
732  922  974
471  829  863
535  847  964
470  863  983
321  787  987
417  836  970
486  839  997
473  875  902
427  771  928
462  931  976
520  814  830
321  804  979
305  624  922
475  931  976
309  928  1006
500  781  993
280  918  1004
506  738  987
275  910  960
448  757  979
484  825  846
576  850  950
476  625  992
452  842  1008
417  836  995
311  697  1008
343  827  940
481  929  930
533  789  988
560  853  998
390  912  1007
697  842  1008
441  771  928
331  740  996
305  922  974
473  656  902
486  997  1001
432  858  878
441  771  957
279  839  997
417  807  995
300  754  973
341  884  1010
553  835  879
502  749  859
309  928  929
481  853  929
319  841  954
507  997  1001
441  928  929
390  1006  1007
478  849  982
602  901  1005
545  918  1004
560  912  1007
309  1006  1007
566  875  881
