305  547  751
481  535  983
372  673  818
356  473  1035
323  624  689
377  677  820
435  583  608
369  660  806
295  464  530
312  574  939
338  894  971
347  476  587
388  487  623
0  638  949
387  449  500
294  493  596
396  684  728
353  532  992
371  519  679
30  460  709
504  832  1029
465  573  979
314  387  449
339  523  538
334  483  847
352  626  978
384  481  535
294  596  724
339  522  523
325  505  506
331  435  496
372  495  818
368  486  742
358  578  667
464  530  591
413  598  762
283  516  610
280  429  913
56  57  545
332  436  498
461  854  967
288  433  611
364  554  726
337  536  737
445  793  813
407  611  753
290  443  569
325  483  552
94  95  502
521  894  971
473  583  819
308  456  551
308  483  552
395  793  813
346  836  846
269  661  804
519  679  883
311  470  833
354  555  729
342  427  499
383  602  984
280  429  699
357  550  779
364  641  726
337  536  788
491  541  978
433  691  745
420  433  691
357  550  669
392  550  779
321  575  724
372  469  878
381  525  792
341  682  963
343  600  631
379  637  823
400  480  690
345  765  769
383  488  984
365  502  649
339  522  573
388  420  623
356  583  608
377  496  820
356  608  827
271  684  728
589  626  978
392  553  740
396  430  874
365  525  649
96  97  525
291  507  863
315  604  802
52  53  543
429  558  699
306  534  807
384  481  754
88  89  539
358  485  578
50  51  542
358  485  508
372  553  740
314  544  706
388  420  718
368  486  655
368  490  888
338  445  813
372  469  740
352  491  976
404  421  661
365  525  792
406  617  747
514  854  967
540  664  956
299  513  884
369  499  806
279  535  983
351  455  756
282  411  507
283  516  613
322  566  624
526  547  751
404  421  590
273  598  967
338  570  971
347  476  630
396  581  952
477  634  711
385  561  993
367  522  523
90  91  524
359  578  667
462  602  984
367  484  911
343  450  520
386  634  711
354  642  729
79  80  540
356  637  1035
270  857  1025
272  522  573
297  464  591
367  522  911
546  769  811
490  561  993
288  611  753
290  519  633
304  566  705
325  411  968
310  528  569
303  532  992
270  531  857
440  641  859
356  473  583
366  452  933
311  470  662
295  464  594
371  530  681
286  601  612
128  129  562
345  769  811
360  529  934
440  641  891
458  513  884
339  573  979
278  747  769
411  507  829
268  511  606
375  826  879
394  465  573
385  561  828
327  469  878
376  440  891
325  505  968
343  450  773
290  443  633
598  914  967
513  603  759
503  832  1029
292  501  619
124  125  550
307  493  595
338  570  920
357  478  669
415  527  845
38  457  733
360  521  894
344  459  549
122  123  553
116  117  568
102  103  557
29  30  709
386  711  798
432  591  882
482  570  920
399  625  870
329  511  826
44  630  716
352  491  978
347  461  854
311  497  908
377  557  777
320  637  823
330  687  869
334  483  809
288  433  868
401  431  713
285  544  706
405  601  612
290  458  569
318  475  605
381  595  849
278  617  747
382  514  580
369  539  784
443  569  802
364  641  859
360  894  998
39  632  733
298  503  832
391  557  777
316  548  839
382  538  969
361  477  664
290  519  713
382  523  538
419  592  730
382  580  782
509  608  827
384  535  697
403  486  931
70  71  567
375  541  879
408  641  726
291  507  643
352  492  976
292  754  929
273  598  762
500  723  876
351  455  678
289  472  990
367  632  733
383  488  775
360  529  719
428  503  746
35  36  529
600  631  1032
43  44  630
481  754  929
449  500  723
441  661  804
457  529  934
328  595  849
274  462  984
38  457  791
420  433  868
296  509  994
451  682  963
396  581  874
354  579  614
94  502  749
311  577  908
453  574  939
366  453  933
291  466  566
288  554  718
367  523  632
333  778  790
335  594  604
528  569  802
351  517  756
383  505  506
342  534  759
407  501  619
341  504  609
332  436  585
363  699  815
425  495  771
365  609  899
426  487  916
301  691  745
342  534  735
394  465  658
452  639  855
403  601  844
468  534  807
388  487  797
291  566  624
336  447  527
441  661  988
318  442  936
374  539  784
30  460  748
350  490  561
287  432  725
361  664  956
410  508  605
347  461  587
284  530  681
399  526  751
338  445  894
513  603  1005
416  476  752
306  544  665
322  566  721
10  761  764
311  833  945
346  426  487
489  509  994
368  547  888
494  575  724
325  506  552
285  659  888
427  499  757
297  464  1006
351  586  709
396  728  952
357  478  563
329  571  826
316  548  814
318  475  831
435  496  781
379  635  695
366  847  928
503  746  1029
436  498  785
293  558  840
385  516  610
475  605  834
592  857  1025
399  409  912
331  435  608
361  704  946
342  427  603
346  694  846
536  737  776
288  554  726
92  723  876
294  555  880
401  431  810
284  652  663
446  770  813
93  556  749
382  514  969
329  511  1036
572  624  689
366  639  847
359  564  667
317  518  779
435  808  953
491  590  825
426  800  916
32  33  570
396  430  763
485  508  997
395  770  813
551  836  846
604  802  966
16  17  492
400  690  1033
340  593  612
295  530  645
585  833  945
368  490  907
336  527  845
362  516  613
311  497  910
343  631  773
303  536  788
35  529  719
543  715  803
339  538  794
344  459  599
344  599  741
360  521  719
343  600  650
416  488  752
394  533  755
509  608  739
413  471  598
32  570  727
361  477  711
454  765  769
423  475  831
474  638  949
365  502  609
39  40  632
272  522  911
491  590  976
399  409  751
468  657  887
286  625  870
459  549  850
425  577  1007
327  469  909
417  520  856
638  639  855
137  138  597
293  558  697
353  532  666
278  467  546
95  502  649
419  730  1036
1  10  761
1  45  761
386  634  698
298  503  671
11  764  775
390  597  890
416  476  716
276  561  828
367  484  924
362  615  616
491  825  948
376  690  815
438  588  871
291  572  863
388  554  644
415  688  843
417  597  890
376  440  732
277  615  648
403  790  844
305  547  706
93  556  876
307  493  746
10  11  764
279  641  891
355  565  582
311  577  945
24  789  980
331  575  739
437  548  839
480  699  815
657  887  996
294  555  729
312  574  990
435  583  953
296  575  1020
277  679  883
297  680  1006
271  593  728
331  575  744
313  847  867
466  705  851
412  715  803
285  547  706
304  566  721
287  705  851
319  590  976
376  584  815
403  486  875
276  561  658
300  565  582
450  520  853
357  779  995
400  480  1002
291  466  902
376  584  891
284  530  591
97  525  686
57  545  668
386  627  698
421  694  846
428  555  880
432  591  652
34  521  719
394  533  712
518  779  995
415  527  843
56  545  685
96  525  649
0  638  855
317  740  1013
429  558  840
285  544  1018
345  471  598
404  661  988
384  662  910
100  101  622
349  603  1005
606  687  869
450  549  864
301  631  1032
271  593  607
372  553  673
315  802  946
315  711  798
489  509  965
371  530  645
294  493  880
366  452  639
505  801  968
98  99  620
418  482  1001
424  642  913
16  537  950
24  25  789
273  762  794
280  614  642
388  554  718
417  783  856
371  519  633
469  740  1013
402  616  714
352  492  774
528  802  946
331  496  941
88  539  660
275  486  655
308  456  904
464  594  1006
91  92  723
289  574  990
419  606  1036
302  563  995
15  16  537
402  714  858
565  778  790
286  612  625
378  811  848
270  531  1033
23  548  980
408  481  929
359  564  730
268  606  687
299  513  759
41  580  782
416  488  764
16  492  950
747  769  926
381  620  686
274  454  926
282  507  643
401  613  648
504  609  899
467  546  663
351  586  678
390  597  736
332  498  1012
79  540  664
80  540  683
74  75  627
413  471  915
310  569  947
389  640  683
423  475  814
11  12  775
296  575  739
418  653  748
379  635  1035
380  721  975
458  513  947
306  544  807
398  666  906
72  73  628
370  563  866
404  687  825
422  610  887
297  591  882
129  562  674
425  495  1007
128  562  670
368  526  742
276  658  858
281  581  962
318  442  999
324  531  954
273  794  969
505  602  801
308  551  867
324  985  1031
310  528  704
302  563  866
22  760  972
454  587  940
274  454  940
374  665  784
329  571  821
340  612  625
376  732  951
362  613  648
335  594  780
340  593  728
89  539  646
53  543  715
457  529  791
283  610  887
378  546  663
52  543  708
321  575  744
125  550  669
659  888  993
51  542  708
110  111  635
124  550  672
364  554  644
287  617  722
384  697  959
332  621  833
377  744  777
76  77  634
341  434  609
50  542  707
561  658  755
123  553  672
122  553  673
434  502  609
268  511  879
302  518  995
117  568  675
312  600  650
116  568  676
532  705  725
447  527  830
420  623  822
345  471  811
368  526  547
384  754  910
335  604  798
277  648  883
528  704  946
103  557  677
350  561  755
0  700  736
83  84  636
354  614  642
476  587  940
363  584  1008
81  82  640
293  693  840
494  575  1020
90  524  646
61  62  651
400  579  614
418  482  727
59  60  647
424  642  729
438  738  900
377  557  677
296  509  739
444  599  741
21  22  760
102  557  692
65  66  656
314  544  665
396  684  763
314  387  917
407  501  767
388  644  797
424  494  1020
429  489  994
287  432  722
324  838  954
308  552  731
397  898  923
326  594  1006
290  458  897
514  580  854
425  768  771
63  64  654
399  560  625
91  524  723
405  593  612
485  578  1031
18  626  774
422  610  659
467  652  663
383  505  602
428  555  1023
559  732  869
518  767  944
489  693  840
416  761  764
428  503  787
491  541  948
289  623  822
275  770  937
421  694  922
303  532  725
401  519  713
488  764  775
41  42  580
358  508  834
17  492  774
375  589  978
300  582  653
306  534  735
384  662  959
87  88  660
302  611  799
354  579  943
38  39  733
400  614  1002
328  596  734
300  565  778
299  534  759
353  666  906
401  648  883
407  767  944
413  616  762
480  690  815
482  570  727
95  96  649
487  623  916
348  588  871
458  569  947
327  577  1007
422  468  807
342  499  932
282  801  968
370  599  866
304  532  705
355  565  960
399  526  870
284  663  681
23  24  980
696  874  943
341  682  832
478  563  885
321  596  734
385  516  828
289  472  822
278  467  617
310  947  1005
291  572  624
392  740  779
493  746  880
413  615  616
282  411  968
281  581  874
425  577  861
393  654  717
466  566  705
445  894  998
418  748  991
443  633  645
292  501  837
471  811  848
312  600  990
409  451  682
320  621  823
586  709  1003
309  572  689
341  504  832
316  564  667
34  35  719
298  682  912
369  735  784
269  644  804
89  90  646
71  567  703
70  567  688
292  497  754
268  687  825
446  770  1021
461  587  765
421  661  922
317  518  767
292  497  837
330  732  869
57  58  668
78  79  664
320  621  693
414  628  703
34  521  971
578  985  1031
22  972  1014
405  593  607
454  587  765
292  619  929
326  594  780
393  651  717
328  463  835
309  829  1016
315  604  798
125  126  669
397  803  898
127  128  670
437  972  1014
129  130  674
93  94  749
318  605  936
426  836  928
483  847  867
559  732  951
371  679  681
362  615  648
565  790  960
123  124  672
121  122  673
103  104  677
355  618  958
302  611  944
424  494  935
117  118  675
450  549  773
115  116  676
434  502  749
287  617  851
511  606  1036
446  618  958
372  495  878
448  581  962
363  584  815
362  616  714
453  574  629
435  781  808
321  596  724
429  489  840
332  621  823
55  56  685
328  463  849
378  546  811
316  814  841
427  603  796
389  640  795
398  668  720
436  785  817
423  789  980
280  642  913
336  447  737
373  577  945
390  700  736
462  602  801
381  595  792
417  890  927
347  630  758
437  548  1014
427  757  772
436  585  852
344  631  773
385  610  659
408  619  753
329  564  730
377  496  941
291  643  902
395  533  712
402  858  979
69  70  688
321  744  777
323  624  898
375  571  760
375  541  978
36  529  964
363  535  1008
438  588  900
346  426  836
450  864  881
438  871  923
279  535  1008
344  631  741
408  481  983
283  613  810
413  615  915
448  560  1010
51  52  708
20  21  901
369  539  660
49  50  707
373  577  861
386  627  865
53  54  715
101  102  692
370  562  885
404  590  825
80  81  683
97  98  686
343  520  927
444  799  866
274  462  926
297  536  776
308  731  904
281  696  874
37  38  791
412  803  930
111  112  695
286  601  931
295  594  604
403  601  931
359  592  730
325  483  809
425  675  768
476  630  716
450  853  881
17  18  774
304  532  666
422  468  887
410  508  1022
348  474  588
381  525  686
298  912  1010
363  535  986
465  658  858
285  547  888
352  626  774
398  647  720
307  746  1029
363  558  699
374  665  812
331  608  739
414  780  961
13  14  1019
375  571  826
402  616  762
381  620  849
75  76  698
280  614  1002
137  597  783
18  626  1017
375  589  901
407  619  753
414  567  961
537  731  904
408  726  753
336  680  776
368  655  907
71  72  703
408  641  983
475  814  841
391  622  692
308  483  867
354  555  696
508  605  834
42  43  758
295  645  966
341  434  963
423  789  831
443  645  966
351  517  982
101  622  692
562  670  885
277  615  915
419  606  869
417  520  927
85  86  757
434  556  749
474  638  786
391  734  777
493  595  1034
328  596  1034
421  590  892
501  837  1013
278  546  769
548  814  980
403  618  875
275  486  875
98  620  686
302  799  866
533  770  937
304  721  975
415  567  961
439  576  1016
294  724  935
513  947  1005
322  624  898
438  707  923
62  63  717
412  715  743
430  579  943
389  704  710
305  387  750
318  756  831
282  643  701
395  533  770
370  563  885
469  837  1013
118  119  768
329  564  821
84  85  772
419  592  1025
389  540  683
459  599  886
412  685  743
401  519  883
111  635  695
373  585  852
58  59  720
275  655  937
100  622  889
459  850  905
306  735  784
458  884  897
418  582  653
371  633  645
99  620  889
503  671  787
356  637  827
455  789  831
272  712  793
42  580  758
342  603  759
394  573  989
75  627  698
399  560  912
335  479  865
447  830  842
325  411  809
419  559  1025
468  534  1000
136  137  783
302  518  944
475  834  841
542  707  923
437  571  821
358  834  841
81  640  683
401  613  810
405  601  844
119  120  771
480  699  1002
369  499  932
678  918  1027
370  562  886
335  479  877
313  836  867
312  650  890
293  697  959
310  710  1005
359  578  857
14  15  731
523  632  1030
346  487  694
84  636  772
362  516  895
391  734  835
76  634  698
300  778  957
72  628  703
43  630  758
105  106  781
427  636  796
423  814  980
328  734  835
313  836  928
138  597  736
433  611  799
427  636  772
378  663  681
444  599  866
324  531  985
15  537  731
470  621  833
280  699  1002
436  676  817
432  725  862
113  114  785
414  567  703
333  790  844
30  31  748
287  705  725
349  603  796
22  23  1014
467  617  722
344  549  773
33  34  971
334  439  576
348  689  871
48  49  738
110  635  970
20  589  901
74  627  919
410  605  936
309  572  863
54  55  743
366  453  629
269  644  797
106  107  808
299  657  1000
393  788  896
472  600  990
562  674  886
303  536  862
86  87  806
73  628  919
83  636  1009
425  675  861
407  611  944
364  644  804
350  490  907
268  879  948
379  637  1035
336  680  845
82  640  1009
301  691  1032
321  734  777
408  619  929
77  634  973
322  803  898
114  115  817
275  875  1021
392  550  672
283  887  996
460  653  748
293  693  1026
392  553  672
350  755  937
406  701  747
0  138  736
306  665  784
348  474  786
40  41  782
460  709  982
397  542  923
323  898  923
382  523  1030
580  758  854
120  121  818
386  798  865
418  582  1001
299  657  884
650  890  927
307  595  792
339  794  979
305  387  917
12  13  893
403  618  960
14  552  731
118  675  768
87  660  806
284  591  652
438  707  738
289  623  916
448  581  952
313  847  928
465  858  979
104  105  820
288  726  753
414  780  877
335  798  865
112  113  824
26  918  1027
419  559  869
391  557  692
405  607  766
335  780  877
414  628  877
300  653  860
269  661  922
62  651  717
361  711  946
397  543  803
568  676  852
422  544  807
393  654  896
397  543  708
431  884  897
383  506  893
317  740  779
349  512  795
67  68  830
4  36  964
4  37  964
397  542  708
326  680  845
349  512  796
272  712  989
66  67  842
108  109  819
63  654  717
66  656  842
31  32  991
350  655  907
684  763  1031
474  588  872
0  700  855
115  676  817
429  702  913
297  536  882
121  673  818
59  647  720
337  788  896
455  678  918
430  579  838
92  93  876
538  794  969
104  677  820
359  592  857
578  857  985
473  819  970
535  697  986
436  676  852
568  675  861
311  662  910
370  599  886
332  585  833
347  758  854
409  451  750
65  656  987
415  845  961
430  874  943
127  670  977
299  534  1000
416  716  981
23  548  1014
358  667  841
68  69  843
314  449  812
126  669  977
60  647  974
391  622  835
64  654  987
61  651  974
328  595  1034
416  761  981
130  674  905
312  890  939
378  679  681
448  560  942
279  641  983
78  664  973
494  724  935
85  757  772
487  694  797
560  625  942
270  690  1033
351  709  982
373  568  852
484  934  998
131  132  850
441  873  988
555  696  1023
323  689  871
25  26  918
398  668  938
406  643  701
393  651  921
394  658  755
336  737  776
398  666  975
134  135  853
379  695  1011
340  728  952
329  730  1036
432  652  722
135  136  856
112  695  824
404  687  988
410  607  766
316  564  839
395  712  793
383  775  893
119  768  771
19  20  1024
286  742  931
373  568  861
389  710  795
58  668  720
333  778  805
472  691  1032
132  133  864
343  650  927
373  585  945
133  134  881
44  45  981
424  702  1020
618  875  1021
511  826  879
46  47  872
86  757  806
296  994  1020
526  742  870
456  551  846
99  100  889
367  733  924
2  18  1017
279  891  1008
28  29  1003
26  27  1027
2  19  1017
269  694  797
410  607  1022
420  691  822
276  714  895
500  556  876
277  679  848
106  781  808
402  762  794
301  631  741
120  771  818
387  750  955
334  439  639
69  688  843
330  687  988
455  756  831
422  659  1018
114  785  817
389  704  956
461  914  967
357  563  995
420  718  868
441  859  873
318  756  999
451  750  955
105  781  820
472  691  822
130  131  905
459  674  905
3  27  1004
3  28  1004
113  785  824
289  574  800
363  558  986
47  48  900
55  685  743
512  640  795
429  702  994
73  74  919
274  752  940
355  582  1001
512  636  796
326  780  961
33  570  971
439  638  639
300  860  957
398  647  906
455  789  918
272  573  989
444  745  799
437  571  972
589  626  1024
298  682  832
541  879  948
322  803  930
327  577  908
385  659  993
380  721  930
444  741  745
374  539  646
310  704  710
320  827  965
290  713  897
303  725  862
323  871  923
0  46  949
40  632  782
276  828  895
314  706  917
348  689  1015
417  597  783
402  794  979
288  718  868
442  778  805
136  783  856
350  655  937
478  670  977
337  515  903
54  715  743
369  735  932
49  707  738
400  579  954
374  524  646
107  108  953
406  617  851
459  674  886
345  765  914
32  727  991
431  657  884
671  787  962
109  110  970
415  567  688
440  732  873
411  576  829
478  669  977
326  845  961
77  78  973
497  754  910
126  127  977
377  744  941
493  596  1034
462  701  747
60  61  974
442  778  957
337  515  896
44  716  981
349  710  795
107  808  953
276  714  858
412  685  925
274  752  984
470  662  959
353  510  921
271  607  1022
31  748  991
64  65  987
533  755  937
361  704  956
478  670  885
476  752  940
289  800  916
529  791  964
405  766  844
320  637  827
362  714  895
449  524  723
390  890  939
353  510  906
586  1003  1004
67  830  842
82  83  1009
457  733  924
303  788  992
390  700  933
294  729  935
441  804  859
132  850  864
68  830  843
468  657  1000
108  819  953
109  819  970
20  589  1024
272  793  816
422  544  1018
13  506  893
285  659  1018
134  853  881
135  853  856
473  635  970
317  767  1013
301  741  745
477  664  973
463  622  889
426  629  800
378  679  848
320  693  965
389  540  956
133  864  881
576  829  1016
463  620  889
131  850  905
428  787  1023
446  618  1021
360  934  998
286  742  870
355  618  960
509  827  965
342  735  932
19  626  1017
316  667  841
12  775  893
512  636  1009
447  656  842
434  556  963
307  792  899
512  640  1009
298  671  1010
460  653  860
584  891  1008
488  752  984
326  680  1006
270  951  1025
282  701  801
424  729  935
345  598  914
281  787  962
456  892  1028
376  690  951
314  665  812
447  656  903
431  713  897
28  1003  1004
574  629  800
447  737  903
297  680  776
517  860  957
586  1004  1027
19  626  1024
430  763  838
579  838  954
477  634  973
463  622  835
433  745  799
330  873  988
446  813  920
424  702  913
463  620  849
13  506  1019
451  556  963
472  600  1032
281  696  1023
470  959  1026
409  750  751
48  738  900
486  742  931
394  712  989
334  576  809
340  625  942
374  524  812
702  994  1020
479  627  919
364  804  859
410  766  805
479  628  919
462  701  801
484  816  998
324  763  1031
331  744  941
454  769  926
421  846  892
295  604  966
270  690  951
14  552  1019
271  684  997
448  942  952
504  899  1029
426  629  928
536  862  882
27  1004  1027
393  788  992
307  899  1029
21  760  901
506  552  1019
474  872  949
531  857  985
551  836  867
319  590  892
479  627  865
375  760  901
293  959  1026
269  694  922
515  656  903
272  816  911
448  671  1010
470  621  1026
322  721  930
47  872  900
309  829  863
586  678  1027
564  821  839
442  805  936
366  629  928
443  802  966
449  524  812
365  792  899
479  628  877
621  693  1026
440  859  873
431  810  996
354  696  943
490  888  993
467  652  722
517  756  999
403  790  960
398  938  975
304  666  975
333  766  805
382  782  1030
461  765  914
469  837  909
409  682  912
29  709  1003
559  951  1025
411  576  809
571  760  972
451  556  955
495  771  818
349  710  1005
431  657  996
418  727  991
46  872  949
305  706  917
508  997  1022
25  789  918
445  793  816
305  750  751
515  656  987
466  851  902
497  837  909
484  924  934
498  785  824
496  781  820
515  654  987
315  711  946
332  823  1012
271  997  1022
516  828  895
428  746  880
333  766  844
334  639  847
406  851  902
379  823  1012
473  635  1035
281  787  1023
510  647  974
510  651  974
45  761  981
380  545  925
380  545  938
338  813  920
500  556  955
452  700  933
330  732  873
406  643  902
446  920  958
515  654  896
560  912  1010
309  689  1015
545  668  938
348  786  1015
499  757  806
549  850  864
319  892  1028
337  737  903
520  853  856
501  767  1013
400  954  1033
583  819  953
268  825  948
558  697  986
484  816  911
37  791  964
495  878  1007
327  908  909
277  848  915
485  684  1031
510  647  906
456  846  892
452  700  855
489  693  965
275  770  1021
510  651  921
412  925  930
448  671  962
632  782  1030
283  810  996
462  747  926
485  684  997
393  921  992
437  821  839
319  950  976
695  824  1011
497  908  909
319  950  1028
380  925  930
545  685  925
410  805  936
390  933  939
273  967  969
324  763  838
517  860  982
457  924  934
527  830  843
340  942  952
445  816  998
460  860  982
387  500  955
442  957  999
353  921  992
482  920  958
439  638  786
355  958  1001
456  904  1028
380  938  975
432  862  882
531  954  1033
537  950  1028
482  958  1001
327  878  1007
439  786  1016
471  848  915
498  824  1011
517  957  999
492  950  976
498  1011  1012
786  1015  1016
507  829  863
588  872  900
514  967  969
379  1011  1012
453  933  939
309  1015  1016
537  904  1028
