282  739  924
274  466  952
424  696  882
338  566  760
392  652  944
392  462  944
380  601  810
342  383  527
335  533  550
279  401  485
46  47  519
272  529  610
388  492  626
419  478  758
423  627  835
340  611  746
11  425  948
395  475  739
443  502  577
403  483  534
56  57  523
318  552  762
274  535  952
452  618  975
309  488  1009
51  52  512
11  425  551
379  671  797
421  554  848
494  663  975
111  112  520
15  447  624
378  518  561
276  632  694
334  562  613
15  16  624
373  394  569
94  95  545
307  403  483
395  475  858
310  562  613
493  739  924
283  475  858
360  400  586
275  696  882
332  454  989
334  562  568
461  768  800
436  493  760
270  419  758
338  493  925
320  553  662
91  92  507
332  543  989
364  532  691
16  442  624
300  490  511
349  431  618
434  601  810
364  547  691
342  629  634
418  611  752
367  593  641
338  493  760
95  545  745
338  478  758
367  590  641
104  105  528
404  471  774
485  984  1015
280  586  618
298  562  862
338  478  925
317  567  837
433  545  745
348  575  670
366  406  549
277  494  605
328  524  600
584  813  884
385  572  913
407  635  905
270  419  606
401  485  526
428  632  694
373  695  776
337  719  928
344  372  519
371  608  709
349  663  975
423  627  904
386  673  866
418  529  610
360  400  594
330  511  897
308  450  565
513  566  760
298  562  568
367  420  595
340  513  566
470  719  928
109  110  764
343  388  492
542  984  1015
461  505  768
0  689  891
305  521  587
13  426  948
514  635  905
307  529  751
314  427  584
423  619  991
340  566  654
421  554  596
26  27  525
303  509  906
418  529  751
380  500  755
415  590  641
368  503  1007
506  700  945
296  734  754
345  539  660
375  499  581
303  432  509
611  746  873
277  517  605
350  511  678
96  97  532
350  511  579
397  538  640
308  450  789
541  872  986
381  712  733
325  538  640
412  541  872
359  473  597
469  562  862
110  653  764
112  520  645
299  554  848
80  81  541
284  476  538
307  403  529
403  529  580
290  423  991
283  475  580
27  525  956
387  768  800
314  427  962
433  545  853
383  697  838
283  432  713
111  520  653
353  614  741
21  22  735
275  696  887
465  675  781
379  636  671
346  522  609
410  544  803
369  671  703
328  524  630
296  496  614
333  703  822
336  665  867
346  522  820
285  675  781
367  420  590
340  513  610
375  464  844
288  469  778
315  671  797
112  113  645
441  735  955
360  586  766
299  564  848
495  648  798
362  621  743
355  518  561
283  432  509
287  467  666
309  488  652
319  575  786
335  471  774
275  774  882
351  502  577
291  457  656
386  516  866
450  564  848
364  547  861
290  604  738
337  551  592
498  636  671
419  478  723
374  429  604
366  406  729
353  411  537
98  99  547
21  735  955
319  474  684
464  546  1016
289  463  662
312  506  563
13  426  623
365  583  667
279  401  748
323  810  961
110  111  653
23  593  641
615  616  985
375  464  625
312  506  945
290  604  816
328  611  752
330  511  678
361  588  771
552  762  892
340  610  611
490  511  897
275  550  774
272  436  475
333  552  650
349  431  632
464  546  1004
575  786  944
287  467  536
481  621  743
431  632  766
378  533  550
567  837  886
272  513  610
272  513  760
339  567  568
421  813  884
336  496  867
572  868  913
290  423  904
117  118  559
345  539  732
438  613  859
431  586  766
68  69  582
119  120  558
277  494  663
77  78  557
488  652  845
375  499  909
427  584  597
359  584  597
28  657  976
386  547  861
310  616  778
276  531  607
459  608  918
466  549  759
369  559  685
407  604  635
356  461  505
464  625  1016
344  574  911
293  514  892
288  488  778
414  628  912
445  615  947
335  533  744
446  497  964
342  383  750
310  562  778
465  675  936
53  54  569
402  542  968
288  488  845
303  432  805
323  380  460
42  712  733
416  570  926
373  394  721
450  564  565
333  650  874
357  797  868
369  559  870
11  12  948
272  436  760
32  455  779
419  454  723
296  614  754
128  129  573
404  471  929
368  558  686
337  592  719
349  618  975
359  584  813
521  587  978
383  527  838
302  649  713
59  60  576
371  608  918
331  587  978
404  774  882
35  36  581
417  559  870
436  475  739
384  556  660
340  654  746
341  472  659
342  459  527
378  561  899
368  558  874
388  648  798
476  734  876
35  625  854
476  734  941
38  499  720
324  695  776
407  604  816
323  784  961
440  535  806
400  585  748
417  558  874
397  538  647
318  539  660
336  496  741
347  615  616
274  535  806
47  519  850
34  35  625
333  703  870
32  455  799
400  479  981
85  86  583
287  666  842
363  525  769
335  471  914
92  507  728
288  578  756
57  523  658
351  449  502
554  596  863
361  605  788
369  498  671
548  802  877
56  523  664
400  594  748
371  495  709
355  548  802
326  659  677
411  537  728
453  734  754
28  29  976
422  510  809
365  571  702
577  620  945
52  512  699
525  657  956
277  560  663
309  575  670
461  693  725
450  789  813
304  894  897
320  474  993
378  518  942
293  514  905
272  529  869
335  550  774
396  525  657
10  11  551
381  533  744
410  710  860
411  644  856
304  572  897
51  512  668
71  72  591
276  632  766
456  578  839
354  443  577
451  742  820
289  621  717
373  569  699
396  525  769
376  627  904
276  607  694
329  629  787
366  570  926
430  516  819
105  528  680
12  13  948
463  553  662
302  629  634
270  595  654
283  509  580
366  602  926
104  528  698
294  504  903
413  514  892
468  713  858
91  507  603
360  766  914
436  493  739
375  548  844
496  614  741
398  617  683
35  581  854
289  463  717
408  666  842
346  451  820
369  498  685
416  674  833
368  556  1007
327  412  872
284  476  941
327  412  777
360  594  914
467  536  974
374  604  635
429  604  738
320  553  695
65  66  599
363  525  875
428  560  663
325  446  964
295  553  977
46  519  612
310  616  985
1  45  865
366  549  759
370  542  1015
378  550  942
96  532  745
370  737  1015
320  474  662
374  429  775
274  466  759
291  457  705
458  696  887
339  567  724
385  572  814
511  579  946
487  703  822
390  651  696
428  632  979
364  589  718
362  578  839
283  713  858
271  628  912
393  573  880
366  570  759
327  702  826
322  433  718
418  610  611
346  609  872
379  636  801
359  789  813
539  732  787
427  640  962
410  668  776
292  437  665
440  535  815
352  484  545
315  671  703
133  134  608
413  555  999
364  532  718
284  538  647
315  540  797
289  462  902
368  503  686
292  497  665
318  556  660
403  509  534
278  465  655
351  449  571
383  573  880
496  740  867
344  544  803
337  551  917
395  468  903
276  531  766
416  833  926
323  784  879
97  532  691
488  616  778
316  644  700
382  576  849
361  588  692
273  486  693
512  668  776
384  660  910
293  487  598
300  490  835
536  672  846
473  543  971
400  585  981
435  770  859
318  552  650
277  560  747
334  613  859
365  491  667
384  642  704
463  553  977
391  576  849
319  474  786
316  644  856
471  594  914
344  519  544
372  755  937
301  536  672
288  469  908
16  442  959
347  615  947
333  552  822
281  605  881
332  543  971
296  496  740
38  499  878
443  502  796
353  484  537
286  921  984
402  542  782
43  719  733
138  139  626
310  613  985
90  91  603
307  624  751
22  23  593
273  597  871
409  675  722
365  583  885
359  473  972
492  689  891
410  776  803
509  534  906
356  725  989
270  566  654
275  550  942
389  557  742
476  538  832
0  46  612
317  820  837
368  556  650
363  564  565
449  502  780
406  675  936
368  650  874
463  717  977
410  544  860
425  551  917
324  574  803
273  693  725
301  536  974
274  570  759
446  832  876
540  797  868
497  665  867
39  40  561
1  10  865
322  589  718
278  602  651
470  719  733
375  548  909
385  510  764
386  587  841
345  660  910
22  593  735
297  517  788
431  586  618
44  45  592
324  695  915
526  921  984
432  649  713
380  601  755
459  527  807
348  749  864
339  568  770
382  639  701
348  575  783
82  83  622
344  574  803
484  545  970
335  531  914
451  557  742
419  454  831
280  618  676
661  737  1015
469  562  778
388  648  711
341  472  817
409  734  941
124  125  631
99  547  673
384  631  704
373  512  699
282  514  635
490  894  897
352  545  853
318  556  650
280  586  821
126  127  633
302  629  1002
334  568  770
357  868  913
305  521  940
369  703  870
387  480  857
80  541  637
537  728  1021
422  765  809
332  454  831
292  437  966
285  563  781
43  44  719
306  674  833
81  541  679
296  734  876
381  533  712
300  511  946
42  43  733
315  540  716
282  514  795
38  39  720
416  674  817
93  728  1021
318  539  762
98  547  691
294  539  787
387  480  682
390  602  651
353  411  856
446  497  867
278  602  729
338  566  758
468  504  903
361  692  788
344  372  911
483  784  879
531  766  914
476  832  876
15  447  933
273  597  840
114  115  636
403  509  580
274  570  714
355  561  720
351  577  620
294  504  787
314  596  815
292  693  800
352  669  736
398  683  957
350  579  794
63  64  638
398  677  779
392  462  896
355  518  802
702  826  1012
61  62  639
312  620  927
278  465  936
73  74  646
288  578  845
386  587  861
373  512  776
75  76  643
347  616  1009
543  725  989
304  825  894
136  137  648
122  123  642
330  572  814
504  629  1002
94  545  970
69  582  687
68  582  688
10  551  865
529  580  869
389  724  742
455  659  677
117  559  685
327  609  872
539  762  999
284  722  1010
483  534  879
270  595  818
78  557  827
118  559  690
430  785  819
341  659  888
120  558  686
79  80  637
356  461  725
119  558  690
423  490  894
370  655  727
366  602  729
279  594  929
354  443  930
406  549  722
343  388  852
298  567  568
352  484  811
0  689  937
405  654  746
441  746  873
405  593  992
297  517  753
462  786  944
341  674  817
530  717  977
311  588  692
57  58  658
401  672  846
29  30  683
293  487  822
325  446  832
410  668  710
312  620  945
388  626  711
405  593  735
402  489  927
355  720  909
411  507  644
294  903  999
55  56  664
506  563  1020
347  670  1009
77  557  726
489  620  927
300  627  835
775  925  1013
488  616  1009
371  918  949
297  434  788
574  911  1000
289  462  896
422  510  943
92  93  728
336  741  811
364  589  939
473  597  871
50  51  668
301  522  609
348  670  864
380  460  477
388  798  852
323  460  879
328  600  873
381  607  744
342  459  918
309  652  944
396  617  683
54  569  706
311  601  692
60  576  701
353  614  856
430  516  958
105  106  680
456  578  756
323  380  810
367  593  992
53  569  699
99  100  673
281  605  834
402  563  781
427  597  840
326  554  863
286  968  984
317  567  724
334  770  859
299  617  761
59  576  708
294  539  999
270  566  758
26  525  875
311  601  755
128  573  707
129  573  697
423  490  835
331  587  841
342  629  750
400  586  821
390  696  893
279  485  1015
389  643  726
295  574  588
304  540  868
413  555  795
300  627  934
286  489  767
353  484  741
385  510  814
95  96  745
380  477  500
422  678  943
326  659  851
84  85  667
522  820  837
322  433  853
319  575  783
116  117  685
384  642  1007
437  682  966
69  70  687
67  68  688
434  692  788
472  659  851
120  121  686
517  605  788
424  651  696
103  104  698
462  786  902
322  682  736
343  492  965
41  42  712
39  561  720
118  119  690
441  600  873
44  592  719
346  451  986
274  714  806
375  581  854
354  644  700
86  583  812
313  571  702
85  583  667
473  543  871
429  775  912
412  622  679
428  663  979
97  98  691
291  656  857
307  624  998
428  560  995
389  724  890
449  571  885
31  32  779
373  695  721
399  598  816
401  526  672
492  689  965
420  590  950
299  554  761
443  603  930
13  623  980
278  655  727
386  516  841
382  783  849
72  591  791
383  573  697
542  968  984
81  82  679
336  665  669
71  591  790
519  544  850
352  669  811
129  130  697
398  779  957
443  796  808
355  548  909
401  585  846
331  579  794
394  664  706
301  522  974
52  53  699
504  629  787
437  665  669
457  627  705
452  618  676
401  585  748
279  594  748
395  468  858
342  634  918
374  775  925
295  553  915
382  639  828
297  623  753
440  596  815
324  574  915
396  617  883
413  514  795
481  621  717
363  715  875
400  479  821
23  24  641
451  637  986
489  620  982
278  651  727
499  720  909
299  564  883
299  617  883
372  755  911
65  599  823
395  555  903
66  599  824
471  594  929
335  531  744
392  621  896
60  61  701
382  576  701
339  724  890
370  727  737
306  674  844
361  605  834
414  932  960
422  680  765
297  623  961
324  776  803
531  607  744
314  596  884
292  497  920
343  730  731
453  734  847
372  612  937
289  621  896
405  595  654
58  59  708
298  666  886
123  124  704
127  128  707
419  606  831
297  434  810
273  486  840
524  600  935
487  598  994
308  590  950
54  55  706
308  565  919
553  695  915
387  682  966
499  581  878
316  614  754
408  862  908
387  768  857
411  507  728
391  658  708
134  135  709
37  38  878
430  698  785
385  653  764
316  614  856
40  561  899
113  645  801
438  613  907
49  50  710
33  546  799
448  784  933
327  609  826
106  107  765
521  934  940
370  542  655
341  674  1004
384  631  910
420  595  818
329  629  750
449  780  812
308  515  789
468  504  1002
45  592  865
312  563  927
90  603  808
325  640  772
392  845  1001
328  630  752
457  627  934
330  572  897
383  750  880
137  138  711
404  661  737
362  676  743
304  540  825
433  532  745
365  491  987
332  606  773
391  684  804
454  628  989
396  769  883
305  587  939
291  681  705
271  775  912
371  495  798
76  77  726
398  761  900
41  712  898
376  681  705
587  861  939
133  608  843
379  645  801
619  825  894
445  615  889
362  676  839
25  26  875
345  482  910
377  613  985
422  680  836
404  737  882
520  645  953
634  918  949
485  526  984
555  903  999
405  735  746
87  88  780
345  482  895
384  556  1007
454  628  988
422  678  836
438  687  790
72  73  791
447  784  933
102  103  785
70  71  790
456  839  922
459  807  843
134  608  709
433  532  718
285  675  847
398  617  761
551  592  865
386  547  673
326  554  900
505  932  960
82  622  679
306  844  877
89  90  808
391  684  849
357  520  953
124  631  704
303  730  805
293  552  822
88  89  796
86  87  812
407  598  816
461  693  800
378  533  898
406  675  722
442  630  752
363  564  769
398  677  900
418  751  752
404  661  929
33  546  1016
367  595  992
446  740  876
127  633  707
348  501  749
319  783  849
549  722  1010
365  571  885
325  538  832
61  639  701
279  661  1015
484  537  970
307  483  998
79  637  827
543  725  871
348  501  828
302  634  649
114  636  801
393  633  707
32  33  799
442  624  751
78  79  827
494  605  881
13  14  980
83  622  969
14  15  933
430  698  793
474  684  993
131  132  807
376  627  705
108  109  1011
64  638  823
282  635  924
389  557  726
115  636  1005
330  678  943
349  663  979
409  675  847
426  747  948
402  489  968
125  631  931
73  646  791
123  642  704
16  17  959
24  25  1018
574  588  1000
357  520  913
287  536  846
126  633  931
455  659  888
377  613  907
64  65  823
107  108  809
66  67  824
520  653  913
441  600  955
451  637  827
356  505  960
301  826  963
448  784  961
465  655  782
36  581  973
445  688  824
58  658  708
414  628  960
491  777  987
94  970  1021
347  670  864
106  680  765
374  635  924
29  683  976
466  549  1010
356  628  989
325  772  964
458  802  877
289  662  902
426  747  938
415  590  919
63  638  983
138  626  711
101  102  819
425  560  747
40  41  899
314  584  884
298  666  862
606  773  818
350  793  794
326  677  900
20  21  955
607  694  1017
62  639  983
132  133  843
399  619  825
515  773  950
409  722  941
417  870  874
55  664  706
139  626  891
332  606  831
412  622  777
416  570  714
285  563  1020
389  643  890
122  642  1014
332  773  971
394  664  829
469  862  908
113  114  801
130  131  838
301  609  826
500  755  937
392  621  1001
537  970  1021
308  515  950
394  721  830
3  27  956
3  28  956
331  579  978
33  34  1016
343  730  852
100  673  866
0  612  937
453  1019  1020
74  646  990
75  643  990
506  1019  1020
475  580  869
399  598  994
350  528  793
76  643  726
578  845  1001
358  684  993
489  767  982
421  596  884
354  700  945
440  596  863
376  681  763
308  590  919
350  528  836
455  677  779
339  508  792
320  695  721
103  698  785
391  658  804
377  615  889
50  668  710
415  641  1018
70  687  790
390  833  926
317  724  742
406  729  936
47  48  850
454  723  988
375  625  854
30  31  957
435  646  791
4  36  973
4  37  973
437  669  736
542  655  782
358  684  804
414  681  763
67  688  824
441  735  746
464  674  844
339  508  890
2  18  954
2  19  954
48  49  860
305  589  939
402  563  927
277  517  938
20  600  955
19  20  935
322  682  1003
408  666  862
424  737  882
286  489  968
0  139  891
313  767  982
137  648  711
350  678  836
467  666  886
444  638  749
438  687  907
100  101  866
362  578  1001
17  18  916
25  715  875
305  656  1006
444  638  823
30  683  957
412  541  679
417  559  690
486  772  964
381  733  1017
447  483  784
271  988  1013
280  676  839
417  558  690
414  681  932
540  716  825
116  685  1005
272  475  869
136  648  967
305  656  940
423  619  894
290  738  904
277  747  938
443  603  808
292  693  920
109  764  1011
316  700  1019
284  647  1010
382  783  828
582  688  889
270  606  818
293  552  892
408  756  757
424  651  727
329  732  787
329  732  855
321  798  852
304  572  868
121  686  1014
457  934  940
298  567  886
507  644  930
582  687  907
472  714  806
376  738  763
445  688  889
84  667  969
394  829  830
279  661  929
394  569  706
365  702  987
478  925  1013
363  565  951
291  681  932
345  732  855
89  796  808
301  672  963
548  844  877
484  741  811
470  733  1017
107  765  809
348  783  828
440  851  863
371  798  949
88  780  796
130  697  838
530  717  997
409  734  847
435  646  792
391  576  708
284  722  941
346  872  986
425  747  948
437  682  736
87  780  812
352  736  853
125  126  931
432  649  805
321  730  852
41  898  899
420  773  950
524  916  954
402  781  782
295  588  771
447  624  998
458  696  893
396  657  976
407  598  905
377  582  889
447  483  998
393  573  707
439  826  963
291  768  857
329  855  880
351  620  923
435  591  791
358  523  804
377  582  907
102  785  819
320  830  993
372  519  612
413  762  892
442  630  959
358  523  829
464  674  1004
399  716  825
451  557  827
278  729  936
634  649  949
435  770  792
438  591  790
479  821  922
25  715  1018
302  713  1002
501  638  749
467  837  886
452  676  743
341  888  1004
280  839  922
20  600  935
427  640  772
354  577  945
390  833  893
444  599  823
322  736  853
296  740  876
376  738  904
445  599  824
393  633  895
293  598  905
442  751  752
132  807  843
313  767  1012
83  84  969
135  136  967
425  560  917
309  575  944
62  63  983
93  94  1021
311  588  1000
131  807  838
74  75  990
361  771  834
515  773  971
362  621  1001
328  611  873
291  768  932
49  710  860
393  855  880
564  769  883
336  669  811
460  477  965
424  727  737
467  837  974
115  116  1005
288  756  908
448  623  961
524  630  916
430  793  794
474  662  902
329  750  880
121  122  1014
101  819  866
460  879  906
377  615  985
524  935  954
295  574  915
466  647  1010
458  877  893
135  709  967
430  794  958
343  731  965
453  847  1020
426  753  938
528  680  836
18  916  954
282  739  1008
395  739  1008
295  771  977
448  933  980
321  730  805
429  738  763
281  530  997
363  715  951
24  641  1018
315  716  1022
281  530  834
533  712  898
349  632  979
526  921  963
415  715  951
326  851  863
397  640  962
555  795  1008
565  919  951
322  589  1003
428  694  928
528  698  793
444  864  947
321  649  805
456  756  757
305  589  1006
390  602  926
426  623  753
415  919  951
420  773  818
480  656  857
351  571  923
498  685  1005
449  583  812
395  555  1008
408  756  908
439  826  1012
306  877  893
439  921  963
399  619  991
385  653  913
491  622  777
445  599  947
498  636  1005
501  639  828
319  684  849
282  795  1008
28  657  956
501  638  983
345  855  895
526  672  963
508  646  792
321  649  949
723  988  1013
396  683  976
48  850  860
34  625  1016
435  591  859
501  639  983
356  628  960
503  686  1014
421  813  848
444  599  947
275  887  942
438  591  859
458  802  887
408  757  842
554  761  900
465  781  782
523  658  804
379  645  953
280  821  922
414  763  912
339  770  792
287  846  981
314  815  996
333  870  874
472  714  817
415  715  1018
311  755  911
327  702  987
393  855  895
457  656  940
630  916  959
503  642  1014
491  667  969
507  603  930
19  935  954
480  682  1003
482  631  931
486  772  840
478  723  1013
481  901  997
523  664  829
482  633  931
313  571  923
271  628  988
518  802  887
392  652  845
405  595  992
452  743  901
546  888  1004
459  608  843
508  643  990
508  646  990
359  789  972
480  656  1006
455  799  888
320  721  830
449  583  885
31  779  957
440  806  851
453  754  1019
387  800  966
314  962  996
416  714  817
470  694  1017
315  703  1022
517  753  938
491  622  969
379  797  953
466  647  952
495  709  967
428  928  995
530  771  834
427  772  840
448  623  980
444  749  864
273  725  871
481  743  901
546  799  888
399  816  991
434  601  692
316  754  1019
439  767  921
321  798  949
508  643  890
452  881  901
581  878  973
460  731  965
381  607  1017
518  887  942
378  898  899
331  794  958
534  879  906
358  829  830
482  631  910
317  742  820
374  924  925
337  928  995
292  800  966
482  633  895
303  730  731
327  777  987
429  763  912
354  644  930
397  952  996
285  847  1020
439  767  1012
474  786  902
281  901  997
456  757  922
399  716  994
357  797  953
589  1003  1006
477  500  689
306  833  893
281  881  901
450  813  848
479  757  922
347  864  947
620  923  982
510  814  943
468  713  1002
516  819  866
515  789  972
503  642  1007
17  916  959
541  637  986
309  670  1009
506  700  1019
535  815  996
470  694  928
397  647  952
364  861  939
510  764  1011
108  809  1011
486  693  920
522  837  974
495  648  967
535  952  996
297  810  961
521  934  946
516  841  958
492  626  891
472  806  851
479  757  842
313  923  982
716  994  1022
530  771  977
446  740  867
452  881  975
497  920  964
313  702  1012
505  768  932
473  971  972
502  780  796
479  842  981
358  830  993
287  842  981
527  807  838
14  933  980
271  775  1013
500  689  937
300  934  946
303  731  906
585  846  981
487  703  1022
290  816  991
37  878  973
579  946  978
560  917  995
493  924  925
286  767  921
481  717  997
330  814  943
397  962  996
413  762  999
544  850  860
487  994  1022
480  1003  1006
331  841  958
494  881  975
510  809  1011
515  971  972
337  917  995
521  946  978
486  920  964
460  731  906
311  911  1000
477  689  965
