295  509  915
378  524  920
274  516  973
360  578  1043
422  583  869
270  551  814
19  476  855
351  551  971
358  479  995
19  20  855
330  568  1048
383  476  921
298  531  532
516  572  973
301  444  890
406  710  1023
437  598  954
0  139  545
289  435  760
566  826  916
380  685  708
322  558  664
392  764  881
356  472  703
469  583  702
283  509  729
336  558  598
383  539  921
321  399  709
272  583  869
422  583  702
354  508  525
357  592  968
473  787  876
376  644  736
270  482  555
383  476  855
278  409  559
355  560  649
357  592  788
314  441  611
411  546  749
301  478  580
438  585  630
358  630  867
350  710  1023
353  454  797
508  525  862
421  526  1020
397  707  781
509  633  915
306  524  571
319  581  743
285  453  645
344  522  901
461  561  1008
380  665  812
274  516  885
31  769  942
346  429  515
376  507  1048
368  516  1006
272  530  731
332  518  568
289  510  842
295  509  783
402  496  977
332  518  608
347  581  682
306  524  920
289  485  760
434  562  883
337  531  532
47  48  542
377  529  891
367  449  904
413  501  1012
343  543  988
304  578  623
364  804  836
376  507  1035
28  601  700
21  533  978
348  503  819
296  445  664
370  668  695
354  653  982
409  672  800
284  436  532
287  462  644
356  703  946
341  530  876
321  399  857
327  508  862
316  540  623
477  764  881
357  510  788
287  644  736
276  589  681
394  564  873
389  557  804
287  570  816
300  524  571
604  738  779
364  557  804
338  433  529
350  770  778
398  528  868
293  562  935
367  503  904
341  787  876
539  551  814
283  424  509
351  446  850
425  584  842
366  731  876
398  528  926
295  523  577
300  444  548
541  940  991
113  114  550
33  34  695
713  880  912
292  538  846
365  500  889
466  668  695
296  445  779
298  531  981
380  534  685
385  718  801
10  597  667
351  552  850
448  826  916
414  559  846
454  576  797
393  616  755
343  554  694
394  564  979
363  618  745
284  655  831
393  459  840
578  623  1043
277  528  926
285  587  847
277  566  826
354  601  982
301  444  645
327  508  813
322  558  598
28  29  700
375  547  629
364  557  666
387  611  621
389  598  804
10  11  667
365  553  655
358  585  630
343  554  988
368  504  1006
380  534  812
358  621  995
102  103  557
31  32  769
427  527  774
26  653  753
512  551  971
393  459  964
272  583  850
280  595  600
303  603  759
371  578  602
463  559  927
349  528  868
374  561  608
659  793  914
304  540  760
385  543  934
336  598  954
434  562  935
359  544  893
23  457  535
291  540  897
338  529  891
363  538  745
397  632  707
393  616  714
458  584  958
345  464  527
281  592  788
378  524  697
370  455  762
0  545  671
568  596  1048
589  868  878
342  440  513
304  578  602
479  585  841
368  516  572
34  35  514
298  532  845
399  646  709
83  84  569
23  457  978
359  567  893
385  534  801
33  695  1046
304  540  623
395  509  729
458  562  883
278  409  640
541  630  867
348  503  599
381  458  562
377  691  891
340  546  749
276  517  989
409  559  800
300  444  612
324  495  705
352  561  1008
361  487  707
396  574  803
319  474  654
320  526  1020
359  514  833
358  479  585
452  737  1007
364  494  709
326  616  755
438  630  954
369  650  679
25  26  753
297  541  991
308  518  608
271  496  977
292  627  846
318  776  859
487  632  707
361  488  547
386  574  803
400  544  898
352  611  756
355  649  732
573  703  946
314  441  713
289  510  802
584  842  958
359  514  785
291  540  676
366  470  570
272  530  850
330  707  781
59  60  573
61  62  574
344  522  752
370  695  785
335  448  599
367  556  751
440  513  808
401  705  818
289  435  802
365  553  889
439  504  908
375  506  635
445  558  664
34  514  695
38  39  544
294  596  672
316  540  676
299  492  962
21  22  978
466  695  1046
506  635  843
417  435  897
337  532  831
288  452  1007
270  482  814
418  512  971
135  136  590
588  592  968
374  608  851
311  537  648
494  646  709
359  567  833
293  562  827
364  494  666
531  777  981
489  713  880
431  564  618
285  453  805
376  596  672
414  627  846
497  804  836
370  455  668
280  449  600
435  540  897
39  544  799
356  654  830
411  680  837
298  649  981
278  559  927
345  527  774
333  798  920
280  449  766
273  564  873
369  539  551
410  453  997
427  506  795
353  430  767
415  445  779
280  595  663
357  460  510
492  626  789
301  478  786
421  526  941
398  589  681
332  608  851
323  685  708
460  510  842
402  496  614
361  488  636
365  500  863
335  448  930
363  463  538
282  458  958
511  581  743
292  538  880
325  649  732
294  518  568
541  630  717
370  536  762
404  555  975
361  487  636
317  554  694
298  560  649
331  722  777
322  497  804
683  746  968
292  880  912
333  428  920
284  436  726
302  477  733
315  792  922
359  544  898
301  657  890
401  818  911
530  731  876
360  483  641
414  559  800
333  582  874
360  484  641
305  547  629
317  741  830
281  647  947
343  543  934
335  556  751
139  545  730
485  603  759
401  495  705
372  604  738
424  509  783
385  543  685
393  615  964
374  613  696
374  610  696
420  508  813
407  595  600
336  558  717
283  424  725
522  901  1031
349  733  764
277  528  826
287  570  736
346  602  603
417  435  802
470  570  816
340  447  546
426  589  878
365  655  750
69  70  617
355  560  857
409  570  736
310  668  735
337  432  531
400  544  799
493  742  840
307  737  778
350  710  778
279  618  745
354  508  653
456  770  778
381  614  660
393  714  840
413  671  1012
311  456  537
270  551  763
346  603  682
429  515  772
418  512  677
309  408  575
553  655  831
529  628  832
75  76  628
515  617  823
45  597  752
104  105  591
417  510  802
463  538  846
299  586  962
427  527  865
292  627  912
315  616  714
106  107  593
371  515  617
369  512  551
341  530  986
474  741  830
44  45  752
335  556  872
391  471  947
394  787  873
353  670  994
36  567  833
492  626  962
394  473  963
291  478  676
536  785  898
771  907  956
514  695  785
377  529  628
349  528  764
415  445  1013
303  581  682
397  632  687
493  517  989
401  495  973
305  563  629
416  538  880
43  44  522
308  561  608
433  529  784
35  514  833
432  531  777
288  452  793
399  646  686
556  872  1044
399  631  686
463  559  846
294  568  596
351  551  763
466  668  735
325  443  732
337  553  831
23  24  535
324  705  739
489  940  991
345  464  626
382  659  793
362  493  840
19  476  856
411  546  837
413  501  724
278  640  963
324  495  734
294  672  800
441  611  756
539  814  1049
392  528  826
423  661  1010
312  575  820
367  556  721
127  128  635
492  789  861
322  497  664
464  527  852
405  769  942
324  565  953
516  662  885
384  642  719
342  577  708
276  517  892
313  552  583
322  598  804
290  584  883
288  537  702
48  542  665
346  515  952
384  594  694
523  577  1018
415  738  807
307  789  861
312  388  724
312  575  919
431  564  996
360  483  578
120  121  606
321  560  857
336  630  954
402  614  660
327  502  748
316  691  891
423  442  1010
118  119  610
367  449  600
385  534  685
442  670  994
366  570  640
438  824  929
451  765  819
116  117  613
22  23  978
302  477  712
309  408  690
47  542  674
478  675  676
427  790  865
323  543  651
384  620  719
54  55  620
52  53  619
420  535  985
351  552  758
306  798  920
360  484  691
356  472  594
438  585  929
397  606  687
436  532  845
344  597  667
319  474  743
385  619  718
314  611  621
410  453  805
386  637  715
313  469  583
454  575  576
456  737  778
369  512  679
114  550  669
482  555  975
113  550  706
387  639  706
332  568  781
295  523  783
354  601  700
420  508  753
439  504  901
488  547  828
334  629  984
287  462  834
321  771  836
282  458  906
353  454  767
273  964  970
505  587  847
522  835  1031
20  855  936
457  535  922
79  80  625
305  507  961
370  536  785
81  82  624
482  740  975
409  570  640
368  572  658
17  650  679
290  511  743
305  547  961
388  633  1045
297  558  1013
338  433  782
102  557  666
474  654  830
56  57  642
401  572  973
347  581  761
431  618  754
512  677  679
63  64  637
103  557  689
326  616  917
349  733  878
505  766  905
359  785  898
95  96  609
65  66  638
383  539  1049
72  73  641
407  600  721
111  112  639
122  123  632
434  883  983
308  518  811
333  864  874
334  586  774
335  607  930
124  125  636
97  98  631
35  36  833
427  506  1017
299  586  984
331  692  777
419  766  847
444  612  890
416  489  991
297  558  717
516  662  1006
435  540  760
640  963  1004
284  655  684
477  643  881
363  618  979
37  567  893
392  826  930
330  568  781
315  792  888
366  470  731
333  428  499
351  446  763
410  647  791
99  100  646
391  588  592
363  463  927
341  579  787
24  535  985
391  592  947
283  614  725
2  18  856
502  792  888
324  565  739
342  440  806
362  493  1038
88  89  652
456  537  1007
390  744  918
296  604  907
43  522  835
390  595  663
276  589  990
519  609  732
367  600  721
410  587  647
325  443  692
346  429  924
381  614  725
369  650  921
535  792  922
290  584  923
461  561  928
477  733  764
329  612  890
344  597  752
423  667  884
523  651  827
345  626  962
309  575  576
416  538  745
647  947  1047
285  587  805
447  546  817
288  701  702
399  631  810
357  460  683
374  613  928
497  771  836
348  451  819
39  799  960
299  955  984
328  662  1006
279  618  754
420  535  792
375  547  828
566  776  859
371  602  952
415  738  779
444  548  909
379  505  587
374  610  851
313  552  758
20  21  936
311  456  770
323  577  708
326  740  975
417  510  788
275  556  721
299  492  1022
383  740  936
403  746  968
90  91  634
391  588  662
520  771  907
83  569  699
404  555  1029
394  473  787
390  734  877
332  468  851
285  645  909
427  790  795
288  537  1007
332  468  838
293  651  827
84  569  680
455  872  1044
297  541  717
500  775  889
311  413  770
318  450  722
44  522  752
348  566  859
437  598  999
303  581  1024
384  620  932
320  526  951
579  787  873
421  655  750
302  605  887
391  471  1028
2  19  856
385  619  934
431  526  754
302  605  712
135  590  716
317  594  694
345  774  962
430  496  1005
460  842  958
286  765  819
355  519  732
291  478  939
552  583  850
348  859  860
333  499  582
279  738  807
60  573  698
61  574  698
59  573  703
364  709  836
62  574  715
392  607  881
318  432  722
392  528  764
498  705  739
317  554  1030
361  707  825
296  604  779
136  590  720
296  907  956
478  580  1002
48  49  665
329  612  749
505  766  847
470  728  869
410  587  805
390  663  918
445  558  1013
270  555  711
421  750  1020
386  574  715
306  571  765
94  768  895
17  18  650
273  564  996
394  622  963
342  577  773
114  115  669
327  502  813
101  102  666
280  766  905
390  595  734
289  485  1034
408  575  919
436  604  907
303  603  682
323  543  685
353  670  797
94  854  895
425  584  923
309  576  976
279  738  839
311  648  844
368  835  1031
635  704  828
387  611  931
46  47  674
316  675  676
319  581  761
340  749  1000
477  643  712
338  782  1002
384  642  992
15  16  677
416  489  880
14  576  797
429  772  780
37  567  1001
36  567  1001
300  571  870
374  561  928
418  677  678
281  592  947
336  630  717
443  609  768
84  85  680
394  622  979
400  739  799
389  591  689
563  629  984
386  761  803
104  591  689
723  964  996
405  643  735
337  553  889
375  506  902
436  604  726
38  544  893
350  545  1027
277  566  776
94  95  768
381  458  906
434  741  983
340  447  697
309  678  976
404  579  1029
271  496  747
443  609  732
349  868  878
275  762  821
504  901  1031
387  639  995
290  883  983
376  596  1048
426  521  990
375  629  902
363  622  927
70  617  688
347  809  924
103  104  689
389  598  999
70  71  688
476  650  921
281  647  791
508  653  753
60  61  698
312  388  1045
483  578  871
433  784  796
58  59  703
282  683  746
469  537  648
69  617  823
138  139  730
545  671  1027
397  606  838
105  591  822
98  99  686
344  667  884
121  122  687
310  643  735
427  774  1017
321  560  998
277  500  776
305  563  943
95  609  768
325  777  981
511  581  1024
106  593  822
448  826  930
107  593  824
74  75  693
117  118  696
533  740  936
301  645  786
335  607  872
75  628  693
37  38  893
346  602  952
426  521  748
126  127  704
401  572  658
134  135  716
471  744  918
392  607  930
386  637  875
127  635  704
495  734  877
400  565  821
0  808  853
428  634  656
387  550  706
446  711  763
282  660  746
458  584  883
426  748  937
91  92  656
112  113  706
369  539  921
500  775  776
339  657  849
493  517  1015
121  606  687
467  932  934
21  533  936
279  754  839
372  684  726
347  682  924
76  628  832
452  793  914
411  749  987
380  542  665
331  481  582
405  605  712
334  586  984
305  507  1035
387  621  995
341  711  1029
82  83  699
408  690  1039
118  610  696
372  604  726
470  731  869
402  660  746
136  137  720
460  683  958
368  504  1031
407  595  953
128  635  843
404  615  755
388  633  915
412  624  699
62  63  715
117  613  696
395  509  633
615  964  970
51  52  718
409  672  736
475  733  878
382  728  816
312  480  724
15  677  678
436  520  845
11  667  1042
55  56  719
472  594  992
313  690  758
498  739  799
341  579  1029
563  955  984
362  714  840
354  525  965
407  953  1011
283  614  1005
30  31  858
481  582  815
325  692  777
446  530  850
284  684  726
367  503  751
316  623  1043
382  701  728
299  659  955
120  606  894
501  513  808
98  631  686
384  694  932
352  611  931
406  720  757
381  660  906
353  430  994
426  589  990
348  451  860
376  672  736
337  432  775
347  491  875
122  632  687
119  610  894
430  496  747
338  891  1002
326  740  917
386  761  875
486  879  908
66  67  780
96  609  1026
347  491  809
400  821  898
99  646  686
564  618  979
116  613  900
517  750  892
309  678  1033
352  561  756
350  770  1027
405  735  769
423  667  1042
347  761  875
396  654  946
467  620  932
55  620  719
52  619  718
565  953  1011
400  565  739
396  654  803
467  619  934
67  68  772
393  615  755
595  734  953
464  852  913
112  639  706
12  13  670
16  17  679
586  774  962
13  14  797
318  450  859
379  663  905
320  723  742
376  644  1035
318  432  775
334  774  1017
313  690  1039
375  635  828
379  587  647
348  599  916
504  908  1006
300  548  870
389  557  689
327  748  937
78  79  796
466  735  769
447  817  829
97  631  1026
339  490  794
290  743  983
271  879  1010
436  520  907
380  542  1009
284  532  831
405  643  712
475  733  1003
77  78  784
273  873  970
63  637  715
130  131  790
54  620  886
53  619  886
82  624  699
79  625  796
66  638  780
339  490  848
308  561  756
412  569  987
56  642  719
417  788  791
411  569  987
123  632  974
424  523  783
373  710  789
291  673  997
42  658  835
617  688  871
398  589  868
278  927  963
339  782  1032
291  673  897
270  711  763
431  526  951
371  515  952
125  636  972
124  636  974
334  629  902
80  625  938
424  523  827
275  821  1011
81  624  938
371  578  871
111  639  948
381  562  899
129  130  795
50  51  801
299  659  914
100  646  993
432  722  777
415  727  1013
137  138  757
382  659  834
288  701  793
628  693  957
64  637  945
87  88  829
316  675  891
503  599  751
323  577  1018
403  588  968
65  638  945
294  518  896
484  691  957
580  782  1002
342  513  773
302  733  1003
459  723  964
57  642  925
332  781  838
454  575  820
304  760  933
457  616  917
398  681  863
42  658  911
536  821  898
285  548  909
406  710  966
72  641  949
49  50  812
310  607  881
73  641  950
358  621  867
498  818  960
282  683  958
14  15  976
86  87  817
536  762  821
379  505  905
16  677  679
105  106  822
465  605  887
107  108  824
373  626  789
464  626  882
418  678  1033
418  690  758
310  643  881
68  69  823
308  811  1036
395  729  767
290  511  923
355  810  857
485  760  933
365  681  892
42  43  835
335  599  751
562  827  899
14  576  976
348  566  916
277  500  926
293  554  988
93  94  854
40  41  818
384  594  992
76  77  832
485  759  1034
373  710  966
421  655  684
565  821  1011
297  991  1013
417  673  791
85  86  837
314  867  940
339  657  1032
479  841  948
300  524  1000
406  730  757
417  673  897
88  652  829
379  663  918
363  622  979
41  42  911
422  701  702
0  46  853
351  758  971
411  569  680
355  519  810
354  700  965
365  681  863
339  848  849
469  537  702
423  661  884
361  547  961
319  761  803
331  481  692
404  615  970
128  129  843
382  701  793
462  659  955
397  781  838
429  638  780
49  665  812
389  591  999
465  700  965
499  582  815
422  701  728
441  912  1036
388  501  724
109  110  841
282  660  906
89  652  1019
542  806  1009
346  682  924
0  671  1012
41  818  911
11  12  1042
317  594  830
356  654  946
406  720  966
274  885  1028
329  657  849
132  133  852
31  858  942
115  669  900
275  556  1044
101  666  993
590  716  882
343  694  932
476  650  856
45  597  1025
275  721  1011
10  597  1025
274  744  1028
601  982  1021
280  663  905
28  601  1021
410  673  791
612  749  1000
131  132  865
430  729  1005
307  737  861
462  659  834
388  501  513
90  634  1019
53  54  886
412  624  848
32  33  1046
465  605  858
92  656  969
517  750  1020
91  634  656
315  616  922
485  603  933
373  590  882
24  25  985
416  745  807
337  775  889
39  40  960
340  697  1000
67  772  780
311  413  844
541  867  940
462  563  943
323  651  1018
443  692  895
119  120  894
550  669  1008
115  116  900
412  569  699
18  650  856
410  673  997
543  651  988
474  741  983
602  603  933
298  560  1040
433  625  796
373  626  882
464  716  913
285  548  847
29  30  980
1  10  1025
450  864  874
1  45  1025
85  680  837
51  718  801
126  704  972
329  657  890
306  765  798
356  594  830
130  790  795
4  36  1001
4  37  1001
502  792  813
382  816  834
474  743  983
377  628  957
133  134  913
430  729  767
362  714  888
428  634  944
439  879  908
134  716  913
328  908  1006
555  711  1029
283  729  1005
462  563  955
78  784  796
622  927  963
27  982  1021
371  617  871
377  691  957
71  688  949
675  891  1002
425  923  1024
92  93  969
416  727  991
58  703  925
368  658  835
26  27  982
343  932  934
381  725  899
481  692  895
431  723  951
396  573  698
396  574  698
461  669  900
137  720  757
398  863  926
475  862  937
470  728  816
138  730  757
68  772  823
74  693  950
486  908  1037
293  554  935
439  661  879
429  638  809
519  631  810
57  58  925
423  442  1041
328  908  1037
46  674  853
498  705  818
295  577  773
408  480  648
428  499  656
455  668  959
588  662  967
439  884  901
279  745  807
276  681  892
331  722  874
80  81  938
402  746  866
439  661  884
403  588  967
108  109  929
488  704  828
329  749  987
464  716  882
77  784  832
424  725  899
3  27  1021
3  28  1021
93  815  854
40  818  960
391  662  885
425  759  1024
533  740  917
129  795  843
64  65  945
131  790  865
50  801  812
437  591  822
421  684  941
380  708  1009
437  593  822
433  625  794
438  593  824
110  111  948
488  704  972
71  72  949
453  645  786
73  74  950
519  609  1026
462  644  943
310  607  959
281  788  791
387  550  931
405  605  942
372  738  839
404  579  970
580  782  1032
407  721  1011
433  782  794
444  645  909
87  817  829
350  545  1023
327  862  937
341  711  986
301  580  1032
366  640  1004
125  126  972
414  627  811
123  124  974
372  684  941
627  912  1036
314  713  940
320  723  951
519  631  1026
412  849  987
12  670  1041
399  810  857
388  513  915
295  773  915
500  863  926
446  530  986
468  606  894
271  879  977
434  741  1030
100  101  993
86  817  837
472  703  925
108  824  929
305  943  1035
296  664  956
459  723  742
468  610  894
627  811  1036
373  590  966
318  775  776
132  852  865
441  713  912
419  766  903
494  666  993
307  710  789
461  613  900
440  808  853
431  723  996
413  770  1027
274  744  877
487  632  974
310  668  959
471  744  1028
488  636  972
96  97  1026
447  697  910
360  691  1043
390  744  877
487  636  974
314  621  867
438  593  954
727  991  1013
422  728  869
502  888  1016
109  841  929
133  852  913
480  648  844
484  693  950
466  769  1046
494  646  993
550  931  1008
468  606  838
110  841  948
661  879  1010
483  688  949
89  90  1019
419  548  870
440  674  806
415  727  807
404  755  975
401  658  911
590  720  966
93  815  969
483  688  871
468  610  851
490  625  794
499  656  969
307  710  778
479  639  948
320  742  1015
465  700  980
13  670  797
406  730  1023
383  855  936
416  727  807
302  887  1003
319  654  803
365  750  892
447  652  910
491  638  809
440  674  853
497  664  956
447  652  829
339  782  794
486  879  977
450  859  860
300  612  1000
467  620  886
467  619  886
383  740  1049
325  649  981
461  613  928
414  800  896
461  669  1008
437  593  954
294  800  896
396  573  946
412  848  849
542  674  806
491  637  945
607  872  959
418  690  1033
317  741  1030
490  625  938
395  767  820
491  638  945
291  939  997
333  798  864
523  651  1018
303  759  1024
442  670  1041
490  624  938
448  599  916
511  923  1024
26  653  982
362  888  1016
502  748  1016
391  885  1028
484  693  957
472  642  925
526  754  839
457  616  922
413  724  844
342  708  1009
315  714  888
293  651  988
459  742  840
331  582  874
490  624  848
446  711  986
414  811  896
483  641  949
286  571  765
313  469  1039
484  641  950
330  825  1048
482  740  1049
491  637  875
493  742  1015
524  697  1000
451  860  864
437  591  999
521  748  1016
452  737  861
549  652  910
434  935  1030
330  707  825
419  548  847
361  825  961
321  709  836
312  480  919
301  657  1032
450  860  864
513  773  915
287  816  834
379  647  1047
15  678  976
29  700  980
329  849  987
273  964  996
451  798  864
465  858  980
453  786  939
321  771  998
475  862  1003
473  963  1004
420  753  985
344  884  901
420  792  813
0  808  1012
507  825  1048
478  786  939
304  602  933
275  762  1044
525  887  1003
408  480  919
478  675  1002
479  639  995
272  731  869
372  839  941
455  762  1044
298  845  1040
472  642  992
496  614  1005
402  866  977
357  683  968
328  662  967
506  795  843
25  753  985
32  769  1046
378  549  910
429  809  924
12  1041  1042
644  943  1035
518  811  896
442  747  994
316  691  1043
442  747  1010
425  842  1034
428  920  944
286  819  904
527  852  865
426  878  937
520  845  1040
498  799  960
453  939  997
366  876  1004
497  771  956
299  914  1022
489  713  940
486  866  977
403  746  866
605  858  942
471  947  1047
515  772  823
549  652  1019
534  801  812
430  747  994
378  920  944
274  877  973
289  842  1034
585  841  929
549  634  1019
30  858  980
529  784  832
449  903  904
378  697  910
326  755  975
506  902  1017
449  766  903
492  861  1022
286  903  904
271  747  1010
443  768  895
517  1015  1020
324  734  953
525  862  1003
549  634  944
378  549  944
451  765  798
456  737  1007
424  827  899
286  571  1014
525  887  965
395  820  1045
312  820  1045
320  1015  1020
276  989  990
455  872  959
419  903  1014
469  648  1039
441  756  1036
579  873  970
501  808  1012
507  825  961
482  814  1049
425  759  1034
546  817  837
286  903  1014
481  815  854
554  935  1030
520  771  998
408  648  1039
473  876  1004
413  671  1027
486  866  1037
379  918  1047
545  730  1023
309  690  1033
395  633  1045
403  967  1037
503  819  904
475  878  937
526  839  941
454  767  820
342  806  1009
308  756  1036
465  887  965
457  917  978
328  967  1037
419  870  1014
403  866  1037
418  758  971
452  914  1022
423  1041  1042
450  722  874
533  917  978
481  854  895
452  861  1022
495  877  973
493  989  1038
560  998  1040
334  902  1017
352  931  1008
571  870  1014
362  1016  1038
521  1016  1038
471  918  1047
499  815  969
521  989  990
520  998  1040
521  989  1038
480  724  844
