0  2  1  0  16275.9  -4.09438e-16  2.53742e-17  1
1  1  2  2  16447.3  1.94316  0.0832001  1
2  1  2  -2  16458.1  2.02852  0.135921  1
3  3  -2  -2  16571.3  1.99455  0.147559  1
4  3  -2  2  16321.5  1.99608  0.14752  1
10  1  2  1.6  16445.2  1.93462  0.0756644  1
11  1  2  1.2  16445.2  1.91849  0.0538567  1
12  1  2  0.8  16445.2  1.90479  0.013978  1
13  1  2  0.4  16445.2  1.89967  -0.0339273  1
14  1  2  5.50449e-12  16445.2  1.98065  -0.048583  1
15  1  2  -0.4  16445.2  2.08916  -0.0158374  1
16  1  2  -0.8  16445.2  2.10507  0.0349076  1
17  1  2  -1.2  16445.2  2.09174  0.0807649  1
18  1  2  -1.6  16445.2  2.07579  0.111896  1
19  0  1.6  -2  16495.1  1.99455  0.147559  1
20  0  1.2  -2  16544.2  1.99455  0.147559  1
21  0  0.8  -2  16586.3  1.99455  0.147559  1
22  0  0.4  -2  16610.6  1.99455  0.147559  1
23  0  5.50449e-12  -2  16625.4  1.99455  0.147559  1
24  0  -0.4  -2  16619.6  1.99455  0.147559  1
25  0  -0.8  -2  16598.9  1.99455  0.147559  1
26  0  -1.2  -2  16587.4  1.99455  0.147559  1
27  0  -1.6  -2  16578.3  1.99455  0.147559  1
28  3  -2  -1.6  16564.3  1.99455  0.147559  1
29  3  -2  -1.2  16552.3  1.99455  0.147559  1
30  3  -2  -0.8  16527.2  1.99455  0.147559  1
31  3  -2  -0.4  16491.9  1.99455  0.147559  1
32  3  -2  -5.50449e-12  16454.5  1.99455  0.147559  1
33  3  -2  0.4  16413.4  1.99455  0.147559  1
34  3  -2  0.8  16376.4  1.99455  0.147559  1
35  3  -2  1.2  16347  1.99455  0.147559  1
36  3  -2  1.6  16329.1  1.99455  0.147559  1
37  0  -1.6  2  16309.3  2.00116  0.150658  1
38  0  -1.2  2  16294.9  2.00792  0.15672  1
39  0  -0.8  2  16283.4  2.01319  0.161849  1
40  0  -0.4  2  16277.7  2.01362  0.166615  1
41  0  -5.50449e-12  2  16292.2  2.00574  0.163716  1
42  0  0.4  2  16326.8  1.99357  0.142962  1
43  0  0.8  2  16354.5  1.98078  0.122855  1
44  0  1.2  2  16388.7  1.96566  0.109604  1
45  0  1.6  2  16432.2  1.95124  0.0928995  1
46  2  0.978294  0.00301346  16274.7  0  0  1
47  2  0.956625  0.00628321  16296.4  -6.92044e-17  9.93958e-18  1
48  2  0.934981  0.00972314  16255.3  0  0  1
49  2  0.913353  0.0132584  16225.9  0  0  1
50  2  0.891735  0.0168581  16221  0  0  1
51  2  0.870125  0.0205051  16137.5  0  0  1
52  2  0.848521  0.0241841  16078.2  1.47152e-16  -3.03076e-17  1
53  2  0.82692  0.0278817  16107.2  -7.53302e-17  9.3883e-18  1
54  2  0.80532  0.0315876  16107  0  0  1
55  2  0.783721  0.0352946  15935  1.32197e-16  -1.77192e-17  1
56  2  0.762121  0.0390029  15873.4  0  0  1
57  2  0.740519  0.0426956  15943.3  6.81458e-17  -1.25721e-17  1
58  2  0.718914  0.046371  15911.7  0  0  1
59  2  0.697305  0.0500188  15885.5  0  0  1
60  2  0.67569  0.0536389  15844  -8.25351e-17  1.16142e-17  1
61  2  0.654069  0.0572182  15825.8  0  0  1
62  2  0.63244  0.0607465  15762.3  0  0  1
63  2  0.610802  0.06422  15697.5  -1.82273e-16  2.04692e-17  1
64  2  0.589152  0.0676209  15646  0  0  1
65  2  0.567491  0.07095  15581.6  0  0  1
66  2  0.545814  0.0741718  15494.2  0  0  1
67  2  0.524122  0.0772927  15414.2  0  0  1
68  2  0.502408  0.0802572  15355.1  0  0  1
69  2  0.480674  0.0830697  15260  -4.76878e-16  3.95927e-17  1
70  2  0.458911  0.0856493  15162  0  0  1
71  2  0.437117  0.0879482  15022.6  0  0  1
72  2  0.415292  0.089937  14961.3  0  0  1
73  2  0.393437  0.0915625  14938.6  0  0  1
74  2  0.371558  0.0928036  14833.6  0  0  1
75  2  0.349658  0.0936117  14715.4  0  0  1
76  2  0.327746  0.0939627  14601.8  0  0  1
77  2  0.305831  0.093812  14552.3  0  0  1
78  2  0.283927  0.0931372  14563.2  0  0  1
79  2  0.262047  0.0919003  14517.1  0  0  1
80  2  0.240207  0.0900894  14476.7  0  0  1
81  2  0.218427  0.0876641  14434.2  -1.86115e-16  -1.90978e-17  1
82  2  0.196719  0.0846623  14421.1  2.91028e-16  5.13478e-17  1
83  2  0.175105  0.0810494  14451.5  0  0  1
84  2  0.153603  0.0768171  14468.6  1.60925e-16  3.61503e-17  1
85  2  0.132245  0.071909  14589.3  0  0  1
86  2  0.111076  0.0662417  14638.8  0  0  1
87  2  0.0901616  0.0597023  14663.4  -1.6062e-16  -4.65754e-17  1
88  2  0.0695954  0.0521401  14771.7  0  0  1
89  2  0.0495456  0.0433039  14835  2.37086e-16  1.13636e-16  1
90  2  0.0303408  0.0327679  15122.2  0  0  1
91  2  0.0127966  0.0196869  16463.8  0  0  1
92  2  0.000332318  0.00197508  17409.3  -9.86076e-32  1.54074e-33  1
93  2  0.0173658  -0.0037058  16184.5  0  0  1
94  2  0.0384846  0.00210887  15897.9  0  0  1
95  2  0.0589845  0.00984324  16629.9  0  0  1
96  2  0.0786968  0.0194  16792  0  0  1
97  2  0.0976975  0.0303136  17098.6  0  0  1
98  2  0.116458  0.0416401  17295.3  -4.85839e-16  -1.55236e-16  1
99  2  0.135416  0.0526296  17428.2  0  0  1
100  2  0.155151  0.0621498  17466.8  8.98508e-17  2.52443e-17  1
101  2  0.175547  0.0701492  17482.9  0  0  1
102  2  0.196508  0.0765283  17485  1.02164e-16  1.84671e-17  1
103  2  0.217865  0.0814229  17489.9  0  0  1
104  2  0.23951  0.0848311  17497.8  -2.5138e-17  2.61036e-18  1
105  2  0.261315  0.0869989  17502.4  0  0  1
106  2  0.283199  0.0881498  17498.2  0  0  1
107  2  0.305108  0.08866  17510  -6.11242e-17  -1.27788e-17  1
108  2  0.327022  0.0885911  17514.7  0  0  1
109  2  0.34893  0.0880394  17490.7  0  0  1
110  2  0.370824  0.0870643  17477.4  0  0  1
111  2  0.392697  0.0857137  17456  0  0  1
112  2  0.414548  0.0840385  17433.5  0  0  1
113  2  0.436378  0.082104  17418.7  0  0  1
114  2  0.458185  0.0799354  17395.4  -1.06392e-16  3.70257e-18  1
115  2  0.47997  0.077547  17364.6  0  0  1
116  2  0.501731  0.0749481  17338.3  -1.09909e-16  7.6608e-18  1
117  2  0.523469  0.072165  17309.4  0  0  1
118  2  0.545182  0.0691947  17277.6  0  0  1
119  2  0.566873  0.0660717  17242.2  0  0  1
120  2  0.588543  0.0628015  17206.6  -8.34739e-17  1.0491e-17  1
121  2  0.610198  0.0594302  17174.4  0  0  1
122  2  0.631835  0.0559493  17136  1.48677e-16  -2.00867e-17  1
123  2  0.653461  0.0523993  17096.6  0  0  1
124  2  0.675078  0.0487976  17060.9  0  0  1
125  2  0.696689  0.0451567  17017.7  0  0  1
126  2  0.718299  0.0415122  16971.5  -6.0221e-17  8.84619e-18  1
127  2  0.739906  0.0378519  16938.4  0  0  1
128  2  0.761511  0.0341739  16904.5  0  0  1
129  2  0.783112  0.0304753  16864.4  0  0  1
130  2  0.804707  0.0267434  16829.4  0  0  1
131  2  0.826298  0.0229869  16777.1  0  0  1
132  2  0.847885  0.0192087  16706.2  0  0  1
133  2  0.869484  0.0155013  16644.7  0  0  1
134  2  0.891116  0.0119841  16579.5  0  0  1
135  2  0.912796  0.00878846  16502.1  1.29967e-16  -1.25851e-17  1
136  2  0.934535  0.00601259  16433.7  0  0  1
137  2  0.956331  0.0037305  16421.9  0  0  1
138  2  0.978159  0.00178162  16362.4  0  0  1
268  0  0.413091  -0.939608  16706.2  1.92829  0.109253  1
269  0  0.336803  -0.430492  16887.6  1.82089  0.101871  1
270  0  0.925678  -0.634088  16681  1.95344  0.0182638  1
271  0  -0.161035  -0.447813  16721.1  1.88615  0.213295  1
272  0  -0.880525  0.638583  16347.1  2.01458  0.206277  1
273  0  -0.0198092  1.01458  16197.2  2.07401  0.176533  1
274  0  0.964386  1.02208  16274.9  2.02892  0.0459314  1
275  0  0.480744  0.680654  16051.7  2.15237  0.0764152  1
276  0  0.946918  0.516371  16204.1  2.06877  -0.0511675  1
277  0  0.0396695  0.526817  16012  2.17087  0.241822  1
278  0  -0.396791  0.294684  16333.4  2.03115  0.287533  1
279  0  0.6654  -0.306577  16869.5  1.84469  -0.031137  1
280  0  0.965066  -0.293493  16683.4  1.95197  -0.0584581  1
281  0  0.632134  0.386043  15925.8  2.21689  -0.0535908  1
282  0  0.368552  0.368902  15692.9  2.32882  0.0879594  1
283  0  0.104879  -0.269892  16903.5  1.78742  0.209533  1
284  0  0.33161  -0.164487  17121.8  1.68385  0.0974251  1
285  0  0.147843  0.310605  15644.2  2.33816  0.301519  1
286  0  -0.0534515  0.238424  16020.8  2.15718  0.433762  1
287  0  0.849103  0.262537  16109.3  2.11522  -0.154387  1
288  0  0.531302  -0.132432  17085.7  1.71701  -0.0515674  1
289  0  -0.406858  -0.124772  16563.7  1.94091  0.272736  1
290  0  1.20111  0.27679  16372  1.99342  -0.097099  1
291  0  0.700597  -0.130077  16923.4  1.81197  -0.127606  1
292  0  -0.0484498  -0.17267  16810.4  1.81851  0.27789  1
293  0  1.00287  0.183536  16299.4  2.03716  -0.176497  1
294  0  0.171068  -0.119423  17066.4  1.68496  0.246494  1
295  0  -1.02807  -0.904374  16571.9  1.97766  0.175012  1
296  0  0.85834  -0.137809  16727.9  1.92351  -0.140296  1
297  0  0.716904  0.201134  15938.7  2.21225  -0.189683  1
298  0  0.557272  0.230761  15686.1  2.32069  -0.127701  1
299  0  0.414213  0.23032  15415.9  2.43642  -0.0147695  1
300  0  -0.1207  0.0917867  16413.7  1.96779  0.473279  1
301  0  0.262498  -0.033194  17313.2  1.53335  0.170649  1
302  0  0.385585  -0.0398348  17295.4  1.56409  0.024254  1
303  0  0.296079  0.213368  15227.7  2.5147  0.141041  1
304  0  -1.19058  -0.0978934  16476.8  1.99044  0.193862  1
305  0  0.0579275  -0.109766  16891.8  1.76773  0.296591  1
306  0  0.810093  0.151077  16059.1  2.20748  -0.230025  1
307  0  0.970758  -0.111868  16602.9  1.9937  -0.118181  1
308  0  0.0567548  0.194871  15662.9  2.30985  0.503592  1
309  0  0.168109  0.189363  15243.1  2.4958  0.381065  1
310  0  -0.374275  -1.20027  16633.3  1.95914  0.160712  1
311  0  -0.144115  -0.0486375  16684  1.86059  0.356943  1
312  0  1.49421  -0.126274  16501.6  1.98696  -0.0475122  1
313  0  1.37322  0.737052  16346.2  1.98416  -0.00538031  1
314  0  0.624907  -0.052928  17064  1.72722  -0.154396  1
315  0  0.477602  -0.0171324  17269  1.62265  -0.0808957  1
316  0  0.893313  0.112186  16185.2  2.19807  -0.252413  1
317  0  -0.0167186  -0.0775274  16875.8  1.77312  0.293587  1
318  0  -0.655876  -0.550068  16591.9  1.9537  0.20203  1
319  0  -0.00819415  0.130845  15957.5  2.14911  0.628144  1
320  0  0.980228  0.0892676  16324.2  2.08187  -0.254686  1
321  0  1.14851  0.088997  16447.5  1.89798  -0.151661  1
322  0  0.183507  -0.016883  17290.9  1.55795  0.309616  1
323  0  -0.324603  0.733047  16224.1  2.0678  0.221842  1
324  0  1.14613  -0.0970833  16584.7  1.97208  -0.0757555  1
325  0  0.777014  -0.0704532  16841.2  1.85729  -0.190666  1
326  0  0.63524  0.157673  15778.6  2.36065  -0.217512  1
327  0  0.482063  0.175129  15444.4  2.47415  -0.130905  1
328  0  0.51068  1.20289  16232.5  2.05167  0.10844  1
329  0  1.05515  -1.29776  16591.8  2.00185  0.0927082  1
330  0  0.336413  0.0075155  17392.9  1.53804  0.0621932  1
331  0  0.130011  -0.71564  16747.9  1.89663  0.146621  1
332  0  0.747322  0.12198  15961.1  2.3119  -0.259981  1
333  0  -0.799636  0.0959738  16447.8  1.9923  0.229608  1
334  0  0.0987964  -0.0431642  16968  1.6983  0.420254  1
335  0  -0.725455  1.32071  16290.7  2.01877  0.178145  1
336  0  0.69579  -0.0299803  16982.3  1.7662  -0.200262  1
337  0  0.544733  0.139965  15564.4  2.50076  -0.216462  1
338  0  0.565697  -0.00892765  17188.5  1.66465  -0.148495  1
339  0  0.368295  0.172939  15164.4  2.5915  0.00419696  1
340  0  0.909412  -0.0747575  16622.3  1.97794  -0.172646  1
341  0  -0.201809  0.453607  16175.6  2.09553  0.285939  1
342  0  0.615613  -0.649964  16757.4  1.90586  0.0567219  1
343  0  0.398799  0.021954  17386.2  1.47988  -0.0156933  1
344  0  0.846973  -0.0508764  16718.1  1.90934  -0.209531  1
345  0  0.274646  0.026747  17446.5  1.39365  0.143243  1
346  0  1.29374  -0.469351  16572  2.01514  -0.0158927  1
347  0  0.24524  0.161994  14971.6  2.66171  0.251938  1
348  0  0.463761  -0.26993  16990.2  1.76805  0.0339038  1
349  0  -0.245359  -0.833654  16667.9  1.93223  0.174665  1
350  0  -0.233635  -0.211547  16669.1  1.89375  0.274362  1
351  0  0.218943  0.0258077  17436.6  1.36339  0.223775  1
352  0  0.12693  0.131937  15052.8  2.56563  0.571481  1
353  0  -0.318052  0.0580572  16468.8  1.97178  0.324443  1
354  0  0.706876  0.617758  16098.6  2.12572  0.00513157  1
355  0  -1.36591  1.13838  16338.2  2.00207  0.168718  1
356  0  0.212388  0.485708  15873.3  2.23812  0.18749  1
357  0  0.189719  0.790881  16102  2.12566  0.158721  1
358  0  -0.0537797  0.0532113  16528.5  1.86784  0.615053  1
359  0  0.0423764  -0.0534757  16713.1  1.82567  0.339104  1
360  0  0.826215  0.0885722  16098.3  2.12933  -0.271056  1
361  0  -0.0449517  -0.331726  16788.7  1.84527  0.225499  1
362  0  0.110125  -0.505494  16809.7  1.85367  0.161591  1
363  0  -0.408923  -0.421174  16631.8  1.92726  0.22267  1
364  0  0.0590463  0.120263  15426.7  2.34927  0.686755  1
365  0  -0.214251  0.211718  16288.9  2.04478  0.366402  1
366  0  0.672786  0.109449  15829.3  2.2849  -0.261436  1
367  0  0.225123  -0.235349  17006.2  1.73936  0.169119  1
368  0  0.431289  0.143439  15188.8  2.63779  -0.123078  1
369  0  -0.651881  -0.263995  16547.7  1.96078  0.227443  1
370  0  0.487641  0.325967  15709.3  2.32158  -0.0183115  1
371  0  -1.00622  -0.471458  16538  1.97562  0.193081  1
372  0  0.990796  0.345572  16236.7  2.05707  -0.10896  1
373  0  1.39271  1.24189  16369.9  1.97269  0.0517726  1
374  0  0.788106  -0.944877  16665.8  1.95796  0.0723205  1
375  0  0.189048  -1.4725  16640.5  1.96382  0.138335  1
376  0  0.316428  0.146294  14944  2.7377  0.0852369  1
377  0  1.18883  -0.898159  16596.9  2.00154  0.0461509  1
378  0  0.651991  0.896208  16178.5  2.0838  0.0653648  1
379  0  0.130819  -0.00474045  17186.7  1.55598  0.448342  1
380  0  -0.631431  -0.927104  16611.1  1.96006  0.177432  1
381  0  -0.967184  -1.43461  16590.7  1.98013  0.159236  1
382  0  0.199547  0.135606  14821.4  2.7354  0.39289  1
383  0  0.985204  -0.0666007  16533.8  2.0313  -0.13096  1
384  0  1.16786  0.503332  16307.6  2.01233  -0.0528834  1
385  0  -1.45539  0.415702  16407.8  1.99654  0.176729  1
386  0  0.613089  0.0107868  17129.1  1.56339  -0.183567  1
387  0  0.527788  0.0228918  17255.8  1.46202  -0.132784  1
388  0  0.58405  0.113897  15623.9  2.34643  -0.245919  1
389  0  0.747646  -0.00887977  16899.8  1.71811  -0.228415  1
390  0  0.0358311  0.308708  15851.1  2.24462  0.363901  1
391  0  -0.067077  -0.0258511  16838.5  1.76861  0.382434  1
392  0  0.44239  0.0374511  17375.7  1.3088  -0.0648878  1
393  0  0.806582  0.417315  16101.4  2.12723  -0.0756673  1
394  0  -0.68298  0.378611  16368.5  2.01441  0.236193  1
395  0  0.932695  0.0636644  16235.7  1.84336  -0.250734  1
396  0  0.780523  0.0814303  15989.6  2.03707  -0.260614  1
397  0  0.864775  0.062768  16132.4  1.7698  -0.243952  1
398  0  0.906983  1.45031  16313.6  2.00533  0.0892802  1
399  0  0.803136  -0.0152119  16806.9  1.76826  -0.241384  1
400  0  -0.00972375  -0.0381972  16919.6  1.74431  0.226183  1
401  0  0.628443  0.104983  15730.8  2.23673  -0.255179  1
402  0  1.42329  0.0672776  16451.3  1.89725  -0.0791279  1
403  0  -0.552633  0.103173  16443.3  1.99066  0.264474  1
404  0  0.612693  -1.31299  16639.1  1.96971  0.11231  1
405  0  0.42829  -0.139327  17144.5  1.67647  0.0180094  1
406  0  0.485907  0.0348583  17330.1  1.35516  -0.098421  1
407  0  0.262369  0.33643  15625.6  2.35714  0.18061  1
408  0  0.657273  0.00860418  17055.7  1.6059  -0.204724  1
409  0  -1.05624  0.32837  16408.3  2.00031  0.204238  1
410  0  0.0803401  1.50547  16261.7  2.02985  0.153005  1
411  0  0.545246  0.50294  15952.4  2.19994  0.0218704  1
412  0  1.48651  0.434689  16393.4  1.95971  -0.0467682  1
413  0  0.777928  -0.225655  16812.1  1.87946  -0.0879622  1
414  0  0.823507  -0.411736  16750.8  1.9154  -0.0237878  1
415  0  -1.46796  -0.684771  16532.1  1.98867  0.168275  1
416  0  0.0337702  -1.03603  16679.9  1.93625  0.147462  1
417  0  0.349247  -0.670022  16779.5  1.88505  0.107472  1
418  0  0.497487  0.127616  15347.7  2.50797  -0.201824  1
419  0  0.326935  -0.0577623  17265.6  1.55965  0.0964452  1
420  0  0.206779  -0.369728  16901.2  1.80463  0.153214  1
421  0  -1.48273  -1.23976  16563.5  1.99076  0.158055  1
422  0  0.0407627  -0.202138  16876.8  1.79564  0.253731  1
423  0  0.162419  0.0218685  17402.7  1.23508  0.323956  1
424  0  -0.00947897  0.0623544  16243.3  1.94009  0.837531  1
425  0  0.255204  -0.122693  17150.9  1.65035  0.168846  1
426  0  1.07462  0.729885  16269.3  2.0325  -0.00650786  1
427  0  0.638537  0.232853  15832.3  2.25084  -0.151263  1
428  0  0.359388  0.0475706  17455.9  1.16597  0.0187331  1
429  0  0.313055  0.0492998  17480.7  1.1047  0.072745  1
430  0  0.751461  0.314616  16010.7  2.16909  -0.120281  1
431  0  1.08465  -0.217361  16608.5  1.98991  -0.0696421  1
432  0  -0.378843  1.11802  16255.3  2.04223  0.185367  1
433  0  0.335423  -0.285659  16988.9  1.7581  0.101268  1
434  0  0.378046  0.528254  15912.8  2.21958  0.0973602  1
435  0  0.609064  -0.222191  16950.7  1.79812  -0.048407  1
436  0  0.384873  0.134066  15006  2.71958  -0.0468567  1
437  0  1.06998  0.0599081  16477.9  1.80323  -0.193207  1
438  0  0.715431  0.0866945  15884.6  1.99824  -0.237602  1
439  0  0.892755  0.179365  16172.2  2.10422  -0.201828  1
440  0  -0.413117  0.513438  16274.1  2.05161  0.252236  1
441  0  0.943794  -0.0350346  16505.9  1.98655  -0.178714  1
442  0  0.893919  -0.0285568  16595.6  1.91875  -0.226471  1
443  0  0.552493  -0.442744  16849.8  1.85406  0.0378386  1
444  0  -0.140262  0.679309  16162.2  2.09898  0.224653  1
445  0  0.224118  0.228079  15329.5  2.47552  0.259838  1
446  0  -0.302263  -0.606288  16667.1  1.92016  0.198778  1
447  0  -0.0875568  -0.665664  16717.2  1.9041  0.177611  1
448  0  0.995294  0.0457812  16353.1  1.70534  -0.256857  1
449  0  0.11009  -0.170649  16951.4  1.75532  0.248382  1
450  0  -0.626585  0.864057  16289.7  2.0325  0.203583  1
451  0  1.07691  -0.0581618  16577.7  1.90824  -0.0660578  1
452  0  1.49025  -1.22101  16529.4  2.04128  0.075897  1
453  0  0.488112  0.253173  15603.1  2.35744  -0.0640086  1
454  0  0.533455  -0.0585898  17161.3  1.65804  -0.0949015  1
455  0  -0.329886  1.54438  16270  2.02313  0.167769  1
456  0  0.444423  0.915154  16150.3  2.09838  0.103323  1
457  0  0.267491  0.133648  14789.3  2.78222  0.216075  1
458  0  0.963926  0.255868  16232.7  2.05252  -0.149259  1
459  0  0.209958  -0.0704051  17202.3  1.58023  0.237497  1
460  0  0.349718  0.294181  15525.4  2.40409  0.0897306  1
461  0  -0.0930441  0.372749  16077.7  2.13822  0.325134  1
462  0  -0.00212341  -0.140943  16846  1.79759  0.280282  1
463  0  -0.0871826  -0.10689  16778.2  1.82366  0.312854  1
464  0  0.788887  0.222675  16038.1  2.15133  -0.176112  1
465  0  -0.0236298  0.0336178  16722.2  1.70519  0.753558  1
466  0  -0.126378  -0.253951  16747.7  1.86012  0.25866  1
467  0  1.32359  -0.237184  16538.3  2.03085  -0.0501688  1
468  0  0.779658  -0.147432  16822.5  1.87015  -0.133298  1
469  0  0.15255  -0.0538161  17132.7  1.59169  0.323299  1
470  0  0.0849623  -0.0191473  16852  1.75701  0.506537  1
471  0  0.109122  0.101727  14961.9  2.63778  0.710087  1
472  0  0.453716  -0.0766564  17198.1  1.62631  -0.0231629  1
473  0  0.158259  0.118409  14817.6  2.72064  0.540929  1
474  0  0.572476  0.0297144  17219.1  1.41378  -0.160574  1
475  0  0.441666  -0.0126786  17303.7  1.60051  -0.0489303  1
476  0  0.253681  0.05304  17487.9  0.931729  0.114467  1
477  0  0.701557  0.0089004  16996.8  1.60376  -0.220925  1
478  0  -0.978088  0.994874  16324.7  2.01323  0.185589  1
479  0  1.60347  -0.778349  16512.5  2.05394  0.0287723  1
480  0  0.0916074  0.427871  15902.1  2.22548  0.261434  1
481  0  0.597585  0.167321  15714.8  2.36881  -0.198722  1
482  0  0.595637  0.312288  15831.2  2.26104  -0.080591  1
483  0  -1.11761  1.54173  16307.7  2.00378  0.166009  1
484  0  0.0625093  -0.408882  16826.5  1.8379  0.188183  1
485  0  0.115247  -0.105817  16985.1  1.71271  0.296713  1
486  0  0.540188  0.111521  15518.2  2.36521  -0.234739  1
487  0  0.923553  -0.216631  16695.7  1.94443  -0.0886456  1
488  0  0.0478312  0.08769  15392.8  2.36979  0.855231  1
489  0  0.117633  0.244676  15560.9  2.36516  0.374007  1
490  0  1.13207  -0.438566  16619.9  1.98815  -0.0241115  1
491  0  -0.221334  -0.357217  16696.7  1.89191  0.233802  1
492  0  -0.556458  -1.5981  16610.8  1.97409  0.152914  1
493  0  -0.485153  -0.746738  16628  1.94634  0.186811  1
494  0  -0.108224  0.0418437  16569.5  1.88681  0.474467  1
495  0  -0.273134  -0.095391  16608  1.91484  0.299502  1
496  0  -1.26489  0.722822  16371.6  2.00109  0.182022  1
497  0  0.371124  -0.1108  17182.6  1.64552  0.0594347  1
498  0  0.603845  -0.132506  17021  1.75681  -0.0873855  1
499  0  0.749004  1.17307  16253.4  2.04129  0.0799359  1
500  0  -1.61997  -0.26805  16489.5  1.99244  0.166304  1
501  0  0.843648  0.799097  16200  2.07288  0.0240524  1
502  0  0.201341  0.0447676  17470.1  0.965212  0.186975  1
503  0  0.852529  -0.0190167  16700.1  1.83276  -0.244074  1
504  0  0.448907  1.60831  16289.9  2.01508  0.132581  1
505  0  -0.982994  -0.12987  16487.6  1.98542  0.207576  1
506  0  0.492968  -0.212116  17030.2  1.75019  0.00117516  1
507  0  0.380717  -0.225037  17051.4  1.72865  0.0693065  1
508  0  0.450254  0.12023  15204  2.52144  -0.170056  1
509  0  -0.674589  0.666472  16315.8  2.02729  0.215933  1
510  0  -0.0346853  -0.0169609  16986.9  1.68977  0.369668  1
511  0  0.699597  0.160961  15896.6  2.2872  -0.219103  1
512  0  -0.0273387  -0.263754  16811.8  1.83064  0.240832  1
513  0  0.400995  0.0503394  17428.7  1.16629  -0.0254685  1
514  0  0.238102  0.130453  14781.8  2.79028  0.29088  1
515  0  -0.581497  -0.0828703  16511  1.96783  0.251946  1
516  0  -0.0613968  -1.62545  16632.4  1.96698  0.147065  1
517  0  0.347896  0.131172  14913  2.75537  0.00708691  1
518  0  1.30342  0.00849387  16462.7  1.84784  -0.0824414  1
519  0  0.947238  0.157054  16238.6  2.09371  -0.206433  1
520  0  -0.373742  0.179038  16388.3  2.00692  0.307015  1
521  0  0.747467  0.0781342  15938.4  1.95527  -0.244056  1
522  0  1.28393  1.03244  16337.9  1.98884  0.0319389  1
523  0  1.71034  1.03316  16406.6  1.94203  0.0322348  1
524  0  -0.150656  0.186099  16252.2  2.05768  0.423063  1
525  0  -0.15869  0.30314  16168.8  2.09984  0.350036  1
526  0  -0.267174  0.348988  16243.3  2.06637  0.308212  1
527  0  0.250061  0.668514  16021.8  2.16649  0.150877  1
528  0  0.531363  0.402642  15854.1  2.25004  -0.00454217  1
529  0  -0.228237  0.10379  16418.7  1.98683  0.373978  1
530  0  -0.228737  0.025029  16526.4  1.93677  0.36024  1
531  0  0.28458  0.0532506  17488.9  1.02517  0.0943641  1
532  0  -0.189574  -0.140401  16681.9  1.87858  0.299219  1
533  0  -1.60358  1.53071  16324.8  1.99598  0.156336  1
534  0  0.0376184  -0.0283231  16588.6  1.91944  0.360623  1
535  0  -0.0175121  0.188067  15942  2.1844  0.510865  1
536  0  0.764318  0.175131  15999.2  2.19852  -0.207392  1
537  0  1.40956  -1.67975  16523.5  2.035  0.11758  1
538  0  0.732375  -0.0516059  16914.9  1.80876  -0.198738  1
539  0  0.22761  -0.0190533  17323.1  1.53007  0.216283  1
540  0  -0.385196  -0.274763  16615.7  1.92636  0.247776  1
541  0  0.00629726  -0.477615  16780.8  1.86265  0.188031  1
542  0  0.896607  0.369239  16159.8  2.09791  -0.10102  1
543  0  0.775429  -0.00683195  16870.4  1.7229  -0.235197  1
544  0  1.72676  -0.522479  16492.6  2.0785  -0.00396999  1
545  0  0.563122  -0.302202  16930  1.80636  -0.00104645  1
546  0  0.299492  -0.0119013  17359.2  1.53754  0.113631  1
547  0  0.2159  1.10993  16197.8  2.07151  0.142118  1
548  0  0.0401323  0.703232  16089.6  2.13331  0.200456  1
549  0  0.667459  -0.0758418  16998.4  1.76628  -0.157014  1
550  0  0.707886  0.48106  16043.2  2.15465  -0.0362529  1
551  0  0.82064  0.0571291  16088.3  1.42333  -0.201224  1
552  0  1.11671  1.31904  16332  1.99661  0.0677256  1
553  0  0.907437  0.0444426  16219.5  1.30248  -0.192075  1
554  0  0.950475  0.0373988  16267.6  1.24863  -0.178768  1
555  0  -0.5719  0.278029  16380.4  2.01254  0.26052  1
556  0  -0.0846478  0.137696  16223.8  2.05189  0.509621  1
557  0  0.411053  0.314099  15616.1  2.36453  0.0363362  1
558  0  0.861512  -0.287348  16743.3  1.91785  -0.0650788  1
559  0  0.227774  -1.19749  16665.6  1.94967  0.133557  1
560  0  0.244575  -0.570809  16810.3  1.86267  0.130719  1
561  0  0.915098  -0.133371  16667.9  1.95675  -0.131027  1
562  0  0.671378  0.300905  15917.2  2.21573  -0.112718  1
563  0  0.891534  -1.72036  16586.6  2.00027  0.128419  1
564  0  0.488948  -0.563461  16811.2  1.87195  0.0717272  1
565  0  0.69026  -0.438528  16811.3  1.87948  0.00208221  1
566  0  0.242355  -1.00015  16697.4  1.93006  0.129342  1
567  0  0.34861  0.228425  15346.1  2.46933  0.0760205  1
568  0  -0.181966  1.25632  16245  2.0439  0.172327  1
569  0  0.974911  -0.449137  16679.9  1.95531  -0.0196206  1
570  0  -0.63827  -1.34138  16610.6  1.97048  0.160173  1
571  0  0.451678  0.470807  15873.2  2.23852  0.0537983  1
572  0  0.987176  -0.0277033  16409.3  1.84394  -0.114275  1
573  0  0.524412  0.192796  15557.7  2.39467  -0.140481  1
574  0  1.23499  1.60294  16369.9  1.97415  0.0849764  1
575  0  -1.35555  -1.61072  16578.2  1.98831  0.154138  1
576  0  -0.279377  -0.469641  16676.5  1.90834  0.215179  1
577  0  0.101429  0.202506  15492  2.38678  0.45655  1
578  0  0.28587  0.169045  15013  2.64469  0.160625  1
579  0  0.576831  -0.0583355  17114.5  1.68828  -0.12488  1
580  0  -0.200911  0.865634  16202.3  2.07444  0.201835  1
581  0  0.165805  -0.182008  17008.9  1.73084  0.218025  1
582  0  1.77601  0.222886  16441.2  1.9175  -0.0610953  1
583  0  -0.846302  -1.12707  16594.3  1.97415  0.168757  1
584  0  0.411308  0.184015  15297.8  2.52536  -0.0470655  1
585  0  1.57737  0.704394  16392.6  1.95372  -0.00857776  1
586  0  0.0211595  -0.0927963  16839.6  1.79446  0.290212  1
587  0  -0.803025  -0.769795  16585.3  1.96723  0.183293  1
588  0  -1.51672  0.128617  16441.6  1.9954  0.174699  1
589  0  0.181321  0.390505  15765.7  2.28854  0.229788  1
590  0  -0.0432624  -0.0502708  16875.8  1.76419  0.331527  1
591  0  0.671359  0.078561  15823.7  1.61801  -0.202463  1
592  0  0.603975  0.0913731  15672.2  1.86022  -0.220471  1
593  0  1.11755  -0.632835  16623.6  1.98671  0.0103171  1
594  0  1.05919  -0.000150785  16506.1  1.47367  -0.0834474  1
595  0  0.853379  0.130992  16126.9  2.212  -0.245294  1
596  0  -1.57344  0.861608  16364.7  1.99879  0.166659  1
597  0  0.509423  0.0487443  17311.2  1.15045  -0.106723  1
598  0  0.405839  0.119429  15010.9  2.42363  -0.0932642  1
599  0  0.466354  0.053896  17360.6  1.08117  -0.0788784  1
600  0  0.638521  0.0290355  17102.9  1.33917  -0.180925  1
601  0  0.0852009  0.154099  15399.1  2.40536  0.562187  1
602  0  0.827625  0.539949  16139.9  2.10311  -0.0353273  1
603  0  0.926711  0.66518  16212.8  2.06522  -0.0129371  1
604  0  0.337126  0.0637487  17487  0.830716  0.0189389  1
605  0  0.524741  -0.0161803  17214.8  1.64245  -0.117163  1
606  0  0.819209  -0.102943  16772.1  1.8969  -0.168887  1
607  0  -0.0894888  -0.83484  16693.4  1.92202  0.164779  1
608  0  0.372529  -0.0100259  17353.1  1.5639  0.0222385  1
609  0  0.920354  -0.0185299  16500.8  1.7802  -0.202601  1
610  0  0.69454  -0.211019  16891.1  1.83536  -0.0765666  1
611  0  1.02628  -0.0863746  16546.1  2.0267  -0.107545  1
612  0  -0.0928349  0.468669  16089  2.13421  0.281453  1
613  0  1.12667  0.191041  16392.3  2.0051  -0.130475  1
614  0  1.25605  0.135876  16432.6  1.92778  -0.112623  1
615  0  0.0993126  0.0036507  17023.1  1.4321  0.503634  1
616  0  0.523239  -1.6419  16618.4  1.98062  0.131176  1
617  0  0.226406  0.0481977  17475.9  0.966146  0.149982  1
618  0  0.783386  0.119002  16019.3  2.27665  -0.261838  1
619  0  0.288853  0.419021  15769.7  2.28901  0.149948  1
620  0  -0.44287  0.00457517  16496.2  1.96728  0.283585  1
621  0  1.06758  0.253468  16310.1  2.01294  -0.131027  1
622  0  1.03417  -0.0356804  16507.5  1.85238  -0.0696821  1
623  0  0.611923  0.723741  16106.9  2.12294  0.0495395  1
624  0  0.292237  0.116663  14677.9  2.55099  0.141472  1
625  0  0.171737  0.241652  15433.1  2.42808  0.326329  1
626  0  0.0788937  0.0970695  15149.8  2.52904  0.782915  1
627  0  -0.500466  -0.21512  16565.1  1.94789  0.246779  1
628  0  -0.751139  -0.428655  16560.7  1.96238  0.207487  1
629  0  0.582154  -0.840181  16713.9  1.92762  0.0825071  1
630  0  0.778295  -0.737412  16703  1.93844  0.0481534  1
631  0  0.972157  -0.811295  16649.3  1.97067  0.0443529  1
632  0  0.33073  0.185841  15146.7  2.57228  0.073543  1
633  0  -0.0579482  0.0141137  16815.2  1.74279  0.49313  1
634  0  1.61423  1.62888  16414.7  1.95144  0.078955  1
635  0  0.167721  0.149862  15036.4  2.59893  0.437217  1
636  0  0.056413  -0.0125574  16584.7  1.76837  0.49098  1
637  0  0.20945  0.177081  15097.8  2.56556  0.315476  1
638  0  0.032786  -0.315595  16838.9  1.82242  0.214664  1
639  0  0.13906  0.0241025  17352.6  1.09401  0.34956  1
640  0  -1.33126  -0.380021  16508.1  1.98701  0.179504  1
641  0  0.188265  0.016894  17403.5  1.38302  0.286497  1
642  0  0.0276531  0.0601789  15483  2.13548  1.02354  1
643  0  0.136983  0.0971769  14707.8  2.57519  0.617436  1
644  0  0.181682  0.107117  14617.5  2.62134  0.4625  1
645  0  0.355191  0.776818  16085.9  2.13573  0.117451  1
646  0  1.13686  -0.0108732  16546  1.73408  -0.0958665  1
647  0  0.668338  0.18813  15852.9  2.26336  -0.191502  1
648  0  0.595009  0.0368962  17186  1.2477  -0.155645  1
649  0  0.436553  -0.444184  16872.8  1.83416  0.0717662  1
650  0  -0.651166  1.63852  16282.2  2.01494  0.169125  1
651  0  0.553037  0.0431074  17244.2  1.18615  -0.137309  1
652  0  1.04213  0.121915  16373  2.05545  -0.190248  1
653  0  0.941475  0.103265  16247.4  2.14455  -0.252092  1
654  0  0.682199  0.0236322  17030.5  1.36764  -0.196623  1
655  0  0.725158  0.0157669  16955.3  1.44121  -0.206555  1
656  0  0.283592  -0.0809181  17234  1.58738  0.140277  1
657  0  -0.462959  -0.580392  16628.6  1.93755  0.201998  1
658  0  -0.436053  -1.02565  16632.9  1.95483  0.169462  1
659  0  0.516655  0.10181  15397.9  2.03685  -0.193696  1
660  0  0.263734  0.270592  15457.4  2.43176  0.190832  1
661  0  0.559868  0.0948557  15573.2  1.89366  -0.214688  1
662  0  0.665773  -0.0324089  17023.3  1.74259  -0.188067  1
663  0  0.244557  0.00478455  17388.3  1.51779  0.199815  1
664  0  0.542237  0.27859  15721.5  2.3077  -0.0786723  1
665  0  0.273669  -0.185488  17081.1  1.70157  0.14306  1
666  0  0.0321269  -0.612697  16757.3  1.8838  0.168391  1
667  0  0.00347573  -0.018241  16873.8  1.73394  0.0366674  1
668  0  -0.115088  -0.167614  16752.2  1.84561  0.287756  1
669  0  0.744295  -0.106024  16877.2  1.83692  -0.1568  1
670  0  -1.18862  -0.676829  16543.6  1.98231  0.178044  1
671  0  0.0790759  -0.0725799  16907.4  1.7298  0.352663  1
672  0  -0.0412669  -0.117847  16822.4  1.80506  0.292604  1
673  0  0.148128  0.580083  15988.2  2.18322  0.189764  1
674  0  -0.988644  0.0828237  16450.1  1.99313  0.210998  1
675  0  0.00560489  0.396095  15965.5  2.19091  0.307232  1
676  0  0.0681451  -0.0410447  16778.5  1.80892  0.412786  1
677  0  -1.31328  -0.951074  16555.3  1.98712  0.166834  1
678  0  1.05878  0.596231  16261.4  2.03645  -0.0351647  1
679  0  0.997289  -1.05584  16618.5  1.98657  0.0705748  1
680  0  0.0334824  0.151132  15683.3  2.28091  0.604222  1
681  0  0.876216  -0.00838524  16628.8  1.66937  -0.230907  1
682  0  0.832725  -0.00114179  16739.1  1.58687  -0.237857  1
683  0  -0.567946  -0.428914  16593  1.94638  0.216094  1
684  0  0.87694  -0.0944476  16685.2  1.94567  -0.168137  1
685  0  0.472135  0.106539  15264  2.14767  -0.17831  1
686  0  -0.0807339  -1.28582  16649.3  1.95467  0.149146  1
687  0  -0.494965  0.398008  16325.9  2.03149  0.25836  1
688  0  0.423612  0.0621849  17423.4  0.939845  -0.0396943  1
689  0  0.587876  0.609568  16035.2  2.15781  0.0354255  1
690  0  0.380471  0.0655143  17459.6  0.852555  -0.0157705  1
691  0  0.593667  -0.0209561  17133.7  1.6906  -0.161652  1
692  0  0.451351  0.206867  15453.9  2.43246  -0.0689841  1
693  0  0.256015  -0.313689  16958.8  1.77072  0.140568  1
694  0  0.181396  -0.294933  16934.9  1.77749  0.175049  1
695  0  0.616588  0.466951  15960.5  2.19517  -0.0163332  1
696  0  0.0154849  0.246737  15858.3  2.23033  0.435708  1
697  0  0.794309  0.0578561  16006.9  1.33771  -0.215859  1
698  0  0.20852  0.296311  15558  2.38489  0.246608  1
699  0  0.841206  0.0463953  16108.8  1.16711  -0.158963  1
700  0  1.1266  0.373653  16308.9  2.01717  -0.089133  1
701  0  1.04174  0.45949  16256  2.04442  -0.0698018  1
702  0  0.611934  -1.08066  16669.4  1.95275  0.0976471  1
703  0  0.825877  0.334286  16092.4  2.1322  -0.116798  1
704  0  -0.0377499  0.093406  16220.6  2.01111  0.650617  1
705  0  -1.69123  -0.959057  16543.7  1.99299  0.157434  1
706  0  0.835344  0.197007  16099.9  2.12873  -0.192589  1
707  0  1.36588  0.259197  16403.9  1.96627  -0.0786859  1
708  0  -0.279399  0.595425  16218.7  2.07474  0.244301  1
709  0  0.646372  0.0867289  15793.7  1.80498  -0.218214  1
710  0  0.318363  0.119439  14696.4  2.57132  0.0699831  1
711  0  0.691303  0.0717504  15894.2  1.44984  -0.178586  1
712  0  0.963339  -0.0188781  16460.1  1.77315  -0.149072  1
713  0  0.428946  0.109333  15036.3  2.20366  -0.128169  1
714  0  0.204837  0.105949  14554.4  2.57086  0.374404  1
715  0  0.882441  0.0435305  16170.6  1.2364  -0.198091  1
716  0  0.463344  0.0171099  17326.9  1.51259  -0.0782744  1
717  0  0.00760993  0.0921867  15839.8  2.13926  0.79196  1
718  0  1.00479  -0.219248  16645.3  1.97196  -0.0779084  1
719  0  0.173145  0.047337  17471.4  0.750815  0.171628  1
720  0  0.329559  1.29947  16240.2  2.04602  0.132276  1
721  0  -0.228135  -1.01066  16658.5  1.94355  0.163451  1
722  0  0.73807  0.254494  15975.8  2.17956  -0.153662  1
723  0  -0.849955  0.259581  16411.4  2.00167  0.223264  1
724  0  0.946323  -0.0681424  16568.4  2.0018  -0.152959  1
725  0  0.927788  0.0336975  16228.3  1.10634  -0.166652  1
726  0  0.708729  0.121096  15878  2.32668  -0.252625  1
727  0  0.0481982  -0.156887  16888.7  1.78158  0.268555  1
728  0  0.973609  0.0289537  16291.9  1.15504  -0.15741  1
729  0  0.494026  0.100865  15291.3  1.94086  -0.187883  1
730  0  -1.26576  0.162005  16436.6  1.9958  0.190319  1
731  0  0.581258  0.0883932  15606.9  1.67506  -0.212637  1
732  0  0.730228  0.38733  16018  2.17151  -0.0835354  1
733  0  0.116887  0.0197288  17203.1  1.12083  0.42429  1
734  0  0.304678  0.0199793  17433.4  1.46833  0.102751  1
735  0  0.758888  -0.325896  16803.6  1.88395  -0.044311  1
736  0  0.78084  -0.54659  16741.9  1.91861  0.0154961  1
737  0  -0.470472  0.196859  16396  2.00717  0.281408  1
738  0  0.617906  0.0386599  17144.2  1.18407  -0.15848  1
739  0  0.769192  -0.0358434  16858.2  1.81756  -0.22071  1
740  0  0.531766  0.0513613  17283  1.05837  -0.114123  1
741  0  0.445416  0.0622612  17396.7  0.901188  -0.0502878  1
742  0  0.661101  0.0315813  17075.2  1.24065  -0.17862  1
743  0  0.215724  -0.157048  17076.8  1.69465  0.193607  1
744  0  0.898945  -0.00751348  16564.1  1.62585  -0.215174  1
745  0  0.74747  0.0169888  16904.9  1.36126  -0.201476  1
746  0  -1.66642  -1.49193  16567.9  1.992  0.152508  1
747  0  1.02523  0.026631  16444.3  1.30305  -0.193043  1
748  0  0.86223  0.0406804  16122.5  0.999125  -0.172031  1
749  0  0.359123  0.0692547  17481.6  0.719109  0.000596147  1
750  0  0.943544  -0.0134662  16449.6  1.68136  -0.169207  1
751  0  0.81174  0.00806247  16805.3  1.43344  -0.220081  1
752  0  0.0149518  -0.0620718  16817  1.80524  0.277985  1
753  0  0.109358  -0.0188493  17038.6  1.68335  0.474836  1
754  0  0.513844  0.154071  15477  2.50425  -0.18211  1
755  0  0.548039  -0.190162  17023.4  1.75664  -0.035667  1
756  0  0.323925  -0.104271  17202.1  1.62334  0.0989155  1
757  0  0.470167  0.14251  15318.8  2.58664  -0.162335  1
758  0  0.624648  0.189836  15775.8  2.29336  -0.182995  1
759  0  -0.126812  -0.338449  16743  1.86759  0.233551  1
760  0  -1.16514  -1.19954  16575.8  1.98427  0.163854  1
761  0  0.854219  -0.215883  16748.2  1.91523  -0.0961173  1
762  0  0.00522315  0.0380867  16119.8  1.75201  1.1123  1
763  0  0.807734  -0.0499521  16792.3  1.86909  -0.213652  1
764  0  0.499496  0.0116496  17286.7  1.54026  -0.107971  1
765  0  1.33544  -0.72925  16568.9  2.02094  0.0214942  1
766  0  -0.0564702  -0.0830343  16828.3  1.792  0.313805  1
767  0  1.71793  -0.229108  16477.3  2.04169  -0.0395328  1
768  0  0.897746  0.0753627  16196.5  1.9999  -0.260653  1
769  0  0.610556  0.128845  15703.4  2.42672  -0.243588  1
770  0  -0.374709  0.409166  16280.3  2.05041  0.275627  1
771  0  1.67379  -1.41788  16494  2.06149  0.0959847  1
772  0  0.260026  -0.808076  16736.6  1.90703  0.125595  1
773  0  0.611651  1.4091  16275.4  2.02632  0.109191  1
774  0  -0.888907  0.449717  16376.1  2.00857  0.214673  1
775  0  0.48855  0.056983  17349.3  0.982343  -0.086917  1
776  0  0.0536292  0.867273  16144.2  2.10237  0.176664  1
777  0  0.994485  0.0208759  16287.6  0.979414  -0.164832  1
778  0  -1.67053  1.18687  16343.3  1.99597  0.157758  1
779  0  0.315839  0.0705125  17502.8  0.618716  0.0475843  1
780  0  -0.189311  -0.570115  16702.6  1.90361  0.196747  1
781  0  0.253292  0.196899  15164  2.5394  0.219316  1
782  0  -0.421248  0.907352  16252.4  2.04888  0.202238  1
783  0  0.153039  0.0416175  17430.4  0.739272  0.214576  1
784  0  -1.04784  1.2428  16315.2  2.00891  0.174984  1
785  0  0.0032656  -0.187964  16849.3  1.80613  0.263903  1
786  0  -1.70726  0.567817  16395.4  1.99504  0.162259  1
787  0  0.383604  0.111696  14957.7  2.26323  -0.0744162  1
788  0  0.150192  -0.616622  16780.1  1.87642  0.147914  1
789  0  -1.06249  0.553906  16374  2.00534  0.197996  1
790  0  -0.785213  -0.0782707  16490.4  1.97992  0.226267  1
791  0  0.669675  0.144693  15835  2.35632  -0.232501  1
792  0  -0.0231808  0.00686424  17189.6  1.48667  0.478915  1
793  0  0.0892948  0.121431  15199.4  2.46082  0.6508  1
794  0  -0.0540513  0.301157  16017  2.16782  0.374089  1
795  0  0.12867  -0.217254  16949.5  1.76273  0.221047  1
796  0  0.407196  -0.0830552  17222.9  1.60789  0.0201921  1
797  0  0.0719595  1.20617  16221.2  2.05736  0.156585  1
798  0  0.476792  -0.122511  17135.8  1.6828  -0.0228704  1
799  0  0.487624  -0.0542696  17209.3  1.62513  -0.0683723  1
800  0  0.456792  -0.0398513  17248.5  1.60077  -0.0471331  1
801  0  0.181581  -0.0509585  17200.5  1.56436  0.287186  1
802  0  0.0955366  0.291884  15713.1  2.30788  0.351732  1
803  0  1.23624  -1.13602  16573.2  2.01424  0.0723521  1
804  0  0.656749  -0.164607  16946.4  1.80569  -0.0969057  1
805  0  0.362761  0.112361  14874.1  2.34702  -0.0377373  1
806  0  0.796448  0.279607  16050.2  2.14466  -0.143257  1
807  0  0.711173  0.0649594  15897  1.22323  -0.154308  1
808  0  1.21398  0.670353  16311.5  2.0078  -0.020074  1
809  0  0.340561  -0.0279796  17324  1.54421  0.0703327  1
810  0  0.686695  0.243249  15906.6  2.2149  -0.157722  1
811  0  0.36569  0.0225125  17413.1  1.46764  0.0222533  1
812  0  0.250005  0.109824  14609.6  2.52345  0.234105  1
813  0  -0.687051  0.190912  16417  2.00053  0.24299  1
814  0  -0.093152  -0.0624575  16772.7  1.81579  0.348955  1
815  0  0.763941  0.0582425  15940.4  1.19073  -0.1596  1
816  0  -0.353417  -0.0364528  16537.5  1.94691  0.300357  1
817  0  0.633798  -0.0101209  17082.8  1.67862  -0.186768  1
818  0  1.27666  0.400179  16360.5  1.98756  -0.0668416  1
819  0  0.381069  0.0415782  17432.8  1.28327  -0.00117614  1
820  0  -0.101351  1.74438  16276.7  2.01688  0.161962  1
821  0  0.367242  0.629751  15995.7  2.17919  0.109652  1
822  0  0.12033  -0.34499  16877  1.81003  0.185814  1
823  0  0.398752  -0.346792  16939.8  1.79218  0.0755485  1
824  0  0.319294  -0.224319  17051.3  1.72333  0.108463  1
825  0  0.907054  -0.3679  16716.6  1.93534  -0.0404545  1
826  0  0.55681  -0.0942868  17100.2  1.69797  -0.0876541  1
827  0  -0.0713077  -0.419598  16761.9  1.86576  0.209897  1
828  0  -0.979284  -0.673161  16561.2  1.9744  0.185267  1
829  0  1.17893  0.884705  16308.3  2.00761  0.0156632  1
830  0  0.418874  0.037439  17396.8  1.33672  -0.0419524  1
831  0  1.49842  -0.36211  16527.2  2.04887  -0.0275656  1
832  0  1.74346  1.34079  16416.8  1.94223  0.0609244  1
833  0  1.61481  0.0321662  16460.9  1.93032  -0.0643953  1
834  0  -0.776236  1.08575  16302.5  2.0215  0.18763  1
835  0  0.198849  1.76449  16291.5  2.00973  0.151824  1
836  0  -0.073568  -0.224552  16784.8  1.84062  0.262197  1
837  0  -0.169011  0.0651879  16484.1  1.94345  0.416377  1
838  0  0.164068  -0.083546  17115.2  1.63394  0.279405  1
839  0  0.815031  -1.1883  16632.5  1.9763  0.092667  1
840  0  -0.222588  1.04888  16230.6  2.05597  0.18617  1
841  0  0.397123  -1.35495  16646.7  1.96315  0.12617  1
842  0  -0.316509  -0.183001  16623.9  1.91517  0.271193  1
843  0  0.338974  0.110816  14746.9  2.31759  0.00994116  1
844  0  0.218736  -1.7578  16623.6  1.97556  0.142842  1
845  0  0.484728  -0.705257  16763  1.89938  0.0856831  1
846  0  0.159084  -0.00248668  17305.8  1.52184  0.371529  1
847  0  0.227359  0.106466  14603.1  2.53054  0.300551  1
848  0  0.611566  -0.377819  16871.8  1.84112  0.00880153  1
849  0  0.624406  0.0816102  15724.2  1.5636  -0.198917  1
850  0  0.980796  1.76366  16349.8  1.98436  0.105741  1
851  0  0.732687  0.0618764  15909.5  1.25834  -0.142601  1
852  0  0.791245  0.00970819  16849.1  1.45158  -0.216012  1
853  0  1.02154  0.0792286  16424.7  1.98846  -0.242689  1
854  0  0.242073  -0.454336  16862.6  1.82988  0.134516  1
855  0  0.0165513  -0.0348787  16744.5  1.81124  0.235038  1
856  0  0.760467  0.0995442  15983.2  2.2346  -0.272273  1
857  0  0.271555  0.109624  14637.2  2.43637  0.175358  1
858  0  0.377243  0.206962  15307.4  2.48635  0.0184407  1
859  0  0.768525  0.0137842  16883.5  1.42097  -0.214451  1
860  0  -0.0136144  -0.0116732  17189.9  1.61574  0.254512  1
861  0  0.630905  -0.0937444  17025.2  1.74302  -0.126082  1
862  0  0.123784  -0.0674771  17022.8  1.65551  0.340521  1
863  0  -1.0225  -1.73461  16590.2  1.98463  0.153194  1
864  0  1.17988  -0.18377  16576.1  2.01895  -0.0729665  1
865  0  0.881346  0.14363  16163.3  2.16159  -0.227317  1
866  0  -0.058533  0.590761  16100.2  2.1299  0.240122  1
867  0  0.406858  -0.00995446  17330  1.58053  -0.014627  1
868  0  0.936786  0.205029  16218.3  2.06072  -0.179093  1
869  0  0.646457  0.123361  15781.3  2.3877  -0.251582  1
870  0  1.0664  -0.324008  16639.3  1.97723  -0.0492943  1
871  0  -0.319773  -0.363817  16656.5  1.91118  0.23414  1
872  0  0.399291  0.153218  15134.6  2.66945  -0.0529832  1
873  0  0.856269  0.0946415  16122.7  2.17923  -0.263759  1
874  0  0.556815  0.17609  15627.7  2.39124  -0.176569  1
875  0  0.595227  0.209632  15740  2.30078  -0.157586  1
876  0  0.95392  0.4248  16204.4  2.0734  -0.0820218  1
877  0  0.522195  0.126253  15472.9  2.50876  -0.219377  1
878  0  0.0725373  0.0729692  14979.6  2.38981  0.858923  1
879  0  -0.311055  0.242088  16323.4  2.03231  0.320679  1
880  0  0.387445  -0.163207  17119.3  1.69146  0.0570265  1
881  0  0.366085  0.450507  15821.8  2.26429  0.0969318  1
882  0  0.148363  -0.416686  16854.1  1.82793  0.165302  1
883  0  0.682942  -0.0064226  17011  1.68893  -0.210933  1
884  0  0.131948  0.49214  15918.2  2.21719  0.222796  1
885  0  0.560853  0.120438  15584.5  2.44765  -0.237382  1
886  0  0.271526  0.0709483  17497.7  0.512013  0.0487997  1
887  0  0.883904  -0.0559314  16645.3  1.95274  -0.198569  1
888  0  0.596506  0.260929  15784.9  2.27289  -0.116363  1
889  0  -0.480952  0.653895  16272  2.04662  0.227122  1
890  0  -0.211534  -0.706773  16685.2  1.91982  0.183089  1
891  0  0.508854  0.798515  16110.8  2.12069  0.0837297  1
892  0  -0.843782  0.84618  16320.5  2.01953  0.197914  1
893  0  0.417495  -1.14764  16671.1  1.94974  0.117262  1
894  0  0.31708  0.342062  15634  2.35582  0.12936  1
895  0  0.243652  -0.0755538  17219.9  1.58399  0.189976  1
896  0  0.284425  0.940885  16150.2  2.09908  0.134189  1
897  0  -0.0645184  0.80509  16157  2.09694  0.197536  1
898  0  0.305866  0.256231  15398.4  2.45357  0.135323  1
899  0  -0.676634  0.0413037  16464.7  1.98553  0.243595  1
900  0  -1.0864  -0.271885  16505.8  1.98279  0.196338  1
901  0  -1.7362  0.247442  16430  1.99493  0.162329  1
902  0  0.449236  0.170392  15341.4  2.53658  -0.106021  1
903  0  0.841585  0.0702826  16110.5  1.89326  -0.25903  1
904  0  0.0884243  -0.134455  16936.8  1.75051  0.277935  1
905  0  1.73145  -1.05439  16491.8  2.06537  0.0616297  1
906  0  -0.502883  -0.320793  16590.8  1.94094  0.232754  1
907  0  0.436062  0.388821  15759.6  2.29596  0.0409468  1
908  0  0.438737  0.264962  15547.9  2.38467  -0.0144934  1
909  0  0.542464  1.04466  16200.9  2.0709  0.0959889  1
910  0  0.716084  1.71655  16322.9  1.99942  0.115797  1
911  0  -0.473227  1.32645  16271.5  2.02847  0.177848  1
912  0  -0.00634284  0.0199142  17024.4  1.33367  0.846211  1
913  0  0.803618  0.0977409  16049.1  2.22043  -0.273744  1
914  0  1.18006  -0.311707  16596.5  2  -0.0446481  1
915  0  0.295424  -0.045116  17300.1  1.53634  0.121303  1
916  0  0.465357  0.571296  15970.6  2.19133  0.0662675  1
917  0  -0.28738  0.151867  16383.2  2.00741  0.34003  1
918  0  -1.71557  -0.531443  16514.8  1.99138  0.16114  1
919  0  0.243244  0.0309627  17458  1.32457  0.179354  1
920  0  1.31198  0.553412  16351.8  1.98286  -0.0347629  1
921  0  0.870708  -0.0325533  16658.5  1.90626  -0.22952  1
922  0  -1.36591  1.71242  16309.9  2.00191  0.158119  1
923  0  0.551896  0.013618  17219.9  1.56047  -0.149502  1
924  0  0.336058  0.0351044  17448.3  1.34173  0.0547156  1
925  0  0.294513  0.0729653  17507.4  0.574083  0.0566524  1
926  0  0.0756739  0.000237862  16705.7  1.5345  0.535796  1
927  0  0.575223  0.0479554  17228  1.06256  -0.136584  1
928  0  0.964278  0.0613076  16284.4  1.87256  -0.254161  1
929  0  0.585473  0.00895519  17181.9  1.58929  -0.169513  1
930  0  0.691922  0.0935103  15861.1  2.12505  -0.256404  1
931  0  0.821262  0.950743  16232.4  2.053  0.0481634  1
932  0  0.88633  0.453535  16160.1  2.09479  -0.0707557  1
933  0  0.382621  0.2586  15463  2.42205  0.0337336  1
934  0  0.292453  0.142167  14835.9  2.78091  0.148516  1
935  0  0.704796  0.0272712  17001.9  1.25661  -0.189003  1
936  0  -0.00324125  -0.108088  16842.2  1.79464  0.290472  1
937  0  -0.642629  -0.7264  16603.6  1.9558  0.190647  1
938  0  0.493222  0.20903  15532  2.3938  -0.103242  1
939  0  -0.444762  0.110316  16439  1.9901  0.29138  1
940  0  0.161126  0.0961139  14600  2.5171  0.523278  1
941  0  -0.806363  -0.603256  16572.8  1.9655  0.193832  1
942  0  0.504375  -0.363945  16909.6  1.81404  0.0371199  1
943  0  0.295974  -0.366783  16924.2  1.79653  0.118131  1
944  0  -0.166611  -0.204783  16713  1.87208  0.275033  1
945  0  0.823817  0.116573  16074.3  2.25593  -0.26031  1
946  0  0.13175  0.173832  15277  2.47737  0.466786  1
947  0  0.991356  0.129677  16313.8  2.10353  -0.219994  1
948  0  0.344525  0.156551  15042.2  2.68663  0.035567  1
949  0  -0.0746439  -0.281887  16774.1  1.84874  0.244102  1
950  0  -0.582734  0.525047  16318.1  2.03099  0.23573  1
951  0  0.361335  -0.0701321  17255  1.57842  0.0593089  1
952  0  0.72725  -0.166678  16880.3  1.84138  -0.11194  1
953  0  0.734027  0.153175  15946.4  2.27484  -0.230845  1
954  0  0.117031  0.0831331  14795.2  2.44027  0.675487  1
955  0  1.71625  0.446091  16422.6  1.92894  -0.0345214  1
956  0  0.0964703  0.0801404  14810  2.46568  0.758507  1
957  0  0.780044  -0.106713  16834.2  1.86606  -0.163981  1
958  0  1.43095  -0.96953  16547.2  2.03205  0.0510047  1
959  0  0.0929574  0.354278  15814.5  2.2636  0.300779  1
960  0  0.210456  0.064712  17485.2  0.460107  0.0831684  1
961  0  0.907934  0.299639  16168.3  2.0901  -0.133048  1
962  0  0.716428  -0.0133742  16960.2  1.72878  -0.219894  1
963  0  0.828619  -0.0272398  16752.5  1.84532  -0.236497  1
964  0  0.850315  0.161686  16118.7  2.15193  -0.217597  1
965  0  0.575426  0.141951  15639  2.46991  -0.220306  1
966  0  0.20997  -0.108084  17138.9  1.6435  0.218742  1
967  0  0.0291003  -0.245387  16858.4  1.80743  0.239229  1
968  0  0.965879  -0.0431691  16512.2  2.01343  -0.14913  1
969  0  1.08978  -0.138467  16595.6  2.01397  -0.0815624  1
970  0  0.428655  0.0152202  17355.1  1.5335  -0.0487233  1
971  0  0.708296  -0.0890487  16938.3  1.79972  -0.160261  1
972  0  -0.20478  -0.0555892  16626.7  1.8967  0.335817  1
973  0  0.134386  -0.140002  16998.9  1.72225  0.259798  1
974  0  1.0924  0.120714  16417.4  2.03259  -0.163054  1
975  0  -0.171344  0.379844  16154.7  2.10434  0.311685  1
976  0  0.251361  0.073143  17496.5  0.390732  0.0628232  1
977  0  0.273269  -0.000725485  17386.6  1.53012  0.148833  1
978  0  -0.828683  -0.936779  16590.3  1.97011  0.176452  1
979  0  0.50505  -0.0902491  17155.4  1.66309  -0.0548221  1
980  0  0.0701663  0.243785  15692.9  2.30722  0.416977  1
981  0  0.897689  0.235912  16166.7  2.08444  -0.16727  1
982  0  -1.04061  0.786046  16346.4  2.00954  0.191253  1
983  0  0.537329  0.0919303  15471.9  1.70808  -0.188211  1
984  0  0.176592  0.128219  14824.1  2.73565  0.469643  1
985  0  -0.172678  0.554205  16159.1  2.10277  0.258166  1
986  0  0.223211  0.148593  14919.5  2.69914  0.315784  1
987  0  0.28571  0.541161  15915.1  2.21859  0.142808  1
988  0  -0.566932  1.10372  16277.5  2.03236  0.189177  1
989  0  -0.885959  1.50384  16297.1  2.00895  0.170181  1
990  0  -0.95766  1.77007  16295  2.00867  0.163287  1
991  0  0.552951  -0.0351421  17163.1  1.67087  -0.129343  1
992  0  0.0534325  0.0632564  15053.7  2.26995  0.953908  1
993  0  -0.877308  -0.274022  16522.5  1.97462  0.209554  1
994  0  -0.297154  0.487698  16224.8  2.07362  0.269482  1
995  0  0.812368  0.663775  16159.9  2.09396  0.000465141  1
996  0  0.725361  0.740116  16151.2  2.0998  0.0288651  1
997  0  -0.0876403  -0.533767  16738.9  1.88494  0.192265  1
998  0  0.956063  -0.165651  16652.2  1.9661  -0.105137  1
999  0  0.597521  -0.0872397  17064.6  1.71791  -0.115668  1
1000  0  0.799661  0.186472  16047.3  2.1624  -0.201102  1
1001  0  -0.343271  -1.46697  16628  1.96491  0.153125  1
1002  0  0.535391  -0.23932  16985.8  1.77662  -0.00871235  1
1003  0  0.855768  0.00123326  16690.4  1.50998  -0.228074  1
1004  0  0.548071  0.340948  15806  2.27543  -0.0457714  1
1005  0  1.49477  -0.584886  16536.3  2.04115  0.00227407  1
1006  0  0.130195  -0.0346384  17097.1  1.63114  0.392957  1
1007  0  1.56379  0.243718  16431.5  1.93474  -0.0658601  1
1008  0  0.395532  -0.800045  16741.9  1.90896  0.1038  1
1009  0  0.751849  0.212434  15989.3  2.17763  -0.181786  1
1010  0  0.916604  -0.0455036  16569.2  1.98085  -0.192593  1
1011  0  0.82674  -0.169617  16768.9  1.90091  -0.121787  1
1012  0  0.0837146  -0.207081  16908  1.78224  0.240799  1
1013  0  -0.277984  -0.282168  16662.5  1.90369  0.251704  1
1014  0  0.0472256  -0.0810256  16842  1.78333  0.315817  1
1015  0  1.11518  -1.58082  16567.3  2.01445  0.11449  1
1016  0  0.297104  -0.138292  17155.6  1.65707  0.130801  1
1017  0  -1.74835  1.74835  16319.9  1.99755  0.15164  1
1018  0  0.3497  -0.522217  16838.1  1.85081  0.103582  1
1019  0  -1.72429  -1.22761  16558.9  1.99379  0.153152  1
1020  0  -0.741947  0.531686  16345.7  2.01875  0.221558  1
1021  0  1.02301  -0.154182  16614.1  1.98753  -0.0907586  1
1022  0  -1.73784  -0.0274865  16463.7  1.9949  0.163134  1
1023  0  0.968871  1.21294  16296.3  2.01676  0.0672103  1
1024  0  0.15701  0.685677  16049.1  2.1545  0.176272  1
1025  0  -0.16484  0.12878  16352.9  2.0075  0.425152  1
1026  0  0.231407  0.0692877  17496.6  0.443284  0.0740249  1
1027  0  0.622525  -0.522207  16799.5  1.88415  0.0368741  1
1028  0  1.23972  -0.0860259  16541.4  1.92481  -0.0713318  1
1029  0  -1.49364  0.648926  16384.2  1.99639  0.171894  1
1030  0  -0.354055  -0.727146  16653.2  1.93418  0.186947  1
1031  0  -0.396698  -0.878493  16642.8  1.94433  0.176404  1
1032  0  0.0268008  0.117512  15685  2.23752  0.704949  1
1033  0  0.235928  -0.672248  16769.8  1.88728  0.130909  1
1034  0  0.140336  0.213972  15400.7  2.43239  0.400523  1
1035  0  0.0271136  -0.120934  16865.5  1.78447  0.286999  1
1036  0  -1.3619  1.39215  16323  1.99883  0.163952  1
1037  0  -0.00414687  -0.386638  16799.3  1.84656  0.206368  1
1038  0  0.843187  -1.44219  16607.8  1.99049  0.111327  1
1039  0  0.805061  0.0765457  16045.4  1.98076  -0.264712  1
1040  0  0.171908  -0.238062  16963.3  1.75719  0.195237  1
1041  0  0.736229  0.0987438  15915.5  2.24724  -0.264129  1
1042  0  -0.36338  -0.519374  16650.5  1.9222  0.209655  1
1043  0  0.211304  -0.000451913  17363.9  1.53077  0.257843  1
1044  0  0.888705  -0.174577  16712.1  1.93348  -0.114108  1
1045  0  0.968259  0.841948  16248.5  2.04401  0.0189384  1
1046  0  -1.72439  -1.74053  16571.9  1.99245  0.149816  1
1047  0  -0.193706  -0.279918  16707.4  1.88125  0.253269  1
1048  0  0.395771  -0.2828  16995.4  1.76  0.0688048  1
1049  0  0.195228  0.208409  15275.5  2.49094  0.320834  1
1050  0  1.33003  -1.38887  16547.2  2.02981  0.0953861  1
1051  0  0.724189  -0.267287  16847.8  1.86153  -0.0615815  1
1052  0  -0.0810203  0.0835887  16399.5  1.9555  0.540735  1
1053  0  0.402465  0.0695582  17444.5  0.747861  -0.0229309  1
1054  0  0.205991  -0.0340128  17277.4  1.53749  0.250847  1
1055  0  0.229942  -0.0464438  17269.8  1.54035  0.212281  1
1056  0  0.43941  -0.191937  17071.2  1.72376  0.0283852  1
1057  0  0.294962  0.0375947  17474.1  1.3184  0.106896  1
1058  0  0.387908  1.0855  16196.2  2.07339  0.12057  1
1059  0  0.449465  0.101492  15170  1.93557  -0.144598  1
1060  0  1.21443  0.0276132  16501.9  1.79286  -0.111505  1
1061  0  0.425302  -0.0436718  17266.9  1.5855  -0.0149451  1
1062  0  0.365024  0.147739  15051.9  2.71257  -0.0101968  1
1063  0  0.927478  -0.0999015  16629.3  1.97931  -0.148319  1
1064  0  -0.125885  0.240862  16167.3  2.10167  0.398002  1
1065  0  0.0970605  -0.852213  16713.5  1.91543  0.146094  1
1066  0  1.4433  0.926356  16362.5  1.97373  0.0189205  1
1067  0  -0.348493  -1.75077  16621.8  1.97362  0.148501  1
1068  0  0.2625  0.232269  15313.2  2.48186  0.191164  1
1069  0  0.218611  0.125413  14770.5  2.79736  0.3467  1
1070  0  0.189753  0.0610977  17486.3  0.430958  0.0864512  1
1071  0  0.0335253  -0.0122139  16167.7  1.95865  0.33571  1
1072  0  0.0217073  -0.0194725  16401  2.00716  0.168762  1
1073  0  -0.13961  -0.105137  16715.3  1.85293  0.322747  1
1074  0  1.76429  -1.76575  16480.1  2.05091  0.121479  1
1075  0  0.521442  0.230925  15623.9  2.34428  -0.102945  1
1076  0  -0.796882  -1.62174  16599.9  1.97867  0.155032  1
1077  0  0.632894  0.535655  16021.2  2.16414  0.00100085  1
1078  0  0.299753  0.299899  15527.5  2.40393  0.143054  1
1079  0  -1.22095  0.436561  16398.8  1.99956  0.190496  1
1080  0  0.486134  -0.164747  17083  1.71993  -0.0106134  1
1081  0  0.914774  0.136344  16205.4  2.14925  -0.226545  1
1082  0  0.663638  -0.118007  16976.1  1.77827  -0.124308  1
1083  0  0.279947  -0.252335  17013.6  1.73974  0.132471  1
1084  0  0.132637  0.988286  16172.7  2.08743  0.156997  1
1085  0  1.36192  -0.0846703  16486.4  1.93928  -0.0551053  1
1086  0  1.00699  -0.0464305  16523.7  1.98432  -0.0964355  1
1087  0  1.10727  1.10021  16315.5  2.00471  0.0470152  1
1088  0  0.764838  0.142237  15992.6  2.26788  -0.241146  1
1089  0  1.06801  0.17203  16356.2  2.01307  -0.159526  1
1090  0  -0.0233981  -0.218865  16822.3  1.82317  0.257528  1
1091  0  0.156289  -0.0272539  17203  1.58721  0.35561  1
1092  0  0.0164306  -0.736211  16725.8  1.90466  0.160675  1
1093  0  -0.282123  -0.0179295  16549.4  1.93553  0.324927  1
1094  0  1.01032  -0.0220127  16509.3  1.76106  -0.0776504  1
1095  0  1.02625  -0.00493199  16488.4  1.35398  -0.0561619  1
1096  0  -0.585266  -1.1243  16616.1  1.96496  0.167521  1
1097  0  -1.2118  0.957756  16342.6  2.00631  0.17818  1
1098  0  -0.0712489  -0.141801  16790.4  1.82077  0.293152  1
1099  0  -1.43653  -0.0916421  16469.8  1.99333  0.178318  1
1100  0  -0.0864306  0.19823  16141  2.10389  0.451281  1
1101  0  0.699192  -0.0583247  16970.6  1.79148  -0.183972  1
1102  0  -0.105641  -0.0135151  16714.1  1.82674  0.410027  1
1103  0  1.4123  1.80795  16404.2  1.95754  0.0929348  1
1104  0  -0.163331  -0.000102031  16607.6  1.89255  0.388261  1
