370  528  907
333  674  790
313  585  920
412  585  920
373  522  1087
528  571  907
505  674  790
25  492  1067
414  569  736
404  616  1038
452  771  905
16  479  544
427  562  888
289  515  620
57  815  851
410  455  568
20  563  1015
268  566  893
279  435  545
373  552  1087
416  559  686
286  535  696
281  482  1004
36  533  778
350  495  532
307  383  724
279  435  610
370  453  908
365  524  1025
305  485  671
365  525  526
319  535  556
461  612  975
373  552  574
502  641  719
366  591  709
390  675  959
1  10  634
437  594  646
1  45  634
288  498  755
317  400  752
53  54  551
286  696  794
443  564  1027
406  599  716
56  57  815
49  50  553
40  455  650
416  686  721
346  467  914
392  599  716
0  138  572
406  597  764
399  739  763
55  56  815
423  641  719
277  548  673
366  709  869
274  829  1045
302  608  809
272  509  892
439  865  1081
365  524  1064
381  575  760
410  504  720
47  48  554
347  637  781
447  607  890
285  589  698
348  506  1056
430  703  732
400  510  860
24  25  1067
358  494  633
25  492  1076
323  444  580
375  516  844
387  597  764
286  794  1064
430  562  732
288  498  826
271  491  576
35  36  778
348  507  1056
370  453  664
403  515  620
342  736  1027
407  589  698
434  571  916
34  596  778
490  569  593
349  607  890
12  585  955
23  516  844
389  745  859
55  697  815
342  630  736
411  571  916
563  616  1038
382  635  637
277  480  675
365  529  1025
300  556  1025
398  552  574
378  456  891
352  601  946
17  771  905
269  649  1018
347  457  514
362  484  541
20  21  563
352  473  643
401  709  869
395  653  928
270  569  593
401  592  769
450  509  889
537  771  1074
415  640  918
277  612  675
363  657  683
450  782  889
282  460  557
352  471  643
287  464  706
450  509  892
317  400  590
379  639  846
336  662  1101
388  592  769
393  550  602
619  881  987
373  522  1066
423  639  846
334  671  862
345  476  531
319  535  680
407  589  619
339  632  858
314  549  662
478  784  1097
580  782  840
418  754  757
525  794  1064
281  550  732
276  602  603
389  538  962
289  515  627
310  686  721
421  575  760
378  499  909
439  519  1081
534  636  676
399  543  739
40  455  820
293  458  868
395  653  768
319  556  704
559  566  893
367  581  743
278  555  737
368  584  872
60  61  591
340  684  1063
394  555  813
358  424  465
54  551  697
500  640  918
397  768  873
378  499  931
416  559  566
367  665  743
308  535  680
368  598  713
358  494  1052
21  563  616
415  705  918
15  16  544
391  633  1102
482  562  888
290  613  621
312  402  1085
485  671  862
315  605  799
365  525  1064
368  584  902
400  510  590
480  675  959
369  628  683
34  35  778
445  637  781
328  720  773
318  628  683
307  383  611
23  516  1067
281  562  732
281  528  1004
389  543  859
323  444  708
434  571  881
76  77  710
19  537  1074
399  751  852
312  767  831
321  613  614
375  559  686
785  967  1090
279  565  735
284  507  880
368  598  872
54  55  697
524  556  1025
306  618  1088
292  462  672
611  622  1086
398  499  1023
496  596  1097
295  583  760
341  612  975
342  629  630
306  536  1088
535  556  1100
297  536  953
410  455  820
373  574  634
293  458  621
380  493  1031
341  526  994
280  718  870
394  723  813
277  548  866
387  605  923
351  502  617
349  607  721
323  580  782
19  20  537
302  809  951
364  601  680
376  578  632
352  473  635
271  491  759
301  539  663
440  708  889
270  569  736
63  64  592
422  785  967
272  509  1020
420  854  943
274  499  931
381  570  583
443  564  649
274  829  1087
282  881  907
342  564  1027
278  555  687
393  550  732
362  560  854
429  779  925
496  789  1079
347  457  578
353  520  939
423  641  846
418  685  757
394  555  687
484  541  1037
330  546  809
380  583  1096
20  537  1015
386  600  817
26  27  575
271  576  780
549  662  1101
435  498  755
308  535  696
461  612  675
399  543  852
436  598  872
296  606  1011
122  123  600
449  727  904
352  471  793
429  531  925
72  73  598
268  629  702
61  591  709
270  630  631
408  600  817
380  493  937
61  62  709
480  589  884
379  639  733
114  115  599
379  615  733
273  568  840
362  854  882
31  500  1022
280  487  558
116  117  597
468  606  957
284  507  824
336  538  962
445  625  698
468  606  1011
281  550  695
294  485  838
135  136  609
315  475  716
461  525  794
297  511  953
411  528  571
355  784  1097
281  482  562
373  523  1066
427  647  810
521  815  851
427  562  810
333  674  723
11  12  523
30  705  918
397  715  768
562  722  810
436  517  805
289  540  627
294  581  973
359  534  676
285  489  625
445  660  698
393  703  732
335  650  911
280  569  870
77  624  710
524  556  1100
305  485  904
108  109  604
355  596  1097
410  504  835
270  593  631
297  647  810
391  590  814
371  640  670
326  481  769
390  696  794
368  508  757
389  538  739
439  706  981
280  569  825
435  545  1002
432  568  911
295  677  760
547  720  1058
546  809  915
21  22  616
323  782  889
375  516  686
318  657  937
286  535  1100
457  514  812
564  649  1018
349  721  1031
321  437  646
27  575  1046
350  495  842
378  501  996
508  685  757
387  605  764
438  521  851
370  528  1004
341  526  975
369  627  906
374  629  702
372  458  961
504  720  773
285  589  959
356  619  987
424  704  717
553  715  768
488  626  878
303  567  632
405  472  796
342  564  845
590  766  814
96  97  615
382  644  714
368  508  713
413  558  735
378  456  909
561  684  1063
344  606  684
301  663  977
339  584  872
283  967  1012
400  667  860
398  499  773
315  605  764
394  687  950
480  589  959
308  577  980
485  838  862
381  570  1076
385  496  1079
502  617  960
449  727  1012
430  562  722
353  620  939
303  578  632
420  693  943
353  529  530
415  677  705
77  78  624
369  515  790
273  568  797
42  504  910
334  862  1006
313  585  1066
451  611  969
526  770  994
354  623  689
320  653  928
624  710  934
12  13  955
373  523  832
455  650  911
292  462  785
338  605  923
53  551  699
556  704  1052
493  657  937
318  657  683
330  546  734
346  467  831
17  18  771
359  534  855
577  601  946
287  706  981
413  468  952
316  653  768
441  724  1010
299  692  908
290  621  700
268  566  772
338  691  991
387  651  740
345  476  919
431  718  870
496  596  1029
327  754  757
366  726  791
334  470  676
453  692  908
325  739  763
328  720  1058
413  468  1011
282  460  894
317  586  752
388  661  731
452  771  1050
339  872  1062
328  499  909
567  632  858
287  464  806
98  99  639
476  531  886
304  505  674
294  581  743
415  640  670
352  601  793
449  581  973
309  635  637
371  900  993
327  573  754
487  558  761
351  502  641
432  782  840
322  641  846
365  526  879
344  606  763
362  541  666
386  648  738
316  768  873
280  487  718
371  628  993
393  602  932
293  519  868
50  553  715
376  517  710
571  881  907
369  683  906
361  512  638
432  568  840
425  665  743
28  746  1019
275  623  689
323  708  889
298  664  888
427  758  875
92  93  667
284  497  756
414  558  735
276  603  678
444  580  897
283  638  822
12  523  585
296  561  684
304  730  1099
337  754  874
371  628  941
439  519  868
138  572  712
436  872  1062
383  611  1086
403  555  737
353  520  917
403  515  899
413  558  761
49  553  725
417  564  845
326  481  758
82  83  644
381  575  863
271  759  827
279  565  848
274  499  1023
392  688  741
84  85  643
321  613  974
372  542  961
402  518  1085
364  488  626
377  593  631
295  670  677
325  538  669
291  804  952
89  90  642
390  696  980
306  536  1000
389  655  745
584  692  902
324  646  1028
407  619  894
310  570  1096
525  526  975
369  515  627
310  570  1001
570  583  1096
39  40  650
48  554  725
454  605  799
405  472  798
11  523  832
459  838  966
411  689  916
425  895  966
447  607  1092
348  545  1002
118  119  651
427  875  888
359  752  855
120  121  648
422  967  1012
124  125  654
414  565  735
406  716  764
489  577  980
418  685  729
404  616  841
356  673  987
289  540  842
537  771  1050
334  470  753
354  550  602
268  772  1008
126  127  655
374  631  679
308  577  601
492  570  1076
473  635  984
342  629  845
541  666  997
512  967  1090
358  424  704
438  807  851
442  887  1010
434  881  987
47  554  728
297  536  1009
390  802  959
396  521  815
94  95  636
378  623  996
310  686  1001
308  601  680
372  458  621
459  895  966
421  575  746
28  29  1019
374  630  631
355  784  1036
435  755  1002
343  608  811
575  746  1046
14  582  833
270  630  736
396  618  856
297  511  647
387  597  740
460  557  933
405  497  796
31  32  1022
393  542  703
387  651  923
315  475  800
279  610  1051
359  671  676
298  573  874
426  829  1045
67  68  659
398  552  1023
346  490  914
380  587  937
330  608  811
31  500  918
389  543  739
65  66  661
356  589  884
60  591  711
438  726  1041
348  823  942
293  621  1089
390  675  794
405  798  1080
278  520  879
278  520  737
379  615  753
428  811  924
494  633  1102
362  560  788
370  557  908
356  589  619
380  658  1031
346  490  593
312  402  833
380  583  978
469  862  1006
448  747  853
334  671  676
479  544  1005
292  668  836
269  854  943
299  908  933
418  659  729
326  647  758
362  484  882
386  648  929
376  632  948
365  529  917
421  677  705
415  670  677
409  674  723
544  767  831
332  726  953
414  569  825
307  724  1063
375  616  841
294  485  973
287  703  961
281  528  695
353  620  816
390  802  980
411  528  695
433  507  824
273  580  897
444  548  866
374  629  630
396  618  913
357  527  645
381  583  760
465  762  912
290  614  707
14  767  833
476  617  1026
325  606  763
399  682  751
273  776  897
477  883  962
276  602  932
416  607  721
385  588  901
131  132  682
391  510  590
357  645  896
386  600  738
357  776  1084
133  134  681
457  578  934
505  900  993
658  721  1031
282  619  894
314  549  861
436  787  805
466  668  836
321  614  1060
378  623  891
385  588  730
451  594  646
371  828  941
449  581  795
495  532  972
470  636  676
436  517  1062
367  693  694
424  465  762
491  576  871
314  579  691
283  795  1040
69  70  685
398  574  850
377  679  803
410  568  797
42  43  910
397  699  748
328  499  773
388  592  731
36  533  1017
304  674  730
565  736  1027
435  498  804
501  603  1045
268  629  1008
16  479  905
285  625  698
351  663  1043
355  596  778
455  568  911
320  448  928
314  691  817
0  747  777
285  489  802
277  480  884
110  111  690
462  727  785
276  678  701
385  496  1029
112  113  688
382  644  984
429  734  924
64  592  731
403  555  813
278  526  770
376  710  934
290  613  614
386  691  817
330  811  924
63  592  849
378  501  931
389  655  962
476  617  919
357  548  1024
322  641  1043
446  576  780
359  752  1014
427  647  758
300  494  1052
283  694  1040
361  759  827
474  923  929
335  911  988
374  679  839
114  599  741
90  91  762
115  599  775
446  657  1030
374  702  839
377  631  679
426  603  1045
471  626  956
91  762  912
116  597  775
94  636  1071
602  603  995
472  796  1061
319  704  717
72  598  713
348  506  1002
414  565  736
363  540  871
357  896  1084
453  664  1075
303  578  781
330  608  809
334  753  1006
414  558  825
289  495  842
371  640  900
395  553  768
73  598  787
588  730  1099
117  597  740
122  600  738
317  672  936
411  695  1077
357  548  776
382  635  984
419  809  915
397  715  748
365  879  917
108  604  779
289  495  816
123  600  742
109  604  749
343  608  867
325  538  739
345  734  977
484  638  822
392  688  830
364  601  793
298  664  1075
301  546  977
579  691  991
326  647  791
523  585  1066
303  898  1068
388  661  885
97  615  733
96  615  926
300  556  1052
476  976  1026
327  573  938
445  637  1049
295  583  978
416  566  1065
482  664  888
408  662  883
447  666  997
355  778  1036
445  660  1068
307  561  1063
548  673  1024
339  584  858
29  30  705
278  526  879
23  24  1067
459  801  838
320  853  947
451  611  622
42  504  835
409  674  730
646  1028  1060
388  769  965
422  727  1012
52  53  699
333  723  813
465  633  792
401  769  869
391  510  633
384  700  818
320  653  947
420  854  882
376  578  934
340  724  1010
291  669  952
13  14  582
358  465  633
417  560  1018
298  874  875
363  657  1042
405  1056  1080
303  567  898
312  767  833
26  575  863
337  486  885
292  668  1098
438  521  1041
428  690  749
511  726  791
481  769  965
332  726  1041
322  1043  1054
386  691  929
373  634  832
337  486  877
369  790  993
316  595  873
50  51  715
629  845  1008
290  700  818
554  728  928
137  138  712
350  842  1013
443  565  848
135  609  744
392  599  741
348  507  1048
336  538  1101
299  584  692
396  521  856
382  637  986
59  60  711
136  609  750
529  530  837
284  497  880
100  101  719
429  531  1057
398  773  910
613  621  1089
573  754  874
411  689  1077
408  654  883
345  663  919
339  632  948
332  618  856
511  647  791
417  564  1018
34  596  786
456  645  896
510  633  792
283  638  967
317  586  936
314  579  999
329  679  803
348  545  942
71  72  713
48  49  725
448  728  928
309  625  1049
375  616  844
344  684  887
394  950  1020
314  662  817
364  488  1032
0  572  1094
98  639  733
428  604  924
278  687  770
468  669  952
353  529  917
408  662  817
392  716  970
337  754  877
354  623  996
320  448  853
372  700  701
532  972  1073
271  827  997
81  82  714
557  908  933
429  604  924
351  617  919
78  624  857
40  41  820
413  761  1011
418  754  877
474  651  923
368  757  902
371  670  828
512  638  967
409  774  789
533  778  1036
30  31  918
294  838  966
46  47  728
340  887  1010
518  614  1060
115  116  775
400  752  855
372  621  700
425  656  1016
95  636  926
618  913  945
474  648  929
438  711  807
419  656  756
425  665  1016
343  513  819
432  911  988
464  722  806
419  809  951
384  700  701
376  517  948
295  670  828
304  640  900
511  726  953
405  497  880
90  642  762
301  656  915
656  756  1016
410  720  797
363  683  906
343  513  830
272  774  789
395  554  928
97  98  733
82  644  714
73  74  787
347  514  986
377  593  765
610  804  952
397  699  903
399  763  963
395  553  725
471  626  793
275  623  891
453  692  938
99  639  783
64  65  731
107  108  779
312  467  831
475  716  970
540  842  1013
457  812  857
117  118  740
649  823  942
68  69  729
295  587  828
516  686  1001
304  505  900
492  570  1001
379  846  1091
424  642  762
418  659  877
419  756  951
423  719  783
425  656  895
547  720  797
275  689  916
123  124  742
279  545  848
121  122  738
393  542  932
10  634  832
477  654  883
289  620  816
305  727  904
401  592  849
109  110  749
113  114  741
527  673  987
317  672  766
444  548  897
435  610  804
395  554  725
298  875  888
33  34  786
312  467  1085
369  628  993
410  820  835
488  717  1032
127  128  745
282  619  881
402  518  614
324  451  969
498  826  999
309  625  1034
118  651  740
318  628  941
347  578  781
302  796  1061
306  618  945
534  636  1071
315  716  764
416  607  1065
310  658  1096
335  834  988
454  579  991
461  675  794
121  648  738
301  656  895
394  723  774
275  645  891
396  697  815
454  826  979
134  135  744
363  540  906
297  722  810
83  644  940
385  786  901
58  59  807
471  954  956
269  649  823
433  507  1048
428  690  819
454  579  826
330  734  924
327  692  938
124  654  742
345  531  1057
84  643  940
344  763  963
477  655  962
380  587  978
130  131  751
527  645  821
299  584  858
338  605  991
541  827  997
65  661  731
51  52  748
372  542  876
32  33  901
85  643  954
327  692  902
464  536  1000
68  659  729
136  137  750
340  684  887
301  539  1055
586  752  1014
127  655  745
74  75  805
470  636  926
504  773  910
413  610  952
520  879  917
338  691  929
463  668  1098
299  858  933
91  92  912
310  658  721
446  657  1042
335  650  989
452  905  958
539  663  1043
351  663  919
478  784  834
119  651  927
120  648  927
441  712  750
301  546  915
336  883  962
407  660  698
79  80  812
306  595  945
522  829  1087
347  637  986
302  796  951
76  710  843
424  642  717
356  673  884
399  682  963
10  11  832
125  654  935
546  734  977
89  642  992
295  587  978
302  608  867
282  557  907
325  606  957
275  645  821
317  590  766
126  655  935
361  512  949
304  640  1099
466  668  944
110  690  749
296  606  684
372  701  876
379  1006  1091
113  688  741
412  585  955
375  559  841
284  665  824
463  668  1073
402  614  707
67  659  983
69  685  729
408  654  742
660  898  1068
517  710  843
311  972  1073
277  612  866
66  661  983
99  100  783
445  625  1049
490  569  870
419  656  915
476  886  976
300  494  837
470  615  753
472  800  1061
420  693  694
321  437  974
14  15  767
440  708  994
361  638  1037
283  694  822
364  680  1032
363  576  871
336  662  883
338  923  929
16  17  905
428  604  749
343  867  970
360  873  945
420  694  822
493  657  1030
316  595  865
367  693  1083
273  580  840
287  703  806
545  848  942
461  525  975
438  711  930
335  784  834
362  666  788
483  922  990
41  42  835
540  627  906
422  727  785
370  557  907
357  527  1024
37  38  922
438  726  930
37  922  1017
464  536  1009
483  784  1036
62  709  849
469  838  862
479  905  958
352  635  946
404  702  893
93  94  1071
367  665  1083
384  678  808
549  971  1082
131  682  751
344  503  963
134  681  744
434  821  987
280  558  825
367  694  1040
78  79  857
539  1043  1054
484  638  1037
0  46  777
442  681  744
44  574  850
337  874  965
80  81  847
92  792  912
22  23  844
331  772  1065
346  593  765
277  673  884
341  985  994
129  130  852
70  685  1059
448  728  777
542  703  961
112  688  1053
329  679  839
111  690  1053
350  532  944
567  858  933
344  503  921
57  58  851
426  603  678
359  671  1014
59  711  807
326  769  869
128  129  859
354  550  1077
533  922  1017
353  530  1093
413  735  1051
308  696  980
612  866  985
307  998  1021
331  772  1033
25  26  863
324  451  646
284  665  1016
273  797  1084
38  922  990
437  747  853
133  681  1003
309  946  1034
293  519  947
429  604  779
519  653  947
132  682  1003
332  618  1088
52  699  748
470  615  926
443  565  1027
441  724  968
297  722  1009
437  652  853
307  561  998
305  586  1014
92  667  860
15  544  767
421  677  760
43  44  850
382  714  1069
292  672  1098
290  707  818
501  603  995
574  634  1103
41  820  835
406  599  775
75  76  843
431  870  914
406  597  775
665  824  1083
331  666  788
460  567  898
324  864  969
4  36  1017
4  37  1017
51  715  748
268  702  893
450  834  892
462  672  936
62  63  849
74  787  805
507  880  1056
306  706  964
87  88  878
100  719  783
276  701  876
105  106  886
409  723  774
460  567  933
81  714  847
38  39  990
497  756  951
137  712  750
561  998  1044
305  727  1035
502  960  1070
488  642  717
296  1011  1044
361  759  949
426  678  808
498  804  1082
515  790  899
488  878  992
29  705  1019
489  802  980
538  669  971
408  600  742
306  706  1000
443  848  942
431  864  914
547  797  1084
443  649  942
430  703  806
404  841  893
423  639  783
448  747  777
283  795  1012
366  726  930
384  678  701
288  826  979
315  799  800
44  45  1103
306  595  964
95  96  926
541  827  1037
119  120  927
44  574  1103
401  709  849
485  904  973
466  759  949
472  799  979
284  756  1016
125  126  935
71  713  1059
441  712  968
106  107  925
417  560  1033
345  663  977
403  620  939
436  598  787
405  880  1056
426  808  829
3  27  1046
3  28  1046
83  84  940
58  807  851
272  789  982
107  779  925
469  801  838
466  759  1047
366  591  930
591  711  930
489  577  1034
396  697  1039
22  616  844
85  86  954
101  719  1070
80  812  847
314  861  999
79  812  857
288  755  1080
498  861  1082
446  576  1042
430  722  806
429  734  1057
454  605  991
472  798  979
271  780  997
360  551  903
25  863  1076
128  745  859
437  594  747
487  718  998
464  722  1009
412  818  920
75  805  843
318  937  941
451  594  622
93  667  1072
86  87  956
481  758  875
102  103  960
269  854  1018
104  105  976
425  743  966
462  727  1035
130  751  852
444  708  985
331  1065  1092
341  612  985
325  669  957
433  693  943
577  946  1034
66  67  983
431  864  969
92  792  860
309  635  946
360  551  1039
433  693  1083
588  1022  1099
428  811  819
354  689  1077
434  821  916
412  955  1007
500  640  1099
497  796  951
88  89  992
403  813  899
482  664  1004
2  18  1074
2  19  1074
652  853  947
32  901  1022
489  625  1034
366  791  869
364  626  793
343  830  970
363  576  1042
294  743  966
298  573  1075
440  687  770
367  581  1040
457  624  857
548  776  897
296  561  1044
46  728  777
509  950  1020
587  828  941
305  586  1035
513  690  819
441  609  750
513  688  830
291  971  1082
132  133  1003
337  885  965
505  790  993
527  821  987
442  681  921
463  814  1073
607  1065  1092
331  788  1033
442  609  744
313  829  1066
520  737  939
383  724  968
129  852  859
456  645  891
103  104  1026
343  811  819
322  801  1091
279  735  1051
500  1022  1099
319  680  1032
481  874  965
45  634  1103
346  831  1005
396  913  1039
345  734  1057
474  651  927
111  112  1053
474  648  927
269  823  943
101  102  1070
417  772  1033
501  931  1045
473  644  940
404  702  839
106  886  925
420  822  882
13  582  955
473  643  940
413  610  1051
70  71  1059
385  730  1079
311  972  1104
478  834  892
39  650  990
513  688  1053
444  866  985
302  867  1061
513  690  1053
380  658  1096
351  641  1043
385  786  1029
486  659  983
486  661  983
483  922  1036
595  873  945
400  667  855
354  602  995
447  780  997
471  643  954
566  772  1065
475  867  970
292  836  1090
421  705  1019
459  801  1054
477  654  935
87  878  956
708  985  994
508  713  1059
522  829  1066
437  652  974
333  790  899
452  803  958
88  878  992
397  873  903
477  655  935
105  886  976
370  664  1004
501  995  996
377  803  958
412  707  818
409  730  1079
439  706  964
421  746  1019
486  659  877
440  687  950
486  661  885
86  954  956
487  761  1044
402  833  1007
551  699  903
0  747  1095
508  685  1059
361  827  1037
457  624  934
433  823  943
473  644  984
331  666  1092
559  841  893
377  765  958
469  801  1091
442  887  921
551  697  1039
329  839  1038
533  922  1036
613  974  1089
305  671  1014
481  874  875
450  834  988
502  719  1070
344  887  921
391  814  1102
446  890  1030
459  1054  1055
326  791  869
595  865  964
475  867  1061
464  706  1000
291  804  1082
287  961  981
300  837  1025
285  802  959
516  1001  1067
449  795  1012
440  889  950
449  904  973
479  765  958
532  668  1073
452  803  1050
587  937  941
506  755  1080
398  850  910
335  784  989
761  1011  1044
313  808  829
104  976  1026
349  890  1030
494  837  1104
394  774  1020
560  854  1018
383  572  968
586  936  1035
527  673  1024
103  960  1026
492  1001  1067
291  669  971
309  637  1049
487  998  1044
360  873  903
588  901  1022
102  960  1070
472  799  800
458  961  981
488  642  992
402  707  1007
417  772  1008
307  611  1021
506  755  1002
503  681  1003
503  682  1003
454  799  979
33  786  901
491  759  1047
446  780  890
274  931  1045
431  718  1021
596  786  1029
322  801  1054
447  780  890
311  814  1073
358  704  1052
530  972  1093
384  808  920
275  821  916
403  737  939
321  646  1060
463  672  766
316  653  1081
579  826  999
272  892  982
491  871  1013
272  774  1020
288  798  979
468  669  957
445  781  1068
496  789  982
503  681  921
512  836  949
611  969  1021
456  896  1058
542  876  932
329  1015  1038
293  652  947
572  712  968
28  746  1046
409  789  1079
433  823  1048
379  753  1006
517  805  843
360  913  945
479  765  1005
582  955  1007
439  868  981
404  839  1038
466  944  1047
329  803  1050
381  863  1076
327  757  902
392  830  970
467  1028  1085
431  969  1021
503  682  963
346  765  1005
495  816  1093
439  865  964
450  782  988
532  668  944
463  766  814
650  989  990
506  1056  1080
531  886  925
412  707  1007
333  813  899
467  864  1028
441  609  1010
521  856  1041
514  812  847
442  609  1010
301  895  1055
594  622  1095
484  822  882
324  864  1028
293  652  1089
475  800  1061
388  885  965
407  660  1078
384  818  920
540  871  1013
581  795  1040
660  898  1078
348  823  1048
292  785  1090
353  816  1093
530  972  1104
383  572  1086
432  782  988
514  986  1069
319  717  1032
417  845  1008
718  998  1021
276  876  932
550  695  1077
0  1094  1095
340  724  1063
483  784  989
354  995  996
274  1023  1087
18  771  1074
440  770  994
447  666  1092
478  982  1097
288  798  1080
478  892  982
313  808  920
512  836  1090
543  852  859
433  824  1083
560  788  1033
465  792  912
617  960  1026
530  837  1104
458  868  981
460  894  1078
495  972  1093
43  850  910
360  913  1039
517  948  1062
350  1013  1047
350  944  1047
456  909  1058
544  831  1005
382  986  1069
462  936  1035
714  847  1069
563  1015  1038
509  889  950
667  855  1072
534  855  1072
483  989  990
549  861  1082
547  896  1058
529  837  1025
459  895  1055
463  672  1098
316  865  1081
491  1013  1047
652  974  1089
519  653  1081
329  1015  1050
539  1054  1055
626  878  956
518  1028  1060
332  953  1088
466  836  949
322  846  1091
467  864  914
460  898  1078
573  938  1075
498  861  999
490  870  914
496  982  1097
273  776  1084
538  971  1101
303  781  1068
407  894  1078
510  792  860
582  833  1007
453  938  1075
332  856  1041
311  814  1102
311  1102  1104
549  971  1101
534  1071  1072
93  1071  1072
286  1064  1100
518  1028  1085
349  1030  1031
328  909  1058
494  1102  1104
572  1086  1094
536  953  1088
547  896  1084
469  1006  1091
493  1030  1031
524  1064  1100
514  847  1069
552  1023  1087
339  948  1062
537  1015  1050
622  1094  1095
594  747  1095
622  1086  1094
