375  485  1005
375  508  1005
363  510  953
430  459  620
447  602  622
348  543  562
300  565  756
349  497  661
324  484  643
307  498  604
267  477  802
94  95  497
472  626  628
278  605  1003
414  556  1017
355  413  442
487  561  791
434  978  1016
385  498  604
334  544  610
355  560  670
390  405  771
390  449  611
393  602  622
314  418  477
383  504  541
415  421  835
287  524  746
57  769  818
320  501  590
418  477  615
89  90  520
320  501  644
342  405  574
334  431  492
385  498  649
328  455  714
369  623  634
328  494  714
323  427  495
298  481  577
306  498  649
333  578  657
428  529  984
411  744  913
314  435  535
423  487  999
55  56  769
363  517  953
373  505  659
349  498  761
33  34  494
337  553  722
40  461  627
379  630  647
111  112  651
378  507  847
373  409  600
290  448  648
371  496  781
479  630  647
34  494  713
291  483  518
477  618  802
35  567  713
10  629  851
281  523  843
383  543  562
343  519  594
55  664  769
565  756  895
380  693  841
273  551  584
307  503  666
402  578  657
400  524  754
388  523  843
367  515  760
56  57  769
334  610  898
4  37  667
4  36  667
294  560  725
53  54  540
332  486  856
24  541  817
39  40  627
345  695  863
40  461  847
453  625  924
395  626  628
318  480  619
298  536  610
328  494  579
271  476  897
271  482  897
475  695  863
351  539  662
445  657  826
329  530  889
382  417  640
352  545  549
548  661  973
443  669  725
438  554  734
423  487  822
313  573  766
445  657  864
461  507  847
273  551  576
298  536  577
304  440  854
415  715  835
285  438  734
340  395  805
128  129  547
379  619  647
343  519  745
413  442  645
12  511  851
373  505  738
34  35  713
430  458  532
294  669  725
382  522  546
322  430  459
274  556  688
377  740  846
524  754  983
269  773  928
271  439  482
382  417  685
325  555  583
316  591  785
294  560  670
390  405  581
409  524  746
344  470  572
291  480  518
392  702  857
307  503  604
358  561  791
266  496  781
384  787  949
349  498  668
304  533  854
365  458  532
371  496  931
66  67  539
289  600  716
325  506  732
363  510  993
314  435  922
280  564  625
289  600  637
743  770  903
349  661  973
354  558  583
377  525  740
348  543  636
360  590  668
312  666  696
297  558  583
330  447  516
96  97  548
112  651  994
440  716  854
347  464  617
347  465  617
341  550  728
272  523  744
385  596  604
98  99  552
29  30  537
10  11  851
404  488  726
299  452  951
387  564  625
375  485  660
366  460  739
70  71  568
515  687  840
285  526  806
317  519  789
332  486  777
338  473  563
45  514  961
415  421  882
42  804  827
315  743  770
382  522  685
362  450  724
44  45  514
315  573  960
23  24  541
411  523  744
317  519  745
378  687  840
514  629  961
31  32  475
380  516  841
100  101  559
359  559  678
328  455  925
278  538  1003
499  585  651
267  515  760
412  567  955
271  476  768
504  541  885
383  562  974
482  744  913
393  559  855
359  552  678
334  544  711
399  550  728
28  549  727
359  559  855
306  501  590
370  466  930
373  409  694
332  444  777
319  390  771
295  529  631
327  518  943
54  540  664
556  557  1017
355  413  560
454  587  852
334  431  558
344  713  714
31  475  695
296  487  561
29  537  727
354  488  568
462  578  1013
329  680  888
17  701  735
433  600  738
351  479  662
387  625  924
39  569  627
293  554  876
492  614  797
94  497  592
284  487  999
500  654  729
403  594  992
392  654  729
275  615  621
380  889  950
383  504  974
345  695  990
312  696  838
309  623  634
530  889  950
412  667  955
326  627  946
54  55  664
353  445  525
347  465  536
404  732  962
399  893  944
269  679  773
374  526  873
92  638  914
324  484  737
369  495  593
391  812  836
428  529  631
339  527  833
366  514  921
416  701  741
281  441  782
368  492  614
307  498  761
347  464  623
390  611  707
337  553  904
425  652  798
308  790  919
298  481  715
512  967  978
387  564  613
573  632  960
392  528  857
527  706  756
343  594  992
494  713  714
133  134  581
387  612  613
280  529  984
495  593  788
335  457  528
351  479  647
325  555  759
457  531  723
370  613  930
268  796  830
341  541  885
376  585  680
33  494  579
433  600  716
330  447  622
266  953  1017
347  536  577
286  596  597
283  571  844
288  683  784
311  557  993
81  82  593
431  492  752
291  542  865
349  497  871
393  622  855
376  606  842
290  448  642
362  450  674
320  419  794
381  443  601
362  674  844
325  732  962
321  496  931
303  587  852
426  701  735
407  633  746
296  561  879
509  769  818
314  418  922
363  629  921
422  571  710
28  29  727
363  511  993
305  588  943
381  796  830
310  586  764
368  536  610
38  39  569
351  539  976
287  524  681
474  591  785
427  495  748
304  532  533
285  438  891
460  804  827
320  419  620
319  390  607
425  652  785
95  497  661
314  477  618
275  615  659
14  446  787
296  519  594
510  557  993
459  645  733
390  449  916
553  722  749
342  405  771
483  518  943
596  604  996
375  652  798
318  480  718
285  526  734
271  439  965
279  451  642
92  638  730
297  558  711
41  827  847
310  657  864
442  605  1003
32  475  579
402  586  646
288  486  856
40  41  847
313  585  680
297  555  583
286  503  696
274  556  684
399  550  893
402  466  646
376  585  651
11  12  851
12  13  566
404  658  726
445  525  825
390  581  707
298  544  610
270  586  646
557  953  1017
338  444  777
357  576  710
50  51  589
429  509  818
313  513  680
367  515  778
93  94  592
42  43  804
327  518  709
75  76  614
519  789  822
276  601  765
339  697  833
370  466  945
378  687  827
450  582  674
537  695  990
377  525  899
573  631  766
322  532  533
283  571  703
468  534  722
293  501  644
350  403  512
306  498  668
295  529  655
93  730  878
296  487  822
299  530  951
402  466  758
408  542  865
488  568  772
467  533  939
545  893  944
415  681  703
339  650  697
380  516  950
391  618  836
467  533  854
348  562  834
392  729  743
371  551  584
439  482  744
340  395  757
460  687  827
416  476  768
377  538  899
381  669  830
319  565  698
438  554  876
420  812  836
319  565  672
435  535  796
350  403  594
24  25  550
318  619  647
281  469  782
355  442  1003
305  933  943
289  440  737
451  706  756
93  592  878
372  683  784
323  495  900
302  533  939
454  587  903
325  506  759
459  644  645
395  547  805
38  569  890
503  666  696
351  647  736
367  551  576
276  738  977
409  524  983
281  523  717
569  627  946
12  511  566
409  600  637
352  537  990
375  508  652
382  502  640
287  633  746
436  779  999
131  132  611
378  507  840
346  522  546
19  20  595
102  103  602
352  545  944
348  834  1006
366  514  837
270  750  834
404  488  962
358  502  791
89  520  673
323  427  643
402  578  758
383  541  792
107  108  609
109  110  606
366  460  804
85  86  603
470  572  751
526  575  873
418  505  659
16  701  741
344  470  982
447  516  795
333  578  1013
366  517  921
377  538  670
374  526  734
90  520  616
336  468  531
311  566  993
352  490  773
268  535  853
422  571  844
379  639  691
354  583  816
346  584  635
426  735  972
304  440  599
270  586  920
398  543  636
267  477  1011
53  540  675
352  490  990
316  652  785
284  640  791
489  607  919
87  88  598
477  615  1011
402  586  991
0  967  978
364  598  673
566  787  949
329  530  888
41  42  827
359  552  966
442  645  884
381  443  669
379  630  691
287  481  633
513  680  888
362  820  844
273  576  710
406  615  1011
330  516  950
556  557  800
352  549  727
313  585  632
328  579  858
269  591  928
311  566  949
371  584  635
291  542  721
370  491  564
322  430  532
78  79  617
289  440  716
382  546  862
462  578  767
352  537  727
13  566  787
313  573  632
514  629  921
270  646  750
278  538  899
293  644  645
292  506  608
490  773  928
403  512  967
19  595  980
337  472  534
307  666  742
381  601  796
282  478  793
485  669  830
595  735  972
361  499  653
420  535  853
373  600  738
396  509  769
67  539  658
361  500  653
17  18  735
351  732  736
66  539  662
286  696  775
336  531  723
341  550  817
437  650  741
476  650  1014
412  569  890
388  523  776
310  580  764
451  756  895
392  654  702
363  517  921
462  526  806
332  444  958
301  697  833
461  507  918
342  434  574
457  528  814
90  91  616
435  601  796
334  492  898
310  580  864
361  499  585
416  476  650
368  610  898
346  584  799
400  571  703
372  556  688
293  554  884
96  548  661
268  535  796
344  713  940
316  740  846
326  572  751
362  724  968
394  682  945
361  500  729
126  127  626
379  619  786
306  590  668
386  767  806
71  568  656
353  445  864
338  444  563
465  536  821
375  660  925
463  856  880
97  548  671
452  696  838
24  550  817
32  33  579
70  568  772
128  547  708
15  437  1009
357  571  710
396  588  828
15  437  741
321  515  687
98  552  671
296  594  879
458  638  914
274  546  684
386  596  597
129  547  689
453  624  625
63  64  630
99  552  678
505  738  977
429  783  818
277  578  767
299  452  907
336  587  749
431  558  850
489  790  919
360  497  592
359  666  742
376  651  842
563  978  1016
388  776  803
407  746  988
360  590  794
419  620  638
273  584  799
336  587  723
353  591  740
279  642  692
432  586  764
314  535  836
380  609  693
306  501  811
395  626  708
100  559  678
315  573  770
61  62  639
357  621  754
59  60  641
266  496  952
308  757  919
386  597  612
376  606  906
101  559  690
454  770  903
361  585  632
383  543  731
443  601  765
341  541  817
299  624  907
480  518  1001
414  635  781
333  657  826
357  576  809
413  560  964
335  587  723
481  577  926
385  596  699
13  14  787
394  750  945
292  506  759
409  694  983
318  608  736
331  619  786
364  599  935
474  591  928
396  588  861
350  594  879
457  531  868
297  582  819
397  675  705
355  670  1003
357  754  1004
387  597  924
280  564  1010
113  114  653
406  615  621
414  684  969
312  622  855
475  579  858
525  825  899
384  787  887
400  681  703
115  116  654
408  608  874
382  502  862
325  583  816
414  635  969
370  564  613
380  609  889
21  22  731
313  513  766
374  605  873
468  531  866
337  534  722
321  687  739
301  697  1008
354  488  816
26  545  893
416  701  768
311  557  800
304  532  948
295  573  631
277  612  613
281  441  985
364  599  801
268  660  823
282  478  968
405  704  859
489  607  698
321  496  739
81  593  665
339  650  1014
282  685  957
30  537  695
526  575  1013
282  793  938
394  750  834
310  586  991
321  515  778
423  789  822
468  534  870
312  622  838
353  580  864
299  513  888
595  735  980
478  724  968
397  589  896
400  524  681
317  570  831
436  721  779
14  446  1009
296  519  822
567  713  940
378  827  847
279  451  706
320  590  794
275  621  754
379  639  786
316  591  740
429  509  1000
286  596  996
353  591  808
427  748  763
374  605  959
499  651  994
301  848  1008
48  49  676
342  672  771
408  542  793
95  96  661
67  68  658
71  72  656
332  856  880
366  739  954
272  523  776
412  567  940
386  699  806
472  534  872
65  66  662
338  473  755
483  933  943
373  659  694
278  825  899
359  666  855
82  593  788
419  638  730
430  458  638
506  608  736
431  752  774
290  489  648
297  582  915
293  645  884
387  597  612
397  831  896
337  472  628
363  629  851
368  536  821
386  596  699
491  776  927
522  685  957
354  558  850
429  709  1000
284  779  999
278  575  873
512  563  978
340  449  805
363  511  851
80  81  665
371  635  781
438  649  891
97  98  671
298  544  835
52  53  675
545  549  934
405  574  859
289  484  737
284  487  791
16  17  701
439  965  1006
401  589  896
315  729  743
76  614  677
274  546  862
418  615  659
412  569  946
279  706  897
289  484  988
464  623  894
300  565  672
292  608  874
414  556  684
335  457  723
267  515  840
291  483  941
99  100  678
21  731  829
396  509  828
317  831  896
76  77  677
491  776  803
46  47  686
473  563  1016
286  597  924
338  755  833
390  607  916
91  616  914
348  636  965
322  459  733
287  481  780
275  659  694
446  787  887
510  557  953
75  614  797
291  480  865
365  458  616
394  834  1006
302  560  725
44  514  837
386  612  767
414  781  1017
297  555  915
276  601  977
129  130  689
395  628  757
51  589  705
334  558  711
368  492  898
463  561  879
302  560  964
111  651  842
318  608  718
133  581  707
420  535  836
92  93  730
374  554  734
442  605  959
391  802  918
318  647  736
456  609  889
511  566  993
134  581  704
513  766  942
456  889  906
614  677  821
369  495  900
327  588  828
331  709  1001
347  577  845
358  561  807
588  861  912
290  565  698
437  650  697
335  587  903
320  644  908
426  701  768
456  606  906
436  700  999
50  589  720
300  473  755
301  486  777
309  633  926
453  624  907
410  820  892
364  598  849
68  69  726
101  102  690
88  89  673
408  608  718
336  468  722
459  620  908
397  675  881
367  551  778
340  607  919
353  580  808
593  665  894
396  664  769
421  582  819
106  107  693
62  63  691
448  642  692
102  602  690
432  586  920
461  627  813
25  26  893
376  680  906
324  471  753
85  603  763
272  682  712
434  815  867
295  655  947
466  646  750
398  636  824
290  489  698
365  532  948
107  609  693
326  572  946
417  542  721
305  588  912
434  574  867
134  135  704
340  449  916
353  525  740
393  602  690
538  670  1003
506  732  736
284  640  779
103  602  832
269  591  808
422  710  892
484  762  988
84  85  763
377  670  989
278  575  825
86  603  886
306  649  811
360  592  878
292  724  874
339  527  706
83  84  748
317  570  789
400  571  1004
293  501  876
364  520  673
358  502  875
448  692  717
294  989  1005
116  117  702
30  31  695
0  46  719
109  606  839
108  609  839
277  578  758
637  746  988
51  52  705
331  493  747
433  738  975
132  133  707
457  860  868
447  795  832
431  656  774
110  606  842
303  553  749
384  683  970
280  529  803
485  660  830
331  493  786
87  598  886
388  529  655
127  128  708
73  74  752
422  820  892
43  44  837
366  517  954
332  880  958
344  572  940
299  530  888
281  717  985
79  617  909
324  471  849
420  751  853
88  598  673
326  627  813
49  50  720
78  617  910
28  549  981
14  15  1009
394  682  712
330  622  838
288  486  970
63  630  691
455  660  823
417  721  779
424  580  764
413  645  733
0  137  815
507  802  918
72  73  774
469  655  947
132  611  707
289  637  988
294  670  989
131  611  810
282  663  968
347  623  845
398  917  972
271  636  965
62  639  691
69  70  772
412  572  946
542  793  938
409  637  746
424  679  728
369  593  894
352  773  944
582  674  936
404  539  658
395  547  708
58  59  783
415  703  882
346  635  969
383  731  792
372  556  800
272  776  927
412  572  940
299  624  942
268  660  830
26  545  934
323  634  762
502  640  791
462  767  806
369  623  894
286  503  996
706  897  1014
484  762  979
314  618  836
340  607  916
37  38  890
59  641  783
82  83  788
411  523  717
421  544  819
130  131  810
68  658  726
389  742  761
319  672  771
458  616  914
305  570  912
358  688  875
278  605  873
302  533  883
338  777  833
286  775  924
327  709  1000
309  633  956
335  528  1007
417  640  779
362  663  968
64  630  963
74  75  797
312  666  855
35  567  955
457  814  860
398  543  829
22  23  792
397  589  705
104  105  795
370  682  927
427  643  753
429  641  783
370  491  927
568  656  850
346  522  1015
61  639  971
357  621  809
368  614  821
20  21  917
370  682  945
60  641  971
308  628  757
362  663  820
369  634  900
72  656  774
127  626  708
324  801  849
281  469  843
25  550  893
484  643  979
454  770  947
23  541  792
267  802  840
489  648  790
336  722  749
136  137  867
360  497  871
360  794  878
299  513  942
358  688  784
319  607  698
356  831  912
431  656  850
116  654  702
389  548  671
118  119  814
435  505  977
410  799  892
393  559  690
401  676  720
467  854  975
595  917  972
448  717  985
360  668  871
429  641  747
300  755  756
37  667  890
358  784  807
287  681  780
403  686  719
126  626  905
57  58  818
301  486  848
410  663  820
406  621  809
468  866  901
389  552  671
103  104  832
391  618  802
410  957  1015
428  766  942
460  687  739
15  16  741
108  109  839
429  709  747
52  675  705
467  765  975
416  650  741
329  680  906
468  870  901
421  544  835
331  619  1001
273  799  892
333  575  1013
518  709  1001
327  588  943
491  564  1010
470  751  853
443  725  939
425  798  858
508  652  846
624  625  984
324  737  801
322  533  883
105  106  841
439  712  1006
472  872  905
69  726  772
49  676  720
113  653  994
114  653  995
20  595  917
348  965  1006
443  765  939
115  654  995
410  663  957
371  551  931
65  662  963
450  582  915
483  933  941
292  759  932
119  120  860
290  642  895
80  665  909
455  714  982
455  660  925
84  748  763
444  512  563
441  648  985
364  801  849
415  681  780
392  528  1007
365  520  616
271  636  824
269  679  902
463  561  807
303  782  852
403  719  967
274  688  875
288  683  970
354  568  850
117  118  857
277  612  767
372  688  784
135  136  859
91  92  914
427  603  763
295  573  770
384  683  877
303  553  1002
73  752  774
549  934  981
77  677  910
399  679  728
450  555  915
365  935  948
461  813  918
450  555  932
110  111  842
401  745  896
121  122  866
283  703  882
272  712  744
452  696  775
407  762  988
275  754  983
120  121  868
83  748  788
123  124  870
481  633  926
396  664  998
124  125  872
86  87  886
424  580  902
303  587  749
412  667  890
74  752  797
424  679  902
420  751  812
388  529  803
298  715  835
26  27  934
48  676  1012
377  846  989
35  36  955
418  505  922
432  764  911
1  45  961
1  10  961
2  18  980
2  19  980
367  576  986
384  887  970
329  889  906
427  603  753
433  854  975
417  542  938
27  934  981
305  570  923
462  526  1013
391  812  813
106  693  841
441  648  790
417  685  938
324  643  753
43  804  837
305  700  923
122  123  901
309  634  956
428  631  766
408  793  874
328  798  858
361  632  960
3  27  981
3  28  981
46  686  719
125  126  905
130  689  810
398  824  972
465  677  910
283  674  936
436  933  941
79  80  909
424  728  911
350  879  880
77  78  910
464  665  909
285  699  806
346  546  969
343  521  869
465  677  821
481  715  780
527  755  833
58  783  818
401  745  869
430  620  638
272  682  927
276  738  975
349  668  871
331  709  747
283  674  844
22  731  792
305  700  933
333  575  826
295  770  947
449  689  810
493  641  747
411  692  717
294  669  1005
453  775  924
279  897  913
480  619  1001
282  663  957
356  540  881
268  823  853
47  686  1012
478  724  874
424  764  911
576  809  986
276  765  975
385  699  891
117  702  857
273  710  892
432  885  920
21  829  917
300  473  997
522  957  1015
401  676  869
137  815  867
428  624  942
104  795  832
361  729  960
309  623  845
396  861  998
343  521  992
421  582  936
356  540  998
290  565  895
316  652  846
323  634  900
357  571  1004
328  798  925
366  804  837
105  795  841
399  679  773
419  794  878
485  669  1005
425  785  937
282  685  938
464  665  894
302  725  939
493  639  786
438  649  811
64  65  963
440  599  801
480  718  865
503  604  996
401  589  720
448  648  985
471  603  753
326  812  813
455  823  982
60  61  971
36  667  955
501  811  876
435  505  922
342  672  997
400  754  1004
404  539  976
464  617  909
555  759  932
479  662  963
465  617  910
435  601  977
119  814  860
112  113  994
385  649  891
397  831  881
118  814  857
114  115  995
388  655  843
342  434  1016
447  602  832
135  704  859
344  714  982
449  689  805
280  625  984
292  724  932
469  655  843
47  48  1012
404  732  976
543  731  829
271  768  824
308  628  904
570  831  912
423  700  923
343  745  869
479  630  963
508  846  989
493  639  971
471  603  886
277  613  930
493  641  971
456  606  839
456  609  839
553  904  987
389  548  973
308  904  987
546  684  969
120  860  868
463  807  856
279  692  913
372  683  877
374  554  959
425  863  937
0  815  978
471  598  886
270  834  974
580  808  902
121  866  868
436  700  933
389  742  966
403  686  992
425  858  863
266  781  1017
471  598  849
291  721  941
303  782  1002
124  870  872
407  633  956
122  866  901
267  760  1011
405  581  704
0  719  967
402  657  991
320  620  908
466  750  945
123  870  901
394  712  1006
570  789  923
441  790  987
389  552  966
125  872  905
415  715  780
422  820  844
544  711  819
341  728  911
496  739  954
351  732  976
507  802  840
504  885  920
389  761  973
406  760  986
335  743  903
326  751  812
426  768  824
375  798  925
432  885  911
508  989  1005
136  859  867
599  935  948
307  742  761
540  664  998
540  675  881
304  599  948
428  624  984
459  644  908
410  799  1015
337  628  904
384  877  949
467  765  939
340  757  919
392  743  1007
308  790  987
474  929  937
411  692  913
345  929  990
423  789  923
10  629  961
478  793  874
359  742  966
517  952  954
499  653  994
317  745  896
500  653  995
285  699  891
575  825  826
500  654  995
486  848  887
451  642  895
406  760  1011
356  831  881
634  762  956
436  721  941
488  726  772
444  512  958
406  809  986
449  611  810
450  724  932
547  689  805
470  823  853
365  520  935
391  813  918
297  711  819
349  761  973
469  782  852
322  733  883
472  626  905
441  987  1002
364  520  935
423  700  999
452  775  907
309  845  926
521  676  1012
434  815  978
577  845  926
452  838  951
323  643  979
277  758  930
288  784  807
492  752  797
439  712  744
275  694  983
408  718  865
438  811  876
551  778  931
521  676  869
502  862  875
372  800  877
495  748  788
323  762  979
509  828  1000
321  778  931
440  737  801
446  848  887
474  785  937
433  716  854
301  777  833
18  735  980
269  808  902
521  686  1012
476  897  1014
733  883  964
350  512  958
488  816  962
356  861  912
350  880  958
310  657  991
398  829  917
367  760  986
345  929  937
399  773  944
482  897  913
475  858  863
486  887  970
335  743  1007
346  799  1015
419  730  878
330  950  951
453  775  907
454  852  947
330  838  951
516  795  841
562  834  974
491  803  1010
270  920  974
325  816  962
426  824  972
421  882  936
341  885  911
469  852  947
356  861  998
496  952  954
266  952  953
315  729  960
528  814  857
474  928  929
441  782  1002
274  862  875
407  762  956
300  672  997
470  823  982
463  879  880
521  686  992
531  866  868
527  755  756
345  863  937
554  884  959
280  803  1010
311  800  877
534  870  872
446  1008  1009
413  733  964
530  950  951
288  807  856
311  877  949
553  987  1002
437  697  1008
327  828  1000
490  929  990
339  706  1014
302  883  964
283  882  936
490  928  929
437  1008  1009
466  758  930
445  825  826
342  997  1016
574  859  867
446  848  1008
504  920  974
517  952  953
442  884  959
473  997  1016
