0  2  1  0.00146  18858.4  5.03945e-16  4.94041e-17  1
1  1  2  2  18211  1.99284  0.146082  1
2  1  2  -2  18290.5  2.06803  0.265588  1
3  3  -2  -2  20581.7  1.9756  0.311459  1
4  3  -2  2  19196.9  1.97864  0.31204  1
10  1  2  1.6  18149.6  1.98075  0.156245  1
11  1  2  1.2  18149.6  1.93613  0.149451  1
12  1  2  0.8  18149.6  1.87813  0.117832  1
13  1  2  0.4  18149.6  1.88108  0.0819897  1
14  1  2  5.50449e-12  18149.6  1.93359  0.10326  1
15  1  2  -0.4  18149.6  1.94948  0.162413  1
16  1  2  -0.8  18149.6  1.92644  0.190832  1
17  1  2  -1.2  18149.6  1.91565  0.186034  1
18  1  2  -1.6  18149.6  2.0433  0.200532  1
19  0  1.6  -2  18593.8  1.9756  0.311459  1
20  0  1.2  -2  18916.7  1.9756  0.311459  1
21  0  0.8  -2  19362.7  1.9756  0.311459  1
22  0  0.4  -2  19818.6  1.9756  0.311459  1
23  0  5.50449e-12  -2  20273.1  1.9756  0.311459  1
24  0  -0.4  -2  20841  1.82887  -0.0017967  1
25  0  -0.8  -2  21213.9  1.82887  -0.0017967  1
26  0  -1.2  -2  21065.4  1.9756  0.311459  1
27  0  -1.6  -2  20723.3  1.9756  0.311459  1
28  3  -2  -1.6  20464.7  1.9756  0.311459  1
29  3  -2  -1.2  20289.9  1.9756  0.311459  1
30  3  -2  -0.8  20084  1.9756  0.311459  1
31  3  -2  -0.4  19867.6  1.9756  0.311459  1
32  3  -2  -5.50449e-12  19679.2  1.9756  0.311459  1
33  3  -2  0.4  19522.6  1.9756  0.311459  1
34  3  -2  0.8  19394.1  1.9756  0.311459  1
35  3  -2  1.2  19300  1.9756  0.311459  1
36  3  -2  1.6  19234.3  1.9756  0.311459  1
37  0  -1.6  2  19170.3  1.98764  0.31723  1
38  0  -1.2  2  19113.5  1.99893  0.334715  1
39  0  -0.8  2  19045  2.00447  0.324503  1
40  0  -0.4  2  19015.5  2.0087  0.234592  1
41  0  -5.50449e-12  2  18931.7  2.01546  0.158994  1
42  0  0.4  2  18771.1  2.00874  0.151355  1
43  0  0.8  2  18622.1  1.99651  0.143757  1
44  0  1.2  2  18490.9  1.98867  0.128531  1
45  0  1.6  2  18351.2  1.98501  0.128146  1
46  2  0.978077  0.000874286  18890  0  0  1
47  2  0.956085  0.00114056  18849.3  -3.20822e-16  5.14544e-17  1
48  2  0.934116  0.00224992  18799.2  -4.50399e-17  1.96068e-17  1
49  2  0.912177  0.0038403  18771.3  1.2517e-16  -2.57011e-18  1
50  2  0.890279  0.00591606  18751.2  -2.46519e-32  0  1
51  2  0.868438  0.00852253  18729.3  3.60008e-16  -4.30454e-17  1
52  2  0.846658  0.0116024  18673.9  0  1.54074e-33  1
53  2  0.824938  0.0150776  18684.4  0  0  1
54  2  0.803273  0.018882  18691.1  9.81605e-17  -1.265e-17  1
55  2  0.781661  0.0229761  18609.8  7.07425e-17  -1.1316e-17  1
56  2  0.760102  0.0273433  18566.7  -7.89149e-18  5.077e-18  1
57  2  0.738595  0.031959  18572.6  0  0  1
58  2  0.717137  0.0368002  18560.9  0  0  1
59  2  0.695727  0.0418466  18568.4  -2.46519e-32  3.08149e-33  1
60  2  0.674354  0.047047  18518.6  -2.36879e-16  3.53099e-17  1
61  2  0.653003  0.0523371  18476.7  2.94294e-16  -4.31297e-17  1
62  2  0.631662  0.0576685  18441.9  -4.30625e-16  5.34151e-17  1
63  2  0.610321  0.0629978  18376.6  -8.69706e-17  1.27676e-17  1
64  2  0.588964  0.0682666  18280.1  -3.33446e-18  -2.81541e-18  1
65  2  0.567582  0.0734321  18161.8  0  0  1
66  2  0.546159  0.0784219  18105.2  0  0  1
67  2  0.52467  0.0831196  17983.1  0  0  1
68  2  0.503103  0.0874425  17845.5  1.98575e-16  -2.92206e-17  1
69  2  0.481439  0.0912534  17691  4.29733e-16  -5.59366e-17  1
70  2  0.459685  0.0945079  17585.6  -9.86076e-32  0  1
71  2  0.437849  0.0971612  17550.2  0  0  1
72  2  0.415949  0.0992071  17462  -1.93301e-16  8.70039e-18  1
73  2  0.394001  0.100659  17438.9  1.86597e-16  -5.40474e-18  1
74  2  0.372021  0.101523  17368.2  1.00451e-15  -2.5384e-17  1
75  2  0.350027  0.101821  17266.5  1.77335e-16  1.67779e-18  1
76  2  0.328032  0.101579  17358.9  5.48687e-16  1.46106e-17  1
77  2  0.306049  0.100814  17395.2  -1.71891e-16  -9.26238e-18  1
78  2  0.284089  0.0995533  17348.1  -1.76548e-16  -1.638e-17  1
79  2  0.262163  0.0977954  17422.4  0  0  1
80  2  0.240287  0.0955012  17360.2  2.74515e-16  3.70361e-17  1
81  2  0.21848  0.0926226  17302.5  5.63589e-16  9.71772e-17  1
82  2  0.196767  0.0891043  17450.7  -5.63589e-16  -9.71772e-17  1
83  2  0.175174  0.0849142  17559.8  0  0  1
84  2  0.153721  0.0800567  17571.2  -1.65505e-16  -3.41742e-17  1
85  2  0.132447  0.0744706  17629.3  5.30141e-16  1.54679e-16  1
86  2  0.111402  0.0680759  17767.6  5.30141e-16  1.54679e-16  1
87  2  0.0906565  0.0607674  17922.4  4.88363e-16  1.81577e-16  1
88  2  0.0702994  0.0524406  18129.8  0  0  1
89  2  0.0504203  0.043031  18347.2  0  0  1
90  2  0.0312289  0.0322935  18557.3  -5.29379e-17  -1.24062e-17  1
91  2  0.0134322  0.0194087  19534.5  -1.34527e-16  -1.05438e-16  1
92  2  0.000271221  0.00212144  20560.8  0  0  1
93  2  0.0144032  -0.0118915  20013.9  0  0  1
94  2  0.0358573  -0.0166599  19357.9  1.88379e-16  -2.64633e-17  1
95  2  0.0575996  -0.0199909  19360  3.76759e-16  -5.29265e-17  1
96  2  0.0794246  -0.0227296  19327.6  -3.7963e-16  3.52996e-17  1
97  2  0.101311  -0.024923  19339  6.7495e-17  -1.11029e-17  1
98  2  0.123238  -0.0266699  19305.1  -1.2584e-16  8.40801e-18  1
99  2  0.145189  -0.0280955  19271.4  0  0  1
100  2  0.167153  -0.0292925  19246.4  1.96638e-16  -1.01587e-17  1
101  2  0.189126  -0.0303103  19218.8  7.16493e-16  -3.7669e-17  1
102  2  0.211106  -0.0311719  19201.1  0  0  1
103  2  0.233091  -0.0318806  19183.2  6.20778e-17  -2.08454e-18  1
104  2  0.255081  -0.0324524  19175.5  0  0  1
105  2  0.277073  -0.0329165  19166  3.63035e-16  -8.75278e-18  1
106  2  0.299066  -0.0332879  19160.8  0  0  1
107  2  0.321061  -0.0335644  19150.7  0  0  1
108  2  0.343057  -0.0337433  19111.4  1.92125e-16  -2.34309e-18  1
109  2  0.365054  -0.0338211  19098.8  5.40573e-17  8.55619e-19  1
110  2  0.387051  -0.0337675  19074.3  0  0  1
111  2  0.409047  -0.033578  19055.2  1.92697e-16  1.79189e-18  1
112  2  0.431041  -0.0332488  19033.3  1.33434e-16  -5.6845e-20  1
113  2  0.453033  -0.0327824  19026.2  3.22223e-16  5.96146e-18  1
114  2  0.475022  -0.0321849  19024.7  0  0  1
115  2  0.497007  -0.031464  19010.4  0  0  1
116  2  0.518989  -0.0306589  19013.6  2.25328e-16  8.8748e-18  1
117  2  0.540969  -0.0298093  19008.9  1.30574e-16  3.60725e-18  1
118  2  0.562949  -0.0289416  19004.6  0  0  1
119  2  0.584928  -0.0280679  18996.8  0  0  1
120  2  0.606907  -0.0271796  18999.5  2.43254e-17  2.2309e-18  1
121  2  0.628885  -0.026272  18978.1  -9.95012e-17  -6.27415e-18  1
122  2  0.650862  -0.0253389  18958.7  1.71286e-16  7.44475e-18  1
123  2  0.672838  -0.0243754  18963.7  1.71016e-16  8.01525e-18  1
124  2  0.694811  -0.023365  18944.3  0  0  1
125  2  0.716781  -0.0222778  18933.9  -6.87677e-16  -3.42262e-17  1
126  2  0.738746  -0.0210867  18918.3  5.14908e-16  2.60377e-17  1
127  2  0.760703  -0.0197668  18886.6  -7.54183e-16  -4.07569e-17  1
128  2  0.782652  -0.0183239  18890  0  0  1
129  2  0.804597  -0.0168049  18891.5  0  0  1
130  2  0.826539  -0.0152616  18869.9  3.49878e-16  2.1002e-17  1
131  2  0.848481  -0.0137057  18865.5  -1.37643e-16  -7.97659e-18  1
132  2  0.870419  -0.0121005  18854.7  5.79931e-16  4.46227e-17  1
133  2  0.892347  -0.0103563  18841.4  3.1362e-16  2.30766e-17  1
134  2  0.914258  -0.00841503  18839.1  1.8048e-16  1.34262e-17  1
135  2  0.936159  -0.00636798  18848.8  3.28121e-16  2.518e-17  1
136  2  0.958065  -0.0043707  18845.9  2.95122e-16  3.0757e-17  1
137  2  0.979965  -0.00231605  18834.8  0  0  1
266  0  0.953093  0.999809  18530  2.00764  0.0877447  1
267  0  0.0662223  1.00052  18822.9  2.06137  0.138267  1
268  0  -0.679975  0.532928  19267.2  2.02966  0.402612  1
269  0  -0.812852  -0.869755  20022.9  1.95732  0.334216  1
270  0  0.133699  -0.989301  19654.6  1.81509  0.0137912  1
271  0  1.02077  -0.886921  18945.7  1.8497  0.12807  1
272  0  0.552026  -0.600684  19225.6  1.84558  0.0682512  1
273  0  0.523826  0.676494  18572.9  2.09813  0.0730282  1
274  0  0.965502  0.491241  18552.8  1.98231  -0.0230807  1
275  0  0.10093  0.520609  18714.1  2.12805  0.17884  1
276  0  -0.190174  0.311952  19130.8  2.02143  0.257671  1
277  0  0.104666  -0.499803  19504.1  1.85347  -0.000295049  1
278  0  -0.308329  -0.302258  19657.6  1.87363  0.0636043  1
279  0  0.97819  -0.441868  18908.5  1.86688  0.103225  1
280  0  0.377723  -0.350268  19264.1  1.87744  0.0407962  1
281  0  0.674926  -0.323119  19060.4  1.88874  0.0806888  1
282  0  0.668228  0.360443  18465.6  2.09506  -0.0717579  1
283  0  0.393975  0.380166  18362.5  2.23431  0.059768  1
284  0  0.878176  0.250779  18606.7  1.95114  -0.122811  1
285  0  -0.0392542  -0.268229  19588.2  1.80903  -0.00980916  1
286  0  0.168769  -0.232117  19392.6  1.85234  -0.0279498  1
287  0  0.209893  0.308066  18347.9  2.28049  0.225147  1
288  0  1.22622  0.255195  18599.3  1.88229  -0.00602352  1
289  0  0.044725  0.227612  18682  2.15821  0.391769  1
290  0  0.871254  -0.243713  18933.6  1.88189  0.110696  1
291  0  0.723685  0.196639  18507.5  2.08892  -0.199665  1
292  0  0.567523  0.233704  18283.7  2.21316  -0.156972  1
293  0  -0.110173  -0.12707  19696.6  1.74332  0.0390597  1
294  0  -0.451118  0.0327747  19492.8  1.94833  0.281177  1
295  0  0.508749  -0.223133  19123.6  1.90655  0.0587871  1
296  0  0.975838  0.156566  18729  1.95142  -0.145121  1
297  0  0.440115  0.227838  18065  2.34173  -0.0639493  1
298  0  0.312664  0.226946  18000.3  2.40571  0.123232  1
299  0  0.308199  -0.174676  19232  1.89454  -0.00295747  1
300  0  1.02307  -0.154649  18872.5  1.89247  0.117303  1
301  0  1.36002  -0.040811  18606  1.84472  0.0638041  1
302  0  -0.221485  0.0803239  19456.9  1.88076  0.241984  1
303  0  0.650968  -0.167981  19016.9  1.92413  0.0843496  1
304  0  -0.0525538  0.127881  19214.7  1.90282  0.440405  1
305  0  0.813309  0.130957  18622.1  2.11483  -0.234421  1
306  0  -0.000952479  -0.123552  19660.3  1.73164  -0.0592064  1
307  0  0.111883  -0.135697  19434.1  1.83171  -0.0800312  1
308  0  0.762961  -0.135011  18949.9  1.94139  0.109011  1
309  0  0.213341  0.200021  18038.7  2.40421  0.293974  1
310  0  -0.259728  -0.781738  19782.2  1.85478  -0.0276529  1
311  0  1.37317  0.689393  18420.7  1.92891  0.0649147  1
312  0  0.200012  -0.12493  19308.5  1.88052  -0.0548496  1
313  0  0.421766  -0.148481  19131.4  1.92614  0.0303928  1
314  0  -0.2567  0.70597  19009.1  2.06074  0.225964  1
315  0  0.51138  -0.123404  19076  1.95729  0.0551221  1
316  0  -0.806485  -0.333157  19721.7  1.99402  0.424397  1
317  0  0.888497  0.093884  18720.1  2.03916  -0.234104  1
318  0  0.625189  0.160317  18369.9  2.24775  -0.253127  1
319  0  0.913652  -0.123912  18891.1  1.93562  0.129928  1
320  0  -0.0469962  -0.0614188  19859.8  1.60387  0.00916988  1
321  0  0.528405  1.14616  18666.9  2.03997  0.11126  1
322  0  -0.112446  0.0367698  19624.5  1.75197  0.283038  1
323  0  0.147966  0.155471  18078.4  2.40063  0.467579  1
324  0  0.076457  0.134169  18417.1  2.23673  0.584451  1
325  0  0.508914  0.176579  18091.8  2.37926  -0.195639  1
326  0  -0.748909  1.27364  19124.9  2.02056  0.34751  1
327  0  0.743939  0.105619  18562.9  2.14941  -0.270051  1
328  0  -1.30276  0.267822  19515.9  1.98698  0.385148  1
329  0  0.35016  -0.114656  19164.3  1.93928  -0.00233798  1
330  0  0.259144  -0.100946  19229.8  1.94213  -0.0396012  1
331  0  0.679118  0.112007  18498.3  2.16214  -0.284712  1
332  0  1.15138  0.0881158  18781  1.84205  -0.02454  1
333  0  -0.142531  -0.487384  19645.6  1.86307  -0.0165842  1
334  0  0.382912  0.178043  17818.5  2.55181  -0.0134275  1
335  0  0.576691  -0.0977512  19026.5  1.98174  0.0727101  1
336  0  0.641965  -0.0940403  18995.3  1.97779  0.0856722  1
337  0  0.709844  -0.0895489  18957.2  1.97943  0.0995241  1
338  0  1.12498  -0.0624387  18833.2  1.7918  0.0982639  1
339  0  1.28388  -0.322015  18696.7  1.87753  0.0957272  1
340  0  0.820925  -0.092194  18907.5  1.98037  0.121587  1
341  0  -0.362562  -1.42477  20232.2  1.68513  -0.120573  1
342  0  0.976057  -0.0784066  18892.4  1.94123  0.146087  1
343  0  0.947625  0.0665869  18784.1  1.79002  -0.212087  1
344  0  -1.23345  0.863616  19303.8  1.99395  0.370193  1
345  0  -1.38553  -0.588881  19938.4  1.99399  0.39611  1
346  0  0.745386  0.593464  18540.7  2.05889  0.019938  1
347  0  0.267436  0.158101  17708.4  2.61382  0.237805  1
348  0  0.58542  -1.12892  19346.6  1.82474  0.0764071  1
349  0  0.0589694  -0.0816106  19510.5  1.80858  -0.157171  1
350  0  1.03158  0.0771685  18851.8  1.82882  -0.14243  1
351  0  0.568775  0.128255  18193.2  2.34328  -0.313774  1
352  0  -1.33821  -1.21398  20318.4  1.94641  0.401142  1
353  0  -0.540978  -0.591484  19807.9  1.92157  0.166472  1
354  0  0.45546  0.150912  17838.5  2.58374  -0.178614  1
355  0  -0.305924  -0.0943651  19594.3  1.85537  0.148303  1
356  0  0.824032  0.0735096  18678.7  1.77352  -0.23483  1
357  0  0.302341  0.587155  18592.1  2.14181  0.123472  1
358  0  1.02388  0.321642  18610.7  1.91305  -0.0604715  1
359  0  0.151193  -0.0817801  19320.6  1.90987  -0.105773  1
360  0  0.0139052  -0.0619905  19750.7  1.66729  -0.204551  1
361  0  0.46689  -0.087734  19067.3  1.99492  0.04033  1
362  0  0.533339  0.369559  18381.3  2.18115  -0.0303659  1
363  0  1.41003  1.14221  18384.6  1.97364  0.0992993  1
364  0  0.0375113  0.0960069  18702  2.1071  0.747574  1
365  0  -0.0100499  0.0674382  19347.7  1.79688  0.687593  1
366  0  0.954166  1.48166  18551.4  2.00047  0.120146  1
367  0  0.334358  0.890581  18688.4  2.07405  0.115964  1
368  0  0.338468  0.152837  17658.3  2.68724  0.0723819  1
369  0  0.199191  0.142905  17779.9  2.56982  0.41152  1
370  0  0.30272  -0.57533  19388.2  1.84902  0.0321562  1
371  0  0.700943  0.874475  18584.5  2.04858  0.0753268  1
372  0  1.18376  0.482126  18520.5  1.93336  0.00335408  1
373  0  -0.020539  0.400236  18837.6  2.10692  0.241022  1
374  0  -0.16929  -0.254105  19638.2  1.81863  0.0237509  1
375  0  -0.823148  0.0995101  19514  1.99456  0.434463  1
376  0  0.397649  -0.0814463  19092.5  1.97  0.00575191  1
377  0  -0.524498  -0.247578  19653.5  1.94084  0.237988  1
378  0  0.158948  1.47249  18832.6  2.03775  0.138374  1
379  0  0.632174  0.105114  18375.7  2.02165  -0.298232  1
380  0  0.306923  -0.0738977  19169.5  1.94758  -0.0285879  1
381  0  -0.482558  0.338219  19274.2  2.01206  0.330148  1
382  0  0.826143  0.391824  18549.9  2.00445  -0.0570706  1
383  0  0.254423  -1.45538  19751.6  1.76003  0.113125  1
384  0  1.45524  0.380165  18446.3  1.88831  0.0462404  1
385  0  0.0476407  -0.209502  19530.5  1.80601  -0.0396936  1
386  0  0.0822888  -0.334418  19493.3  1.83824  -0.0107958  1
387  0  0.230145  -0.367675  19384.7  1.86025  0.00964841  1
388  0  0.528322  -0.370596  19165.4  1.88023  0.0668627  1
389  0  0.108626  -0.0717182  19391.6  1.88194  -0.137377  1
390  0  0.885986  -0.0690953  18864.9  1.9585  0.135928  1
391  0  -0.346988  1.12391  19009.8  2.05412  0.244968  1
392  0  0.53527  -0.0734099  19014.1  1.94131  0.0633758  1
393  0  0.198853  -0.0746852  19248.2  1.94275  -0.0800341  1
394  0  0.398025  -0.826682  19396.8  1.84753  0.0456491  1
395  0  0.777255  -0.0690047  18899  1.9625  0.112506  1
396  0  0.779519  0.0678022  18614.7  1.59685  -0.227731  1
397  0  0.861698  0.0508609  18684.4  1.32068  -0.179611  1
398  0  0.959305  -1.43545  19091.3  1.84024  0.13543  1
399  0  -0.831952  -1.36994  20379.8  1.87403  0.253717  1
400  0  0.256139  0.440227  18493  2.20405  0.149639  1
401  0  0.905067  0.0453742  18755.5  1.32304  -0.182817  1
402  0  -0.00900389  -0.696054  19631.7  1.8432  -0.0153007  1
403  0  0.994766  0.0439739  18849.4  1.47139  -0.171628  1
404  0  0.519339  0.125251  17987.1  2.40674  -0.292984  1
405  0  0.933342  -0.0522006  18866.4  1.90898  0.149034  1
406  0  0.153265  0.740786  18736.2  2.09363  0.137722  1
407  0  0.150588  0.238551  18326.6  2.3062  0.334444  1
408  0  0.651797  0.234916  18412  2.1282  -0.169982  1
409  0  0.0870092  0.351486  18651.3  2.17077  0.255861  1
410  0  0.611742  0.503891  18500.4  2.10423  0.0117294  1
411  0  0.764388  -0.510681  19052.4  1.85935  0.0876913  1
412  0  -1.30567  1.42697  19203.1  1.99569  0.347173  1
413  0  -0.225501  -0.0487509  19610.4  1.81421  0.151989  1
414  0  0.93492  0.708264  18537.5  2.01678  0.0351864  1
415  0  0.311797  0.318841  18266.2  2.29453  0.121889  1
416  0  1.50623  -0.74744  18547.4  1.89789  0.13046  1
417  0  0.774626  0.294103  18536.2  2.02437  -0.11006  1
418  0  -0.110447  0.61576  18920.3  2.07249  0.187453  1
419  0  -0.0249035  -0.0337578  20090.2  1.47757  -0.0217322  1
420  0  -0.601793  0.881697  19136.2  2.04136  0.3537  1
421  0  0.375068  0.287335  18176.5  2.31784  0.0503417  1
422  0  0.458526  0.501763  18481.2  2.1552  0.0580345  1
423  0  0.880277  0.167194  18652.5  1.98645  -0.177935  1
424  0  -0.500561  -1.03273  20013.5  1.86929  0.0445222  1
425  0  -1.16769  -0.188492  19716.9  1.98827  0.412879  1
426  0  1.41882  -1.21883  18652.7  1.86557  0.176957  1
427  0  0.135374  0.119368  17952.6  2.52424  0.597308  1
428  0  0.391155  -0.245207  19207.1  1.89533  0.0322321  1
429  0  0.716012  0.0761239  18543.4  1.5749  -0.222415  1
430  0  -0.0647827  0.0134418  19860.6  1.57208  0.295687  1
431  0  0.404256  0.141493  17642  2.63258  -0.0872439  1
432  0  -0.185608  -1.08198  19906.4  1.79546  -0.0636079  1
433  0  -0.0672716  0.263587  18987  2.04689  0.311501  1
434  0  0.994668  -0.0414558  18904.8  1.80763  0.171591  1
435  0  -0.30413  0.519208  19093.3  2.04565  0.254359  1
436  0  0.803936  0.207359  18578.7  2.01342  -0.171855  1
437  0  1.6753  -0.314616  18395.9  1.90687  0.105723  1
438  0  -0.0532717  -0.198415  19624.7  1.77976  -0.00824801  1
439  0  0.76101  -0.826763  19130  1.84295  0.0966858  1
440  0  0.00329642  0.167174  18886.7  2.05413  0.462791  1
441  0  0.725211  -0.234615  19003.5  1.90182  0.0932945  1
442  0  -0.226801  -0.141978  19636.4  1.81171  0.0908415  1
443  0  -0.345834  0.224376  19303.4  1.97644  0.280844  1
444  0  1.10264  0.0155144  18895.7  1.55583  0.0201228  1
445  0  -0.35244  -0.536448  19724.6  1.8868  0.039256  1
446  0  1.6492  0.0783269  18372.8  1.89176  0.0547499  1
447  0  0.248634  -0.0706445  19203.5  1.9363  -0.0481409  1
448  0  0.816508  -0.328705  18979.3  1.87768  0.0960321  1
449  0  0.841803  -0.0579077  18897.1  1.92845  0.12367  1
450  0  0.497979  0.293216  18265.9  2.24466  -0.0634926  1
451  0  1.00315  -0.336515  18881.5  1.86492  0.1052  1
452  0  0.251172  -0.168375  19283.3  1.88362  -0.0228669  1
453  0  0.263483  -0.251452  19310.8  1.87333  -0.000866776  1
454  0  0.575219  -0.169443  19056.6  1.92302  0.0702079  1
455  0  -1.07744  0.44869  19407.4  1.99873  0.407396  1
456  0  0.353904  -0.0708113  19127.9  1.94923  -0.0103975  1
457  0  0.597423  -0.0648734  19003.9  1.90402  0.0757564  1
458  0  -0.0276709  0.0354691  19785.3  1.53264  0.564202  1
459  0  -0.104574  -0.028572  19782.1  1.65589  0.157886  1
460  0  0.558485  1.52724  18677.1  2.01868  0.132832  1
461  0  -0.274688  1.57344  18996.5  2.0287  0.218071  1
462  0  -0.0317305  -0.397285  19579.8  1.84613  -0.00992728  1
463  0  1.08475  0.173887  18704  1.89486  -0.0665417  1
464  0  0.247666  0.130585  17634.6  2.69873  0.303123  1
465  0  0.293115  0.134218  17560.6  2.69203  0.190349  1
466  0  0.163571  -0.672732  19514  1.84683  0.0103037  1
467  0  -0.161609  0.182461  19249  1.94693  0.2904  1
468  0  0.663404  -0.0603071  18972.5  1.89524  0.0871805  1
469  0  0.608534  -0.263323  19078  1.90305  0.0754309  1
470  0  -0.970997  0.836957  19255.1  2.0084  0.390802  1
471  0  0.0890147  0.0985239  18216.8  2.39172  0.743279  1
472  0  0.722988  -0.0594555  18943.1  1.90771  0.0951733  1
473  0  1.05311  -0.0965561  18891.2  1.91588  0.116989  1
474  0  -1.04845  -0.577463  19894.9  2.00479  0.43834  1
475  0  -1.69526  -0.202887  19759.5  1.97888  0.365445  1
476  0  1.27964  -0.69778  18726  1.87774  0.118775  1
477  0  -0.0786086  0.835961  18892.9  2.06849  0.165226  1
478  0  0.61122  0.306473  18401.8  2.14491  -0.100983  1
479  0  0.584792  0.104441  18241.3  2.04128  -0.319967  1
480  0  0.676057  0.166904  18445  2.18128  -0.239662  1
481  0  0.251658  0.253107  18150  2.35876  0.199701  1
482  0  0.891139  -0.709408  19009.8  1.84997  0.109986  1
483  0  0.755731  0.163746  18541.5  2.10591  -0.219873  1
484  0  0.0959687  0.194046  18438.8  2.24705  0.450921  1
485  0  -0.67237  0.201436  19425.2  1.99677  0.410862  1
486  0  1.29714  0.126746  18619.9  1.87589  0.0205636  1
487  0  0.930281  0.207491  18656.1  1.92801  -0.13584  1
488  0  0.483879  0.130509  17839.3  2.50541  -0.253407  1
489  0  0.830482  -0.176045  18934.8  1.90765  0.115328  1
490  0  -1.17065  -0.923102  20112.7  1.99783  0.422444  1
491  0  0.416962  -0.476797  19287  1.85969  0.0511279  1
492  0  0.371418  0.137756  17587.7  2.67684  -0.0116197  1
493  0  0.672212  0.0840221  18511.5  1.72095  -0.255246  1
494  0  -1.64953  0.508055  19460.1  1.98094  0.3559  1
495  0  0.169865  0.122763  17813.6  2.59711  0.510706  1
496  0  0.77444  1.08947  18587.5  2.02361  0.0977493  1
497  0  0.042043  -0.0474819  19507.6  1.69677  -0.23836  1
498  0  0.0521221  -0.134252  19538.5  1.78796  -0.0825988  1
499  0  0.443951  -0.0696147  19048.2  1.93542  0.0293253  1
500  0  0.485835  -0.0664289  19033.8  1.90989  0.0463012  1
501  0  -0.053535  -0.114798  19729.5  1.7033  -0.006203  1
502  0  0.918556  0.353599  18579.9  1.9578  -0.0665741  1
503  0  0.152891  -0.169794  19394.4  1.85123  -0.052334  1
504  0  0.0338387  -1.33077  19907.4  1.70495  0.0228003  1
505  0  -0.150831  0.468966  18973.5  2.06386  0.219756  1
506  0  0.557423  0.187166  18204.9  2.27386  -0.20587  1
507  0  -0.0679559  1.37359  18905.1  2.0452  0.164592  1
508  0  -0.71129  -0.0488948  19574  1.9865  0.411425  1
509  0  0.746958  0.0662081  18569.4  1.46578  -0.207013  1
510  0  1.28502  0.966667  18429.4  1.97142  0.0873695  1
511  0  1.63476  0.925519  18295.2  1.94025  0.0902104  1
512  0  1.03746  0.0276151  18933.4  1.37836  -0.0449202  1
513  0  0.366079  -0.168708  19180.6  1.90546  0.0152273  1
514  0  1.35223  1.67551  18420.5  1.98807  0.121036  1
515  0  0.291032  1.06689  18739.1  2.05513  0.122383  1
516  0  0.277142  -0.0730705  19198.7  1.94783  -0.037475  1
517  0  1.10354  1.2483  18492.5  1.99442  0.104518  1
518  0  0.714753  0.141528  18525.4  2.1811  -0.252046  1
519  0  0.932182  0.111033  18736.6  2.02544  -0.202744  1
520  0  0.0256652  0.0627064  18811.3  1.91426  0.889127  1
521  0  0.94658  0.03631  18812.4  1.25705  -0.173599  1
522  0  0.754467  0.471855  18528  2.04619  -0.0192952  1
523  0  0.635317  -0.460794  19125.8  1.86345  0.0755443  1
524  0  0.180427  0.388889  18513.9  2.2114  0.208041  1
525  0  -0.472387  -0.410066  19707.2  1.92416  0.144465  1
526  0  -0.11152  -0.331719  19613.2  1.83477  -0.00132616  1
527  0  1.1646  -0.248321  18788.6  1.86981  0.094016  1
528  0  0.564155  -0.0663237  19024.3  1.92312  0.0721317  1
529  0  0.4505  -0.297061  19188.5  1.89214  0.0518145  1
530  0  0.313455  -0.128373  19199.6  1.91564  -0.011727  1
531  0  0.628624  -0.0667669  18987.5  1.92772  0.0822656  1
532  0  -0.0637106  0.0693213  19512.2  1.76782  0.447833  1
533  0  -0.135492  0.113518  19388.1  1.8691  0.31343  1
534  0  0.693891  -0.0633968  18955.4  1.92267  0.0927045  1
535  0  -0.489963  0.662566  19142.8  2.0463  0.326548  1
536  0  0.30476  0.170397  17771.3  2.58669  0.144965  1
537  0  -1.66451  -0.9677  20171.8  1.98461  0.388814  1
538  0  -0.408671  -0.213397  19639.6  1.89656  0.146183  1
539  0  0.541186  0.107172  18074.7  1.95118  -0.281342  1
540  0  0.818803  0.0440007  18689  0.884151  -0.113941  1
541  0  -0.0886465  -1.63611  20228.4  1.65556  0.0156998  1
542  0  0.710672  0.257114  18486.5  2.074  -0.151623  1
543  0  0.616401  -1.39787  19396.2  1.82518  0.102219  1
544  0  0.367536  0.229237  18009.9  2.3875  0.0405015  1
545  0  -1.19471  -1.60012  20652.7  1.89308  0.368351  1
546  0  0.851758  0.508794  18542.7  2.0199  -0.0141995  1
547  0  0.7954  -0.0440989  18882.7  1.64496  0.0968265  1
548  0  0.09063  -0.0480646  19382.3  1.7097  -0.158975  1
549  0  -1.5812  -1.5738  20526.8  1.9324  0.360419  1
550  0  -0.633569  -1.64932  20645.4  1.74005  -0.0907698  1
551  0  0.517643  0.835833  18619.3  2.07334  0.0906898  1
552  0  0.13247  -0.0542298  19319.4  1.76133  -0.124692  1
553  0  0.692619  -0.136674  18983.5  1.94419  0.0931843  1
554  0  -0.121546  -0.190619  19653.5  1.78141  0.024054  1
555  0  0.496805  0.230908  18162.3  2.28857  -0.114478  1
556  0  1.06059  0.620721  18525.5  1.97574  0.015264  1
557  0  1.20136  0.806326  18462.3  1.96519  0.0670639  1
558  0  0.424684  0.174501  17859  2.52267  -0.0956654  1
559  0  0.177098  -0.0583301  19251  1.77116  -0.091501  1
560  0  -0.300858  0.0109596  19525.4  1.88342  0.204582  1
561  0  1.01258  0.215772  18676.2  1.89325  -0.0932794  1
562  0  0.387684  -1.23216  19546.8  1.79606  0.0752506  1
563  0  1.05863  -0.0345398  18942.8  1.62503  0.124418  1
564  0  0.31828  -0.432852  19332.9  1.8639  0.0324303  1
565  0  0.952141  -0.190059  18893.2  1.88612  0.118862  1
566  0  1.66999  0.65281  18313.5  1.90021  0.063633  1
567  0  -1.59432  1.16077  19271.7  1.98593  0.340788  1
568  0  0.452997  0.120865  17653.8  2.27605  -0.187757  1
569  0  -1.03855  1.68664  19121  2.00366  0.347771  1
570  0  0.850724  0.112793  18674.1  2.10305  -0.236034  1
571  0  0.360908  0.480213  18481.1  2.18428  0.0962832  1
572  0  -1.08429  1.1483  19209.2  2.0038  0.368143  1
573  0  0.470362  -0.166591  19115  1.92044  0.0471712  1
574  0  0.964691  -0.0432112  18889.8  1.85965  0.159947  1
575  0  -0.212305  -0.393832  19652.1  1.86479  0.00469219  1
576  0  0.373286  0.723589  18628.3  2.10257  0.107943  1
577  0  0.273362  0.20272  17940.9  2.44648  0.192186  1
578  0  -0.0283659  -0.517068  19589.7  1.85373  -0.014192  1
579  0  -1.67246  0.151498  19599  1.97985  0.359902  1
580  0  -0.479858  -0.7986  19890  1.88671  0.0612451  1
581  0  0.905659  -0.0359839  18837.3  1.62562  0.120932  1
582  0  0.437318  0.28842  18198.8  2.29152  -0.0147625  1
583  0  0.468262  0.186331  18001.5  2.42015  -0.142407  1
584  0  0.65711  0.722251  18566.7  2.07136  0.0573784  1
585  0  0.428766  -0.0995869  19087.2  1.98622  0.0246536  1
586  0  -0.0839245  -0.890635  19749  1.83359  -0.0263418  1
587  0  0.612422  -0.132936  19022.1  1.95156  0.0773455  1
588  0  0.78304  0.104513  18607  2.10128  -0.259424  1
589  0  0.882248  0.0314262  18740.9  0.810666  -0.0969296  1
590  0  -0.0174331  -0.086077  19769.1  1.65966  -0.0733922  1
591  0  -0.796826  -0.580977  19857.7  1.98087  0.383674  1
592  0  0.0212625  -0.0350069  19617.8  1.55324  -0.336398  1
593  0  0.202652  0.114935  17532  2.53818  0.437647  1
594  0  0.986219  0.0894219  18787.4  1.92359  -0.178438  1
595  0  1.42188  -1.73875  18706.7  2.00791  0.260092  1
596  0  0.104189  -0.250733  19466.4  1.83169  -0.0280403  1
597  0  0.156014  -0.310926  19426.2  1.84836  -0.00931032  1
598  0  0.0710707  0.0797467  18255.4  2.19939  0.817751  1
599  0  9.70888e-05  0.11812  18980.3  1.98197  0.574989  1
600  0  0.00361327  0.301077  18803.8  2.11443  0.304994  1
601  0  -0.32346  0.359687  19189.4  2.01778  0.274003  1
602  0  0.222311  -0.0574589  19210.9  1.74566  -0.0617394  1
603  0  0.114971  0.0941546  17903.3  2.38754  0.696611  1
604  0  0.0983007  -0.183925  19465.5  1.82696  -0.0548478  1
605  0  -0.24074  -0.231231  19640.8  1.83532  0.0558637  1
606  0  0.375645  -0.0585121  19105.2  1.73003  -0.00303655  1
607  0  0.865041  -0.113277  18905.4  1.95035  0.127347  1
608  0  0.606077  0.204045  18337.4  2.19017  -0.200123  1
609  0  0.331968  -0.0581601  19130  1.73051  -0.0211047  1
610  0  0.344859  0.18666  17840.1  2.52224  0.0646224  1
611  0  0.86126  -0.0376307  18863.8  1.61583  0.118443  1
612  0  0.140437  -0.404118  19458.7  1.85303  0.00100571  1
613  0  0.208919  -0.474157  19424.2  1.85621  0.0147277  1
614  0  0.340053  0.125808  17417.4  2.47106  0.0658002  1
615  0  0.0423485  0.666761  18799.1  2.09319  0.158853  1
616  0  0.00689927  0.0431693  19276.2  1.60132  0.931028  1
617  0  0.271185  0.121077  17477.4  2.48591  0.22938  1
618  0  -0.237002  0.951051  18973.2  2.06132  0.208375  1
619  0  0.651654  0.132753  18416.8  2.25887  -0.286981  1
620  0  -0.0549415  -0.0244592  19975.2  1.50794  0.112976  1
621  0  0.178306  0.619995  18684  2.12204  0.147049  1
622  0  0.222338  -0.0956312  19256  1.9409  -0.0588432  1
623  0  0.229703  0.161434  17831.5  2.53812  0.309732  1
624  0  0.319883  -0.24405  19259.3  1.88522  0.0122614  1
625  0  0.295779  -0.315982  19310.5  1.87206  0.0172224  1
626  0  0.749965  -0.0466437  18909  1.69827  0.0917764  1
627  0  -0.675171  1.6096  19068.7  2.01393  0.311762  1
628  0  0.747626  -0.0893802  18930.1  1.97772  0.10508  1
629  0  1.63599  1.49241  18319.2  1.97836  0.12698  1
630  0  0.604839  0.0866968  18346.1  1.53669  -0.25536  1
631  0  0.44571  -0.225751  19159  1.90308  0.045872  1
632  0  0.453962  -0.123025  19099.8  1.96027  0.0379065  1
633  0  0.199301  0.244252  18230.8  2.33702  0.274715  1
634  0  0.181058  0.177422  18021.9  2.41818  0.37358  1
635  0  0.804997  0.724046  18551.4  2.04562  0.0445517  1
636  0  0.891254  -1.18409  19128.2  1.82785  0.117226  1
637  0  0.0770671  0.282576  18610.3  2.18478  0.3193  1
638  0  -0.0262221  -0.00054699  20247.2  1.26702  0.263865  1
639  0  0.647854  0.0764285  18452.7  1.32538  -0.194239  1
640  0  0.855219  0.308132  18575.2  1.97541  -0.0958995  1
641  0  0.690082  0.065167  18546.9  1.06681  -0.159022  1
642  0  0.907278  -0.337945  18932.1  1.87002  0.103483  1
643  0  0.112243  0.148837  18240.8  2.3141  0.521874  1
644  0  -0.0922178  -0.0764406  19763.2  1.67769  0.0603687  1
645  0  -0.154074  -0.0797582  19688.2  1.74822  0.102328  1
646  0  0.0928973  -0.821495  19613.3  1.84118  0.00203567  1
647  0  0.607815  0.125645  18321.3  2.27293  -0.304257  1
648  0  0.794655  -0.2446  18970.9  1.89191  0.102135  1
649  0  0.00154427  -0.176362  19597  1.77728  -0.0405981  1
650  0  1.45702  -0.483258  18571.3  1.89003  0.107464  1
651  0  0.419594  -0.0597952  19046  1.73566  0.0161399  1
652  0  -0.879338  -0.130966  19648.4  1.99188  0.440592  1
653  0  0.464614  -0.0540876  19041.3  1.65478  0.0319519  1
654  0  0.508609  -0.0533968  19026.1  1.66356  0.0500264  1
655  0  0.542748  -0.28439  19124.8  1.89915  0.0673349  1
656  0  0.428823  0.118777  17577.5  2.24658  -0.137376  1
657  0  -0.183663  -0.621799  19696.8  1.85434  -0.0202584  1
658  0  0.517347  0.103845  17939.1  1.78861  -0.263196  1
659  0  -0.0136559  0.517661  18831.6  2.09721  0.195636  1
660  0  -0.81759  0.350958  19390.8  2.00802  0.433932  1
661  0  0.0689324  -0.0490747  19393.3  1.72761  -0.189282  1
662  0  0.5633  0.0959583  18153.4  1.6651  -0.263419  1
663  0  0.605799  0.420537  18455.9  2.12003  -0.0264397  1
664  0  0.792692  0.044706  18634.1  0.768686  -0.134337  1
665  0  0.230624  0.113926  17442.8  2.47261  0.333592  1
666  0  0.155772  -0.126958  19352.3  1.8639  -0.0702622  1
667  0  -1.67116  1.69059  19200.9  1.98483  0.323169  1
668  0  0.0262002  -0.0950549  19636.5  1.73107  -0.120797  1
669  0  -0.491325  0.187493  19389.9  1.98152  0.335285  1
670  0  -0.427238  -0.10082  19583.6  1.90854  0.208834  1
671  0  0.111255  -0.0451211  19360.8  1.65606  -0.141519  1
672  0  0.9684  -0.132178  18888.2  1.92059  0.128169  1
673  0  0.0509934  0.0667863  18451.8  2.04658  0.890605  1
674  0  0.452375  0.347387  18314.6  2.23775  0.00119065  1
675  0  0.838974  0.0331866  18681.2  0.653902  -0.0844789  1
676  0  0.924658  0.0238937  18785.7  0.766558  -0.0998758  1
677  0  0.31271  0.120625  17488.1  2.3947  0.130083  1
678  0  0.155067  -0.0489465  19283.7  1.67913  -0.104171  1
679  0  -0.737987  -1.09429  20122.7  1.90731  0.221564  1
680  0  0.38232  -0.121162  19140.5  1.94561  0.0111775  1
681  0  0.237792  0.361406  18394  2.25247  0.172427  1
682  0  0.42138  -0.69539  19336.2  1.84611  0.0502113  1
683  0  1.2849  0.374583  18524.3  1.8965  0.0149389  1
684  0  0.930241  0.588427  18541  2.01104  0.00340861  1
685  0  0.74747  0.371365  18514.6  2.0447  -0.0641509  1
686  0  0.967941  0.0229422  18873.3  0.907785  -0.12067  1
687  0  0.381475  1.35113  18739  2.03601  0.126839  1
688  0  1.06924  0.42981  18563.6  1.94569  -0.0293997  1
689  0  0.817022  -0.0366982  18894.4  1.57571  0.0945847  1
690  0  0.199699  -0.0503913  19221.2  1.65446  -0.075795  1
691  0  0.62537  0.077781  18381.5  1.22991  -0.210588  1
692  0  0.850323  -0.432893  18982  1.86767  0.0952917  1
693  0  0.309651  -0.0518499  19166.6  1.59843  -0.0222662  1
694  0  0.0566037  0.43363  18731.9  2.13681  0.21793  1
695  0  -1.64532  -0.591317  19956  1.98402  0.378077  1
696  0  0.19939  -0.168956  19333.6  1.86901  -0.0405668  1
697  0  1.43334  -0.220962  18570.7  1.88133  0.0887692  1
698  0  0.886514  -0.169401  18910.9  1.90594  0.121373  1
699  0  0.0343128  -0.272027  19534.1  1.81766  -0.0192039  1
700  0  0.833089  0.1744  18615.5  2.02403  -0.1923  1
701  0  1.68609  -1.02197  18419.7  1.90114  0.16718  1
702  0  0.53087  -0.0487391  18996.2  1.52434  0.0532094  1
703  0  0.319619  0.386549  18383.1  2.24121  0.11646  1
704  0  0.927092  -0.0275436  18837.6  1.47773  0.1134  1
705  0  0.860166  0.0285716  18691.1  0.52725  -0.104727  1
706  0  1.1176  -0.382313  18816.7  1.86579  0.102105  1
707  0  0.883134  -0.0330333  18840.6  1.55472  0.115663  1
708  0  0.773195  -0.0395676  18885.9  1.57434  0.0936148  1
709  0  0.710429  0.107695  18526.1  2.13158  -0.271762  1
710  0  0.423201  0.590211  18547.8  2.13416  0.0862546  1
711  0  0.404795  0.209793  17962.2  2.40338  -0.0268106  1
712  0  0.561206  -0.75748  19256.3  1.8453  0.0691348  1
713  0  -1.63405  0.839246  19345.3  1.98224  0.349089  1
714  0  -1.33401  0.601283  19400  1.98814  0.373046  1
715  0  0.295419  0.275223  18164.2  2.34139  0.146759  1
716  0  -0.0204697  0.222946  18893.4  2.07437  0.370773  1
717  0  0.74687  -0.392668  19036.9  1.87281  0.0844599  1
718  0  0.646888  0.193805  18394.5  2.15512  -0.211743  1
719  0  0.990491  0.0181555  18864.5  0.843107  -0.111285  1
720  0  0.902991  0.0234685  18757.6  0.567623  -0.0860893  1
721  0  0.759484  0.237068  18536.3  2.03199  -0.158847  1
722  0  0.676831  -0.0953065  18975  1.97676  0.0920573  1
723  0  0.609791  -0.0956478  19003.5  1.98115  0.0797776  1
724  0  0.559551  0.292383  18340.2  2.19229  -0.0987836  1
725  0  -0.333684  0.115391  19414.1  1.93467  0.256182  1
726  0  0.496395  0.108208  17842.1  1.93534  -0.251916  1
727  0  -1.68828  -1.26832  20365.8  1.96301  0.379747  1
728  0  -0.583302  -1.26829  20194.1  1.82592  0.0238204  1
729  0  0.504878  -0.0897055  19045.7  1.99199  0.0524554  1
730  0  -0.00726949  -0.0162171  20345  1.08433  -0.150843  1
731  0  0.505265  -1.71485  19618  1.87171  0.163256  1
732  0  0.542749  0.15122  18125.7  2.4342  -0.264291  1
733  0  -0.161169  -0.0028953  19643.5  1.76597  0.19397  1
734  0  -0.1023  -0.260785  19623.2  1.80527  0.00521081  1
735  0  1.64737  -1.42242  18477  1.92557  0.202296  1
736  0  0.587282  0.16194  18263.2  2.31974  -0.256281  1
737  0  0.0544042  0.174473  18628.5  2.15748  0.490631  1
738  0  -0.103899  0.341958  18996.2  2.05754  0.26013  1
739  0  0.67604  1.32294  18633.5  2.01947  0.119586  1
740  0  -0.651733  -0.420084  19730.8  1.9649  0.306774  1
741  0  1.77006  -0.595607  18358.9  1.91963  0.146096  1
742  0  0.124742  -0.0986184  19387  1.86335  -0.103127  1
743  0  0.544136  -0.110833  19046.1  1.98011  0.0634858  1
744  0  0.715455  -0.64301  19115.6  1.8474  0.0883507  1
745  0  0.914822  0.0714828  18750.9  1.83804  -0.227509  1
746  0  0.144466  0.293826  18454.1  2.24421  0.283003  1
747  0  0.693963  0.0896272  18527.3  1.88506  -0.259325  1
748  0  0.159139  0.101307  17707.5  2.40972  0.546738  1
749  0  0.657069  -0.126604  18998  1.95549  0.0855452  1
750  0  0.24042  -0.816515  19517.4  1.84396  0.0245088  1
751  0  -0.79352  1.013  19174  2.02207  0.37435  1
752  0  0.384859  0.119865  17501.3  2.26195  -0.0571598  1
753  0  0.105858  0.119301  18162.8  2.39707  0.643002  1
754  0  0.201491  0.512599  18600.4  2.16203  0.160973  1
755  0  1.11226  -0.15452  18840  1.89886  0.0990503  1
756  0  1.05129  -0.245531  18852.3  1.86597  0.106792  1
757  0  0.784982  -0.103512  18925.7  1.97237  0.114891  1
758  0  0.0694168  -0.59749  19545.3  1.84636  -0.00391766  1
759  0  0.52923  0.209638  18188.4  2.26285  -0.161624  1
760  0  0.191563  0.887663  18751.5  2.07274  0.129678  1
761  0  0.0902118  -0.0994112  19456.8  1.83126  -0.117532  1
762  0  0.140316  0.198995  18265.5  2.32229  0.395825  1
763  0  0.138181  0.0959351  17697.5  2.36395  0.610554  1
764  0  -0.314737  -0.955084  19895.9  1.84913  -0.0404824  1
765  0  -0.242717  0.23745  19229.8  1.98125  0.26631  1
766  0  0.406916  -0.194627  19168  1.90422  0.0321646  1
767  0  0.0522926  -0.41862  19527.3  1.84925  -0.00676942  1
768  0  1.34175  -0.963227  18696.5  1.87485  0.14645  1
769  0  0.762417  0.0461351  18588.8  0.637191  -0.101925  1
770  0  0.53484  -0.163114  19077.8  1.92609  0.0615261  1
771  0  0.93848  -0.0909763  18885.7  1.95784  0.141192  1
772  0  0.474879  0.109069  17678  1.93716  -0.217904  1
773  0  -1.00329  -1.09772  20199.8  1.94508  0.381408  1
774  0  0.405577  0.116  17494.5  2.139  -0.0959185  1
775  0  0.22648  -0.2133  19330.2  1.86946  -0.0186201  1
776  0  0.502111  -0.478532  19218.8  1.85975  0.0645601  1
777  0  1.2157  0.00286005  18740.1  1.7507  0.0478025  1
778  0  0.447643  0.99023  18670.1  2.05913  0.107534  1
779  0  0.821558  0.253445  18574.7  1.98908  -0.135175  1
780  0  0.256077  0.303441  18271.5  2.30191  0.1791  1
781  0  0.865426  0.870082  18550  2.02351  0.0688389  1
782  0  0.65993  -0.230146  19036.4  1.90742  0.0834976  1
783  0  0.710227  0.0548772  18566.2  0.708648  -0.106589  1
784  0  1.14933  0.351139  18578  1.90375  -0.0279533  1
785  0  -1.02495  -0.357826  19772  1.99676  0.442901  1
786  0  0.656602  0.102065  18460.3  2.05085  -0.288545  1
787  0  1.71001  0.326164  18323.5  1.89036  0.0428254  1
788  0  0.180719  0.102605  17631.8  2.38233  0.485094  1
789  0  0.887595  0.132278  18686.2  2.05181  -0.206022  1
790  0  0.772001  -0.190923  18962  1.91021  0.106511  1
791  0  0.936447  0.276236  18619.3  1.92668  -0.0952372  1
792  0  0.203519  -1.7621  19929.2  1.79288  0.201333  1
793  0  0.662832  0.289566  18441.9  2.11176  -0.124406  1
794  0  -0.01374  -0.0577938  19902.5  1.57265  -0.104624  1
795  0  0.265123  -0.0511594  19192.2  1.63496  -0.039419  1
796  0  -0.46488  0.496271  19211.9  2.03383  0.332869  1
797  0  0.363676  0.117355  17403.9  2.21885  -0.00815985  1
798  0  -1.11881  0.0392263  19590.7  1.98662  0.418878  1
799  0  0.633045  0.607029  18537.1  2.08885  0.0386576  1
800  0  1.22762  0.62444  18479.1  1.9401  0.0389279  1
801  0  0.0391153  0.13235  18703.8  2.11103  0.58724  1
802  0  -0.117515  1.11541  18913.7  2.05743  0.172766  1
803  0  0.443649  -0.39807  19229.7  1.87493  0.056294  1
804  0  0.712921  1.73755  18658.6  2.00589  0.140797  1
805  0  0.811972  -0.0606898  18897.3  1.94808  0.120289  1
806  0  -0.00319066  -0.332293  19555.6  1.83156  -0.00991432  1
807  0  1.11063  0.248833  18644.2  1.87442  -0.0499868  1
808  0  -0.655798  -0.737094  19918.8  1.93711  0.234752  1
809  0  0.260393  0.689849  18665.7  2.11103  0.129006  1
810  0  0.839021  -0.0322408  18894.8  1.47419  0.104558  1
811  0  -0.0346046  -0.151551  19659.1  1.75068  -0.024364  1
812  0  -0.56288  1.08475  19092.7  2.0408  0.32303  1
813  0  -0.485629  1.35708  19041.8  2.03841  0.279758  1
814  0  0.576447  -0.0465026  19013.7  1.53877  0.0602962  1
815  0  0.993344  -0.0169594  18876.2  1.32096  0.153442  1
816  0  0.484017  0.15768  17958  2.52352  -0.209568  1
817  0  -0.371194  -1.67755  20533.5  1.60735  -0.199701  1
818  0  0.731685  0.0512334  18554.2  0.721213  -0.0866352  1
819  0  0.404966  0.248524  18087.8  2.3443  -0.00368003  1
820  0  0.531921  0.463928  18458.1  2.14481  0.0168074  1
821  0  0.314817  0.1459  17592.6  2.70391  0.137357  1
822  0  0.924542  0.160552  18693  1.97584  -0.170299  1
823  0  -0.900028  0.600249  19310.5  2.01397  0.415966  1
824  0  1.15237  -1.16628  18880.2  1.83747  0.158182  1
825  0  -0.33175  -0.409644  19685.9  1.88994  0.0468644  1
826  0  -0.23685  -0.497279  19685.9  1.87025  -0.00302465  1
827  0  0.313366  1.68682  18792.7  2.0239  0.141159  1
828  0  0.760916  0.0859453  18597.2  1.9367  -0.262822  1
829  0  0.787639  -1.66027  19316.1  1.90416  0.11225  1
830  0  -0.637399  0.346775  19329.6  2.01239  0.393634  1
831  0  0.853332  0.0790378  18684.4  1.90569  -0.234041  1
832  0  0.243638  -0.0494055  19176.7  1.58652  -0.0480831  1
833  0  1.23991  -0.125188  18720.6  1.86732  0.0906281  1
834  0  0.333133  -1.01504  19509.8  1.82111  0.0450621  1
835  0  0.332497  0.267516  18125.8  2.34956  0.0963282  1
836  0  -0.40607  0.874668  19056.2  2.05504  0.281309  1
837  0  1.00386  1.77894  18545.1  1.99463  0.129274  1
838  0  0.236693  -0.131338  19274.6  1.89021  -0.0398545  1
839  0  0.353995  -0.0510271  19119.3  1.58514  -0.012744  1
840  0  0.118701  1.23  18825.3  2.04859  0.1369  1
841  0  0.289163  -0.052697  19171.7  1.64971  -0.0269413  1
842  0  0.398047  -0.0513636  19072  1.6065  0.00916781  1
843  0  0.597969  -0.340445  19112.6  1.8869  0.0730709  1
844  0  0.455174  0.423836  18412.8  2.19072  0.0329894  1
845  0  0.244935  0.188264  17911.6  2.46107  0.248347  1
846  0  -0.70186  -0.201749  19651.9  1.98291  0.381281  1
847  0  -0.0182677  1.71936  18928  2.02493  0.160613  1
848  0  1.46734  0.0572002  18508.5  1.8697  0.0471349  1
849  0  0.0626338  0.108159  18482.2  2.22704  0.704454  1
850  0  0.432016  0.143237  17712.4  2.62355  -0.144158  1
851  0  1.72602  1.18433  18249  1.9498  0.12439  1
852  0  0.611523  -0.196528  19049  1.91578  0.0764323  1
853  0  -0.747338  0.751695  19214.1  2.02921  0.394697  1
854  0  -0.0787842  0.19341  19115.8  1.98494  0.356624  1
855  0  0.180708  -0.0971531  19295.4  1.91997  -0.0778045  1
856  0  1.16705  0.175364  18690.2  1.89819  -0.0277467  1
857  0  0.552314  -0.047192  19007.8  1.55662  0.0515366  1
858  0  -1.39051  -0.0417775  19664.3  1.98353  0.381216  1
859  0  0.948331  -0.0257252  18861.5  1.50347  0.123595  1
860  0  0.596785  -0.04274  18997.2  1.43814  0.0625335  1
861  0  0.802324  0.0828004  18643.3  1.93927  -0.251924  1
862  0  0.908668  0.428644  18558.6  1.98347  -0.0425994  1
863  0  -1.41674  -0.344017  19812.7  1.98545  0.384919  1
864  0  -0.380621  -0.678631  19783.5  1.87677  0.0209483  1
865  0  0.682423  0.207514  18452.3  2.10628  -0.194766  1
866  0  0.642151  -0.0438109  18971.9  1.54281  0.0670563  1
867  0  0.973178  -0.0223397  18868.4  1.46491  0.13999  1
868  0  0.616796  -0.0452738  18986.5  1.54986  0.0625015  1
869  0  0.92775  0.0487295  18778.5  1.47873  -0.201102  1
870  0  0.682353  -0.0419589  18956.2  1.54038  0.072195  1
871  0  0.0352795  -0.0715345  19597.6  1.76608  -0.192794  1
872  0  0.706589  -0.040816  18943  1.54851  0.0770706  1
873  0  -0.215844  -0.308434  19642.8  1.84718  0.0231424  1
874  0  0.609987  0.258801  18364.9  2.16409  -0.143913  1
875  0  0.981381  0.39776  18577.3  1.95375  -0.0474573  1
876  0  -0.0746261  -0.156491  19674  1.75212  0.00578835  1
877  0  1.33541  0.518528  18468  1.91259  0.0458711  1
878  0  0.000103681  -0.0370108  19951.2  1.5125  -0.267631  1
879  0  1.033  0.133563  18773.6  1.93431  -0.120497  1
880  0  1.08871  0.108254  18794.5  1.91789  -0.0751451  1
881  0  0.839368  0.0561191  18683.3  1.43196  -0.198202  1
882  0  0.358514  0.3389  18286.8  2.27475  0.0784426  1
883  0  -0.16374  0.0557548  19531.4  1.82081  0.25076  1
884  0  -0.157096  -0.147449  19667.8  1.7752  0.0570722  1
885  0  -0.163519  -1.2897  20047.5  1.69795  -0.0657539  1
886  0  0.0954672  0.0801513  18014.7  2.23299  0.768419  1
887  0  1.48226  0.204099  18461.6  1.88353  0.0414725  1
888  0  0.339451  -0.144074  19188.4  1.91034  0.0026193  1
889  0  0.331715  -0.0917913  19159.3  1.97794  -0.0141982  1
890  0  -1.35352  1.74821  19164.2  1.99508  0.334067  1
891  0  -0.00120929  -0.225529  19577.3  1.79602  -0.0219655  1
892  0  0.532584  0.558802  18520.7  2.11992  0.0488057  1
893  0  -0.927746  -1.70751  20799.5  1.8461  0.275216  1
894  0  0.222842  0.134272  17640.2  2.68991  0.371176  1
895  0  0.957022  -0.270753  18898  1.86988  0.110116  1
896  0  0.885722  0.0635234  18736.9  1.66659  -0.21943  1
897  0  1.06307  -0.595998  18871.9  1.86645  0.110538  1
898  0  0.359414  0.163824  17723.4  2.64492  0.0253373  1
899  0  -0.409127  -0.316588  19668.8  1.90959  0.119089  1
900  0  0.173619  0.148907  17917.4  2.48153  0.439158  1
901  0  0.662322  -0.0391582  18967.6  1.42261  0.0677778  1
902  0  -0.637411  -0.906492  19988.2  1.9096  0.171719  1
903  0  0.571972  -0.133056  19045.1  1.95132  0.0685192  1
904  0  0.729404  -0.124355  18961.4  1.95368  0.101652  1
905  0  0.727014  -0.0380559  18948.3  1.49022  0.0791606  1
906  0  0.37051  -0.0908034  19130.3  1.98753  -0.00481715  1
907  0  0.273843  -0.210371  19281.5  1.88208  -0.00737668  1
908  0  -0.0771588  -0.0478832  19835.7  1.61181  0.0817786  1
909  0  0.249827  0.111834  17533.9  2.33241  0.264146  1
910  0  0.293915  0.115367  17417.8  2.29565  0.159972  1
911  0  -0.351715  -1.17543  20055.2  1.78334  -0.0775755  1
912  0  0.822782  0.101229  18642.7  2.0847  -0.248697  1
913  0  0.894547  -0.56215  18988.5  1.86031  0.101404  1
914  0  -0.00637589  0.0208354  20037.5  1.22077  0.737241  1
915  0  0.466062  0.259076  18177.1  2.2886  -0.0638041  1
916  0  0.856873  -0.0823498  18890.6  1.98847  0.127549  1
917  0  1.06237  -1.72962  19027.6  1.95474  0.17726  1
918  0  -0.268349  1.33915  18971.3  2.05014  0.211906  1
919  0  0.808945  -0.134248  18932.6  1.9386  0.11799  1
920  0  -0.00611759  -1.11669  19818.5  1.77172  -0.0168922  1
921  0  1.28564  1.39172  18430.3  1.98776  0.112772  1
922  0  -0.205527  0.577476  18999.3  2.06191  0.214611  1
923  0  0.850972  0.143186  18647.7  2.05747  -0.211397  1
924  0  0.209093  -0.277288  19361.6  1.86163  -0.00607951  1
925  0  -1.03053  0.235148  19483.6  1.99723  0.424371  1
926  0  0.23971  0.218687  18060.2  2.39696  0.239077  1
927  0  0.433278  -0.580176  19292.1  1.84724  0.054864  1
928  0  -1.01175  -0.780051  20012.5  1.99964  0.427973  1
929  0  -1.21327  -0.710531  19983.6  2.00762  0.419881  1
930  0  0.169858  -0.563902  19478  1.8478  0.0096698  1
931  0  0.593815  0.987233  18626.4  2.04945  0.0956434  1
932  0  0.531798  0.255405  18251.3  2.24227  -0.119034  1
933  0  0.791521  0.166231  18583.1  2.0699  -0.209096  1
934  0  -1.40472  -1.78177  20710.1  1.92023  0.332775  1
935  0  0.0106879  0.0885777  19026  1.94729  0.693646  1
936  0  0.40345  0.328442  18263.3  2.27303  0.0358099  1
937  0  -1.20944  -0.461202  19851.1  1.99586  0.410146  1
938  0  0.716285  0.315984  18491.4  2.06709  -0.104255  1
939  0  -0.240137  0.15892  19343.6  1.92801  0.263203  1
940  0  -1.35111  1.1101  19264.5  1.99241  0.355306  1
941  0  0.763213  0.197308  18547.8  2.05428  -0.190248  1
942  0  0.351535  -0.206649  19212.5  1.89649  0.017088  1
943  0  0.764369  0.131196  18570.8  2.15457  -0.246565  1
944  0  -1.09936  -1.35585  20446.7  1.89317  0.383575  1
945  0  0.293909  -0.699721  19432  1.84959  0.0309141  1
946  0  -0.972777  1.41399  19148.7  2.00643  0.355173  1
947  0  0.562063  -0.21534  19084.1  1.9105  0.068712  1
948  0  -0.0323868  0.0939948  19272.4  1.86671  0.556091  1
949  0  1.48775  0.56046  18400  1.90058  0.0557762  1
950  0  0.29358  -0.101665  19201.1  1.95323  -0.0262831  1
951  0  0.275076  -0.133319  19236.3  1.89881  -0.0237755  1
952  0  0.967245  1.13822  18529.3  2.0041  0.10024  1
953  0  1.12786  1.05369  18481.2  1.9885  0.0911562  1
954  0  0.890001  1.26861  18560.9  2.00648  0.110461  1
955  0  -1.74532  1.39892  19244.8  1.98332  0.329303  1
956  0  0.178478  0.213089  18175.3  2.35559  0.332662  1
957  0  0.677587  0.440537  18498.2  2.07782  -0.025899  1
958  0  1.08236  0.0633336  18932.2  1.73959  -0.0775862  1
959  0  -0.181706  -0.196232  19648.2  1.80191  0.0467905  1
960  0  0.482024  -0.112732  19083.2  1.97335  0.0463518  1
961  0  1.71764  1.75358  18277.6  1.98989  0.138723  1
962  0  0.50778  0.148248  18005.6  2.51685  -0.252257  1
963  0  0.581731  0.0851213  18244.9  1.31647  -0.226694  1
964  0  -0.214551  0.0190784  19551.4  1.8306  0.204913  1
965  0  0.783246  -1.00683  19163.1  1.83852  0.0994444  1
966  0  0.129258  -0.0765866  19351.9  1.90903  -0.123292  1
967  0  1.01091  0.019818  18871.2  1.02742  -0.0773798  1
968  0  0.593168  0.359388  18409.3  2.1444  -0.0645924  1
969  0  0.85346  0.624599  18540.9  2.03575  0.017235  1
970  0  1.34915  0.268157  18530.8  1.88922  0.0331202  1
971  0  0.667501  0.0650003  18497  0.896567  -0.145355  1
972  0  1.27702  -1.45189  18805.4  1.86846  0.199727  1
973  0  0.083474  -0.0699759  19441.9  1.85906  -0.153751  1
974  0  0.183077  -1.18135  19689.7  1.77274  0.0446373  1
975  0  -0.140743  0.255136  19116.2  2.00667  0.286015  1
976  0  0.544952  0.129199  18122.8  2.42342  -0.306332  1
977  0  -0.226479  0.395639  19085.8  2.03862  0.243287  1
978  0  1.02092  -0.0163974  18948.3  1.36867  0.138251  1
979  0  0.122891  0.177342  18272  2.30415  0.454771  1
980  0  1.76041  -1.7652  18413.4  2.07813  0.249084  1
981  0  -1.77861  -1.77861  20588  1.9555  0.328674  1
982  0  -1.10683  0.680269  19334.8  1.99849  0.390454  1
983  0  0.127111  0.446119  18636.3  2.1649  0.20323  1
984  0  0.3569  -0.289916  19247.9  1.88447  0.0312908  1
985  0  0.74824  -0.303334  19009.8  1.88727  0.0897101  1
986  0  0.262573  0.786493  18696.8  2.08916  0.12561  1
987  0  0.731507  -0.169875  18977.9  1.92067  0.0995632  1
988  0  0.104712  0.236608  18472.4  2.24633  0.363251  1
989  0  -0.568175  -0.0826669  19573.7  1.96294  0.326215  1
990  0  -1.40292  -0.832585  20075.5  1.99743  0.408411  1
991  0  -0.132143  -0.74764  19720.5  1.84001  -0.0322743  1
992  0  0.966501  0.0458235  18830.7  1.54833  -0.179625  1
993  0  1.44801  0.869449  18384.1  1.94969  0.0784213  1
994  0  0.442447  -0.0499057  19023.3  1.55443  0.0194806  1
995  0  0.486289  -0.0469781  19024.9  1.48733  0.0376451  1
996  0  0.133627  -0.207886  19427.8  1.84145  -0.0412024  1
997  0  1.00474  -0.110919  18887.1  1.92828  0.130071  1
998  0  0.805826  0.061803  18656.7  1.49892  -0.221434  1
999  0  0.858972  0.20824  18614.2  1.97132  -0.155666  1
1000  0  0.736431  0.0845574  18540.9  1.93257  -0.260516  1
1001  0  0.686297  0.134392  18485.3  2.23788  -0.27257  1
1002  0  0.692645  -0.190267  19004.7  1.91504  0.091164  1
1003  0  -0.323942  -0.180006  19627.6  1.86117  0.114715  1
1004  0  0.283149  0.507089  18544.8  2.17304  0.13317  1
1005  0  -0.619571  0.0649421  19493.6  1.98315  0.377344  1
1006  0  0.562039  -0.927129  19303.6  1.84116  0.0668536  1
1007  0  0.555063  -0.0870796  19027.3  1.99033  0.071937  1
1008  0  1.56293  -0.0886842  18464.4  1.88105  0.0711083  1
1009  0  1.78479  -0.118667  18305.5  1.91603  0.0956257  1
1010  0  0.386278  -0.415165  19276.4  1.87005  0.0474264  1
1011  0  0.0749581  0.826338  18804  2.07683  0.140531  1
1012  0  0.945876  0.0173073  18816  0.595072  -0.110847  1
1013  0  -0.105915  -0.420507  19614.5  1.8554  -0.0114464  1
1014  0  1.24024  -0.496273  18732.3  1.87549  0.10535  1
1015  0  0.685477  0.529605  18519.8  2.07688  0.00841646  1
1016  0  1.01802  -0.0630458  18926.7  1.88445  0.148727  1
1017  0  1.02387  0.843148  18516.8  1.99604  0.0639292  1
