345  495  961
414  494  811
431  509  943
23  531  934
349  460  933
355  505  979
23  449  934
285  562  903
382  468  620
495  507  961
319  579  640
348  555  663
124  125  506
366  665  762
89  90  499
341  543  664
398  451  543
383  724  729
320  560  735
35  503  765
292  478  835
276  418  905
370  520  780
338  490  615
442  781  909
288  545  756
302  607  721
274  438  555
410  511  593
480  624  972
309  454  645
271  495  849
370  407  774
352  584  634
430  545  756
277  451  543
391  510  581
268  494  861
379  473  734
332  474  655
21  609  801
277  593  610
271  495  542
378  386  763
355  487  488
278  386  496
392  478  835
334  372  775
346  501  502
399  445  908
64  65  512
289  638  721
12  401  679
311  533  924
352  491  503
328  494  811
357  507  711
295  527  837
370  420  784
338  615  716
12  401  684
352  490  917
349  460  642
313  470  618
323  571  842
93  94  479
346  501  548
287  457  649
607  763  814
366  486  762
428  555  663
274  511  593
0  548  702
303  579  640
353  491  503
357  689  711
406  573  825
373  582  627
399  445  530
361  630  693
417  558  888
30  510  581
384  591  639
394  630  693
372  388  554
13  378  794
420  630  784
274  438  593
533  599  924
322  380  403
349  595  933
379  473  791
377  408  822
136  137  636
346  502  691
383  525  724
364  595  618
355  487  979
308  433  894
379  584  634
410  593  610
34  35  765
31  32  473
420  630  786
537  642  828
311  458  698
389  645  699
299  433  619
289  424  541
686  722  891
329  562  578
284  559  749
438  543  664
352  491  917
26  481  868
302  497  947
349  642  828
268  546  861
470  783  877
306  583  623
20  21  609
270  520  780
0  548  752
410  511  953
376  609  801
284  612  749
394  423  681
318  558  888
413  700  725
292  478  683
32  473  791
287  457  518
309  517  893
340  429  881
295  474  655
414  494  586
276  418  648
382  620  703
93  479  514
2  19  651
2  18  651
318  558  763
29  30  510
375  590  844
378  386  866
441  649  736
332  479  514
33  634  765
288  567  792
333  431  943
353  582  627
359  435  622
273  551  932
367  522  954
430  545  856
340  515  524
383  446  749
340  522  524
398  485  648
285  446  903
300  462  559
399  518  804
298  447  714
320  450  728
357  495  507
268  494  586
361  523  693
308  701  722
560  735  915
316  500  579
343  553  727
13  378  679
535  656  974
418  604  905
275  724  729
352  490  584
394  423  928
368  530  793
306  583  599
362  606  672
307  517  718
383  526  729
393  486  733
359  435  538
337  437  534
387  436  754
336  781  909
384  441  813
301  649  865
387  436  982
345  495  667
326  421  492
390  551  790
370  520  680
496  638  721
389  614  699
392  478  758
362  583  623
338  490  584
103  104  536
286  523  639
393  669  733
317  416  626
370  407  780
101  102  535
357  495  542
571  842  987
137  636  913
389  668  737
291  681  816
288  792  833
340  429  712
551  932  937
453  566  962
349  573  696
340  522  738
342  624  972
397  694  810
444  527  837
305  553  727
391  510  710
119  120  537
477  614  699
121  122  539
303  482  558
309  454  659
355  566  962
363  564  673
274  555  795
92  93  585
402  677  795
364  598  661
318  763  814
304  529  570
411  484  739
428  677  795
370  420  680
287  649  736
62  63  554
295  527  940
455  557  975
332  474  882
43  663  963
129  130  644
323  573  825
16  17  475
382  468  760
314  488  934
23  449  965
504  652  730
299  447  936
488  819  934
31  473  581
443  575  909
438  555  664
302  502  607
399  530  804
340  738  881
368  591  639
313  470  732
299  447  603
353  503  826
471  546  931
390  485  551
446  559  749
367  493  954
33  34  765
380  403  569
303  482  631
286  523  693
471  931  984
125  506  633
297  516  813
124  506  628
339  619  658
389  492  737
361  630  786
521  694  810
377  565  822
16  475  800
365  587  781
383  446  704
380  652  705
344  549  806
340  515  712
356  477  656
300  462  884
310  382  730
372  512  775
364  576  661
277  451  545
269  700  770
85  86  556
25  26  868
496  607  721
359  622  767
49  50  569
377  408  946
413  700  930
35  503  826
336  532  781
372  388  686
334  372  692
307  517  848
87  88  552
365  587  644
359  615  716
272  515  712
434  510  821
363  564  852
328  519  819
362  556  672
366  580  665
353  568  826
386  496  607
485  551  970
282  444  527
26  481  827
16  500  800
517  718  893
351  467  608
431  564  852
290  706  911
319  399  908
351  466  608
365  484  644
312  689  707
317  518  547
74  75  564
329  562  834
130  587  644
439  529  874
292  470  877
328  519  782
487  488  811
94  479  751
356  656  974
353  491  627
298  447  625
367  522  524
327  618  783
306  623  921
1  10  717
1  45  717
45  677  717
283  592  856
371  657  698
313  595  618
304  734  757
316  513  871
317  457  518
307  461  635
308  686  722
434  481  821
297  516  872
42  43  963
418  459  911
594  890  962
395  501  502
375  636  844
463  746  787
280  630  784
310  382  553
301  516  938
89  499  641
380  652  730
450  728  820
309  645  699
383  526  704
281  744  771
439  538  716
361  523  666
362  606  959
15  16  500
282  528  690
78  79  605
44  45  677
384  441  736
418  592  719
358  525  612
378  482  763
283  592  719
272  515  918
462  623  921
356  477  699
435  526  729
275  622  729
368  530  591
373  515  627
399  518  547
269  725  793
369  597  671
368  523  639
307  461  653
309  517  659
396  528  690
308  433  701
646  771  774
374  566  647
509  605  788
363  577  852
345  874  961
306  533  599
268  546  906
276  648  948
575  938  945
366  728  820
469  681  816
357  689  707
114  115  576
471  513  871
358  612  637
347  609  916
389  614  668
360  552  641
112  113  580
485  648  948
434  510  839
23  24  531
404  750  859
407  480  624
311  458  731
38  39  582
371  509  605
313  557  696
349  595  696
275  613  622
357  542  707
327  618  798
354  646  774
464  602  747
421  492  753
370  561  774
439  716  863
404  632  750
65  512  643
363  577  914
382  504  703
64  512  676
422  594  890
275  588  613
287  591  804
316  500  800
304  507  961
364  598  933
130  131  587
393  740  973
451  545  856
337  722  727
442  587  781
364  618  798
418  459  719
431  509  742
300  562  834
398  451  592
347  931  984
338  570  584
132  133  589
375  590  876
416  549  806
565  849  983
47  48  602
445  725  793
354  561  687
336  575  909
411  715  739
377  565  849
396  528  972
525  612  749
368  523  666
134  135  590
284  746  787
90  499  611
311  533  731
398  543  970
314  566  647
312  601  707
363  489  673
320  740  973
269  700  725
455  573  696
302  497  721
320  450  735
305  792  966
347  651  916
333  431  852
41  42  563
301  938  945
271  542  879
273  551  790
93  514  585
374  601  647
303  579  850
403  602  747
299  658  936
423  544  928
373  515  524
388  534  891
337  534  891
434  481  827
489  632  750
424  610  845
433  619  894
13  14  794
388  678  823
429  622  767
455  557  696
441  516  813
351  583  599
567  701  722
282  444  690
107  108  596
411  484  929
319  579  743
424  541  792
437  540  935
286  544  928
317  416  806
370  561  784
116  117  598
105  106  597
407  480  771
335  623  884
412  700  930
470  618  783
428  555  795
394  469  681
272  712  767
321  815  883
351  467  657
11  12  684
291  557  975
278  386  866
432  700  770
438  543  956
462  623  884
270  624  919
344  476  895
393  486  973
358  588  724
355  488  867
297  550  941
380  569  705
417  558  640
83  84  606
529  874  961
280  561  687
81  82  608
425  815  883
353  568  873
327  448  808
327  448  798
281  694  744
330  560  740
478  683  901
352  503  765
493  563  926
299  433  755
331  720  843
293  517  848
317  547  626
310  713  952
322  380  713
346  691  747
307  635  848
317  457  806
445  530  793
385  588  613
401  572  679
376  519  782
498  694  744
334  427  775
29  510  839
363  489  750
393  596  669
276  600  637
15  631  850
54  55  620
92  585  748
319  399  923
604  706  911
326  645  841
69  70  617
0  702  969
40  629  862
344  476  549
435  622  729
409  612  637
463  706  746
67  68  616
305  553  966
304  507  711
30  31  581
332  421  479
351  466  583
362  556  885
497  713  947
364  576  798
408  474  940
283  603  856
296  544  971
22  801  965
385  738  881
410  610  845
98  99  614
400  868  922
350  574  802
529  570  863
449  519  819
388  534  823
288  545  833
414  586  843
497  713  952
353  582  873
429  613  881
392  758  816
272  615  917
308  692  894
390  485  948
310  553  966
337  722  891
348  563  926
320  560  740
354  478  901
457  649  865
366  580  808
293  650  880
366  486  728
301  516  967
358  588  773
305  567  722
104  536  671
439  529  863
119  537  642
17  18  723
289  424  845
429  712  767
386  607  763
120  537  708
14  15  631
103  536  654
396  498  650
482  558  763
270  919  979
424  792  833
304  529  961
121  539  708
22  23  965
367  524  629
333  698  854
122  539  675
305  722  727
414  764  811
102  535  654
282  822  864
457  806  865
338  570  863
331  680  843
21  22  801
432  700  939
493  563  927
303  558  640
478  687  758
101  535  656
270  520  764
90  91  611
341  551  970
41  563  927
383  525  749
71  72  632
430  603  856
358  600  773
342  594  919
123  124  628
350  851  955
487  764  811
333  577  852
435  538  980
369  536  671
451  592  856
125  126  633
285  446  704
419  550  941
453  890  962
302  502  691
354  478  687
316  579  743
374  542  707
541  792  966
343  468  540
304  570  734
3  28  789
3  27  789
510  710  821
297  532  621
419  544  971
404  632  682
378  572  679
480  744  771
385  773  790
336  532  872
437  741  853
297  550  813
17  475  723
405  825  851
348  555  904
39  582  862
458  698  854
362  623  885
286  544  776
316  513  942
310  952  966
323  573  842
369  597  785
329  426  847
328  488  811
275  588  724
382  553  760
304  711  757
416  549  969
324  803  892
391  689  711
323  825  851
365  484  803
562  578  829
36  568  826
372  554  676
354  561  774
367  493  927
390  773  790
369  653  857
437  534  805
268  586  720
421  751  753
412  720  907
416  626  761
51  52  652
374  601  707
495  667  849
520  680  843
384  550  813
330  465  779
360  552  898
469  758  816
297  532  872
293  650  660
418  592  648
330  465  785
65  66  643
378  572  866
39  40  862
315  508  709
27  789  827
343  553  760
358  600  637
392  557  732
454  645  841
402  677  717
437  540  853
278  496  638
330  560  772
18  651  723
404  617  682
334  427  817
287  591  736
296  544  768
118  119  642
405  628  675
315  508  815
440  556  885
272  615  767
379  570  584
439  538  796
391  581  757
294  754  810
279  538  980
315  697  709
473  734  757
381  653  726
24  25  910
279  538  796
437  741  805
102  103  654
301  688  865
346  464  548
63  554  676
324  621  807
100  101  656
324  621  892
324  574  802
300  562  903
407  624  780
306  533  797
323  571  851
62  554  678
86  556  745
400  601  647
295  474  940
361  666  770
502  607  814
373  524  629
85  556  672
343  540  935
311  657  698
26  27  827
293  848  880
436  735  877
87  552  745
377  667  951
325  750  859
299  619  658
344  688  895
313  557  732
490  615  917
25  868  910
289  497  721
120  121  708
387  521  754
398  485  970
313  595  696
111  112  665
377  697  951
412  700  939
280  561  784
352  634  765
115  116  661
471  546  906
329  426  578
415  426  585
484  644  778
400  601  922
350  574  955
268  720  907
35  36  826
402  674  684
91  92  748
293  517  659
400  910  986
298  854  869
515  627  918
115  576  661
376  519  801
88  89  641
108  109  669
376  609  931
344  806  865
411  633  715
373  582  862
342  624  919
292  470  835
380  713  730
440  552  898
74  564  673
37  568  873
328  494  782
360  499  641
112  580  665
63  64  676
79  80  670
358  525  724
473  581  757
75  564  759
458  854  869
73  74  673
104  105  671
384  591  736
12  13  679
359  615  767
621  807  941
481  821  922
401  674  684
481  868  922
464  548  752
97  98  668
61  62  678
625  719  886
401  572  899
394  469  878
409  637  905
88  552  641
122  123  675
322  691  747
360  662  898
334  619  894
359  538  716
79  605  670
476  549  838
385  588  773
126  127  715
431  742  759
393  596  779
455  573  842
84  85  672
468  540  832
338  716  863
136  636  844
372  512  676
454  659  660
440  885  898
350  766  802
326  841  964
114  576  818
406  573  828
555  664  904
462  559  787
113  580  818
435  526  980
415  426  578
326  421  964
302  691  947
339  619  817
78  605  788
476  636  913
405  628  769
419  550  776
116  598  661
332  514  882
389  492  950
355  505  962
108  596  669
419  544  776
390  600  948
420  680  900
131  587  809
408  527  940
70  71  682
577  714  914
436  877  982
376  546  931
50  569  705
105  597  671
132  589  809
519  801  965
58  59  741
586  720  843
409  706  746
133  589  812
49  569  695
402  674  795
282  528  864
342  528  972
94  95  751
346  464  747
348  563  963
279  508  978
342  594  958
461  653  857
360  499  977
364  595  933
284  612  746
310  713  730
66  67  685
687  758  902
411  633  766
426  585  748
134  590  812
298  625  869
332  421  964
422  528  864
396  498  744
324  574  807
505  594  962
86  87  745
571  851  955
341  543  970
454  837  841
305  567  792
443  575  876
335  623  885
326  492  950
424  610  833
48  49  695
328  488  819
466  583  959
413  743  908
453  566  949
0  46  752
314  488  867
135  590  844
107  596  875
117  598  887
96  97  737
498  650  880
398  592  648
290  533  731
276  600  948
106  597  875
293  659  660
277  593  956
347  651  723
394  630  878
75  76  759
109  110  733
425  474  882
279  526  978
37  38  873
401  899  981
400  647  986
53  54  703
542  879  949
360  662  977
392  557  816
279  508  709
95  96  753
300  559  903
421  479  751
76  77  742
417  640  923
98  614  668
505  594  919
365  781  892
123  628  675
279  709  796
126  633  715
335  662  898
277  545  610
434  789  827
337  437  935
334  619  817
127  128  739
289  497  952
327  783  820
333  577  854
84  606  672
15  500  850
387  683  982
322  403  747
350  769  851
50  51  705
472  932  937
467  657  855
456  768  860
397  694  880
347  609  931
396  650  690
129  644  778
110  111  762
295  837  841
456  842  987
414  520  843
408  474  799
32  33  791
501  702  761
299  603  755
414  520  764
355  566  867
345  874  951
384  639  777
429  613  622
330  772  857
452  874  951
351  599  924
377  667  849
409  604  706
276  637  905
422  528  958
339  658  859
24  531  910
83  606  897
81  608  896
395  814  888
312  821  922
82  608  897
70  617  682
565  822  864
374  542  949
425  799  815
530  591  804
349  573  828
470  732  835
379  570  734
444  650  660
319  743  908
350  506  766
605  670  855
43  44  824
372  686  692
521  694  889
499  847  977
441  516  967
99  614  944
284  559  787
40  629  831
350  506  769
356  699  893
47  602  836
67  616  685
427  643  685
375  575  876
37  568  960
36  568  960
48  602  695
289  638  845
447  714  936
405  539  675
356  718  726
322  713  947
449  519  965
444  650  690
379  634  791
436  735  915
71  632  682
532  621  892
77  78  788
500  579  850
396  744  972
545  610  833
69  617  912
40  41  831
463  797  976
395  761  888
385  613  881
68  616  912
371  509  943
321  415  578
501  548  702
463  706  976
274  511  981
406  537  708
91  611  748
409  612  746
406  539  708
128  129  778
289  541  952
387  646  889
269  666  770
0  838  969
287  518  804
452  709  796
10  11  830
303  631  850
109  669  733
331  680  900
294  560  772
418  604  911
422  565  864
381  653  920
131  132  809
111  665  762
72  632  968
133  134  812
59  60  805
54  620  703
312  689  710
277  543  956
491  627  918
46  47  836
321  415  883
377  697  946
118  642  887
387  521  889
113  114  818
286  639  777
127  715  739
404  617  858
42  563  963
531  910  986
55  620  870
66  643  685
394  693  928
407  771  774
381  536  654
278  899  953
330  740  779
369  653  920
325  658  859
28  29  839
391  689  710
327  808  820
381  535  654
285  704  978
60  61  823
395  502  814
281  646  771
475  723  984
452  697  709
298  577  854
378  482  794
291  681  860
274  674  981
374  566  949
521  754  810
452  796  874
423  544  768
97  668  737
19  20  916
274  674  795
341  664  937
369  536  920
95  751  753
427  616  685
33  634  791
375  688  895
376  782  861
56  57  832
371  657  855
459  625  719
446  559  903
283  719  886
425  474  799
0  138  838
422  594  958
343  468  760
461  635  985
368  666  793
100  656  944
505  919  979
532  781  892
376  546  861
292  683  982
315  697  946
270  624  780
339  483  858
426  611  847
363  750  914
482  631  794
110  733  762
280  630  878
57  58  853
397  848  880
38  582  873
393  740  779
339  483  840
301  649  967
298  577  714
135  136  844
626  761  888
296  571  955
345  667  951
55  56  870
96  737  753
389  645  950
450  783  820
384  550  777
655  841  964
392  732  835
319  640  923
426  611  748
307  653  726
324  802  929
390  600  773
296  574  971
51  652  705
106  107  875
402  684  830
312  601  922
450  783  877
411  802  929
419  807  941
76  742  759
506  633  766
468  832  870
4  36  960
4  37  960
511  899  953
300  662  884
80  670  896
387  646  901
296  574  955
128  739  778
460  642  887
471  513  906
382  504  730
117  118  887
375  575  945
447  603  886
427  643  775
506  628  769
52  652  957
442  587  809
442  589  809
410  638  845
406  537  828
80  81  896
480  744  972
73  673  968
82  83  897
459  625  869
348  663  963
330  785  857
443  589  812
281  694  889
367  629  831
423  681  860
285  829  925
347  723  984
472  904  926
362  583  959
332  655  964
77  742  788
285  925  978
371  605  855
443  590  812
137  138  913
448  576  818
68  69  912
61  678  823
423  768  860
325  714  936
428  663  824
428  677  824
335  885  898
388  686  891
291  557  816
448  580  818
283  603  886
375  688  945
286  693  928
391  711  757
356  718  893
288  567  701
409  604  905
449  819  934
335  662  884
343  727  935
99  100  944
371  698  943
405  539  825
59  741  805
406  539  825
385  738  790
416  702  761
465  596  875
511  899  981
342  528  958
460  598  887
442  589  909
316  743  942
465  597  875
278  866  899
271  849  983
465  596  779
58  741  853
461  772  857
422  565  983
401  674  981
465  597  785
281  646  889
448  576  798
454  660  837
52  53  957
72  73  968
325  658  936
307  718  726
286  776  777
294  560  915
440  556  745
395  501  761
433  701  756
361  770  786
412  720  939
467  670  896
43  663  824
440  552  745
402  717  830
341  551  937
290  533  976
325  714  914
344  688  865
574  807  971
439  796  874
336  575  938
448  580  808
351  657  924
273  738  954
282  527  822
411  766  802
314  647  986
444  660  837
400  868  910
431  564  759
373  629  862
459  846  911
477  656  944
312  710  821
498  694  880
337  727  935
413  743  942
20  609  916
19  651  916
292  877  982
427  616  840
662  834  977
413  725  908
388  554  678
314  566  867
44  677  824
499  611  847
321  578  829
46  752  836
60  805  823
290  706  976
403  602  695
296  571  987
541  952  966
53  703  957
10  717  830
433  755  756
467  670  855
443  589  909
14  631  794
472  664  937
273  738  790
316  800  871
308  686  692
550  776  777
408  527  822
477  614  944
322  691  947
339  858  859
290  731  846
447  625  886
463  787  921
381  535  974
443  590  876
290  846  911
381  536  920
476  636  895
450  735  877
326  645  950
381  726  974
476  838  913
438  593  956
41  831  927
57  832  853
331  720  939
434  789  839
56  832  870
441  649  967
405  769  851
320  728  973
427  817  840
294  754  915
397  635  810
467  608  896
11  684  830
466  608  897
279  526  980
466  606  897
489  673  968
387  683  901
375  636  895
278  638  953
512  643  775
494  782  861
295  655  841
456  860  975
404  858  859
526  704  978
430  603  755
472  664  904
445  725  908
415  514  585
460  598  933
334  692  894
458  731  846
366  808  820
297  621  941
354  646  901
333  698  943
348  904  926
462  787  921
484  739  778
397  635  848
138  838  913
417  547  626
489  632  968
339  817  840
403  569  695
269  666  793
486  728  973
399  547  923
483  617  912
483  616  912
432  900  939
280  687  902
271  879  890
270  764  979
321  815  925
300  662  834
28  789  839
549  838  969
508  815  925
486  733  762
436  754  915
369  785  857
463  797  921
417  547  923
356  726  974
412  907  930
296  768  987
461  772  985
294  772  985
365  803  892
285  562  829
331  900  939
464  752  836
483  616  840
321  829  925
301  688  945
483  617  858
311  657  924
294  810  985
432  770  786
466  606  959
504  703  957
416  702  969
522  738  954
472  926  932
309  699  893
452  697  951
306  797  921
268  906  907
635  810  985
367  831  927
464  602  836
456  768  987
430  755  756
315  799  815
468  620  870
272  917  918
484  803  929
318  814  888
492  737  753
291  860  975
288  701  756
469  758  902
415  514  883
475  800  871
453  879  890
458  846  869
422  890  983
509  742  788
408  799  946
336  872  938
572  866  899
504  652  957
513  906  907
314  934  986
453  879  949
469  878  902
420  786  900
455  842  975
533  797  976
273  932  954
410  638  953
432  786  900
493  926  932
324  803  929
459  846  869
475  871  984
329  834  977
456  842  975
508  925  978
471  871  984
514  882  883
534  805  823
491  917  918
271  890  983
325  750  914
413  930  942
487  764  979
540  832  853
419  807  971
513  907  930
315  799  946
531  934  986
516  872  938
417  626  888
280  878  902
493  932  954
513  930  942
329  847  977
425  882  883
