352  512  1048
305  677  994
512  560  1048
448  680  941
553  677  994
330  558  802
561  680  941
347  462  1051
404  425  695
43  510  951
38  489  814
525  558  802
307  475  936
418  506  797
282  412  522
434  507  555
300  536  912
351  703  765
340  517  532
310  475  853
334  496  497
323  418  797
310  939  1052
274  483  568
432  559  654
479  651  685
334  682  734
353  467  638
353  466  638
366  684  761
300  459  838
378  539  1022
310  475  604
25  463  631
358  592  904
37  38  814
424  650  700
407  653  745
304  731  758
384  710  833
352  512  580
322  501  680
315  759  946
430  684  791
375  557  647
405  572  954
409  560  679
375  549  1058
447  940  948
366  648  761
25  463  1030
331  650  700
447  675  940
49  50  544
296  449  747
274  442  650
374  501  576
34  551  826
296  440  747
314  402  702
448  680  844
274  483  703
287  575  761
492  711  989
0  140  562
571  753  870
422  510  935
358  535  612
348  493  573
388  569  706
380  536  810
345  537  782
42  43  951
373  489  852
347  546  632
322  501  846
380  456  740
347  546  1051
0  782  1064
305  438  789
400  489  852
295  432  604
312  635  771
314  402  708
407  697  830
390  461  619
368  478  704
345  435  782
404  425  794
43  510  935
378  514  1022
378  605  645
345  565  663
381  513  586
340  517  649
365  409  577
361  471  494
30  31  802
431  536  912
361  571  753
341  455  515
286  557  647
430  791  971
363  468  641
418  714  865
363  469  641
323  418  678
390  528  594
302  457  998
373  489  625
564  950  1017
344  461  673
310  548  1052
33  34  826
290  499  974
299  729  756
356  526  588
406  493  573
30  525  802
283  583  587
290  500  974
334  496  611
473  605  943
361  471  571
411  671  980
401  651  685
372  525  963
96  97  577
410  619  689
372  525  558
371  471  528
536  810  1066
374  501  680
296  596  776
396  504  777
273  539  605
308  509  613
412  487  885
299  532  970
425  553  677
332  705  994
405  841  954
336  401  770
494  682  734
350  434  507
311  500  581
352  421  550
325  569  706
435  597  782
355  614  660
282  412  681
103  104  667
367  598  669
413  546  632
307  476  936
381  522  764
403  566  764
322  680  844
304  512  580
371  471  805
400  489  692
516  635  771
282  566  764
394  585  984
285  528  689
483  703  765
418  506  779
14  481  634
398  815  898
664  746  798
384  527  833
358  592  612
308  509  786
359  603  719
337  460  754
332  889  994
342  551  696
328  437  752
344  673  837
313  672  839
394  585  992
299  484  970
334  661  1032
418  515  865
358  485  535
416  743  755
496  497  987
575  733  761
295  432  654
354  441  527
316  538  599
377  504  595
437  592  752
404  575  794
386  563  618
105  106  674
397  473  605
378  645  706
414  445  757
404  575  596
377  506  595
425  695  811
314  644  702
396  721  777
351  492  523
368  704  913
492  711  959
342  483  696
396  504  975
101  102  570
432  559  861
330  540  768
285  528  890
378  539  605
327  446  636
328  437  750
32  540  972
277  552  870
274  442  698
375  549  647
357  495  596
297  502  686
289  735  737
369  644  702
291  516  981
300  459  536
360  450  855
407  520  830
439  557  1049
56  57  600
413  738  868
509  653  786
96  577  762
322  603  846
445  587  1053
324  599  949
375  547  1058
534  592  904
292  730  857
593  704  913
369  480  652
273  539  752
298  514  626
298  514  743
443  731  758
334  611  661
297  656  686
369  479  652
348  493  871
382  628  796
372  701  963
411  552  671
409  577  762
471  494  890
291  545  981
315  787  946
368  676  1028
45  736  769
314  672  766
341  455  796
524  671  980
304  580  758
19  576  902
334  497  734
274  568  698
493  869  871
341  542  796
276  664  746
353  467  563
371  523  805
370  559  654
360  450  520
307  476  582
399  699  925
414  445  961
614  660  1000
382  705  796
342  533  828
331  429  700
273  534  592
389  452  863
331  429  738
314  644  766
25  26  1030
273  605  943
382  628  724
31  32  540
418  714  779
421  550  720
678  789  997
104  667  1047
370  549  654
299  517  532
357  575  596
298  743  755
424  650  703
12  707  866
314  672  708
509  653  949
296  440  1003
344  519  837
118  119  595
309  563  618
371  523  1040
362  767  864
403  586  764
407  643  745
519  737  837
13  14  634
433  869  871
568  698  852
327  446  877
324  653  745
374  561  680
389  768  972
436  511  803
363  672  708
19  20  902
305  438  825
365  639  749
356  557  1049
453  630  906
339  585  984
370  549  647
284  535  612
134  135  602
40  590  927
414  707  866
329  639  891
313  672  910
105  674  1047
289  509  949
419  531  1014
288  940  948
15  603  719
297  574  778
406  531  882
353  466  589
345  435  565
321  687  819
438  656  686
287  575  794
411  753  870
589  939  1052
282  522  764
39  40  590
498  578  660
382  607  724
504  595  820
412  683  885
381  513  730
471  571  805
367  503  1042
44  45  736
300  507  582
299  484  729
335  670  853
340  532  744
443  731  800
385  476  953
74  75  593
313  688  839
342  452  765
434  435  597
329  639  749
306  567  889
388  524  812
390  528  689
384  694  772
386  511  716
4  36  814
275  531  1014
27  541  1030
32  533  972
289  538  949
400  590  808
530  729  756
397  605  645
503  643  745
303  459  610
356  557  1054
637  716  942
415  736  746
455  628  796
377  687  797
14  481  719
38  489  692
506  595  829
324  653  949
390  461  873
385  582  912
281  620  657
92  93  578
338  585  992
455  515  835
327  512  560
320  543  767
341  678  789
128  129  716
348  590  808
276  445  1053
401  544  770
382  607  854
503  745  1042
334  682  1032
281  657  1051
373  551  696
462  683  1013
346  491  904
308  579  919
342  483  765
31  540  802
347  462  1013
377  504  690
540  768  972
286  557  967
300  582  912
337  754  880
4  37  814
338  585  635
484  618  1062
356  526  741
504  690  975
32  33  533
370  530  729
411  552  870
371  528  594
388  812  1035
337  609  785
344  519  620
519  735  737
109  110  607
326  950  1017
280  529  836
277  552  863
342  551  826
359  603  810
107  108  608
367  598  775
381  465  843
0  782  1002
393  570  804
384  629  710
342  533  826
310  630  853
307  475  670
626  706  958
337  624  785
280  529  711
401  651  732
567  815  898
738  868  985
296  449  774
28  701  929
457  759  946
298  626  980
336  401  787
312  688  1025
90  91  598
390  594  873
385  792  1012
28  29  701
450  520  783
484  618  970
409  560  877
65  66  616
283  521  583
407  643  697
11  12  707
63  64  617
279  588  978
419  531  956
560  679  1048
282  566  860
1  10  769
1  45  769
273  592  752
15  16  603
385  476  582
320  767  804
364  474  591
310  630  939
413  632  868
390  619  689
441  527  781
513  730  857
99  100  615
297  574  723
396  668  721
284  535  801
309  618  1062
421  578  660
380  456  1029
338  635  751
383  832  986
437  592  612
430  684  761
492  523  1040
69  70  621
429  620  657
538  599  949
67  68  622
352  580  858
311  500  822
331  650  881
398  608  815
388  569  1035
302  998  1016
421  578  720
332  567  815
502  687  819
346  534  904
339  739  1055
495  596  776
431  536  1029
137  138  627
330  540  802
278  791  971
358  485  760
333  618  970
460  742  842
372  701  1004
50  544  732
526  741  1009
733  971  1046
584  676  893
508  672  839
423  574  778
140  562  727
129  637  716
420  564  950
463  569  957
333  744  970
360  665  855
306  811  889
542  705  796
281  519  620
437  750  773
341  542  789
391  642  722
392  640  728
393  767  804
328  752  1022
396  649  799
79  80  629
327  611  636
474  591  845
26  27  1030
406  531  872
395  570  804
277  523  805
380  740  844
388  626  706
606  699  925
301  446  1061
34  551  818
111  112  628
319  614  1000
473  754  880
325  645  706
400  698  852
355  498  660
584  676  1028
283  513  658
426  648  892
305  542  789
330  558  812
639  780  891
731  859  987
475  670  853
344  461  836
422  736  746
613  790  919
327  611  944
61  62  640
379  790  895
274  650  703
49  544  691
59  60  641
406  493  882
483  568  696
410  689  859
364  665  1033
436  511  1026
364  474  694
97  577  623
398  608  831
322  603  810
543  767  864
577  623  749
311  584  1036
463  569  1004
71  72  642
422  510  798
25  631  1050
317  579  974
388  524  626
381  465  730
129  130  637
412  522  793
392  617  728
426  677  825
391  621  722
369  644  916
131  132  638
366  574  693
285  689  859
415  736  769
354  581  772
35  36  625
310  604  867
426  723  1043
352  421  858
394  622  725
285  497  734
423  574  693
408  561  742
304  731  987
438  789  997
449  695  774
370  559  729
22  624  930
303  459  1045
283  521  658
444  608  815
444  607  854
34  35  818
319  580  858
499  579  919
521  658  784
340  649  799
12  866  1005
420  634  823
40  41  573
420  634  950
427  750  773
94  720  1044
424  711  959
550  720  1044
394  616  725
386  716  942
389  552  863
508  672  766
283  587  926
53  54  652
385  547  953
357  801  1046
423  488  756
316  538  847
87  88  643
376  526  1009
33  533  826
342  452  828
367  503  669
51  52  651
391  601  751
445  583  587
597  782  1064
541  701  1004
97  98  623
429  529  700
281  519  795
425  677  892
400  590  692
389  452  828
21  22  930
317  581  974
93  578  720
381  522  843
293  611  661
335  630  906
401  685  787
368  478  601
373  551  818
423  488  778
337  460  842
377  506  797
354  441  676
304  512  914
486  644  766
687  797  1063
286  693  967
102  570  824
17  501  846
309  563  748
450  591  884
302  457  663
385  912  1012
467  563  942
442  650  881
326  583  757
375  547  903
318  584  981
426  656  825
444  815  854
278  646  791
393  570  824
312  688  1055
297  502  1010
410  731  800
354  581  893
406  573  1034
511  716  849
372  558  1035
484  729  1062
395  662  804
359  610  719
101  570  709
17  501  909
461  619  1021
553  889  994
546  657  1051
124  125  666
122  123  668
428  784  857
285  497  859
554  688  1025
415  655  707
93  94  720
280  836  873
451  770  848
14  15  719
405  572  988
284  612  773
424  700  711
532  744  970
524  626  980
360  665  786
425  794  892
39  590  692
436  803  807
426  648  1043
545  584  1036
38  39  692
377  687  690
20  21  633
526  588  978
415  655  746
541  701  929
346  491  925
358  760  904
310  548  867
296  596  774
461  836  873
357  495  801
365  409  878
280  711  989
276  445  961
396  668  799
275  531  882
392  659  739
115  116  714
288  800  1021
381  586  764
302  565  663
30  525  963
119  595  820
372  569  1004
118  595  829
422  746  798
427  750  911
391  751  982
275  632  868
486  759  977
530  756  955
414  655  707
134  602  712
372  569  1035
363  468  659
374  576  902
412  487  793
554  688  839
280  594  873
405  776  908
92  578  968
295  936  953
57  600  718
367  726  1042
56  600  717
95  679  1044
397  609  880
496  611  944
319  580  758
413  546  657
338  751  982
290  683  885
436  744  1026
429  529  976
135  602  713
446  636  962
521  583  1007
356  646  1049
386  618  896
355  614  816
347  632  817
348  590  927
317  694  772
293  572  636
404  596  774
513  586  926
405  556  988
306  695  811
343  798  872
403  586  587
518  667  1047
386  511  896
89  90  669
414  482  757
305  677  825
558  812  1035
406  872  951
46  47  715
397  473  880
586  587  926
428  486  766
430  733  971
423  756  955
306  543  864
36  625  814
646  791  1049
450  840  884
48  49  691
392  617  991
345  663  848
513  658  857
471  528  890
499  579  974
337  624  842
693  809  967
336  663  848
363  672  910
287  648  892
27  541  929
394  616  984
535  801  1046
416  682  1031
485  971  1046
313  659  739
416  755  1031
318  584  1028
378  514  958
276  655  746
387  630  939
419  566  860
459  610  1066
456  740  1057
380  536  1029
376  740  1057
383  435  931
481  610  719
303  610  823
418  515  965
386  563  942
529  700  711
273  534  943
373  568  696
379  887  895
320  543  1011
518  674  1047
327  560  877
379  613  790
369  479  685
394  622  992
408  742  842
384  629  1019
290  500  885
339  585  1055
457  759  998
12  13  1005
42  951  1034
348  573  927
572  636  962
485  535  1046
301  780  988
356  646  741
337  609  880
95  96  762
399  879  925
363  469  708
329  477  749
40  573  927
91  598  968
110  607  724
410  619  800
90  598  669
133  134  712
41  42  1034
86  87  697
317  581  772
74  593  704
75  593  806
366  684  809
100  101  709
317  579  1033
401  544  732
552  671  768
356  588  1054
329  477  827
73  74  704
429  620  976
519  735  795
139  140  727
432  604  867
353  563  748
365  577  749
392  640  993
501  576  909
559  729  1062
293  661  911
495  776  908
454  788  906
338  470  982
135  136  713
369  480  702
57  58  718
55  56  717
466  589  856
370  530  966
404  695  774
109  607  834
0  562  1064
332  567  889
438  656  825
307  582  1020
308  579  665
375  557  1054
405  556  776
439  557  967
340  505  799
340  505  821
354  527  1008
78  79  710
325  569  957
292  554  839
285  734  890
108  608  834
315  685  787
408  561  934
321  649  1037
107  608  831
395  662  827
366  693  809
343  531  956
276  655  961
474  694  1019
539  752  1022
305  542  994
290  499  790
110  111  724
357  575  733
100  615  709
383  435  565
121  122  721
391  642  938
272  742  941
319  614  897
428  508  766
341  515  965
13  634  1005
556  780  988
351  492  959
385  547  792
299  517  1039
688  739  1055
111  628  724
279  588  903
66  67  725
70  71  722
308  613  919
455  835  894
22  23  785
393  667  824
335  670  788
349  670  788
408  624  842
284  773  841
297  656  723
441  781  806
103  667  824
289  509  1006
327  512  944
510  872  951
359  810  1066
303  832  986
287  648  761
445  583  757
295  654  1058
333  744  1026
309  861  1062
559  861  1062
289  538  920
62  63  728
397  609  945
99  615  907
545  584  981
478  601  938
398  674  831
361  494  1031
333  618  896
290  683  895
408  930  934
497  859  987
325  631  1024
391  621  982
389  828  972
464  617  991
312  585  635
464  616  984
481  634  823
430  733  761
510  798  872
346  606  925
351  523  917
425  553  811
66  616  725
316  599  726
364  665  855
106  674  831
112  628  894
63  617  728
95  679  762
399  646  741
3  27  929
3  28  929
22  624  785
373  625  818
320  662  804
542  705  994
537  782  1002
332  815  854
291  793  843
50  51  732
380  810  844
490  750  911
311  584  893
79  629  710
491  879  925
76  77  781
533  828  972
137  627  851
485  760  971
65  616  850
383  832  883
47  48  813
490  888  1032
64  617  850
500  822  885
295  604  936
323  797  1063
84  85  783
67  622  725
70  621  722
453  630  918
313  688  739
362  518  901
579  665  1033
138  627  862
316  675  973
482  634  950
87  643  697
517  649  1037
130  637  923
321  687  690
120  121  777
414  482  866
324  599  1042
132  638  924
131  638  923
116  117  779
432  548  861
75  76  806
69  621  875
329  662  827
395  615  709
476  936  953
122  668  721
602  712  856
68  622  875
288  673  940
277  571  805
365  639  1061
500  581  974
403  664  1053
80  629  915
432  548  867
450  783  840
465  771  1025
376  526  1057
619  800  1021
396  649  975
378  706  958
518  667  901
359  610  1066
374  633  934
306  695  937
62  640  728
509  613  1006
71  642  722
272  606  699
98  623  907
23  24  886
547  792  903
367  726  775
387  589  856
291  516  1059
442  808  871
336  663  946
24  25  1050
125  126  807
346  534  990
387  630  918
470  622  992
392  739  991
125  666  807
20  633  902
301  446  962
491  760  904
313  659  910
436  666  807
443  897  948
35  625  818
399  646  879
283  513  926
88  643  1023
524  671  812
375  903  1054
472  631  1024
126  127  803
414  655  961
436  666  821
325  631  957
278  760  971
489  625  814
306  543  937
61  640  899
293  611  636
294  759  977
60  641  899
116  714  779
403  664  1038
59  641  900
403  566  1038
338  470  992
72  642  928
294  759  998
475  604  936
407  520  969
635  751  960
514  626  958
361  753  755
450  591  855
85  86  830
370  647  966
336  770  848
83  84  840
308  665  786
277  523  1060
119  120  820
281  795  887
77  78  833
124  666  1018
490  750  888
278  646  879
389  552  768
360  653  786
343  531  872
123  668  1018
362  518  922
108  109  834
400  698  808
350  507  838
355  498  775
117  118  829
10  11  905
417  673  940
16  17  846
51  651  732
301  639  1061
316  675  847
387  602  856
488  819  1010
440  780  1003
64  65  850
428  486  977
115  714  865
391  601  938
407  653  969
427  773  841
54  652  932
426  656  723
477  623  749
384  694  1019
128  716  849
53  652  933
373  568  852
453  713  851
113  114  835
429  657  738
52  651  933
318  601  751
136  137  851
412  681  1013
306  567  864
508  839  979
488  778  1010
17  18  909
292  839  979
599  726  1042
495  801  908
382  705  854
464  984  991
458  998  1016
81  82  845
474  845  915
138  139  862
384  527  1008
553  811  889
127  128  849
376  699  763
658  784  857
472  886  1050
343  664  798
19  576  1001
439  684  791
102  103  824
408  624  930
538  847  920
106  107  831
294  784  999
549  654  1058
68  69  875
292  730  874
376  740  763
29  30  963
374  633  902
121  721  777
277  571  870
633  930  934
335  788  906
439  684  809
447  675  973
395  570  709
114  115  865
89  669  1023
419  566  956
24  886  1050
498  598  775
442  698  808
311  581  893
437  612  773
440  780  891
602  713  918
423  693  955
323  686  1063
303  823  832
413  657  738
572  962  988
307  996  1020
360  520  969
434  555  995
424  703  959
436  744  821
301  962  988
498  578  968
447  897  948
355  726  775
417  675  847
387  589  939
347  681  817
416  888  1032
82  83  884
395  615  827
418  678  965
326  757  950
312  585  1055
86  697  830
309  748  861
415  707  905
468  659  993
465  874  1025
60  61  899
48  691  813
112  113  894
58  59  900
2  18  1001
2  19  1001
548  748  861
133  712  924
292  554  874
428  508  979
43  44  935
465  843  1059
466  712  924
387  602  918
98  99  907
47  715  813
136  713  851
366  574  1043
280  594  989
379  735  795
379  613  735
335  630  853
427  841  954
398  674  922
499  790  919
78  710  833
80  81  915
521  784  999
449  695  937
120  777  820
286  647  966
465  730  874
466  712  856
346  606  952
441  676  913
505  666  821
117  779  829
315  759  1056
296  776  1003
417  673  837
76  781  806
330  671  812
451  691  813
126  803  807
447  614  897
453  713  918
348  808  871
323  686  997
72  73  928
457  663  946
130  131  923
132  133  924
444  607  834
284  801  908
561  742  941
472  609  945
588  903  1054
472  609  886
139  727  862
444  608  834
288  673  1021
291  545  983
54  55  932
85  783  830
84  783  840
434  435  931
52  53  933
443  758  897
73  704  928
632  817  1014
326  583  1007
374  561  934
77  781  833
351  703  959
498  598  968
454  727  862
127  803  849
339  739  991
463  631  957
41  573  1034
58  718  900
397  645  945
293  572  954
556  780  1003
289  737  920
360  653  969
321  649  975
328  743  1022
355  726  816
361  755  1031
55  717  932
278  760  879
550  679  1044
349  670  996
455  628  894
490  661  911
399  699  1009
340  744  821
505  668  799
91  92  968
477  623  907
16  603  846
330  671  768
329  662  891
451  715  813
433  871  881
556  776  1003
467  637  923
494  734  890
302  565  883
114  835  865
466  638  924
21  633  930
416  743  888
467  638  923
451  691  770
376  699  1009
332  705  854
426  677  892
272  742  1027
609  785  886
518  674  922
281  887  1051
300  507  838
555  996  1020
113  835  894
447  614  973
316  726  816
392  659  993
341  678  965
291  793  983
83  840  884
123  124  1018
417  737  837
319  758  897
346  754  990
469  708  964
496  914  987
0  46  1002
353  589  1052
399  741  1009
46  715  1002
301  639  780
94  95  1044
448  740  763
417  847  920
354  676  893
276  664  1053
480  702  947
393  767  901
393  667  901
472  631  1050
505  666  1018
104  105  1047
465  771  1059
88  89  1023
462  683  895
82  845  884
505  668  1018
469  718  900
417  737  920
328  750  888
443  800  948
364  591  855
320  747  1015
347  681  1013
543  937  1011
328  743  888
384  772  1008
320  747  1011
564  832  883
405  841  908
433  868  985
81  845  915
315  685  916
422  736  935
291  843  1059
478  704  928
600  717  947
453  627  851
507  582  1020
351  765  917
282  681  860
343  664  1038
502  686  1063
366  648  1043
441  593  806
331  738  985
477  615  907
344  620  976
477  615  827
298  753  755
299  756  1039
460  742  1027
344  836  976
371  594  1040
454  727  876
286  955  966
379  795  887
503  669  1023
459  838  1045
487  793  983
600  718  964
415  769  905
614  816  973
454  627  862
321  690  975
272  606  1027
467  637  942
286  693  955
480  717  932
516  635  960
438  686  997
494  682  1031
364  694  1033
11  707  905
289  735  1006
544  691  770
353  748  1052
290  790  895
448  740  844
411  753  980
383  931  986
458  999  1007
363  659  910
272  699  763
488  756  1039
441  593  913
487  822  1036
346  754  952
29  701  963
368  676  913
449  937  1011
349  562  876
442  871  881
522  793  843
362  767  901
10  769  905
350  434  931
383  565  883
448  763  941
362  864  898
613  735  1006
503  643  1023
322  810  844
464  616  850
481  610  823
469  718  964
464  617  850
324  745  1042
275  632  1014
339  984  991
470  621  875
287  794  892
420  823  832
320  662  1015
470  622  875
369  685  916
402  600  947
403  587  1053
398  898  922
421  660  1000
459  536  1066
410  731  859
474  629  915
480  717  947
530  955  966
454  788  876
368  601  1028
288  800  948
402  600  964
402  708  964
312  771  1025
419  817  1014
434  597  995
681  817  860
323  678  997
468  641  899
412  683  1013
468  640  899
336  787  946
504  777  820
469  641  900
409  877  878
453  627  906
487  983  1036
478  642  928
506  779  829
325  645  1024
354  772  1008
345  537  1041
576  909  1001
402  702  947
275  868  869
449  747  1011
440  747  1015
486  759  1056
454  627  906
428  784  977
473  754  990
480  652  932
502  687  1063
479  652  933
511  803  849
479  651  933
294  784  977
44  736  935
298  753  980
514  743  1022
420  564  832
451  848  1041
297  778  1010
491  760  879
417  675  940
515  835  865
516  960  981
416  682  1032
482  634  1005
357  733  1046
488  1037  1039
474  629  1019
517  1037  1039
275  869  882
409  679  762
279  792  903
567  864  898
406  951  1034
311  822  1036
452  765  917
521  999  1007
315  916  1056
284  841  908
451  715  1041
478  642  938
461  673  1021
272  763  941
23  785  886
18  909  1001
554  874  1025
452  917  1060
321  819  1037
644  916  1056
562  727  876
307  670  996
304  914  987
277  863  1060
317  694  1033
318  601  1028
482  757  950
433  868  869
516  771  1059
511  896  1026
470  621  982
486  644  1056
463  1004  1030
452  863  1060
331  881  985
279  921  978
462  887  1051
293  911  954
419  817  860
421  858  1000
487  822  885
439  791  1049
529  836  976
345  848  1041
488  819  1037
428  857  979
460  754  952
468  640  993
431  912  1012
349  995  996
279  921  1012
502  819  1010
507  555  1020
349  562  1065
520  783  830
279  792  1012
662  891  1015
548  748  1052
439  809  967
349  788  876
490  661  1032
440  891  1015
294  998  999
534  943  990
462  887  895
512  914  944
574  723  1043
527  781  833
541  1004  1030
446  878  1061
350  931  986
482  866  1005
292  857  979
352  550  1048
523  917  1060
550  679  1048
318  751  960
316  816  973
431  921  1029
591  845  884
302  883  1016
594  989  1040
566  956  1038
362  898  922
350  838  1045
433  881  985
427  911  954
456  921  978
318  960  981
545  983  1036
303  986  1045
350  986  1045
460  952  1027
295  953  1058
493  869  882
319  858  1000
537  715  1002
365  878  1061
645  945  1024
456  978  1057
456  921  1029
349  995  1065
333  896  1026
606  952  1027
472  945  1024
446  877  878
496  914  944
431  921  1012
537  715  1041
526  978  1057
458  998  999
458  1007  1017
343  956  1038
473  943  990
597  995  1065
562  1064  1065
492  989  1040
458  1016  1017
547  953  1058
326  1007  1017
564  1016  1017
564  883  1016
597  1064  1065
555  995  996
