419  562  747
443  593  936
367  582  948
346  478  973
371  422  708
349  534  938
296  531  1064
403  631  935
354  476  958
354  480  1051
478  558  973
349  446  938
270  562  747
281  474  948
316  608  999
410  608  999
296  501  1064
498  582  948
403  451  935
343  539  555
382  580  731
351  493  821
292  692  696
337  507  540
266  571  874
294  441  737
286  644  665
108  109  530
538  672  1038
316  535  536
336  515  550
386  698  870
276  551  790
380  520  802
377  537  1052
271  545  567
351  493  564
408  449  602
340  525  565
286  439  542
266  571  735
441  556  737
322  501  763
404  458  583
293  910  998
444  571  874
286  503  665
360  456  714
295  487  540
343  705  725
352  462  597
356  580  731
271  545  561
406  711  1000
367  447  898
347  527  817
288  543  753
106  107  783
266  475  758
295  727  1056
371  422  715
274  539  555
489  735  988
273  524  664
278  522  921
496  727  1056
337  507  638
357  545  939
560  767  907
275  548  605
321  440  560
377  535  1060
338  453  510
342  757  1021
417  621  701
609  810  935
321  560  767
371  584  715
334  607  844
390  408  588
275  548  594
348  443  936
411  514  836
379  478  558
12  536  917
304  570  724
372  591  687
735  881  988
287  442  736
372  626  729
315  673  859
448  546  976
12  608  833
93  94  568
14  696  897
483  650  923
419  551  562
518  692  778
422  715  782
107  677  783
294  441  612
342  539  667
283  457  724
32  33  468
283  455  724
401  578  726
301  527  817
36  523  785
372  477  687
331  450  514
287  660  798
335  553  554
458  607  844
367  447  652
22  781  811
19  654  801
357  758  939
386  510  870
365  436  604
456  781  811
0  646  942
296  531  1017
443  590  768
470  598  599
387  578  726
386  510  878
341  575  755
348  609  810
411  690  857
324  408  449
315  615  859
14  533  897
322  501  649
340  525  613
426  694  972
351  821  975
269  520  802
352  462  799
310  491  586
347  673  746
45  538  1038
705  725  1043
356  460  580
342  477  1021
381  624  772
108  530  677
406  547  711
30  509  854
437  610  895
117  118  563
318  575  755
432  669  984
281  498  948
354  643  1051
15  436  828
545  788  939
345  668  861
303  487  616
328  540  992
296  521  1017
342  539  780
377  537  1060
376  606  791
377  538  1052
303  487  992
289  669  855
284  674  742
288  543  1049
15  436  696
389  467  754
501  763  927
377  535  536
364  423  568
487  540  992
34  606  791
341  526  575
317  541  634
298  483  923
331  514  836
19  20  654
354  552  958
415  730  740
444  524  691
284  670  742
484  598  865
301  527  564
350  471  623
289  669  984
300  559  760
449  464  942
350  470  623
452  522  921
107  108  677
297  554  763
10  672  917
350  955  1030
306  488  912
338  510  878
292  692  778
388  638  643
286  439  644
268  597  838
285  687  816
411  514  857
316  535  562
299  488  1053
268  584  715
292  427  575
336  472  975
295  507  540
496  727  808
35  36  785
304  618  1022
436  692  696
359  417  508
24  661  973
293  513  910
69  70  569
290  517  544
321  440  648
617  910  998
520  702  931
374  551  790
405  517  544
459  524  664
271  590  768
16  699  828
312  507  638
475  758  939
63  64  572
382  730  740
398  495  983
299  565  1053
345  465  532
93  568  784
278  522  708
285  591  687
44  45  538
448  707  976
294  469  612
418  534  777
111  112  577
382  731  773
466  694  972
307  626  729
309  634  888
394  461  855
354  480  640
715  782  993
286  503  859
428  687  816
126  127  578
49  50  581
288  529  1049
304  589  618
354  476  640
0  646  745
414  620  913
348  768  810
389  557  909
336  515  648
341  513  526
444  691  874
360  456  781
285  482  665
308  543  666
475  714  939
273  524  691
343  555  725
310  491  674
350  599  1030
423  956  971
371  522  708
366  875  959
529  621  1041
352  597  978
375  589  618
55  56  700
335  553  682
288  753  754
347  527  746
350  471  624
32  468  771
47  48  588
287  485  736
292  696  897
391  503  665
361  605  858
300  527  564
363  738  810
521  618  1022
351  564  926
297  763  886
303  585  992
503  673  746
596  695  914
11  12  917
323  714  939
354  552  586
489  571  735
413  581  940
379  685  811
33  468  791
318  405  517
438  752  895
404  458  786
424  838  1039
365  699  828
397  911  985
356  561  739
413  719  899
460  590  739
291  693  748
385  572  831
415  730  841
311  624  772
390  581  716
363  545  567
24  25  661
508  819  981
434  511  805
307  712  848
399  572  831
10  11  917
439  674  742
346  478  949
21  22  781
42  505  929
311  595  736
503  673  859
275  711  1000
482  644  665
380  548  605
357  545  561
266  475  735
30  31  854
456  685  811
360  881  988
433  516  834
425  583  844
377  538  672
36  523  1011
389  467  798
276  551  697
300  564  926
425  767  907
109  530  678
313  613  952
282  546  976
390  588  716
281  474  824
287  442  820
349  446  651
272  596  631
120  121  587
499  508  819
363  567  810
445  491  837
320  621  701
332  762  916
386  577  835
455  570  724
12  13  833
453  510  822
404  702  931
330  610  895
362  484  598
289  740  855
416  660  887
380  520  744
402  866  905
325  495  853
406  582  1000
285  591  695
463  712  848
389  557  877
293  513  894
362  598  599
12  536  608
394  664  773
461  669  855
290  517  769
368  596  846
499  508  1042
421  654  801
306  556  944
390  581  940
316  536  608
400  577  835
506  582  1000
446  651  885
340  565  752
379  826  1046
333  576  911
333  825  900
310  552  586
369  596  631
370  548  594
394  461  680
345  465  589
398  495  761
342  477  780
319  459  524
383  504  670
348  443  768
367  582  930
337  540  756
413  532  899
16  17  699
430  626  1012
381  628  703
296  566  927
424  750  1039
30  509  704
379  478  826
396  691  874
136  137  611
299  525  565
3  27  818
300  559  926
423  568  784
301  529  1041
381  625  703
382  574  773
326  614  928
450  514  823
55  622  700
303  549  962
368  504  742
421  489  779
326  553  682
350  470  599
336  550  975
418  777  962
352  799  1020
0  46  602
406  498  582
495  853  1024
385  632  717
515  550  1067
509  864  1026
283  457  795
416  707  976
542  615  859
323  502  788
525  613  952
274  555  953
387  636  723
3  28  818
271  561  739
359  417  621
329  618  1017
389  512  798
512  660  798
360  714  881
365  436  828
328  540  756
472  821  975
319  604  692
541  634  888
352  785  978
384  642  706
305  579  653
390  408  751
382  574  740
452  522  997
451  810  935
375  511  700
344  595  772
414  620  646
570  668  861
378  725  771
356  561  792
371  584  883
306  488  866
440  560  796
315  956  971
335  554  766
283  455  934
314  549  764
384  629  706
404  583  931
509  864  1068
462  597  838
521  618  1017
92  819  981
370  594  681
297  652  886
622  700  932
356  460  739
306  556  866
271  590  739
308  543  753
271  567  768
34  35  606
366  592  959
395  611  913
351  812  975
491  837  1033
279  651  885
323  502  685
297  553  554
305  579  987
406  547  964
388  657  718
274  539  780
420  566  927
319  459  800
418  616  962
576  911  985
409  660  887
469  549  962
378  555  601
304  589  861
468  725  1043
298  898  969
567  768  810
393  585  832
373  490  920
270  562  1060
353  594  711
448  707  933
356  600  731
314  612  639
269  560  796
441  556  944
273  600  731
433  775  834
353  594  681
54  55  622
336  472  877
317  620  924
94  568  647
418  496  616
325  702  761
312  507  837
421  489  988
388  638  843
330  752  895
430  829  1012
389  655  877
465  532  862
403  451  982
418  534  954
293  579  998
393  516  783
267  826  1025
392  713  1037
306  912  957
409  512  660
304  570  861
359  508  1042
414  611  913
2  19  801
2  18  801
317  541  924
384  679  850
388  645  718
452  559  760
269  907  931
285  482  695
491  674  1027
378  555  725
389  655  754
82  83  625
401  613  814
118  563  688
448  546  969
117  563  689
299  830  905
392  603  1037
84  85  623
551  562  869
570  668  987
606  785  978
89  90  619
301  564  1029
269  796  802
451  738  810
80  81  628
393  585  891
417  508  630
65  66  632
294  469  777
285  665  816
361  605  749
78  79  629
67  68  633
338  453  959
128  129  636
361  506  1013
332  650  916
464  755  902
277  557  909
397  676  733
370  681  747
283  686  920
392  528  686
386  835  878
311  595  772
373  528  920
338  803  959
130  131  637
296  521  1040
490  579  998
292  575  778
314  835  878
288  655  821
272  596  846
373  617  693
37  523  979
273  600  691
294  777  938
337  638  843
308  573  1006
469  777  962
98  99  645
22  811  1003
74  75  641
394  574  855
96  97  640
368  596  914
398  537  983
76  77  642
323  685  714
344  595  807
23  24  558
322  554  766
324  653  751
317  620  913
296  566  759
312  638  643
442  707  820
275  594  711
458  583  844
392  603  906
332  679  850
504  670  742
276  603  697
434  776  805
42  43  929
506  709  1013
374  693  748
35  606  785
463  712  949
455  579  934
272  631  935
281  845  890
310  552  1023
385  766  831
31  32  771
39  40  607
395  675  734
102  103  658
369  596  695
279  730  841
372  591  729
37  523  1011
411  836  918
59  60  659
471  624  1019
61  62  656
278  550  812
100  101  657
387  578  723
420  763  927
281  824  845
340  613  814
355  634  847
404  702  842
26  27  694
508  630  981
94  95  647
385  572  717
122  123  663
368  644  914
124  125  662
371  667  883
324  408  751
319  518  692
367  546  898
415  830  937
33  34  791
434  511  1005
505  702  842
573  955  1030
369  591  695
372  626  732
397  637  733
411  569  918
402  556  866
444  571  1066
455  579  987
320  666  1049
70  569  690
325  520  702
513  526  910
31  771  854
487  616  1056
414  646  745
425  583  907
331  450  916
302  933  950
429  686  890
373  490  998
361  506  749
445  491  1027
69  569  710
610  912  957
331  836  923
322  554  763
302  679  873
305  668  987
325  495  761
333  671  825
112  577  698
284  674  1027
515  708  1067
369  591  729
592  803  959
273  731  773
364  423  956
63  572  720
712  949  1054
502  788  1025
64  572  717
273  664  773
90  91  630
111  577  722
488  866  905
126  578  721
534  777  938
442  595  736
383  504  813
127  578  723
412  569  918
295  487  1056
298  483  969
420  763  886
370  853  1024
355  634  941
329  743  1017
358  764  892
280  809  925
382  580  730
375  618  922
91  630  981
278  708  1067
15  16  828
555  601  953
381  625  1019
574  740  855
319  604  1044
653  751  1062
386  577  698
316  562  869
333  473  900
314  764  835
132  133  676
502  826  1025
468  725  771
387  825  900
470  598  967
381  628  856
134  135  675
704  972  1068
315  673  971
379  558  1003
383  593  809
529  621  1049
13  14  533
399  649  827
268  597  882
426  765  972
550  812  975
109  110  678
368  504  846
380  548  744
22  23  1003
299  488  905
275  605  749
369  631  728
400  678  722
474  652  886
326  553  928
422  515  708
375  700  932
353  547  711
605  858  977
308  573  1030
387  636  900
314  639  878
546  898  969
279  730  1036
441  612  639
434  743  1005
325  520  744
362  484  1018
385  632  880
433  756  1014
401  613  726
398  761  929
29  30  704
291  617  693
50  581  719
376  597  882
331  916  923
364  615  956
397  637  911
349  534  683
396  758  874
326  614  836
409  512  989
269  520  931
430  601  953
328  585  832
384  642  850
363  788  1025
614  928  1035
281  713  964
469  549  995
372  477  970
485  573  1006
493  564  1029
393  516  832
49  581  716
389  512  909
343  584  705
482  644  914
313  671  684
433  516  1014
466  704  972
366  592  957
394  574  773
42  505  842
404  786  842
326  836  918
363  545  788
351  812  926
388  657  843
335  479  880
121  587  793
120  587  794
371  522  667
297  652  1034
505  702  761
287  485  974
384  629  868
335  479  860
301  529  1029
420  566  824
419  551  697
118  119  688
319  518  800
568  647  958
116  117  689
288  655  754
391  503  746
447  652  1034
401  662  721
336  557  877
377  672  917
281  713  890
339  649  827
48  588  716
302  807  873
399  656  720
383  609  813
338  639  878
70  71  690
354  586  919
535  562  1060
391  665  816
424  750  767
583  907  931
415  627  841
406  498  964
40  41  786
412  682  918
27  694  818
290  680  769
376  705  882
439  542  1061
305  653  1062
360  654  1045
376  606  978
445  727  797
483  933  950
112  113  698
307  728  729
346  661  774
417  619  630
320  621  1049
14  15  696
437  610  903
465  589  932
373  617  998
292  427  897
396  600  792
396  600  691
400  764  835
276  603  906
375  511  922
627  830  905
399  649  831
388  645  1051
314  612  995
450  823  852
343  539  883
333  473  911
543  666  1049
307  626  1012
344  486  856
405  544  620
477  780  970
452  757  997
364  568  958
410  748  789
454  830  937
333  576  1004
397  676  839
412  633  710
317  634  847
344  486  868
392  528  906
309  669  867
287  660  820
360  654  988
356  600  792
50  51  719
330  752  1053
453  822  871
482  695  914
383  609  936
47  588  770
303  549  892
421  699  779
332  650  950
318  575  778
322  766  831
415  627  830
81  82  703
340  500  787
340  500  814
334  607  946
136  611  734
395  847  913
411  569  690
335  766  880
402  627  905
77  78  706
48  49  716
68  69  710
368  742  1059
425  750  767
327  864  1068
64  65  717
437  688  794
400  678  849
457  759  795
318  405  755
431  765  774
314  549  995
24  558  973
40  607  1055
90  619  630
127  128  723
432  669  867
484  701  1018
329  618  922
409  635  989
412  682  860
92  93  784
125  126  721
364  615  1023
505  761  929
62  63  720
303  616  962
430  601  864
381  624  1019
427  526  575
339  494  804
99  100  718
385  766  880
457  521  1022
585  891  892
281  498  964
110  111  722
395  675  851
429  566  759
307  728  848
339  494  827
335  682  860
296  501  927
531  743  1017
418  496  945
470  966  967
413  668  1009
295  507  879
103  104  775
303  585  892
338  639  803
383  809  1065
137  611  745
288  529  1058
337  497  806
377  536  917
440  741  796
58  59  776
393  677  783
131  132  733
290  544  924
339  743  1064
511  700  840
407  727  808
392  686  890
395  611  734
364  552  958
41  786  842
332  492  762
419  697  980
82  625  703
284  670  797
464  646  942
337  497  843
332  492  850
81  628  703
375  589  932
65  632  717
128  636  723
614  836  923
135  136  734
68  633  710
416  660  820
416  707  820
481  799  1020
394  664  990
650  916  923
293  579  653
489  571  779
78  629  706
388  643  1051
419  681  980
37  38  979
417  619  701
381  772  856
300  760  815
501  649  1064
426  661  774
0  137  745
344  772  856
405  620  646
409  635  1013
121  122  793
119  120  794
307  712  1012
54  622  915
77  642  706
131  637  733
366  610  903
310  615  1061
99  645  718
435  796  802
40  786  1055
539  667  883
419  681  747
430  626  732
44  538  872
473  637  911
43  44  872
454  937  984
328  756  1014
347  499  673
483  933  969
324  449  901
401  662  814
434  659  776
83  625  963
433  658  775
496  616  1056
84  623  963
103  658  775
499  673  971
125  662  721
339  649  1064
302  679  950
41  42  842
423  784  819
409  709  887
59  659  776
85  623  966
62  656  720
357  561  1002
369  728  729
329  743  1005
336  557  863
270  983  1024
593  809  925
80  628  965
421  654  988
465  862  915
66  632  961
100  657  718
365  699  779
456  685  714
549  764  892
317  847  913
79  629  965
299  525  968
460  590  1047
67  633  961
89  619  996
360  781  1045
129  636  951
122  663  793
74  641  852
438  663  793
457  521  1040
436  604  692
46  47  770
429  759  795
472  655  821
370  548  853
130  637  951
373  528  1032
513  901  902
384  679  873
290  541  924
580  730  1036
353  547  1037
399  656  827
405  464  646
57  58  805
302  707  933
442  595  1031
46  602  770
92  784  819
75  641  994
97  640  986
336  648  863
426  694  884
98  645  986
435  802  977
96  640  991
76  642  994
291  748  789
405  464  755
268  584  882
110  678  722
528  686  920
437  688  903
272  609  813
321  767  782
458  607  1055
277  557  960
374  551  869
522  667  997
278  550  1067
283  686  795
313  671  825
345  668  1009
466  704  1048
490  579  934
72  73  823
306  592  944
132  676  733
328  585  992
402  627  841
432  671  684
114  115  822
102  658  1008
95  647  991
61  656  1010
60  659  1010
56  700  840
123  663  1016
124  662  1016
101  657  1008
410  789  896
302  707  1031
354  643  919
373  693  790
282  546  930
350  624  955
374  693  790
400  577  722
346  661  973
401  578  721
407  670  797
595  807  1031
333  671  1004
266  758  874
434  743  804
73  74  852
104  105  834
438  663  787
135  675  734
399  572  720
413  668  940
559  812  926
309  634  941
460  580  1036
295  727  879
105  106  1069
565  752  1053
315  615  956
378  771  854
119  688  794
412  633  860
365  604  1066
383  593  936
453  689  871
432  671  1004
413  532  1009
412  569  710
426  765  774
410  608  833
434  659  804
561  792  1002
433  658  806
515  648  943
343  584  883
430  732  953
23  558  1003
71  72  857
429  566  845
367  546  930
341  513  902
269  560  907
274  780  970
544  620  924
282  709  887
352  785  1020
484  619  701
443  590  947
355  519  839
115  116  871
313  613  726
362  1015  1018
441  639  803
52  53  862
426  661  884
433  756  806
133  676  1057
431  765  829
113  114  870
309  669  888
449  464  902
428  757  760
134  675  1057
358  530  849
400  764  849
430  829  864
366  563  875
547  713  964
355  519  851
116  689  871
387  726  825
324  653  894
29  704  1048
38  39  1028
563  689  875
383  670  1065
345  532  1009
291  526  910
87  88  865
566  824  845
353  681  980
398  537  1052
452  757  760
410  833  896
345  589  861
453  689  875
484  865  996
56  57  840
444  1044  1066
424  782  993
446  737  1063
452  559  921
71  690  857
13  533  833
4  36  1011
4  37  1011
321  648  943
466  694  818
443  593  925
407  808  809
113  698  870
0  602  942
312  837  1033
342  667  997
438  752  787
380  802  977
291  526  789
435  741  796
366  563  903
272  609  935
17  18  904
51  52  899
422  515  943
20  21  1045
290  541  889
339  743  804
429  686  795
25  26  884
309  576  867
461  680  889
407  727  797
306  592  957
346  949  1054
450  641  762
58  776  805
445  727  879
53  54  915
300  527  893
376  597  978
286  542  859
326  682  918
277  635  989
38  979  1028
601  864  1026
469  612  995
366  610  957
438  587  793
563  688  903
437  587  794
104  775  834
280  683  954
327  765  829
106  783  1069
358  530  1001
531  743  1064
26  694  884
342  757  997
393  677  1001
592  803  944
361  635  858
517  769  800
474  652  948
534  683  954
462  838  1039
391  815  816
290  680  889
584  705  882
341  755  902
365  571  779
280  808  809
277  741  960
481  979  1028
450  641  852
348  609  936
467  974  1006
559  812  921
337  756  806
365  571  1066
379  685  1046
51  719  899
310  674  1061
509  704  1068
322  649  831
413  581  719
439  644  1059
403  631  728
277  741  1007
330  610  912
129  130  951
421  699  904
523  785  1020
472  655  877
267  876  982
309  576  941
267  738  982
332  679  950
66  67  961
267  738  1025
415  740  937
43  872  929
83  84  963
364  552  1023
323  788  939
311  955  1050
91  92  981
445  797  1027
278  812  921
425  750  844
340  752  787
79  80  965
85  86  966
504  813  846
73  823  852
492  641  762
304  724  1022
446  885  1063
28  29  1048
372  732  970
420  824  886
378  601  1026
454  684  984
485  974  1006
115  822  871
57  805  840
506  582  1070
72  823  857
297  553  1034
86  87  967
1  45  1038
1  10  1038
114  822  870
444  524  1044
467  753  754
398  872  929
289  740  937
500  663  787
485  573  1050
97  98  986
353  603  1037
402  556  1063
270  747  1024
483  650  950
39  607  1028
95  96  991
442  707  1031
75  76  994
542  615  1061
298  614  923
475  714  881
282  709  1070
396  792  1002
448  933  969
25  661  884
88  89  996
289  937  984
358  764  849
491  586  1033
282  930  1070
310  615  1023
305  668  940
428  760  815
424  767  782
530  678  849
455  570  987
344  807  873
318  778  1071
311  736  1050
604  1044  1066
60  61  1010
101  102  1008
361  635  1013
500  662  814
123  124  1016
349  947  1047
496  808  945
461  669  888
494  659  804
395  847  851
392  713  890
313  726  825
432  867  1004
384  868  873
294  737  938
497  658  806
311  624  955
431  829  1012
451  738  982
403  728  848
680  769  990
440  648  863
327  972  1068
380  605  977
280  683  925
53  862  915
495  983  1024
393  891  1001
421  801  904
548  744  853
327  829  864
313  684  952
52  862  899
494  656  827
344  868  873
438  587  895
437  587  895
308  666  1015
274  732  953
467  753  1006
473  636  951
410  748  999
465  622  915
460  651  1036
277  635  1007
133  134  1057
603  697  980
476  647  991
473  637  951
479  632  961
502  685  1046
500  663  1016
87  865  967
428  687  1021
500  662  1016
320  666  1018
274  732  970
479  633  961
471  625  963
497  657  843
88  865  996
471  623  963
408  588  770
683  925  947
486  628  856
267  826  908
486  628  965
492  642  850
486  629  965
475  735  881
355  847  851
556  737  1063
435  741  1007
470  623  966
530  677  1001
324  894  901
494  656  1010
494  659  1010
428  815  816
367  652  948
308  753  1006
486  629  868
497  658  1008
312  643  919
547  713  1037
479  633  860
476  640  991
492  641  994
497  657  1008
353  603  980
519  676  839
480  640  986
492  642  994
480  645  986
378  854  1026
506  749  1000
479  632  880
407  670  1065
573  955  1050
280  945  954
319  524  1044
519  675  851
362  599  1015
396  758  1002
275  749  1000
476  647  958
423  819  971
429  845  890
86  966  967
473  636  900
454  684  952
414  611  745
402  841  885
279  651  1036
379  811  1003
449  602  942
321  782  943
349  683  947
300  815  893
440  741  960
391  746  893
284  797  1027
287  798  974
359  621  1041
17  699  904
370  747  1024
283  920  934
460  651  1047
409  709  1013
427  789  896
403  876  982
422  782  943
288  821  1058
666  1015  1018
355  839  985
391  815  893
359  817  1041
347  499  1042
327  765  972
519  676  1057
519  675  1057
484  619  996
465  622  932
582  930  1070
427  526  789
403  848  876
291  617  910
462  799  1039
507  837  879
439  674  1061
20  654  1045
461  888  889
296  759  1040
533  833  896
358  891  892
298  614  1035
363  738  1025
557  863  960
272  813  846
373  790  1032
467  798  974
355  941  985
408  602  770
435  858  1007
334  750  844
334  799  946
457  724  1022
541  888  889
446  737  938
432  684  984
427  896  897
359  817  1042
509  854  1026
394  680  990
305  940  1062
293  653  894
459  664  990
268  715  993
334  799  1039
431  774  1054
471  625  1019
428  757  1021
458  786  1055
349  651  1047
576  867  1004
474  824  886
18  801  904
527  746  893
450  762  916
299  830  968
440  863  960
374  748  999
481  979  1020
418  945  954
493  821  1058
607  946  1028
325  744  853
590  947  1047
376  791  1043
416  887  976
10  672  1038
453  875  959
368  644  1059
346  774  1054
511  805  840
398  872  1052
318  517  1071
441  803  944
457  759  1040
443  925  947
516  832  1014
449  901  902
268  838  993
480  645  1051
357  758  1002
510  822  870
512  909  989
439  742  1059
390  751  1062
424  838  993
447  928  1035
468  791  1043
267  876  908
431  712  1012
523  979  1020
635  858  1007
485  736  1050
506  709  1070
431  712  1054
514  823  857
459  769  990
478  826  908
490  920  934
280  808  945
402  885  1063
308  1015  1030
279  841  885
454  952  968
516  783  1069
466  818  1048
270  983  1060
407  809  1065
376  705  1043
481  799  946
21  781  1045
390  940  1062
528  906  1032
276  790  1032
282  887  976
525  952  968
334  750  1039
397  839  985
298  898  1035
105  834  1069
302  807  1031
513  894  901
518  778  1071
445  837  879
454  830  968
358  891  1001
477  687  1021
532  862  899
312  919  1033
28  818  1048
374  869  999
511  922  1005
538  872  1052
277  909  989
529  1029  1058
598  865  967
502  826  1046
463  908  949
447  898  1035
459  769  800
320  701  1018
599  1015  1030
463  848  876
330  912  1053
463  876  908
478  908  949
553  928  1034
488  912  1053
435  858  977
316  869  999
576  941  985
586  919  1033
481  946  1028
276  906  1032
347  817  1042
328  832  1014
301  817  1041
516  834  1069
517  800  1071
447  928  1034
493  1029  1058
533  896  897
329  922  1005
537  983  1060
499  819  971
518  800  1071
